% f evaluations | g evaluations | best noise-free fitness - Fopt (7.135000000000e+01) + sum g_i+ | measured fitness | best measured fitness or single-digit g-values | x1 | x2...
1 0 +7.357246449e+01 +1.449224645e+02 +1.449224645e+02 +0.0000e+00 +0.0000e+00 +0.0000e+00 +0.0000e+00 +0.0000e+00 +0.0000e+00 +0.0000e+00 +0.0000e+00 +0.0000e+00 +0.0000e+00 +0.0000e+00 +0.0000e+00 +0.0000e+00 +0.0000e+00 +0.0000e+00 +0.0000e+00 +0.0000e+00 +0.0000e+00 +0.0000e+00 +0.0000e+00
2 0 +7.222283433e+01 +1.435728343e+02 +1.435728343e+02 -1.8380e+00 -4.5493e+00 +2.3264e+00 +4.8651e+00 +3.9058e+00 -2.4471e+00 -2.1875e+00 -4.0742e-01 -4.0012e+00 +7.3251e-01 -7.9814e-01 -3.8348e+00 -4.0164e+00 -1.6584e+00 -4.5384e+00 +1.5952e-01 +1.4205e+00 +2.5507e-01 -2.9574e+00 -2.9686e+00
4 0 +5.558102288e+01 +1.269310229e+02 +1.269310229e+02 -2.7434e+00 -1.0550e+00 +2.9931e+00 +6.2371e-01 +2.8512e+00 +3.1859e+00 +4.0042e+00 -4.3405e+00 +4.3833e+00 -8.3980e-01 -1.8093e+00 +3.6685e-01 -3.1665e+00 -4.2903e+00 +4.1223e+00 -2.1749e+00 -6.3689e-01 +2.6405e+00 -1.9550e+00 -3.0367e+00
17 0 +4.299296614e+01 +1.143429661e+02 +1.143429661e+02 -2.5634e+00 +1.0126e-01 +5.7709e+00 +1.7143e+00 +1.3565e+00 -4.5598e+00 -3.9245e+00 -1.7968e+00 -1.5386e+00 -4.7179e+00 -1.5193e+00 -4.1262e+00 -7.3648e+00 -3.1811e+00 +1.5660e+00 +3.4927e+00 -2.7257e+00 -3.5824e+00 -4.5601e+00 -1.3889e+00
31 0 +3.492942976e+01 +1.062794298e+02 +1.062794298e+02 -1.4242e+00 +1.7732e+00 +2.2734e+00 +2.3785e+00 +3.7883e+00 -5.0384e+00 +1.1305e+00 -1.4762e+00 -2.8591e+00 -2.8936e+00 -3.2141e+00 -2.1135e+00 -3.2847e+00 -2.8185e+00 -1.6707e+00 -1.2471e+00 -2.0085e+00 -2.8534e+00 -4.6613e+00 -2.2433e+00
94 0 +3.086344084e+01 +1.022134408e+02 +1.022134408e+02 +3.1931e+00 -6.9390e-01 -1.8509e+00 -5.4096e+00 -9.1389e-02 +7.7195e-01 -1.6715e+00 -1.0120e-01 -2.5530e+00 -9.5736e-01 -1.4623e+00 +2.9793e+00 +4.1264e+00 -1.2739e+00 -9.7646e-01 +3.1101e+00 +8.4851e-01 +1.6208e+00 -1.3587e+00 +4.2290e-01
1409 0 +2.527069272e+01 +9.662069272e+01 +9.662069272e+01 -2.2433e-01 -2.8652e+00 +1.0612e-01 -3.0522e+00 -8.1864e-01 -2.4330e+00 +2.0368e+00 -1.9613e+00 +1.4876e+00 -2.3469e-01 -3.8110e-01 +3.4303e+00 -1.1762e+00 -2.3974e+00 -2.6535e+00 -1.3748e+00 +2.1025e+00 +1.2721e+00 +8.5774e-01 +1.9664e+00
8977 0 +2.382505443e+01 +9.517505443e+01 +9.517505443e+01 -2.2905e+00 +5.1573e-01 -8.7182e-01 +3.3640e+00 -4.5108e-01 -1.9312e+00 -1.0769e+00 +2.9124e+00 -5.6138e-01 +2.3540e+00 -6.3285e-01 -3.4997e+00 -7.1532e-01 -2.0870e+00 -2.1925e+00 +3.7100e+00 +3.4431e-01 +6.5943e-01 -2.9739e-01 -3.9582e+00
19965 0 +2.261488290e+01 +9.396488290e+01 +9.396488290e+01 -2.4091e+00 +3.5471e+00 +4.9707e-01 +2.4531e+00 -2.1716e+00 -1.1907e+00 +2.0688e+00 -1.8178e+00 -1.0883e+00 +1.6269e+00 -1.1958e+00 +1.9318e+00 -4.4452e+00 +8.8833e-01 -7.1724e-01 +1.7379e+00 -3.0263e-02 -2.1358e+00 +2.4837e+00 -2.5776e-01
20576 0 +1.549055343e+01 +8.684055343e+01 +8.684055343e+01 -9.7207e-01 +7.3596e-01 -2.5465e+00 +3.0093e+00 -3.0346e+00 +6.0072e-01 +2.2461e+00 +9.7432e-01 -4.2998e+00 +3.1147e+00 +1.7720e+00 +2.5172e+00 -3.0116e+00 -2.4659e+00 -1.0328e+00 -2.9408e+00 -1.4737e+00 -2.6001e+00 +1.6778e+00 -9.7454e-01
200005 0 +1.549055343e+01 +8.684055343e+01 +8.684055343e+01 -9.7207e-01 +7.3596e-01 -2.5465e+00 +3.0093e+00 -3.0346e+00 +6.0072e-01 +2.2461e+00 +9.7432e-01 -4.2998e+00 +3.1147e+00 +1.7720e+00 +2.5172e+00 -3.0116e+00 -2.4659e+00 -1.0328e+00 -2.9408e+00 -1.4737e+00 -2.6001e+00 +1.6778e+00 -9.7454e-01
% f evaluations | g evaluations | best noise-free fitness - Fopt (-3.552200000000e+02) + sum g_i+ | measured fitness | best measured fitness or single-digit g-values | x1 | x2...
1 0 +6.508868155e+01 -2.901313185e+02 -2.901313185e+02 +0.0000e+00 +0.0000e+00 +0.0000e+00 +0.0000e+00 +0.0000e+00 +0.0000e+00 +0.0000e+00 +0.0000e+00 +0.0000e+00 +0.0000e+00 +0.0000e+00 +0.0000e+00 +0.0000e+00 +0.0000e+00 +0.0000e+00 +0.0000e+00 +0.0000e+00 +0.0000e+00 +0.0000e+00 +0.0000e+00
3 0 +5.953065099e+01 -2.956893490e+02 -2.956893490e+02 +2.8529e+00 +4.0142e+00 +2.4691e+00 -1.6571e+00 -1.2662e+00 -3.5793e+00 +1.8668e+00 -1.2174e+00 +4.2371e+00 +3.7536e+00 +3.2176e+00 -2.7694e+00 -2.2247e+00 +4.4911e+00 -1.5176e+00 +1.4316e+00 -4.3877e+00 -1.9126e+00 +1.3242e+00 +2.5257e+00
6 0 +5.635447866e+01 -2.988655213e+02 -2.988655213e+02 +4.3225e+00 +3.2364e+00 -1.4418e+00 -9.3971e-01 -4.4394e+00 -2.6586e+00 -2.0022e+00 -1.8632e+00 -4.4962e+00 -4.4587e+00 -4.6442e+00 -3.7929e+00 -1.4527e+00 +3.5977e+00 -7.5367e-01 -2.6767e+00 +7.6444e-01 +4.8946e+00 +3.1410e+00 -3.9473e+00
7 0 +5.528251603e+01 -2.999374840e+02 -2.999374840e+02 -3.4179e+00 -4.6585e+00 +1.4458e+00 +1.3852e+00 +1.3339e+00 +1.5989e+00 +2.4823e+00 +2.4535e-01 -3.0339e+00 +3.3900e+00 -3.8062e+00 -3.9131e-01 -3.4350e+00 -4.2642e+00 +3.5982e+00 +1.9646e+00 +3.6826e+00 +1.9642e+00 +4.0999e+00 +3.4422e+00
10 0 +4.838852874e+01 -3.068314713e+02 -3.068314713e+02 +1.2113e+00 +2.6801e+00 +1.6971e+00 +1.4452e+00 +2.7777e+00 +2.6254e+00 +3.4656e+00 +4.4227e+00 +1.7095e+00 +2.5684e+00 -1.3476e+00 +4.1464e+00 +2.7947e+00 -1.3271e+00 +2.1889e+00 +2.3333e+00 +4.4225e+00 -4.0928e+00 +3.8697e+00 +2.5475e+00
77 0 +4.407779398e+01 -3.111422060e+02 -3.111422060e+02 -6.2355e-01 -1.6073e+00 +5.7089e+00 -2.0101e+00 +8.3994e-01 +1.4063e+00 +4.4687e+00 +6.5414e-01 -4.2085e+00 +1.7227e+00 +1.3190e+00 +2.3715e+00 -1.0257e+00 +2.3871e+00 +6.3100e-01 +1.9896e+00 -6.0753e+00 +4.3654e+00 +7.6497e+00 +2.7504e+00
326 0 +4.130769434e+01 -3.139123057e+02 -3.139123057e+02 -2.3912e-01 +1.2635e+00 -5.7108e+00 -1.2901e+00 -2.0757e+00 -1.9874e+00 -1.0771e+00 -5.2585e+00 +6.8297e+00 +6.6255e+00 -4.3405e-01 -6.8185e-01 +8.7944e-01 +3.3282e+00 +4.1748e-01 -7.0556e-02 +4.2277e+00 -7.2419e+00 +1.3547e+00 -1.1413e+00
369 0 +2.962597675e+01 -3.255940232e+02 -3.255940232e+02 +1.6727e+00 -3.3096e+00 +3.9807e+00 +4.3690e-01 +1.6934e+00 -1.4010e+00 -2.2616e+00 +2.5122e+00 -4.6837e+00 +2.8974e-01 +2.3881e+00 -1.3661e+00 +4.1140e+00 +6.1579e-01 +2.3962e+00 -4.8953e+00 -2.3937e+00 +3.4142e+00 +2.1367e+00 +9.1621e-01
470 0 +2.312954403e+01 -3.320904560e+02 -3.320904560e+02 +4.2314e+00 +1.5591e-01 -1.6187e+00 +1.9254e+00 +9.0837e-01 +2.9263e+00 +1.4173e+00 -3.3578e+00 -1.4377e+00 +1.9679e+00 +4.7762e+00 -1.0749e+00 -3.8403e+00 +2.9818e+00 +1.3998e+00 -1.6319e+00 -2.9007e+00 -5.7737e-01 +1.4138e+00 -2.5821e+00
5261 0 +2.165133495e+01 -3.335686651e+02 -3.335686651e+02 -3.8693e-01 -1.7933e+00 +3.6454e+00 +1.9036e+00 -5.1247e+00 +2.5598e+00 +3.3498e+00 +9.0127e-01 -6.0091e-01 -1.4124e-01 +1.9764e+00 -3.0022e+00 +3.0543e+00 +1.7038e+00 -4.4297e-01 +1.7037e+00 +1.0900e+00 +3.4231e+00 -8.9992e-02 +1.3641e-01
5951 0 +2.130922425e+01 -3.339107758e+02 -3.339107758e+02 -2.9784e+00 +2.0715e+00 +3.1893e+00 +3.0453e+00 +4.1372e-01 +2.8042e+00 -8.5860e-02 -1.4412e+00 -4.1383e-01 -3.1260e+00 +3.0467e+00 -4.1889e+00 +2.5081e+00 +3.3947e+00 -9.7456e-01 +2.1685e+00 +1.4672e+00 +2.1772e+00 -2.1217e+00 -2.7032e+00
102724 0 +2.007619702e+01 -3.351438030e+02 -3.351438030e+02 -6.9946e-01 +9.5091e-01 +5.5906e-01 -4.0710e+00 +1.3275e+00 -3.3200e+00 +1.4520e+00 +2.2532e+00 +4.8160e+00 -2.8173e+00 -4.1935e+00 +3.4944e-01 -2.7675e+00 +3.2277e+00 -3.1222e-01 +3.9269e+00 +6.3260e-01 -2.5658e+00 +1.9412e+00 -4.1072e+00
129084 0 +1.917990745e+01 -3.360400925e+02 -3.360400925e+02 +1.7872e+00 -4.3087e+00 +7.3690e-02 +2.1426e+00 -1.1034e+00 +2.0265e+00 +4.3838e+00 -7.5168e-01 +2.4843e+00 -1.8078e+00 +2.9625e+00 -6.7329e-01 -1.7468e+00 -8.7038e-01 -3.3112e+00 -1.4842e+00 +5.2099e-01 +1.0499e-01 +1.5260e+00 -2.3732e+00
200005 0 +1.917990745e+01 -3.360400925e+02 -3.360400925e+02 +1.7872e+00 -4.3087e+00 +7.3690e-02 +2.1426e+00 -1.1034e+00 +2.0265e+00 +4.3838e+00 -7.5168e-01 +2.4843e+00 -1.8078e+00 +2.9625e+00 -6.7329e-01 -1.7468e+00 -8.7038e-01 -3.3112e+00 -1.4842e+00 +5.2099e-01 +1.0499e-01 +1.5260e+00 -2.3732e+00
% f evaluations | g evaluations | best noise-free fitness - Fopt (9.917000000000e+01) + sum g_i+ | measured fitness | best measured fitness or single-digit g-values | x1 | x2...
1 0 +6.985921835e+01 +1.690292183e+02 +1.690292183e+02 +0.0000e+00 +0.0000e+00 +0.0000e+00 +0.0000e+00 +0.0000e+00 +0.0000e+00 +0.0000e+00 +0.0000e+00 +0.0000e+00 +0.0000e+00 +0.0000e+00 +0.0000e+00 +0.0000e+00 +0.0000e+00 +0.0000e+00 +0.0000e+00 +0.0000e+00 +0.0000e+00 +0.0000e+00 +0.0000e+00
16 0 +5.421980546e+01 +1.533898055e+02 +1.533898055e+02 -5.4637e+00 -1.5054e+00 -1.2362e+00 +2.1856e+00 +8.0498e-01 +4.5698e+00 +5.2660e+00 -2.5544e+00 +2.3934e+00 +4.4563e+00 -2.0039e+00 +3.3771e+00 -2.0054e+00 -1.9805e+00 -6.3886e-01 +3.1428e+00 +1.5918e+00 +3.0245e+00 -2.6433e+00 -3.8720e+00
28 0 +3.466689618e+01 +1.338368962e+02 +1.338368962e+02 -1.4134e+00 -1.4111e-01 -1.7347e+00 +3.6506e+00 +2.7756e+00 +8.1348e-01 -6.3538e-02 -1.9437e+00 +2.9185e+00 +4.1230e+00 -1.9614e+00 -3.7246e+00 +6.4943e-03 -3.3274e+00 -3.5559e+00 +4.3764e-01 +9.6561e-01 +2.9353e+00 +1.1696e+00 -3.9577e-01
524 0 +2.831986613e+01 +1.274898661e+02 +1.274898661e+02 -5.6054e-03 +1.4821e-01 +5.8139e-01 +1.1807e+00 +3.4694e-01 -1.5591e+00 -2.4346e+00 +2.4510e+00 -4.2739e+00 -2.4102e+00 -3.9330e+00 -1.3875e+00 +1.9032e+00 -9.7178e-01 +1.0785e+00 -7.9008e-01 -1.5664e+00 +1.6285e+00 -5.2466e+00 +3.5123e-02
923 0 +2.604456946e+01 +1.252145695e+02 +1.252145695e+02 +2.4022e+00 -1.7131e+00 -8.5474e-01 -7.8795e-01 +2.0089e+00 -2.5231e+00 +2.7936e+00 +1.1348e+00 -1.6129e+00 -2.4306e+00 +2.8761e+00 +3.6872e+00 +1.7203e+00 -3.7129e+00 -2.2444e+00 -1.0840e+00 +8.9288e-01 -7.4029e-01 +6.3831e-01 +3.9253e+00
2391 0 +2.279859528e+01 +1.219685953e+02 +1.219685953e+02 +2.2108e+00 -2.9995e+00 -3.5209e+00 +2.2627e+00 +3.5110e+00 +1.0879e+00 +9.6437e-01 +1.9811e+00 -3.7415e-01 +2.0780e+00 -3.3260e+00 +1.0160e+00 +1.4819e+00 +5.7175e+00 -2.7941e+00 -1.7971e+00 +2.6267e+00 +5.9578e-02 +2.5615e+00 +2.0800e+00
27366 0 +2.026653785e+01 +1.194365379e+02 +1.194365379e+02 +1.2449e+00 -2.0896e+00 -8.8037e-01 -2.5181e+00 +2.9188e+00 -1.8826e+00 +1.8408e+00 -2.9098e+00 +1.5727e+00 +1.8710e+00 -1.3037e+00 +1.7858e+00 -5.0498e-01 +2.2734e+00 +2.2342e+00 +8.1775e-01 -1.4304e+00 -4.8242e-01 -2.6970e+00 +2.6437e+00
81048 0 +1.881154128e+01 +1.179815413e+02 +1.179815413e+02 +6.1287e-01 -6.0294e-01 -3.9094e+00 +2.9446e+00 +2.0410e+00 -8.2385e-01 +2.9051e+00 -1.1690e+00 +1.8529e+00 +2.6261e+00 +4.1984e+00 -9.8349e-01 +4.1055e-01 +2.2710e+00 +3.4618e-01 -5.0860e-01 -2.4483e-01 -2.4116e+00 +1.0523e+00 -3.2089e+00
175605 0 +1.503057002e+01 +1.142005700e+02 +1.142005700e+02 +3.1051e+00 -5.6227e+00 +2.5366e+00 -3.3558e-01 +4.3154e-01 +6.0718e-01 -4.7752e+00 +1.4987e+00 +2.0935e+00 -3.7619e-01 +2.0919e+00 -2.1592e+00 -5.6715e-01 -1.7579e+00 +4.2994e+00 -2.5053e+00 +2.9832e+00 +8.0001e-01 +4.0544e+00 +1.0575e+00
200005 0 +1.503057002e+01 +1.142005700e+02 +1.142005700e+02 +3.1051e+00 -5.6227e+00 +2.5366e+00 -3.3558e-01 +4.3154e-01 +6.0718e-01 -4.7752e+00 +1.4987e+00 +2.0935e+00 -3.7619e-01 +2.0919e+00 -2.1592e+00 -5.6715e-01 -1.7579e+00 +4.2994e+00 -2.5053e+00 +2.9832e+00 +8.0001e-01 +4.0544e+00 +1.0575e+00
% f evaluations | g evaluations | best noise-free fitness - Fopt (-5.179100000000e+02) + sum g_i+ | measured fitness | best measured fitness or single-digit g-values | x1 | x2...
1 0 +6.469127597e+01 -4.532187240e+02 -4.532187240e+02 +0.0000e+00 +0.0000e+00 +0.0000e+00 +0.0000e+00 +0.0000e+00 +0.0000e+00 +0.0000e+00 +0.0000e+00 +0.0000e+00 +0.0000e+00 +0.0000e+00 +0.0000e+00 +0.0000e+00 +0.0000e+00 +0.0000e+00 +0.0000e+00 +0.0000e+00 +0.0000e+00 +0.0000e+00 +0.0000e+00
3 0 +5.340457829e+01 -4.645054217e+02 -4.645054217e+02 +4.5882e+00 +3.1733e+00 +1.9182e+00 +4.5788e+00 -2.6351e+00 +2.5918e+00 -3.3000e+00 -1.4005e+00 +4.0896e+00 -4.4385e+00 -3.0438e+00 +7.1399e-01 -4.8861e+00 +7.6859e-01 -2.1388e+00 -3.2312e+00 +2.9711e+00 +5.4872e-01 -3.6173e+00 -2.8352e+00
15 0 +3.694243852e+01 -4.809675615e+02 -4.809675615e+02 +4.3738e+00 +2.9794e+00 +5.9649e-01 -5.4374e+00 +4.9377e+00 +2.4668e+00 -2.7131e+00 +1.4898e+00 -2.7790e+00 -1.0025e+00 -5.9656e-01 +4.7224e+00 +6.9996e-01 -2.7568e+00 -2.1182e+00 -1.8651e+00 -1.7653e+00 -2.7447e+00 +4.7291e+00 +6.8928e-01
74 0 +3.376567324e+01 -4.841443268e+02 -4.841443268e+02 +4.4326e+00 +1.8565e+00 -7.6985e-01 -1.0872e+00 +3.3534e+00 +1.1405e+00 -7.1988e-01 -2.4507e+00 +1.3349e+00 -2.0882e+00 -1.0127e+00 +3.1318e+00 -2.1212e+00 +3.0541e-01 -1.1979e+00 -1.7258e+00 -4.7184e-01 -4.2524e-01 +3.7530e-01 +3.4769e+00
981 0 +2.812754783e+01 -4.897824522e+02 -4.897824522e+02 +6.5784e-02 -3.6351e+00 +2.7445e+00 -1.7708e+00 -4.9389e+00 -1.2175e+00 -7.9594e-02 +1.5967e+00 -4.9504e-01 -2.9017e+00 -5.0823e-01 +4.5925e+00 -3.7308e+00 -2.9500e+00 -8.0594e-01 -7.2755e-01 -4.8517e-01 +6.2139e-01 -4.6832e-01 -5.5195e-01
6179 0 +2.474932723e+01 -4.931606728e+02 -4.931606728e+02 +1.8902e+00 -3.8972e+00 +1.1763e+00 +2.6938e+00 -7.7281e-01 -8.3377e-01 +8.1470e-01 -3.1070e+00 +2.1046e+00 -3.3582e+00 +1.5210e+00 +1.6604e+00 -1.0174e+00 -7.0101e-01 +2.1681e+00 +1.1256e+00 +3.7443e+00 -1.8803e+00 -1.0634e+00 -8.6860e-01
11438 0 +2.188501333e+01 -4.960249867e+02 -4.960249867e+02 +2.0448e+00 +1.5960e+00 +5.8433e-01 -4.2687e+00 +1.9885e+00 -2.9259e+00 -3.9821e+00 +9.7729e-01 -2.0999e+00 +3.4460e+00 -4.9513e-01 -3.9560e-01 -2.5507e+00 -3.0478e+00 -9.0302e-01 -3.8386e-01 -1.0584e+00 -2.7773e-01 +6.6270e-01 -3.3247e+00
72707 0 +2.054556520e+01 -4.973644348e+02 -4.973644348e+02 +8.5777e-01 -3.6675e-01 +2.5878e+00 +2.5407e+00 +4.5223e-01 -1.0671e+00 -2.1477e+00 -6.7574e-02 +2.2531e+00 +7.0963e-01 -2.6894e+00 +1.3237e+00 +2.0970e+00 -2.1647e+00 +2.6625e+00 +4.3461e+00 +9.5085e-01 -1.3197e+00 -1.5197e+00 -9.9024e-01
140073 0 +2.026345932e+01 -4.976465407e+02 -4.976465407e+02 +2.0129e+00 -1.6927e-01 -2.5875e+00 +2.8188e-02 -2.9458e+00 -1.0327e+00 -2.1979e+00 +8.6719e-01 -1.8785e+00 -1.2329e+00 -2.4782e+00 +4.2848e+00 +1.5505e+00 +4.0221e+00 -3.6155e+00 -1.0096e+00 +3.3205e+00 -3.1580e+00 +2.1209e+00 +1.4163e+00
200005 0 +2.026345932e+01 -4.976465407e+02 -4.976465407e+02 +2.0129e+00 -1.6927e-01 -2.5875e+00 +2.8188e-02 -2.9458e+00 -1.0327e+00 -2.1979e+00 +8.6719e-01 -1.8785e+00 -1.2329e+00 -2.4782e+00 +4.2848e+00 +1.5505e+00 +4.0221e+00 -3.6155e+00 -1.0096e+00 +3.3205e+00 -3.1580e+00 +2.1209e+00 +1.4163e+00
% f evaluations | g evaluations | best noise-free fitness - Fopt (-5.721000000000e+01) + sum g_i+ | measured fitness | best measured fitness or single-digit g-values | x1 | x2...
1 0 +8.082507635e+01 +2.361507635e+01 +2.361507635e+01 +0.0000e+00 +0.0000e+00 +0.0000e+00 +0.0000e+00 +0.0000e+00 +0.0000e+00 +0.0000e+00 +0.0000e+00 +0.0000e+00 +0.0000e+00 +0.0000e+00 +0.0000e+00 +0.0000e+00 +0.0000e+00 +0.0000e+00 +0.0000e+00 +0.0000e+00 +0.0000e+00 +0.0000e+00 +0.0000e+00
3 0 +5.637326553e+01 -8.367344717e-01 -8.367344717e-01 -3.6877e+00 -4.9818e-01 +3.1630e+00 -2.0894e+00 +4.0824e+00 -6.1430e-01 -1.1711e+00 +3.0373e+00 -3.4085e+00 -4.8666e+00 +2.3855e+00 -2.2609e+00 +2.7066e+00 -2.9578e+00 +2.3223e+00 -3.8882e+00 -4.9214e+00 -2.0969e+00 +1.1115e+00 +4.7441e-01
11 0 +5.320520439e+01 -4.004795605e+00 -4.004795605e+00 +3.8056e+00 +8.2777e-01 -4.9823e+00 -3.9271e+00 -7.2672e-01 -9.1909e-01 +2.1181e+00 +3.8531e+00 -1.9125e+00 +7.0149e-01 +4.6267e+00 -2.4251e+00 -1.4171e+00 -2.0050e+00 +1.1232e+00 +3.8078e+00 -4.7628e+00 -1.3865e+00 +1.1414e+00 -2.0880e+00
24 0 +5.094391830e+01 -6.266081701e+00 -6.266081701e+00 -4.6154e+00 -1.6934e+00 -2.0528e-01 +1.3609e+00 +3.2480e+00 -4.4672e+00 +2.4994e+00 +3.9777e+00 -2.3549e+00 -6.9717e-01 +4.2313e+00 -6.1923e-02 -2.1706e+00 +1.9066e+00 +2.4218e+00 +6.5855e-01 -2.6085e+00 +1.3031e+00 -1.0377e+00 +3.1271e+00
54 0 +4.706436757e+01 -1.014563243e+01 -1.014563243e+01 +1.5811e-01 -2.2218e-01 +7.2935e+00 -2.3122e-01 +1.3050e+00 -1.7036e+00 -3.7356e-01 -1.2033e+00 -4.3102e+00 -9.5727e-01 -3.0323e-01 -1.1284e+00 +7.2718e-01 -1.3641e+00 +6.8733e-01 +2.3941e-01 -1.6519e+00 +1.9485e+00 +8.6427e-01 +1.1249e-01
66 0 +3.839109521e+01 -1.881890479e+01 -1.881890479e+01 -6.0684e-01 -5.9241e-01 +4.5935e+00 +2.0329e-01 +4.1769e+00 +9.7610e-01 +3.7896e-01 -3.6940e-01 -3.4890e+00 -4.8315e-01 +2.6806e+00 -6.1612e-01 +1.5319e+00 +1.7077e+00 +1.5653e+00 -2.1873e-01 -4.1763e+00 +2.6971e+00 -5.4215e-02 +1.7862e+00
108 0 +3.387248471e+01 -2.333751529e+01 -2.333751529e+01 -8.5629e+00 -5.1029e+00 +1.3239e+00 +5.8518e+00 +4.6286e+00 +4.6521e-02 +1.1258e+00 +6.6368e-01 -2.9913e+00 -2.0618e+00 +5.6063e-01 +3.8599e+00 -7.1752e-01 +2.8390e-01 +1.7338e+00 -1.7458e+00 +2.6923e-01 +6.3960e-01 -1.6408e+00 +3.5109e+00
625 0 +2.612223738e+01 -3.108776262e+01 -3.108776262e+01 -2.1893e+00 -4.5048e+00 -9.4268e-01 +2.6437e+00 -4.5760e-01 -2.3705e-01 +2.6901e+00 +3.5454e+00 -3.5508e+00 +2.3438e+00 +2.2104e+00 -2.9072e-01 -8.3988e-01 +6.0672e+00 -4.2667e+00 +1.7981e+00 -2.4035e+00 +3.3795e+00 -4.3976e+00 +2.4732e+00
14068 0 +2.437654035e+01 -3.283345965e+01 -3.283345965e+01 +8.1397e-01 -3.1921e+00 +1.9622e+00 +1.7767e+00 -9.2795e-01 +6.2709e-01 -1.4386e+00 -2.3442e+00 -2.4556e+00 -2.7113e+00 +1.5749e-01 +1.1246e+00 +5.1493e-01 +2.1218e-01 -2.9079e+00 +8.8076e-01 -1.8544e+00 +1.6203e+00 +8.5357e-01 -1.6347e+00
24657 0 +2.259761111e+01 -3.461238889e+01 -3.461238889e+01 -3.8348e+00 +9.5420e-01 +1.8121e+00 +4.6501e+00 +2.8904e+00 +1.2845e+00 +1.4121e+00 -8.5464e-01 -2.6758e+00 +1.0068e+00 -5.6220e-01 +1.8912e+00 +5.9396e-01 -4.8603e-01 -2.7413e+00 -6.1366e-01 -1.9841e-01 -3.4902e-01 +4.8796e-01 -2.1205e+00
32668 0 +2.183734906e+01 -3.537265094e+01 -3.537265094e+01 -2.0912e+00 +3.7509e-02 -2.0304e+00 +2.6946e+00 +1.4815e+00 +7.0877e-01 -2.2853e+00 -3.0414e+00 -1.0946e+00 -2.9674e+00 +2.6671e-01 -9.2622e-01 -2.6853e+00 +2.1123e+00 -3.6675e+00 +2.0670e-01 -1.7890e+00 -8.4687e-01 -1.3824e-02 +4.2379e-01
130097 0 +2.084455161e+01 -3.636544839e+01 -3.636544839e+01 -1.8527e+00 -3.8182e+00 +1.9104e+00 -4.4043e+00 -1.7625e+00 -2.0981e+00 -4.5657e+00 +1.9311e+00 -1.2299e+00 +2.2523e+00 -1.4187e+00 -3.4743e+00 -2.3100e+00 -4.2581e+00 +3.8788e+00 +2.9106e+00 +1.6729e+00 -3.4155e+00 +1.2704e+00 -1.2074e+00
137459 0 +2.015891221e+01 -3.705108779e+01 -3.705108779e+01 -1.3428e+00 +4.3137e+00 +4.5595e+00 +4.0398e+00 +3.0618e+00 -3.3022e+00 -1.8832e-01 -1.1015e+00 -2.0895e+00 -1.1259e+00 +2.7702e+00 +2.0037e-01 +3.0445e+00 -4.1737e+00 +4.2029e-01 -2.4595e-01 -7.1494e-01 -1.4238e+00 +1.3026e+00 +3.7821e+00
200005 0 +2.015891221e+01 -3.705108779e+01 -3.705108779e+01 -1.3428e+00 +4.3137e+00 +4.5595e+00 +4.0398e+00 +3.0618e+00 -3.3022e+00 -1.8832e-01 -1.1015e+00 -2.0895e+00 -1.1259e+00 +2.7702e+00 +2.0037e-01 +3.0445e+00 -4.1737e+00 +4.2029e-01 -2.4595e-01 -7.1494e-01 -1.4238e+00 +1.3026e+00 +3.7821e+00
% f evaluations | g evaluations | best noise-free fitness - Fopt (6.626000000000e+01) + sum g_i+ | measured fitness | best measured fitness or single-digit g-values | x1 | x2...
1 0 +8.426409085e+01 +1.505240909e+02 +1.505240909e+02 +0.0000e+00 +0.0000e+00 +0.0000e+00 +0.0000e+00 +0.0000e+00 +0.0000e+00 +0.0000e+00 +0.0000e+00 +0.0000e+00 +0.0000e+00 +0.0000e+00 +0.0000e+00 +0.0000e+00 +0.0000e+00 +0.0000e+00 +0.0000e+00 +0.0000e+00 +0.0000e+00 +0.0000e+00 +0.0000e+00
6 0 +2.432005195e+01 +9.058005195e+01 +9.058005195e+01 -5.3862e-01 +3.9453e+00 +8.3094e-01 +7.1584e-01 +1.5294e+00 +4.9162e+00 +4.7458e+00 -4.6578e+00 -1.8168e+00 +2.2193e+00 -4.3637e+00 -3.9566e+00 -1.0502e+00 +3.6414e+00 -3.4925e+00 -2.4929e+00 -4.2289e+00 -4.6208e+00 +4.2259e+00 -6.5466e-01
587 0 +2.303923355e+01 +8.929923355e+01 +8.929923355e+01 -3.0051e+00 +1.2610e+00 -2.2475e+00 -7.4050e-01 +1.0227e+00 +9.9201e-01 -7.4214e-01 +3.3691e+00 +9.3310e-01 -1.7971e-01 +7.0367e+00 -3.1401e+00 +2.5156e+00 -1.4897e+00 +3.4997e+00 +6.7364e-01 +2.9164e+00 +4.6442e+00 -2.9086e+00 +2.3510e+00
9104 0 +2.274473152e+01 +8.900473152e+01 +8.900473152e+01 -3.3212e+00 +1.6331e+00 +1.2539e+00 +3.8094e-03 -2.5100e+00 -4.0747e+00 +2.3183e+00 +2.8680e+00 -2.9595e+00 -4.9354e-01 -4.7459e+00 +1.3445e+00 +1.7904e+00 +1.5305e-01 +2.5843e-01 +7.5665e-01 +2.1085e-01 -2.5593e+00 +4.2613e+00 -4.0477e+00
53132 0 +2.218449879e+01 +8.844449879e+01 +8.844449879e+01 +6.7907e-01 -1.4976e+00 +4.2984e+00 -6.8302e-01 +5.3570e-01 -1.9427e-01 -2.2366e+00 +7.1760e-01 +3.4416e+00 +4.3521e-01 -2.1034e+00 +8.4980e-02 +5.5929e-01 +3.3014e-01 -4.4987e-01 +1.1289e+00 +9.7495e-02 +5.8574e-01 +3.7056e+00 -1.2931e+00
91002 0 +1.930504917e+01 +8.556504917e+01 +8.556504917e+01 -2.7944e+00 +1.3986e-01 -3.2077e+00 +6.5299e-01 +1.9001e+00 +9.2661e-01 +1.4653e+00 -8.9592e-01 +2.9525e+00 -4.7478e+00 -2.1975e+00 +2.1530e+00 -6.5454e-01 -2.9597e+00 +1.9792e+00 -4.5920e-01 -3.4075e+00 +3.3536e+00 +1.2006e+00 -6.9811e-02
169267 0 +1.848720315e+01 +8.474720315e+01 +8.474720315e+01 +2.2047e+00 +3.6827e+00 -4.6559e+00 +2.8779e+00 -1.9446e+00 -1.4215e+00 +1.5746e+00 +1.7621e+00 +2.6363e+00 -1.3758e+00 +9.2905e-01 +3.4341e+00 -7.5997e-01 +4.6786e-01 +3.0120e+00 -1.3482e+00 +8.6608e-02 -7.1695e-01 +2.5318e+00 -1.9520e+00
200005 0 +1.848720315e+01 +8.474720315e+01 +8.474720315e+01 +2.2047e+00 +3.6827e+00 -4.6559e+00 +2.8779e+00 -1.9446e+00 -1.4215e+00 +1.5746e+00 +1.7621e+00 +2.6363e+00 -1.3758e+00 +9.2905e-01 +3.4341e+00 -7.5997e-01 +4.6786e-01 +3.0120e+00 -1.3482e+00 +8.6608e-02 -7.1695e-01 +2.5318e+00 -1.9520e+00
% f evaluations | g evaluations | best noise-free fitness - Fopt (-1.386200000000e+02) + sum g_i+ | measured fitness | best measured fitness or single-digit g-values | x1 | x2...
1 0 +1.214025725e+02 -1.721742746e+01 -1.721742746e+01 +0.0000e+00 +0.0000e+00 +0.0000e+00 +0.0000e+00 +0.0000e+00 +0.0000e+00 +0.0000e+00 +0.0000e+00 +0.0000e+00 +0.0000e+00 +0.0000e+00 +0.0000e+00 +0.0000e+00 +0.0000e+00 +0.0000e+00 +0.0000e+00 +0.0000e+00 +0.0000e+00 +0.0000e+00 +0.0000e+00
2 0 +5.842295611e+01 -8.019704389e+01 -8.019704389e+01 -4.4481e+00 +4.4569e-02 -4.7657e+00 -1.1120e+00 +6.5376e-03 -1.7398e+00 -9.5669e-01 +2.7932e+00 -2.9098e+00 -1.2875e+00 -1.0218e+00 -3.9404e-01 -2.7527e+00 -4.9183e+00 -4.5655e+00 +2.2497e+00 -1.6138e+00 +4.2363e+00 +4.2853e+00 +3.5613e+00
7 0 +5.706504841e+01 -8.155495159e+01 -8.155495159e+01 +4.5338e+00 -7.4478e-01 +8.8472e-01 +2.9262e+00 -3.9643e+00 +6.0487e-01 +3.3018e+00 -4.0003e+00 +3.8438e-01 +2.9808e+00 +3.6555e+00 +7.5722e-01 +2.9080e-01 -3.0616e+00 -3.0256e+00 +2.7856e-01 +8.6623e-01 +7.6006e-01 -3.0549e+00 -4.0314e+00
14 0 +4.720594609e+01 -9.141405391e+01 -9.141405391e+01 -4.2855e+00 +2.3129e+00 +1.8143e+00 -1.4270e+00 -2.9568e+00 +4.2014e+00 +2.5655e+00 -9.3454e-01 +1.4356e+00 -4.1611e+00 -3.5005e+00 -3.1927e+00 -6.3611e-01 -3.6358e+00 -1.9739e+00 -1.8062e+00 +3.3370e+00 -1.7473e+00 +1.2330e+00 +1.0416e+00
24 0 +4.191163007e+01 -9.670836993e+01 -9.670836993e+01 -4.4089e+00 +2.4762e+00 +1.8297e+00 -7.6109e-01 -2.9284e+00 +4.0358e+00 +2.5889e+00 -1.1490e-02 +1.3254e+00 -4.1682e+00 -3.9950e+00 -3.2947e+00 -1.3101e+00 -3.5762e+00 -1.9012e+00 -1.9648e+00 +3.7558e+00 -1.7289e+00 +1.1441e+00 -7.1149e-01
39 0 +3.654097923e+01 -1.020790208e+02 -1.020790208e+02 -9.3404e-01 +2.2641e+00 +2.1425e+00 -3.4558e-01 -4.4708e+00 +4.7677e+00 +2.1655e+00 -3.8166e+00 +3.5090e+00 -2.3472e+00 -1.7600e+00 -2.6745e+00 +1.3617e+00 -2.0938e+00 -4.8800e-02 -2.4652e+00 +5.3450e+00 -3.6001e+00 -1.9451e+00 +3.3263e-03
152 0 +3.620645726e+01 -1.024135427e+02 -1.024135427e+02 -5.3314e+00 +1.9979e+00 -2.8436e+00 -9.6079e-01 +1.5442e+00 +1.9221e+00 +3.6152e+00 +2.7009e+00 +9.3779e-01 -4.4489e+00 -5.2448e+00 -1.2770e+00 -2.9545e+00 +1.8024e+00 -9.4504e-01 -3.7079e+00 +1.6545e+00 +2.1199e+00 +3.6440e+00 +2.4440e+00
229 0 +3.075995996e+01 -1.078600400e+02 -1.078600400e+02 +2.8715e+00 -2.5992e-01 -3.0883e+00 +3.6257e+00 -4.6061e+00 -3.2717e+00 +1.3553e+00 -2.2191e+00 -6.4991e-01 -8.0139e-01 +8.9678e-01 +1.0057e+00 -1.2894e+00 -8.2353e-02 -1.1750e+00 +5.2376e-01 +5.6658e-01 +2.2414e+00 +2.1736e-01 -1.6815e+00
1305 0 +2.784509955e+01 -1.107749005e+02 -1.107749005e+02 -3.5126e+00 +4.9418e+00 -5.8506e-01 +3.2914e+00 +7.4118e-01 +1.4720e+00 +2.9907e+00 -1.4427e+00 -1.0162e+00 +1.2308e+00 +1.6778e-01 -1.5665e+00 +4.1271e+00 -4.5997e+00 -1.5563e+00 +1.6131e-01 -7.8413e-01 +1.3662e+00 -3.3787e+00 +2.3524e+00
5163 0 +2.084806175e+01 -1.177719383e+02 -1.177719383e+02 -3.0978e+00 +7.7301e-01 -2.1813e+00 -2.6506e-01 -3.1670e-01 -7.8424e-01 -4.2792e+00 +2.1068e+00 -3.0745e+00 +1.1564e+00 +1.5629e+00 +1.5408e+00 +1.4887e+00 +5.1580e-01 +3.2603e-01 -5.4228e+00 -1.0527e+00 +8.1508e-01 +3.7599e+00 +2.3299e+00
25568 0 +2.005238892e+01 -1.185676111e+02 -1.185676111e+02 +1.6841e+00 +3.1963e+00 -1.0525e+00 +9.5018e-02 +8.4342e-01 +3.4438e+00 -6.1607e-02 +2.7262e+00 -1.9507e+00 +4.6417e-01 -1.8471e-01 -3.0259e+00 +2.2597e+00 +3.0181e+00 -1.3486e+00 +1.2090e+00 -4.0331e+00 +3.2580e+00 +2.0135e+00 +2.4683e+00
36277 0 +1.605995032e+01 -1.225600497e+02 -1.225600497e+02 -2.2715e+00 +2.6869e+00 +4.1956e-01 -1.9085e+00 -1.0133e+00 -4.7342e+00 -1.6996e+00 +2.0247e+00 -3.8818e+00 -3.2882e+00 +3.4772e-01 -3.1350e+00 -2.3545e+00 +3.1674e+00 +3.2251e+00 +3.4815e+00 +2.8470e+00 -1.6225e+00 -1.3225e+00 -1.6784e+00
200005 0 +1.605995032e+01 -1.225600497e+02 -1.225600497e+02 -2.2715e+00 +2.6869e+00 +4.1956e-01 -1.9085e+00 -1.0133e+00 -4.7342e+00 -1.6996e+00 +2.0247e+00 -3.8818e+00 -3.2882e+00 +3.4772e-01 -3.1350e+00 -2.3545e+00 +3.1674e+00 +3.2251e+00 +3.4815e+00 +2.8470e+00 -1.6225e+00 -1.3225e+00 -1.6784e+00
% f evaluations | g evaluations | best noise-free fitness - Fopt (7.313900000000e+02) + sum g_i+ | measured fitness | best measured fitness or single-digit g-values | x1 | x2...
1 0 +7.230115064e+01 +8.036911506e+02 +8.036911506e+02 +0.0000e+00 +0.0000e+00 +0.0000e+00 +0.0000e+00 +0.0000e+00 +0.0000e+00 +0.0000e+00 +0.0000e+00 +0.0000e+00 +0.0000e+00 +0.0000e+00 +0.0000e+00 +0.0000e+00 +0.0000e+00 +0.0000e+00 +0.0000e+00 +0.0000e+00 +0.0000e+00 +0.0000e+00 +0.0000e+00
2 0 +7.111936233e+01 +8.025093623e+02 +8.025093623e+02 -1.5444e+00 +3.5386e+00 -1.7831e+00 +3.0177e+00 -2.3360e+00 +2.9452e+00 -4.2056e+00 -3.6790e+00 +7.6578e-01 -2.6959e+00 +1.1822e+00 +4.8012e+00 +2.0370e+00 -1.6822e+00 -3.4100e+00 -2.3428e+00 +2.6817e+00 -2.8421e-01 -2.7593e+00 +2.4925e-01
3 0 +6.744739615e+01 +7.988373961e+02 +7.988373961e+02 -2.5969e+00 +3.4600e+00 -2.1577e+00 +1.6108e-01 -6.6759e-01 -3.0695e+00 -3.2097e+00 +2.9506e-01 -9.4705e-01 -9.6408e-01 -3.4295e-01 -3.3069e+00 +2.4844e+00 -4.2425e+00 -8.3829e-01 -4.2389e+00 -3.9268e+00 +3.0416e+00 +2.9446e+00 +1.4212e+00
8 0 +4.173660733e+01 +7.731266073e+02 +7.731266073e+02 +5.0625e-01 -4.8938e+00 -3.7698e+00 -1.4454e+00 -4.2765e+00 -1.5879e+00 +1.1910e+00 +1.2449e+00 -3.9953e+00 -7.0864e-01 -3.8677e+00 -5.5331e-01 +1.0359e+00 -6.3736e-01 +4.1173e+00 +4.0730e+00 +4.7031e+00 +7.0048e-02 -2.3064e+00 +4.3190e+00
48 0 +3.897608648e+01 +7.703660865e+02 +7.703660865e+02 -3.3329e+00 +7.3477e-01 +4.8424e+00 -1.6033e+00 -3.3116e+00 -3.2722e+00 +3.4298e+00 +2.6805e+00 -1.4489e+00 +1.3300e+00 +3.3214e+00 +2.0407e+00 +4.2644e-01 -2.6590e+00 +4.8772e+00 +2.7894e+00 -3.1982e+00 -1.9739e+00 +2.3019e+00 -3.9639e-01
153 0 +3.694552176e+01 +7.683355218e+02 +7.683355218e+02 -2.7141e-01 -4.4185e+00 -2.0109e+00 -9.3218e-02 -2.2782e+00 -3.2538e+00 -5.3908e-01 +3.6728e+00 +1.4752e+00 +1.3503e+00 -1.8651e+00 +1.1822e+00 +3.7725e-01 -2.6533e+00 -2.7463e-01 +7.0023e-01 +2.2980e+00 -2.4614e+00 +3.6994e+00 +1.2950e+00
506 0 +3.217924468e+01 +7.635692447e+02 +7.635692447e+02 -2.5005e+00 -8.9968e-01 +3.2848e+00 -1.6162e+00 -1.6507e+00 -7.0289e-01 -2.1268e+00 +2.6849e+00 +2.8651e+00 +4.6191e+00 -2.9644e-01 +7.6385e+00 +3.3422e-01 +9.9517e-01 +2.2618e-01 -1.8351e-01 -2.9181e-01 +6.2067e-01 +2.5274e+00 +2.8788e+00
817 0 +3.098677276e+01 +7.623767728e+02 +7.623767728e+02 -1.2275e+00 +5.7376e-01 +3.4896e+00 +1.4037e+00 -3.4328e+00 +1.1696e+00 -3.6238e-01 +4.9079e-02 +4.6195e+00 +4.5208e-01 -1.4390e+00 +2.8521e+00 -1.3103e+00 -2.6330e+00 -4.2901e+00 +1.8445e+00 +1.1147e+00 +1.1146e+00 -7.8278e-01 +2.2794e+00
972 0 +2.816943042e+01 +7.595594304e+02 +7.595594304e+02 +1.4444e+00 +2.2528e+00 +1.3267e+00 -3.6679e-01 +2.1930e+00 +2.5403e+00 -3.5794e-01 -1.7967e+00 +2.4985e+00 +2.2852e+00 -2.0851e+00 +3.8832e-01 +1.3613e+00 -1.7868e+00 -1.3493e+00 +2.1462e+00 -1.1321e+00 -1.5487e-01 -5.7161e-01 -1.8071e-01
1101 0 +2.689268982e+01 +7.582826898e+02 +7.582826898e+02 -5.1158e-01 +1.1712e+00 +2.4113e+00 +8.1303e-01 +2.2765e+00 +2.1739e+00 -1.3224e+00 +2.1996e+00 -7.9508e-01 +1.2735e+00 -2.5925e+00 +2.4831e+00 -1.8640e+00 -2.5442e+00 -1.9504e+00 +4.1859e+00 -2.2256e+00 +3.6461e-01 +8.4258e-01 +8.3692e-01
5037 0 +2.602082463e+01 +7.574108246e+02 +7.574108246e+02 +1.1765e-01 +3.3968e+00 +8.7865e-01 -6.7555e-01 +3.6029e+00 -5.3120e-01 -8.6424e-01 -2.8570e+00 -6.5162e-01 -1.5221e-01 -4.1192e+00 +3.3314e+00 +2.8256e+00 -1.4058e+00 +2.8071e+00 +1.0789e+00 +3.0523e+00 -3.1198e+00 +1.3434e+00 +9.5705e-01
7689 0 +2.302556995e+01 +7.544155699e+02 +7.544155699e+02 +9.9280e-01 +2.7139e+00 +2.0458e+00 -3.8409e+00 +4.4569e+00 -7.7307e-01 +2.3097e+00 +1.2178e+00 -4.1045e+00 +2.3460e+00 +8.0768e-01 +3.0261e+00 -2.0175e+00 -1.6443e+00 -1.3392e+00 -2.1827e+00 +5.0003e-01 +3.5682e+00 +1.3149e+00 +9.6171e-01
26064 0 +2.204108194e+01 +7.534310819e+02 +7.534310819e+02 -1.6061e+00 -4.2054e+00 -2.0781e+00 -3.8777e+00 -1.0719e+00 -2.7119e+00 -2.1185e+00 +3.5593e+00 -1.3335e+00 -4.7748e-01 -2.8731e+00 -1.2710e+00 +1.8134e+00 +9.1802e-01 -4.9989e+00 -1.4385e+00 +4.3986e-01 -5.6671e-01 -4.4833e+00 -2.5091e+00
42599 0 +1.844052796e+01 +7.498305280e+02 +7.498305280e+02 -2.6380e+00 -9.2909e-01 -2.6801e+00 -1.9838e-01 -2.2934e-02 +1.0844e+00 +2.5203e+00 +2.8921e+00 +3.7442e+00 -1.4439e+00 -2.5636e+00 +9.6340e-01 +8.3019e-01 -1.0113e+00 -3.6057e+00 -6.5887e-01 -8.1250e-02 +1.6301e+00 -3.3308e-01 +2.2013e-01
200005 0 +1.844052796e+01 +7.498305280e+02 +7.498305280e+02 -2.6380e+00 -9.2909e-01 -2.6801e+00 -1.9838e-01 -2.2934e-02 +1.0844e+00 +2.5203e+00 +2.8921e+00 +3.7442e+00 -1.4439e+00 -2.5636e+00 +9.6340e-01 +8.3019e-01 -1.0113e+00 -3.6057e+00 -6.5887e-01 -8.1250e-02 +1.6301e+00 -3.3308e-01 +2.2013e-01
% f evaluations | g evaluations | best noise-free fitness - Fopt (7.526000000000e+01) + sum g_i+ | measured fitness | best measured fitness or single-digit g-values | x1 | x2...
1 0 +5.694724158e+01 +1.322072416e+02 +1.322072416e+02 +0.0000e+00 +0.0000e+00 +0.0000e+00 +0.0000e+00 +0.0000e+00 +0.0000e+00 +0.0000e+00 +0.0000e+00 +0.0000e+00 +0.0000e+00 +0.0000e+00 +0.0000e+00 +0.0000e+00 +0.0000e+00 +0.0000e+00 +0.0000e+00 +0.0000e+00 +0.0000e+00 +0.0000e+00 +0.0000e+00
4 0 +4.769918756e+01 +1.229591876e+02 +1.229591876e+02 -3.2159e+00 -3.7793e+00 +4.3970e+00 +4.0456e-01 +3.4153e+00 -1.2814e+00 +1.0977e+00 +3.0111e-01 +2.4768e+00 +1.0189e+00 +4.4387e+00 -3.9946e+00 -4.5661e-01 -9.1753e-01 -4.3725e+00 -4.5890e+00 -3.4312e+00 -5.9429e-01 -3.4264e+00 +5.7747e-01
11 0 +4.590724312e+01 +1.211672431e+02 +1.211672431e+02 -4.8085e+00 -4.7366e+00 +4.5060e+00 -2.4045e+00 -2.7137e-01 +2.9436e+00 +6.1778e-01 +1.8177e+00 +4.3933e+00 -2.5008e+00 +4.4918e+00 -2.9315e+00 +5.3221e-01 -1.6789e+00 +2.7192e+00 +3.2937e+00 +1.8260e+00 -4.9457e+00 -1.2016e+00 -7.7253e-01
26 0 +4.276927968e+01 +1.180292797e+02 +1.180292797e+02 +3.6996e+00 +6.6629e-01 +4.3689e+00 +1.7866e+00 +1.3235e+00 -2.3510e+00 +4.4258e-01 -3.6717e+00 -3.5951e+00 +1.3613e+00 -6.9312e+00 +7.2569e+00 -1.1797e+00 +8.5217e-01 -1.7030e+00 +1.8127e+00 +2.1604e+00 +9.7057e-01 -3.6167e+00 +2.4591e+00
253 0 +2.947969644e+01 +1.047396964e+02 +1.047396964e+02 -9.3969e-01 +2.0070e+00 +1.2597e+00 -1.6869e+00 +2.6791e+00 +1.3451e-01 -7.6672e-01 +2.9825e+00 +2.5111e+00 -2.6610e+00 -9.6457e-01 +1.1253e+00 +9.1408e-01 -6.7056e-01 +2.2306e-01 +4.0931e+00 +6.2230e-01 +2.5941e+00 -8.8892e-02 -1.2208e+00
656 0 +2.623568346e+01 +1.014956835e+02 +1.014956835e+02 -2.7741e+00 +1.2404e+00 -1.4912e-01 -3.4864e+00 +2.9129e+00 -3.4987e-01 +3.1005e+00 +1.7670e+00 -3.1566e+00 +2.4415e+00 +3.0996e+00 -2.4743e+00 +2.0513e+00 +5.0501e-02 -1.1963e+00 -5.8717e+00 +2.8844e+00 -2.2260e+00 +1.3830e-01 +6.2810e+00
4163 0 +2.427156319e+01 +9.953156319e+01 +9.953156319e+01 -5.9753e-01 +1.7699e+00 +2.9228e-01 +4.4596e-01 -3.5380e+00 -2.0700e-01 -3.3345e+00 +1.7296e+00 -5.7320e+00 -4.6749e-01 -1.2639e+00 -2.2920e+00 +1.9259e+00 +2.3237e+00 -1.2084e+00 +1.7855e+00 -1.9504e+00 -1.8763e+00 -1.0571e+00 -4.7481e-01
4507 0 +2.028068178e+01 +9.554068178e+01 +9.554068178e+01 +2.5327e+00 +1.4438e+00 -6.9675e-01 -2.1166e+00 -3.7661e+00 +9.0420e-01 -3.3986e-01 +8.2081e-01 +1.3063e+00 +3.9738e-01 +4.3198e-01 -4.3205e-01 -5.6408e-01 +1.5232e+00 -3.4924e+00 +2.1359e+00 -6.9370e-01 -2.5015e+00 -1.1235e+00 +1.3769e+00
73976 0 +1.909099616e+01 +9.435099616e+01 +9.435099616e+01 -1.0597e+00 -1.3158e+00 +1.9839e+00 +8.6845e-01 +3.7150e+00 -3.5919e+00 -1.1225e+00 +3.1894e+00 +2.0892e+00 +1.5338e+00 +2.3023e+00 -1.1013e+00 +1.3014e+00 -6.8963e-01 -3.7500e-01 -6.2813e-01 +2.7949e+00 +1.9660e+00 -8.3140e-01 -4.1326e+00
200005 0 +1.909099616e+01 +9.435099616e+01 +9.435099616e+01 -1.0597e+00 -1.3158e+00 +1.9839e+00 +8.6845e-01 +3.7150e+00 -3.5919e+00 -1.1225e+00 +3.1894e+00 +2.0892e+00 +1.5338e+00 +2.3023e+00 -1.1013e+00 +1.3014e+00 -6.8963e-01 -3.7500e-01 -6.2813e-01 +2.7949e+00 +1.9660e+00 -8.3140e-01 -4.1326e+00
% f evaluations | g evaluations | best noise-free fitness - Fopt (-4.913000000000e+01) + sum g_i+ | measured fitness | best measured fitness or single-digit g-values | x1 | x2...
1 0 +6.084313915e+01 +1.171313915e+01 +1.171313915e+01 +0.0000e+00 +0.0000e+00 +0.0000e+00 +0.0000e+00 +0.0000e+00 +0.0000e+00 +0.0000e+00 +0.0000e+00 +0.0000e+00 +0.0000e+00 +0.0000e+00 +0.0000e+00 +0.0000e+00 +0.0000e+00 +0.0000e+00 +0.0000e+00 +0.0000e+00 +0.0000e+00 +0.0000e+00 +0.0000e+00
6 0 +5.266892383e+01 +3.538923833e+00 +3.538923833e+00 -1.8652e+00 +4.2197e+00 +4.9042e+00 -3.7732e-01 +2.2102e+00 +3.4874e+00 +2.5494e-01 +1.0722e+00 -1.2957e+00 -2.4826e+00 -1.8465e+00 +4.2695e+00 -2.3260e+00 -1.3037e+00 -4.9208e+00 +3.4364e+00 +8.0912e-01 -6.2291e-01 +6.8286e-01 -2.4335e+00
7 0 +4.930877489e+01 +1.787748922e-01 +1.787748922e-01 -1.1592e-01 -1.9014e+00 +2.5201e+00 +6.0854e-01 -2.5742e+00 +2.0000e+00 -1.9261e+00 -2.1913e+00 -1.3274e+00 +1.9904e+00 -3.6748e+00 -3.2674e+00 +4.9005e+00 -1.6013e+00 -1.2640e+00 +4.8324e+00 -4.8614e+00 -4.5381e+00 -4.6174e+00 -4.6819e+00
24 0 +4.740012680e+01 -1.729873202e+00 -1.729873202e+00 -2.6718e+00 +5.2981e-01 +1.9271e+00 +3.4789e-01 +1.6322e+00 +2.5144e+00 -8.9707e-01 -1.5821e-01 -2.1363e-01 +1.1118e+00 -4.3387e+00 -5.3018e+00 +3.1095e+00 +9.2283e-01 -2.4432e+00 +5.2751e+00 -3.8657e+00 -5.2657e+00 -3.1722e+00 -1.9392e+00
200 0 +4.184029369e+01 -7.289706311e+00 -7.289706311e+00 -1.2911e+00 +1.4261e+00 -1.7077e+00 +3.5928e+00 -1.2930e+00 +5.7234e+00 -5.6507e+00 -1.8272e+00 +5.9012e-01 -3.1279e+00 +1.5266e+00 -1.3383e+00 +5.3358e+00 -1.3397e+00 +1.3504e+00 +1.4564e+00 +9.6951e-01 -2.3139e+00 +9.3028e-01 -9.2504e-01
281 0 +4.073844997e+01 -8.391550027e+00 -8.391550027e+00 +1.2571e+00 -1.5885e-01 -1.0873e-01 +1.8007e+00 -4.3332e-01 -1.6264e+00 +3.2047e+00 -2.5877e+00 +3.4469e-01 -3.0918e+00 -1.6428e-01 +9.5751e-01 +4.0288e+00 -2.3479e+00 -2.9828e+00 +2.0098e+00 +1.3129e-01 -2.4634e+00 -2.3431e-01 -1.4271e+00
503 0 +3.730528563e+01 -1.182471437e+01 -1.182471437e+01 +1.2188e+00 -1.7123e+00 -3.5885e+00 +2.2320e+00 +1.4278e+00 -1.6525e+00 +4.8918e+00 -1.0576e+00 +2.7961e+00 +1.8054e+00 -4.1151e-01 +3.4232e-01 +3.1577e-01 +2.3709e+00 -3.6688e+00 +2.2678e+00 -2.2185e+00 -1.7127e+00 -3.5447e-01 -2.9038e-01
539 0 +3.603198353e+01 -1.309801647e+01 -1.309801647e+01 +4.7940e+00 -6.8347e-01 -5.2100e+00 +4.3695e+00 +4.2409e+00 +1.0631e+00 +6.1600e+00 -2.2421e-01 +2.0434e+00 +1.9997e+00 -1.0382e+00 +1.0707e+00 -2.1722e-01 +5.1019e+00 -5.8214e+00 +4.2669e-01 -7.2391e-02 -4.8781e+00 -1.9328e+00 +4.9992e-03
747 0 +3.141885755e+01 -1.771114245e+01 -1.771114245e+01 +7.6912e-01 -9.8372e-01 -2.3046e+00 +1.6108e+00 -2.1790e+00 -3.3776e+00 +1.2414e+00 +1.8603e+00 -1.9295e+00 -4.0037e+00 +5.4949e-01 -1.0813e+00 -2.0987e-01 +2.2983e+00 -4.8133e+00 +5.1283e+00 -1.6288e+00 -9.3062e-02 -4.6718e+00 -2.4853e+00
1033 0 +2.885488632e+01 -2.027511368e+01 -2.027511368e+01 +4.5008e-01 -2.7644e+00 -2.6635e+00 -1.2062e+00 +2.3046e+00 -5.7686e-02 -4.1351e+00 -4.1386e+00 -2.4595e+00 +3.8230e+00 -5.7499e+00 +1.5872e+00 +4.2185e-01 +1.3853e+00 -1.9227e+00 -6.7775e-01 -2.0126e+00 +3.4561e-01 -3.3677e+00 -6.9225e-01
2328 0 +2.256519817e+01 -2.656480183e+01 -2.656480183e+01 +1.0857e+00 +1.2479e+00 +3.8824e-01 +2.9319e+00 -8.2814e-01 -2.5669e+00 -3.2555e+00 +4.4406e-01 -2.0884e+00 +1.2496e-01 -2.6175e+00 +1.0916e+00 +2.1115e+00 -8.7410e-01 +2.4841e+00 +2.6384e+00 -4.8668e+00 -2.7720e+00 +8.8695e-01 -1.5857e+00
60800 0 +1.645142043e+01 -3.267857957e+01 -3.267857957e+01 -3.7549e+00 +2.0906e+00 -1.3639e+00 -9.8948e-01 +4.1970e+00 -3.7776e+00 +3.3147e+00 +1.5582e+00 -1.5032e+00 +6.2091e-01 +1.6408e+00 -2.1586e+00 -3.6246e+00 +1.1889e+00 +3.6652e-01 +3.2539e+00 -8.9384e-01 +2.9937e+00 +3.8772e-01 +3.9553e+00
70480 0 +1.309182255e+01 -3.603817745e+01 -3.603817745e+01 -3.8964e+00 -6.5904e-01 +2.1445e+00 -2.9194e-01 -4.9266e-01 +6.8064e-01 +4.0032e+00 -2.6134e+00 -2.0109e+00 +1.9631e+00 -1.5846e+00 -1.2557e-01 +1.7767e-01 -1.1146e+00 +2.8218e+00 -1.4020e+00 +2.5858e+00 -1.0553e+00 -3.7427e+00 -3.4232e-01
200005 0 +1.309182255e+01 -3.603817745e+01 -3.603817745e+01 -3.8964e+00 -6.5904e-01 +2.1445e+00 -2.9194e-01 -4.9266e-01 +6.8064e-01 +4.0032e+00 -2.6134e+00 -2.0109e+00 +1.9631e+00 -1.5846e+00 -1.2557e-01 +1.7767e-01 -1.1146e+00 +2.8218e+00 -1.4020e+00 +2.5858e+00 -1.0553e+00 -3.7427e+00 -3.4232e-01
% f evaluations | g evaluations | best noise-free fitness - Fopt (-1.418900000000e+02) + sum g_i+ | measured fitness | best measured fitness or single-digit g-values | x1 | x2...
1 0 +4.494312855e+01 -9.694687145e+01 -9.694687145e+01 +0.0000e+00 +0.0000e+00 +0.0000e+00 +0.0000e+00 +0.0000e+00 +0.0000e+00 +0.0000e+00 +0.0000e+00 +0.0000e+00 +0.0000e+00 +0.0000e+00 +0.0000e+00 +0.0000e+00 +0.0000e+00 +0.0000e+00 +0.0000e+00 +0.0000e+00 +0.0000e+00 +0.0000e+00 +0.0000e+00
23 0 +4.279250177e+01 -9.909749823e+01 -9.909749823e+01 -6.0481e-01 -7.9231e-01 -1.6112e+00 -5.0286e-03 -2.7599e+00 -1.0538e+00 -1.0309e+00 -2.1461e+00 -3.2135e+00 +2.9508e+00 -3.8861e-01 -3.6139e+00 +1.4467e+00 +9.9597e-01 +5.8373e+00 -1.8733e+00 +6.7974e-01 -4.4783e+00 +3.9963e+00 +5.4688e+00
149 0 +3.926879977e+01 -1.026212002e+02 -1.026212002e+02 -3.5235e+00 -3.7436e+00 +3.5239e-01 -6.1282e-01 -8.2497e-01 +2.8359e+00 -6.7859e-01 -2.6342e+00 -9.0800e-01 -5.9933e-02 -6.0006e+00 -1.3870e+00 +2.7119e+00 -3.8844e+00 +6.5880e-01 +1.7569e+00 -2.0271e+00 -1.1770e+00 +1.5209e+00 +4.5601e+00
277 0 +3.685314093e+01 -1.050368591e+02 -1.050368591e+02 +4.1034e+00 -4.5974e+00 +1.2515e-01 -9.6480e-01 -1.1076e+00 +1.6720e+00 +1.8330e+00 -3.6067e+00 +8.8782e-01 +1.7697e+00 +2.8268e+00 -6.0381e-01 +5.1632e+00 -5.0046e-01 +3.5292e+00 -1.2148e+00 -5.3925e-01 +9.7451e-01 +1.0493e+00 -2.1404e+00
679 0 +3.306474447e+01 -1.088252555e+02 -1.088252555e+02 +3.0545e+00 -1.1382e+00 -3.0301e+00 +1.2712e-01 -3.4758e+00 +2.4286e-01 +1.3829e+00 -5.1981e+00 +2.9385e+00 -1.6692e+00 +2.3991e+00 -1.3146e+00 +1.4188e+00 -4.9879e+00 +3.4982e+00 -5.3362e+00 +3.5652e+00 +1.3844e+00 +3.0402e+00 -1.3458e+00
853 0 +3.211710687e+01 -1.097728931e+02 -1.097728931e+02 +2.4998e+00 +4.0046e+00 -3.4542e-01 +6.8751e-01 -1.1230e+00 +2.9194e+00 +7.6876e-01 -4.2851e+00 -4.3638e-01 -5.7051e-01 +1.4590e+00 -5.3659e-01 +1.0189e+00 -3.7212e+00 +3.5580e+00 -3.5120e+00 -2.2754e+00 +2.9103e+00 -1.8768e+00 -1.6708e+00
1118 0 +3.055123602e+01 -1.113387640e+02 -1.113387640e+02 +1.7244e+00 +1.9785e+00 -2.2342e+00 +3.1254e+00 -1.0341e+00 +8.5795e-01 +1.1655e+00 -1.5612e+00 +1.5510e+00 +2.1558e+00 -2.1609e+00 -1.3415e+00 -4.4050e+00 -1.1792e-01 +2.4072e+00 -1.0820e+00 +1.2084e-01 -2.6625e+00 -2.2195e+00 -4.7940e+00
2912 0 +2.958796899e+01 -1.123020310e+02 -1.123020310e+02 -1.9177e+00 +2.7786e+00 -1.0964e+00 +2.3755e+00 -3.5596e+00 +1.2274e+00 -2.4125e+00 -4.4290e-01 +3.5784e+00 +2.8620e+00 +1.3432e+00 +3.4380e+00 +2.9666e-01 +2.5255e+00 +1.2936e-01 -3.1176e+00 -1.1781e+00 -1.5682e+00 -1.7380e+00 +5.2704e-01
4546 0 +2.698105588e+01 -1.149089441e+02 -1.149089441e+02 +2.4186e+00 -4.3649e+00 -9.3858e-02 +1.3478e+00 -2.8288e+00 -1.1332e-01 -4.4297e+00 +5.4360e+00 +1.9664e+00 -1.0461e+00 +1.9638e+00 -5.3046e-02 +3.2198e+00 +2.3434e+00 +2.8396e+00 +2.8712e-01 -3.7717e+00 -7.5973e-01 -1.7500e+00 +2.9959e+00
6339 0 +2.677633373e+01 -1.151136663e+02 -1.151136663e+02 +9.0127e-01 -1.7884e+00 -1.9675e+00 -2.5823e+00 +1.1691e-02 -1.6898e+00 -4.1417e+00 -2.2806e+00 +2.8804e+00 +3.3779e+00 -2.9355e+00 -3.5400e+00 -2.6742e+00 +3.2487e+00 +3.2585e+00 +1.4545e+00 +2.7655e+00 -1.6008e+00 +1.6603e+00 +5.2830e-02
22938 0 +2.155919939e+01 -1.203308006e+02 -1.203308006e+02 +5.2351e+00 +1.1531e+00 -2.1697e+00 -2.1836e+00 -5.0698e+00 +3.5967e+00 +2.9651e+00 +2.9188e-01 -1.9151e+00 -1.2129e+00 -3.1056e-01 -3.1889e-01 +2.4873e+00 -3.3210e+00 -3.3610e+00 -5.4095e+00 +2.7185e+00 -3.1299e+00 +4.1855e+00 +1.3602e+00
39898 0 +1.938162831e+01 -1.225083717e+02 -1.225083717e+02 -1.1326e+00 +6.3315e-01 -2.1558e+00 -1.9234e+00 -1.6490e+00 -4.3016e-01 +1.1202e+00 -1.2104e+00 -2.2945e+00 +3.3831e+00 +5.5523e+00 -8.8133e-01 +3.0200e+00 -4.8110e-01 -1.8666e-01 +2.6658e-01 -3.8885e+00 +1.3796e-01 +3.3256e+00 +3.3622e-02
200005 0 +1.938162831e+01 -1.225083717e+02 -1.225083717e+02 -1.1326e+00 +6.3315e-01 -2.1558e+00 -1.9234e+00 -1.6490e+00 -4.3016e-01 +1.1202e+00 -1.2104e+00 -2.2945e+00 +3.3831e+00 +5.5523e+00 -8.8133e-01 +3.0200e+00 -4.8110e-01 -1.8666e-01 +2.6658e-01 -3.8885e+00 +1.3796e-01 +3.3256e+00 +3.3622e-02
% f evaluations | g evaluations | best noise-free fitness - Fopt (1.095700000000e+02) + sum g_i+ | measured fitness | best measured fitness or single-digit g-values | x1 | x2...
1 0 +1.099459860e+02 +2.195159860e+02 +2.195159860e+02 +0.0000e+00 +0.0000e+00 +0.0000e+00 +0.0000e+00 +0.0000e+00 +0.0000e+00 +0.0000e+00 +0.0000e+00 +0.0000e+00 +0.0000e+00 +0.0000e+00 +0.0000e+00 +0.0000e+00 +0.0000e+00 +0.0000e+00 +0.0000e+00 +0.0000e+00 +0.0000e+00 +0.0000e+00 +0.0000e+00
3 0 +4.813150389e+01 +1.577015039e+02 +1.577015039e+02 +8.9462e-01 +4.7700e+00 -3.7736e-01 +1.3456e+00 +1.2891e+00 -1.7603e-01 -3.5023e+00 +3.5096e+00 -1.7157e+00 -3.2814e-01 -4.8602e+00 +3.8808e+00 +1.3985e+00 -3.8471e+00 -2.3128e-01 +9.3300e-01 -3.1343e+00 -2.2172e+00 +2.8450e+00 -2.2952e+00
50 0 +4.545595889e+01 +1.550259589e+02 +1.550259589e+02 -8.6749e-02 +7.7489e-01 +8.9095e-02 +3.3543e+00 -3.6721e+00 +6.7645e-01 +2.5121e-01 +1.6224e+00 -4.1407e+00 -1.9257e+00 +2.2770e+00 +3.7045e+00 -3.5941e+00 +1.4949e+00 -2.9257e+00 +7.8909e-01 +4.3162e+00 +3.5597e+00 +1.6071e+00 -3.8004e+00
51 0 +2.744613445e+01 +1.370161345e+02 +1.370161345e+02 +3.4241e+00 +3.0352e+00 -5.0771e+00 +3.7017e-01 -4.0521e+00 +4.1363e-01 +6.1160e-01 +5.5739e+00 -1.4265e+00 +2.0852e+00 +1.0286e+00 +3.7693e-02 -2.2643e+00 +3.1088e+00 -4.5895e-01 -1.4876e-01 +4.8036e+00 -7.8071e-01 +3.7068e-01 -5.6987e+00
8591 0 +2.396403356e+01 +1.335340336e+02 +1.335340336e+02 +1.7793e+00 -6.4391e-02 -2.5105e+00 +3.0921e-01 -1.4423e-01 -2.1774e+00 +3.5144e+00 -3.4014e+00 -1.9331e+00 -5.7705e+00 +3.3017e+00 +1.4770e+00 -3.0928e+00 -3.0998e+00 -2.9140e-01 +5.0351e+00 -2.1728e+00 +3.0836e+00 -3.4595e+00 -2.8047e+00
13078 0 +2.054612675e+01 +1.301161268e+02 +1.301161268e+02 -1.0034e+00 +1.5169e+00 -1.0670e+00 -4.2622e+00 -4.9352e+00 -1.0917e+00 -2.2869e+00 -2.5252e+00 -3.6506e-01 +1.7324e-01 -5.9903e-01 +3.0700e+00 +2.5391e+00 +4.9743e+00 +1.5059e+00 +3.1192e+00 +3.7294e+00 +1.8830e+00 +2.3052e+00 -3.1580e+00
98278 0 +1.910318649e+01 +1.286731865e+02 +1.286731865e+02 +4.5761e+00 +4.0920e-01 +1.5546e+00 +7.1433e-01 -4.2578e-01 +6.9580e-01 +1.4639e+00 +1.2974e+00 +9.4898e-01 +1.8169e+00 -2.0206e+00 -1.1452e+00 +2.4431e+00 -2.3642e+00 -2.5411e+00 +1.7737e+00 +2.5934e-01 -3.9914e+00 +1.9598e-01 -1.8070e+00
152877 0 +1.882995148e+01 +1.283999515e+02 +1.283999515e+02 +2.4564e+00 +2.7049e+00 -4.7566e+00 -3.8472e+00 -5.4791e-01 +1.4961e+00 +1.8088e+00 -4.3008e+00 +2.4247e+00 +6.7677e-01 -8.0540e-01 -1.6914e+00 -3.5973e+00 -4.3122e+00 -6.2399e-01 -1.5968e-01 -3.1889e+00 +2.4673e+00 +2.9356e+00 -4.9783e-01
200005 0 +1.882995148e+01 +1.283999515e+02 +1.283999515e+02 +2.4564e+00 +2.7049e+00 -4.7566e+00 -3.8472e+00 -5.4791e-01 +1.4961e+00 +1.8088e+00 -4.3008e+00 +2.4247e+00 +6.7677e-01 -8.0540e-01 -1.6914e+00 -3.5973e+00 -4.3122e+00 -6.2399e-01 -1.5968e-01 -3.1889e+00 +2.4673e+00 +2.9356e+00 -4.9783e-01
% f evaluations | g evaluations | best noise-free fitness - Fopt (7.836000000000e+01) + sum g_i+ | measured fitness | best measured fitness or single-digit g-values | x1 | x2...
1 0 +3.972104146e+01 +1.180810415e+02 +1.180810415e+02 +0.0000e+00 +0.0000e+00 +0.0000e+00 +0.0000e+00 +0.0000e+00 +0.0000e+00 +0.0000e+00 +0.0000e+00 +0.0000e+00 +0.0000e+00 +0.0000e+00 +0.0000e+00 +0.0000e+00 +0.0000e+00 +0.0000e+00 +0.0000e+00 +0.0000e+00 +0.0000e+00 +0.0000e+00 +0.0000e+00
272 0 +3.943149339e+01 +1.177914934e+02 +1.177914934e+02 -3.0715e+00 -3.4131e-01 +1.3773e+00 -3.5428e+00 -4.6051e+00 -2.1632e+00 +1.6083e+00 +1.1170e+00 +7.9885e-01 -1.6056e+00 +1.5742e+00 +2.8225e+00 +2.1268e+00 +2.4539e+00 -1.9052e+00 -3.0989e+00 +1.3759e+00 +1.7802e+00 +1.4535e+00 -2.8809e+00
301 0 +3.675818158e+01 +1.151181816e+02 +1.151181816e+02 -5.5931e+00 -3.5509e+00 +1.1076e+00 -2.7019e+00 -1.1333e+00 +1.5047e+00 -6.0005e+00 +1.8772e+00 +6.5266e+00 +2.2489e+00 +5.2099e+00 +9.0243e-01 -4.1603e+00 +9.6441e-01 +1.0253e+00 +4.7398e+00 +3.7959e+00 +4.5809e+00 -1.0247e+00 -3.9055e+00
446 0 +3.276102762e+01 +1.111210276e+02 +1.111210276e+02 -4.4693e+00 -9.4429e-01 +1.2651e+00 +1.9065e+00 +7.9010e-01 -1.7827e+00 +3.8871e+00 +2.4759e+00 -1.2084e+00 +1.1072e+00 +8.3867e-01 -3.7495e+00 -2.5258e-02 -9.4492e-01 +1.1938e+00 +1.1779e+00 -6.4875e-01 +2.4137e+00 +4.0252e-01 +2.9146e-01
2970 0 +2.255987654e+01 +1.009198765e+02 +1.009198765e+02 -3.9154e+00 +1.3495e-01 -6.4569e-01 +1.4597e+00 +9.2112e-01 +7.5899e-01 +1.5452e+00 -3.7709e+00 -1.7387e+00 +2.9648e+00 -7.0345e-01 -2.5887e+00 -9.2720e-01 -2.5750e+00 -7.9920e-02 -1.6899e+00 -2.5408e+00 +8.3089e-01 +1.5762e+00 +5.3618e-02
22391 0 +1.328641911e+01 +9.164641911e+01 +9.164641911e+01 +1.9092e+00 -1.9003e+00 -4.7701e-01 -5.6524e-01 +1.2016e+00 -3.5979e+00 -1.4741e+00 +4.9221e-01 +1.3450e+00 +8.7376e-01 +4.2645e+00 -1.2663e-01 +1.9452e-01 +3.0884e+00 -4.3796e+00 -3.7441e+00 +7.0577e-01 -1.0376e+00 +1.1906e+00 -8.8510e-01
200005 0 +1.328641911e+01 +9.164641911e+01 +9.164641911e+01 +1.9092e+00 -1.9003e+00 -4.7701e-01 -5.6524e-01 +1.2016e+00 -3.5979e+00 -1.4741e+00 +4.9221e-01 +1.3450e+00 +8.7376e-01 +4.2645e+00 -1.2663e-01 +1.9452e-01 +3.0884e+00 -4.3796e+00 -3.7441e+00 +7.0577e-01 -1.0376e+00 +1.1906e+00 -8.8510e-01
% f evaluations | g evaluations | best noise-free fitness - Fopt (1.140900000000e+02) + sum g_i+ | measured fitness | best measured fitness or single-digit g-values | x1 | x2...
1 0 +6.229416661e+01 +1.763841666e+02 +1.763841666e+02 +0.0000e+00 +0.0000e+00 +0.0000e+00 +0.0000e+00 +0.0000e+00 +0.0000e+00 +0.0000e+00 +0.0000e+00 +0.0000e+00 +0.0000e+00 +0.0000e+00 +0.0000e+00 +0.0000e+00 +0.0000e+00 +0.0000e+00 +0.0000e+00 +0.0000e+00 +0.0000e+00 +0.0000e+00 +0.0000e+00
4 0 +5.408833107e+01 +1.681783311e+02 +1.681783311e+02 +3.0919e-01 -4.4323e+00 +2.6830e+00 +8.2834e-01 +9.9371e-01 +2.6216e+00 +9.2286e-01 +4.2334e+00 +3.8617e-01 -1.0379e+00 -1.3160e+00 +2.3064e+00 -4.1900e+00 +3.3932e+00 +2.3388e+00 -1.0467e+00 +3.4756e+00 -2.8093e-01 +2.5945e+00 +1.6218e+00
8 0 +5.105419798e+01 +1.651441980e+02 +1.651441980e+02 -3.7321e+00 +9.9448e-02 -1.6414e+00 +2.7985e+00 -2.9275e+00 -3.7014e-01 +3.2370e+00 -3.3356e+00 -2.2379e+00 +3.3908e+00 -2.5596e+00 +3.8070e+00 +1.0891e-01 -4.4005e+00 +4.0378e+00 -3.7360e+00 +9.6084e-01 +3.3849e+00 +1.7663e+00 +1.9850e+00
25 0 +3.804458514e+01 +1.521345851e+02 +1.521345851e+02 -2.3514e+00 -2.0561e+00 +3.9311e+00 +2.7256e+00 -8.2024e-01 +2.4656e+00 +1.0332e+00 +4.2380e+00 -2.6755e-01 -8.8111e-01 -1.9008e+00 +3.4826e+00 -2.0958e+00 +3.1975e+00 +3.1822e+00 -2.2708e+00 +3.5453e+00 +3.5708e-01 +1.3256e+00 +3.9227e+00
169 0 +3.689901072e+01 +1.509890107e+02 +1.509890107e+02 +1.8530e+00 -3.0582e+00 +3.1357e-03 -3.7628e+00 +9.2934e-02 +2.5080e+00 +1.4189e+00 +3.8076e-01 +1.6078e+00 -1.2654e+00 -9.4035e-01 -7.0040e-01 +5.2559e-01 +1.5698e+00 +1.7633e-01 +1.4316e+00 +2.1015e+00 +4.5090e+00 +7.4921e-01 +3.2088e-01
194 0 +3.175200899e+01 +1.458420090e+02 +1.458420090e+02 -8.1111e-01 -3.4786e+00 +4.6286e+00 +3.9569e+00 +1.5314e+00 -3.6691e+00 +3.6728e+00 +1.8273e+00 +2.3400e+00 +5.9640e-01 -3.4560e-01 +4.5658e+00 +6.4954e-01 +3.7360e+00 +3.0609e+00 -8.4659e-01 -3.4604e+00 -3.9818e+00 +1.1328e+00 +1.9889e+00
269 0 +2.653740169e+01 +1.406274017e+02 +1.406274017e+02 +4.4159e-01 -2.4519e+00 +1.2908e+00 -1.5733e+00 -3.1647e-01 +6.3778e-01 +1.9921e+00 -1.1091e+00 -6.1570e-01 +7.4339e-02 -1.9504e+00 +9.5415e-01 +4.1410e+00 +2.5030e+00 -8.7976e-01 +2.3555e+00 +3.2495e+00 +3.4675e+00 +7.5254e-02 +2.3103e-01
1619 0 +2.181213972e+01 +1.359021397e+02 +1.359021397e+02 +2.0913e+00 +4.2146e+00 +1.1393e+00 -2.1067e+00 +4.8709e+00 -1.0808e+00 +5.0726e+00 +1.8256e+00 +2.3389e+00 -5.3133e+00 -5.8219e-01 +4.1692e+00 -4.2275e+00 +6.7437e-01 -4.4457e+00 -1.1916e+00 -9.8807e-02 +1.7062e+00 +2.6984e+00 +4.0128e+00
14774 0 +2.123613207e+01 +1.353261321e+02 +1.353261321e+02 +4.5071e+00 +2.3023e+00 +2.9711e+00 +2.4929e+00 +1.9961e+00 -4.8007e+00 -3.5290e-01 +1.5462e+00 +3.3103e+00 -9.7670e-01 +4.5929e+00 -3.2071e-01 -6.7164e-02 +4.6365e+00 +1.2679e+00 -9.9853e-01 -1.6605e+00 +8.9146e-01 +4.4424e+00 -4.3960e+00
15888 0 +1.750035285e+01 +1.315903528e+02 +1.315903528e+02 -5.1739e-01 -4.9941e+00 -2.9409e+00 -2.2174e+00 -2.5597e+00 -4.5737e+00 +9.4622e-02 +1.2262e+00 +3.6680e+00 -3.7916e+00 +1.6128e+00 +4.3011e+00 +1.9786e-01 +3.9547e+00 -2.2403e+00 -2.6711e+00 +7.5388e-01 +3.9249e+00 -1.0946e+00 -2.1421e+00
200005 0 +1.750035285e+01 +1.315903528e+02 +1.315903528e+02 -5.1739e-01 -4.9941e+00 -2.9409e+00 -2.2174e+00 -2.5597e+00 -4.5737e+00 +9.4622e-02 +1.2262e+00 +3.6680e+00 -3.7916e+00 +1.6128e+00 +4.3011e+00 +1.9786e-01 +3.9547e+00 -2.2403e+00 -2.6711e+00 +7.5388e-01 +3.9249e+00 -1.0946e+00 -2.1421e+00
% f evaluations | g evaluations | best noise-free fitness - Fopt (-5.445900000000e+02) + sum g_i+ | measured fitness | best measured fitness or single-digit g-values | x1 | x2...
1 0 +9.322658084e+01 -4.513634192e+02 -4.513634192e+02 +0.0000e+00 +0.0000e+00 +0.0000e+00 +0.0000e+00 +0.0000e+00 +0.0000e+00 +0.0000e+00 +0.0000e+00 +0.0000e+00 +0.0000e+00 +0.0000e+00 +0.0000e+00 +0.0000e+00 +0.0000e+00 +0.0000e+00 +0.0000e+00 +0.0000e+00 +0.0000e+00 +0.0000e+00 +0.0000e+00
3 0 +7.938212229e+01 -4.652078777e+02 -4.652078777e+02 +7.2599e-01 +3.8303e+00 +5.8278e-01 +1.2666e+00 +1.1295e+00 +4.3507e+00 -1.9785e-01 -5.7866e-01 +2.1732e+00 -3.2988e+00 +3.6265e+00 +4.2919e-01 +3.3512e+00 -4.1829e+00 +1.5890e+00 -3.8395e+00 +2.8229e+00 +2.1147e+00 +3.0262e+00 -3.7823e+00
6 0 +7.244492029e+01 -4.721450797e+02 -4.721450797e+02 +2.6625e+00 +1.1053e+00 +3.5052e+00 +5.9589e-01 +2.3865e+00 -2.6534e+00 +8.6628e-01 +4.2970e+00 -2.0609e+00 +4.0264e+00 +7.7428e-01 -2.8728e+00 +8.6695e-01 -2.9410e+00 -1.5163e+00 -4.2160e+00 +3.0092e-01 -3.5716e+00 -1.9295e+00 -9.5760e-01
7 0 +5.175175925e+01 -4.928382408e+02 -4.928382408e+02 +1.0324e+00 -4.0932e+00 +8.9104e-01 -4.1630e+00 +3.6963e+00 +4.2546e+00 +3.5671e+00 +2.1981e+00 -1.9977e+00 +8.5013e-01 -2.4903e+00 +1.2898e-01 +1.0363e+00 -5.5260e-01 +1.8791e+00 +5.0558e-01 -3.4466e+00 +1.9033e+00 +2.5507e+00 -1.9707e+00
21 0 +4.747967550e+01 -4.971103245e+02 -4.971103245e+02 +5.5312e-01 +1.1912e+00 -3.2204e+00 -3.2686e+00 -2.9694e+00 -2.3663e+00 -7.1092e-01 +2.3239e+00 -3.0472e+00 -3.7991e+00 +2.5594e+00 -2.7515e+00 -2.3258e+00 -1.5620e+00 +3.6652e-01 +2.0697e+00 -1.8635e+00 +4.3730e+00 -1.1868e+00 +3.0086e+00
83 0 +4.103619598e+01 -5.035538040e+02 -5.035538040e+02 -1.5163e+00 -1.2665e-01 -1.5079e+00 -2.4831e+00 -1.1776e+00 +1.9119e-02 +1.2480e+00 +6.5242e-01 -5.6389e-02 -3.7813e+00 -7.3451e-01 -3.9235e-01 +2.9872e+00 +1.8827e+00 +5.5754e+00 +2.6419e+00 -1.5475e+00 +4.7248e+00 -4.7120e-01 -1.6769e+00
196 0 +4.056443947e+01 -5.040255605e+02 -5.040255605e+02 +9.6950e-01 +5.0406e-02 +2.3736e+00 +6.6940e-02 -1.8820e-01 -2.3082e+00 +5.4713e+00 +1.7750e+00 +2.5072e+00 +8.6116e-01 +1.3100e+00 +1.8315e+00 -6.3446e-02 +3.0192e+00 -2.3863e-01 +1.5437e+00 -9.6140e-01 -1.7118e+00 -3.9425e+00 -2.8988e-01
329 0 +3.493997944e+01 -5.096500206e+02 -5.096500206e+02 +1.5589e+00 +1.4747e+00 -4.3017e+00 -3.8293e+00 -2.2887e+00 -7.0640e-01 +3.2613e+00 +3.0978e+00 +1.5955e+00 +6.9730e-01 +3.1398e+00 +3.7864e+00 +2.5115e+00 -5.8068e-01 +2.9047e+00 -1.7421e+00 -6.5627e+00 +2.9172e+00 +4.7342e-01 -1.5587e+00
1782 0 +3.073121897e+01 -5.138587810e+02 -5.138587810e+02 -2.8113e+00 -1.1662e+00 +1.2975e+00 +5.0439e-01 +1.8727e+00 -1.0126e+00 -4.1618e+00 +3.3897e+00 +1.2355e+00 -2.2788e-01 +5.7358e+00 -2.9854e+00 -1.7183e+00 -2.4497e+00 -2.2776e+00 -3.0270e+00 -8.1885e-01 +3.1754e+00 -2.5164e+00 -2.2958e+00
2506 0 +2.851802221e+01 -5.160719778e+02 -5.160719778e+02 -6.9892e-03 -1.0087e-01 +1.1425e+00 -8.6380e-01 +1.4434e+00 +6.8392e-01 +2.4372e+00 +6.4101e-01 -2.7737e+00 -3.9296e-01 +1.7848e+00 -6.3421e-01 -1.7410e+00 -1.8854e+00 -3.2466e+00 +1.9968e+00 +2.1578e-01 +2.0519e-01 -4.7198e+00 -1.3780e+00
2686 0 +2.635833081e+01 -5.182316692e+02 -5.182316692e+02 +3.1222e+00 +8.1908e-02 -1.7674e+00 -2.4670e+00 +2.2199e+00 -1.1483e+00 -1.5115e+00 -1.3577e+00 -2.9101e+00 +1.9353e+00 +2.6578e+00 -3.2486e+00 -4.4407e+00 -6.7973e-01 -2.7203e+00 +8.2850e-01 +1.1095e+00 +3.2944e+00 -2.8368e+00 +5.8661e-01
7488 0 +2.295427162e+01 -5.216357284e+02 -5.216357284e+02 -3.0206e+00 -2.3975e+00 +1.8660e+00 -1.1143e+00 +5.0150e+00 +3.7246e+00 +1.7162e+00 -1.4403e+00 +2.1246e-01 +2.7740e-01 -5.4657e-01 -7.5632e-01 -3.1695e+00 -4.5191e-02 -8.7942e-01 +2.5530e+00 -2.1178e+00 +2.1119e+00 -6.5933e-01 +4.3481e-01
20541 0 +1.928438630e+01 -5.253056137e+02 -5.253056137e+02 +2.0919e+00 +1.4077e+00 +2.7109e+00 +5.4442e+00 -8.7847e-01 -4.7718e+00 +5.6116e-01 +1.9482e-01 -1.0253e+00 -2.0260e+00 -9.6007e-01 +1.9736e+00 +3.2284e+00 +6.7024e-01 -1.3858e+00 -2.0772e+00 -1.6841e+00 +3.8250e+00 +7.1964e-01 +1.7351e+00
39476 0 +1.511648016e+01 -5.294735198e+02 -5.294735198e+02 +2.9734e+00 -2.9430e-01 +3.6501e+00 +3.2289e+00 +2.9648e+00 +3.4411e+00 +2.8250e+00 -2.0264e+00 -1.9068e-01 -1.8216e+00 +1.6439e+00 -3.3930e+00 -7.1760e-01 +1.0965e+00 -2.2493e+00 -1.4054e+00 -2.2375e+00 +1.1591e+00 +4.1084e+00 -3.1345e-01
58447 0 +1.305144470e+01 -5.315385553e+02 -5.315385553e+02 -1.2205e+00 +1.3610e-01 -1.7473e-01 -1.2267e+00 -1.6310e+00 +4.5428e-01 -1.2652e+00 +1.6271e+00 +1.9068e+00 -3.9556e+00 +3.2939e+00 +1.1031e+00 +3.5474e+00 +8.3584e-03 -1.7801e-02 -1.3733e+00 +3.3135e+00 +6.1525e-01 -8.1395e-01 -3.0393e+00
200005 0 +1.305144470e+01 -5.315385553e+02 -5.315385553e+02 -1.2205e+00 +1.3610e-01 -1.7473e-01 -1.2267e+00 -1.6310e+00 +4.5428e-01 -1.2652e+00 +1.6271e+00 +1.9068e+00 -3.9556e+00 +3.2939e+00 +1.1031e+00 +3.5474e+00 +8.3584e-03 -1.7801e-02 -1.3733e+00 +3.3135e+00 +6.1525e-01 -8.1395e-01 -3.0393e+00
