% f evaluations | g evaluations | best noise-free fitness - Fopt (-5.465000000000e+02) + sum g_i+ | measured fitness | best measured fitness or single-digit g-values | x1 | x2...
1 0 +1.856423193e+04 +1.801773193e+04 +1.801773193e+04 +4.8814e-01 +2.1519e+00 +1.0276e+00 +4.4883e-01 -7.6345e-01
17 0 +7.876363914e+03 +7.329863914e+03 +7.329863914e+03 +1.0837e-01 -3.0288e+00 +1.2114e+00 +9.9929e-01 +1.4070e+00
29 0 +5.198576827e+02 -2.664231729e+01 -2.664231729e+01 -1.9855e-02 +1.7026e+00 +1.3012e+00 -1.9860e+00 +3.1989e-01
43 0 +2.821669784e+02 -2.643330216e+02 -2.643330216e+02 -1.8462e+00 +3.0915e+00 +1.0265e+00 -5.8774e-01 +1.3028e+00
63 0 +5.475512492e+00 -5.410244875e+02 -5.410244875e+02 -1.6134e+00 +1.1312e+00 +2.5350e+00 -2.1762e+00 +2.1583e+00
78 0 +4.656035611e+00 -5.418439644e+02 -5.418439644e+02 -7.8746e-01 -2.8120e-01 +2.5759e+00 -1.3535e+00 +2.4307e+00
110 0 +4.088751310e+00 -5.424112487e+02 -5.424112487e+02 -1.2274e+00 -4.3637e-01 +2.0450e+00 -1.4434e+00 +2.4009e+00
134 0 +2.898511652e+00 -5.436014883e+02 -5.436014883e+02 -2.1822e+00 -7.0351e-01 +2.9648e+00 -1.1269e+00 +1.8873e+00
201 0 +2.456086200e+00 -5.440439138e+02 -5.440439138e+02 -2.0630e+00 -6.3073e-02 +1.6027e+00 -1.0296e+00 +2.4013e+00
639 0 +2.154622042e+00 -5.443453780e+02 -5.443453780e+02 -2.0786e+00 +2.2136e+00 +9.4088e-01 -1.2181e+00 +2.0010e+00
1056 0 +2.085561632e+00 -5.444144384e+02 -5.444144384e+02 -1.0511e+00 +9.4809e-01 +2.3577e+00 -1.5462e+00 +1.0830e+00
1163 0 +1.922435492e+00 -5.445775645e+02 -5.445775645e+02 -2.1806e+00 +4.3572e-01 +2.5050e+00 -1.9245e+00 +1.7486e+00
1251 0 +1.620434472e+00 -5.448795655e+02 -5.448795655e+02 -2.0718e+00 +2.2721e+00 +2.0310e+00 -1.6182e+00 +1.3730e+00
3221 0 +1.349865404e+00 -5.451501346e+02 -5.451501346e+02 -2.0364e+00 +9.1719e-02 +2.5538e+00 -2.0717e+00 +9.4887e-01
3361 0 +1.113411947e+00 -5.453865881e+02 -5.453865881e+02 -2.1156e+00 -6.1830e-01 +2.7187e+00 -1.9437e+00 +1.2439e+00
3541 0 +1.053907268e+00 -5.454460927e+02 -5.454460927e+02 -2.0960e+00 +1.3169e-01 +2.6115e+00 -1.9799e+00 +1.0294e+00
10225 0 +9.296798319e-01 -5.455703202e+02 -5.455703202e+02 -2.1795e+00 +2.0637e+00 +4.0525e-02 -1.0676e+00 +1.2445e+00
10497 0 +5.932327256e-01 -5.459067673e+02 -5.459067673e+02 -2.0580e+00 +2.0872e+00 +1.0383e-01 -1.0729e+00 +2.3859e+00
10568 0 +4.671409809e-01 -5.460328590e+02 -5.460328590e+02 -2.0517e+00 +2.1290e+00 -2.9887e-03 -2.6094e+00 +1.9616e+00
27379 0 +3.459193707e-01 -5.461540806e+02 -5.461540806e+02 -2.1242e+00 -6.1076e-01 +2.7910e+00 -1.9611e+00 +2.1652e+00
31706 0 +3.282422126e-01 -5.461717578e+02 -5.461717578e+02 -2.1294e+00 -5.7398e-01 +2.7980e+00 -1.9501e+00 +2.1295e+00
31726 0 +3.217777226e-01 -5.461782223e+02 -5.461782223e+02 -2.1239e+00 -5.8091e-01 +2.8134e+00 -1.9287e+00 +2.1627e+00
31731 0 +2.824483180e-01 -5.462175517e+02 -5.462175517e+02 -2.1421e+00 -6.1091e-01 +2.7669e+00 -1.9461e+00 +2.1307e+00
31778 0 +2.564060244e-01 -5.462435940e+02 -5.462435940e+02 -2.1125e+00 -6.0539e-01 +2.8032e+00 -1.9220e+00 +2.1474e+00
31875 0 +2.486621546e-01 -5.462513378e+02 -5.462513378e+02 -2.1122e+00 -5.8638e-01 +2.7817e+00 -1.9327e+00 +2.1457e+00
32104 0 +2.433010269e-01 -5.462566990e+02 -5.462566990e+02 -2.1167e+00 -6.1648e-01 +2.7765e+00 -1.9429e+00 +2.1449e+00
32190 0 +2.373947387e-01 -5.462626053e+02 -5.462626053e+02 -2.1008e+00 -6.0864e-01 +2.7809e+00 -1.9353e+00 +2.1483e+00
96615 0 +2.368766692e-01 -5.462631233e+02 -5.462631233e+02 -2.1048e+00 -6.0787e-01 +2.7830e+00 -1.9353e+00 +2.1472e+00
% f evaluations | g evaluations | best noise-free fitness - Fopt (1.000000000000e+03) + sum g_i+ | measured fitness | best measured fitness or single-digit g-values | x1 | x2...
1 0 +5.836455968e+03 +6.836455968e+03 +6.836455968e+03 +4.8814e-01 +2.1519e+00 +1.0276e+00 +4.4883e-01 -7.6345e-01
21 0 +7.648287620e+02 +1.764828762e+03 +1.764828762e+03 +2.2647e-01 +1.7179e+00 -5.2338e-01 +2.2803e-02 -1.7137e+00
39 0 +3.234640997e+02 +1.323464100e+03 +1.323464100e+03 -5.8547e-01 +1.3488e+00 +7.3456e-01 -6.9020e-01 -1.4586e+00
42 0 +4.070084243e+00 +1.004070084e+03 +1.004070084e+03 +5.2299e-01 +2.5396e+00 -5.9944e-01 -8.6087e-01 -2.1599e+00
64 0 +3.956845891e+00 +1.003956846e+03 +1.003956846e+03 -8.4766e-01 +2.1240e+00 -7.6528e-02 -1.2833e+00 -1.7578e+00
178 0 +3.529366663e+00 +1.003529367e+03 +1.003529367e+03 +1.6289e+00 +3.2027e+00 -3.0659e-01 -8.6636e-01 -1.1881e+00
196 0 +3.018460067e+00 +1.003018460e+03 +1.003018460e+03 -1.6499e-01 +1.1947e+00 -2.1921e+00 -2.1470e+00 -1.2438e+00
286 0 +2.588558108e+00 +1.002588558e+03 +1.002588558e+03 -1.2118e+00 -4.4973e-01 -5.7295e-01 -2.4349e+00 -5.7477e-01
330 0 +2.375357651e+00 +1.002375358e+03 +1.002375358e+03 +6.5449e-01 +8.3222e-01 -8.6188e-01 -8.9048e-01 -2.3609e+00
481 0 +2.151683053e+00 +1.002151683e+03 +1.002151683e+03 +6.3649e-01 +2.7929e+00 -2.0358e+00 -1.0617e+00 -1.2541e+00
521 0 +1.841255920e+00 +1.001841256e+03 +1.001841256e+03 -1.2691e+00 +2.3711e+00 -1.9831e+00 -5.5746e-01 -1.3142e+00
2124 0 +1.747795906e+00 +1.001747796e+03 +1.001747796e+03 -2.1330e+00 +1.2124e+00 -2.3519e+00 -5.5062e-01 -1.9787e+00
2853 0 +1.705670435e+00 +1.001705670e+03 +1.001705670e+03 -1.6907e-01 -2.9080e-02 -2.5641e+00 -4.9101e-01 -2.5023e+00
3050 0 +1.302887834e+00 +1.001302888e+03 +1.001302888e+03 +1.4876e+00 +3.9396e-01 -2.5558e+00 -5.3342e-01 -2.5375e+00
3740 0 +1.233377264e+00 +1.001233377e+03 +1.001233377e+03 -2.1980e+00 -4.6717e-01 -2.7225e+00 -4.3393e-01 -1.3825e+00
3984 0 +1.070076243e+00 +1.001070076e+03 +1.001070076e+03 -2.1075e+00 -6.0769e-01 -2.7585e+00 -3.8999e-01 -2.1571e+00
4092 0 +8.579378180e-01 +1.000857938e+03 +1.000857938e+03 -2.1025e+00 -6.6559e-01 -2.7904e+00 -4.1584e-01 -1.3546e+00
4136 0 +8.119718677e-01 +1.000811972e+03 +1.000811972e+03 -2.1141e+00 -5.7822e-01 -2.7317e+00 -4.3454e-01 -1.3668e+00
4354 0 +5.723608628e-01 +1.000572361e+03 +1.000572361e+03 -2.1584e+00 -6.2069e-01 -2.8037e+00 -3.7241e-01 -2.5346e+00
28688 0 +5.598147697e-01 +1.000559815e+03 +1.000559815e+03 +1.5633e+00 +2.9876e+00 +1.4206e-01 -2.6573e+00 -1.9488e+00
28690 0 +4.823731627e-01 +1.000482373e+03 +1.000482373e+03 +1.4984e+00 +2.9936e+00 +1.5206e-01 -2.6716e+00 -1.9572e+00
29395 0 +4.775054558e-01 +1.000477505e+03 +1.000477505e+03 +1.5061e+00 +3.0036e+00 +1.5863e-01 -2.6643e+00 -1.9644e+00
92720 0 +4.624656075e-01 +1.000462466e+03 +1.000462466e+03 -2.1188e+00 +1.2591e+00 -2.3237e+00 -2.0530e+00 -2.1078e+00
92748 0 +4.535575245e-01 +1.000453558e+03 +1.000453558e+03 -2.1216e+00 +1.2850e+00 -2.3046e+00 -2.0387e+00 -2.1188e+00
92991 0 +4.423338603e-01 +1.000442334e+03 +1.000442334e+03 -2.1312e+00 +1.2803e+00 -2.3117e+00 -2.0556e+00 -2.1192e+00
93352 0 +4.361444666e-01 +1.000436144e+03 +1.000436144e+03 -2.1028e+00 +1.2862e+00 -2.3151e+00 -2.0537e+00 -2.1193e+00
95909 0 +4.342793388e-01 +1.000434279e+03 +1.000434279e+03 -2.1048e+00 +1.2906e+00 -2.3084e+00 -2.0540e+00 -2.1176e+00
% f evaluations | g evaluations | best noise-free fitness - Fopt (2.083800000000e+02) + sum g_i+ | measured fitness | best measured fitness or single-digit g-values | x1 | x2...
1 0 +1.334349084e+04 +1.355187084e+04 +1.355187084e+04 +4.8814e-01 +2.1519e+00 +1.0276e+00 +4.4883e-01 -7.6345e-01
8 0 +8.520059217e+03 +8.728439217e+03 +8.728439217e+03 +1.1764e+00 +1.1210e+00 +1.1693e+00 +4.4375e+00 +1.8182e+00
10 0 +8.180164570e+03 +8.388544570e+03 +8.388544570e+03 +2.8126e+00 +1.8201e+00 +1.2769e+00 +2.8295e+00 -9.3453e-01
13 0 +3.586761792e+03 +3.795141792e+03 +3.795141792e+03 -2.2894e+00 -1.2326e+00 +2.2977e+00 +2.9970e+00 +2.7541e+00
17 0 +3.054607763e+03 +3.262987763e+03 +3.262987763e+03 +1.2798e+00 -6.0153e-01 +8.1192e-01 +3.7487e+00 +1.9307e+00
18 0 +9.014613793e+01 +2.985261379e+02 +2.985261379e+02 +3.3119e-01 +2.3375e-01 +2.4223e+00 +2.3660e+00 +5.1623e-01
44 0 +9.444025852e+00 +2.178240259e+02 +2.178240259e+02 -1.1680e+00 +1.4641e+00 +2.2639e+00 +2.2250e+00 +2.2369e+00
48 0 +3.179685444e+00 +2.115596854e+02 +2.115596854e+02 -1.5374e+00 +2.3380e+00 -3.8097e-02 +2.0897e+00 +1.0146e+00
162 0 +3.119135214e+00 +2.114991352e+02 +2.114991352e+02 -3.5513e-02 +1.0832e+00 +7.6228e-01 +2.4909e+00 +1.6239e+00
173 0 +3.044883934e+00 +2.114248839e+02 +2.114248839e+02 -2.1117e+00 +3.3794e-01 +1.1539e+00 +1.2421e+00 +2.3918e+00
187 0 +2.768787771e+00 +2.111487878e+02 +2.111487878e+02 -1.9321e+00 +2.1266e+00 +1.7050e+00 +1.3214e+00 +1.1865e+00
193 0 +2.639472500e+00 +2.110194725e+02 +2.110194725e+02 -9.4836e-01 -6.8788e-02 +2.5642e+00 +1.5458e+00 +1.0484e+00
208 0 +2.243414375e+00 +2.106234144e+02 +2.106234144e+02 +4.3745e-01 +6.9142e-01 +1.8655e+00 +2.1622e+00 +2.0282e+00
991 0 +2.155806807e+00 +2.105358068e+02 +2.105358068e+02 +8.2489e-01 +1.9739e+00 +5.7258e-01 +2.4443e+00 +2.0046e+00
3109 0 +1.665264910e+00 +2.100452649e+02 +2.100452649e+02 +2.8939e-01 +2.7581e+00 +1.9025e+00 +2.0964e+00 +1.0078e+00
4645 0 +1.483334941e+00 +2.098633349e+02 +2.098633349e+02 -3.2285e-01 +2.5744e+00 +1.9406e+00 +2.0579e+00 +9.4777e-01
6366 0 +1.351871080e+00 +2.097318711e+02 +2.097318711e+02 -1.9763e+00 -4.9913e-01 +2.7172e+00 +1.4472e+00 +1.1392e+00
8130 0 +1.154168097e+00 +2.095341681e+02 +2.095341681e+02 -2.1390e+00 -6.6988e-01 +2.7672e+00 +1.5270e+00 +1.1245e+00
8340 0 +1.132627002e+00 +2.095126270e+02 +2.095126270e+02 -2.1311e+00 -5.4901e-01 +2.7962e+00 +1.4893e+00 +1.0823e+00
8468 0 +1.101358667e+00 +2.094813587e+02 +2.094813587e+02 -2.1550e+00 -6.8147e-01 +2.6717e+00 +1.9945e+00 +9.9798e-01
8470 0 +7.858053530e-01 +2.091658054e+02 +2.091658054e+02 -2.1111e+00 -5.3499e-01 +2.7499e+00 +1.8819e+00 +1.0102e+00
8496 0 +7.423388600e-01 +2.091223389e+02 +2.091223389e+02 -2.1831e+00 -5.4009e-01 +2.7439e+00 +1.9364e+00 +9.7929e-01
8533 0 +6.022688519e-01 +2.089822689e+02 +2.089822689e+02 -2.1827e+00 -6.1379e-01 +2.7724e+00 +1.9059e+00 +1.0055e+00
8699 0 +5.703543528e-01 +2.089503544e+02 +2.089503544e+02 -2.0779e+00 -6.1731e-01 +2.8052e+00 +1.9027e+00 +9.9395e-01
8833 0 +5.545092382e-01 +2.089345092e+02 +2.089345092e+02 -2.0274e+00 -5.9804e-01 +2.7811e+00 +1.9524e+00 +9.9277e-01
8851 0 +5.020012821e-01 +2.088820013e+02 +2.088820013e+02 -2.0837e+00 -6.0954e-01 +2.8057e+00 +1.9197e+00 +1.0111e+00
8875 0 +4.959308323e-01 +2.088759308e+02 +2.088759308e+02 -2.0926e+00 -6.0979e-01 +2.7913e+00 +1.9175e+00 +1.0012e+00
8953 0 +4.852046825e-01 +2.088652047e+02 +2.088652047e+02 -2.1006e+00 -5.9707e-01 +2.7755e+00 +1.9297e+00 +9.9724e-01
9052 0 +4.757613975e-01 +2.088557614e+02 +2.088557614e+02 -2.0966e+00 -6.0190e-01 +2.7841e+00 +1.9316e+00 +1.0055e+00
30557 0 +4.025696917e-01 +2.087825697e+02 +2.087825697e+02 -2.1671e+00 +2.0074e+00 +2.1924e+00 +2.1019e+00 +2.1374e+00
30657 0 +9.109211834e-02 +2.084710921e+02 +2.084710921e+02 -2.0905e+00 +2.1115e+00 +2.0849e+00 +2.0725e+00 +2.1162e+00
30778 0 +5.625461060e-02 +2.084362546e+02 +2.084362546e+02 -2.0968e+00 +2.0833e+00 +2.1170e+00 +2.1074e+00 +2.0836e+00
30798 0 +4.710518934e-02 +2.084271052e+02 +2.084271052e+02 -2.0793e+00 +2.1358e+00 +2.0931e+00 +2.1283e+00 +2.0917e+00
30845 0 +2.426564905e-02 +2.084042656e+02 +2.084042656e+02 -2.1383e+00 +2.0973e+00 +2.1177e+00 +2.1074e+00 +2.0957e+00
30984 0 +2.212691876e-02 +2.084021269e+02 +2.084021269e+02 -2.1237e+00 +2.0744e+00 +2.1257e+00 +2.1029e+00 +2.1075e+00
30994 0 +1.814661905e-02 +2.083981466e+02 +2.083981466e+02 -2.1157e+00 +2.1008e+00 +2.0898e+00 +2.1131e+00 +2.1114e+00
31034 0 +1.434814922e-02 +2.083943481e+02 +2.083943481e+02 -2.1063e+00 +2.1127e+00 +2.1055e+00 +2.1184e+00 +2.0968e+00
31157 0 +1.110647513e-02 +2.083911065e+02 +2.083911065e+02 -2.1282e+00 +2.0930e+00 +2.0981e+00 +2.1115e+00 +2.1054e+00
31158 0 +1.029766859e-02 +2.083902977e+02 +2.083902977e+02 -2.1035e+00 +2.0930e+00 +2.0975e+00 +2.1126e+00 +2.1077e+00
31175 0 +5.696344258e-03 +2.083856963e+02 +2.083856963e+02 -2.1075e+00 +2.1007e+00 +2.0954e+00 +2.1120e+00 +2.1055e+00
31236 0 +2.693972413e-03 +2.083826940e+02 +2.083826940e+02 -2.1058e+00 +2.1005e+00 +2.0979e+00 +2.1086e+00 +2.1049e+00
31253 0 +1.531162766e-03 +2.083815312e+02 +2.083815312e+02 -2.1073e+00 +2.1089e+00 +2.1044e+00 +2.1065e+00 +2.1014e+00
31331 0 +9.589070055e-04 +2.083809589e+02 +2.083809589e+02 -2.1088e+00 +2.1051e+00 +2.1091e+00 +2.1035e+00 +2.1038e+00
31449 0 +5.762845386e-04 +2.083805763e+02 +2.083805763e+02 -2.1032e+00 +2.1058e+00 +2.1025e+00 +2.1042e+00 +2.1068e+00
31484 0 +4.829295064e-04 +2.083804829e+02 +2.083804829e+02 -2.1073e+00 +2.0997e+00 +2.1062e+00 +2.1037e+00 +2.1047e+00
31496 0 +1.559248947e-04 +2.083801559e+02 +2.083801559e+02 -2.1030e+00 +2.1053e+00 +2.1051e+00 +2.1060e+00 +2.1040e+00
31657 0 +1.404839595e-04 +2.083801405e+02 +2.083801405e+02 -2.1045e+00 +2.1044e+00 +2.1035e+00 +2.1046e+00 +2.1056e+00
31664 0 +1.171738627e-04 +2.083801172e+02 +2.083801172e+02 -2.1038e+00 +2.1061e+00 +2.1030e+00 +2.1048e+00 +2.1048e+00
31670 0 +9.484042499e-05 +2.083800948e+02 +2.083800948e+02 -2.1040e+00 +2.1045e+00 +2.1034e+00 +2.1049e+00 +2.1048e+00
31690 0 +6.312348813e-05 +2.083800631e+02 +2.083800631e+02 -2.1037e+00 +2.1057e+00 +2.1046e+00 +2.1058e+00 +2.1047e+00
31701 0 +6.125766180e-05 +2.083800613e+02 +2.083800613e+02 -2.1029e+00 +2.1052e+00 +2.1048e+00 +2.1054e+00 +2.1049e+00
31770 0 +7.571181072e-06 +2.083800076e+02 +2.083800076e+02 -2.1048e+00 +2.1043e+00 +2.1052e+00 +2.1047e+00 +2.1049e+00
32060 0 +6.731525218e-06 +2.083800067e+02 +2.083800067e+02 -2.1041e+00 +2.1050e+00 +2.1050e+00 +2.1048e+00 +2.1048e+00
32155 0 +2.486109906e-06 +2.083800025e+02 +2.083800025e+02 -2.1046e+00 +2.1050e+00 +2.1046e+00 +2.1050e+00 +2.1049e+00
32264 0 +1.331678760e-06 +2.083800013e+02 +2.083800013e+02 -2.1049e+00 +2.1048e+00 +2.1050e+00 +2.1047e+00 +2.1049e+00
32339 0 +1.269146935e-06 +2.083800013e+02 +2.083800013e+02 -2.1049e+00 +2.1047e+00 +2.1047e+00 +2.1049e+00 +2.1049e+00
32342 0 +1.092190104e-06 +2.083800011e+02 +2.083800011e+02 -2.1051e+00 +2.1047e+00 +2.1049e+00 +2.1048e+00 +2.1048e+00
32374 0 +7.975384904e-07 +2.083800008e+02 +2.083800008e+02 -2.1049e+00 +2.1047e+00 +2.1049e+00 +2.1049e+00 +2.1048e+00
32387 0 +6.762767839e-07 +2.083800007e+02 +2.083800007e+02 -2.1048e+00 +2.1047e+00 +2.1050e+00 +2.1048e+00 +2.1049e+00
32480 0 +2.274308315e-07 +2.083800002e+02 +2.083800002e+02 -2.1048e+00 +2.1048e+00 +2.1048e+00 +2.1049e+00 +2.1048e+00
32517 0 +2.227034486e-07 +2.083800002e+02 +2.083800002e+02 -2.1047e+00 +2.1049e+00 +2.1049e+00 +2.1048e+00 +2.1049e+00
32604 0 +2.099720007e-07 +2.083800002e+02 +2.083800002e+02 -2.1048e+00 +2.1049e+00 +2.1049e+00 +2.1048e+00 +2.1048e+00
32609 0 +1.972523478e-07 +2.083800002e+02 +2.083800002e+02 -2.1049e+00 +2.1049e+00 +2.1049e+00 +2.1048e+00 +2.1049e+00
32621 0 +9.814047530e-08 +2.083800001e+02 +2.083800001e+02 -2.1049e+00 +2.1049e+00 +2.1049e+00 +2.1048e+00 +2.1048e+00
32635 0 +8.654461681e-08 +2.083800001e+02 +2.083800001e+02 -2.1049e+00 +2.1048e+00 +2.1049e+00 +2.1048e+00 +2.1049e+00
32644 0 +8.365864801e-08 +2.083800001e+02 +2.083800001e+02 -2.1048e+00 +2.1048e+00 +2.1049e+00 +2.1048e+00 +2.1048e+00
32686 0 +3.828819217e-08 +2.083800000e+02 +2.083800000e+02 -2.1048e+00 +2.1049e+00 +2.1048e+00 +2.1049e+00 +2.1048e+00
32807 0 +3.482455213e-08 +2.083800000e+02 +2.083800000e+02 -2.1048e+00 +2.1048e+00 +2.1048e+00 +2.1048e+00 +2.1048e+00
32817 0 +3.280308647e-08 +2.083800000e+02 +2.083800000e+02 -2.1049e+00 +2.1049e+00 +2.1049e+00 +2.1048e+00 +2.1048e+00
32936 0 +3.231315304e-08 +2.083800000e+02 +2.083800000e+02 -2.1049e+00 +2.1049e+00 +2.1049e+00 +2.1048e+00 +2.1048e+00
32958 0 +2.320734893e-08 +2.083800000e+02 +2.083800000e+02 -2.1048e+00 +2.1048e+00 +2.1048e+00 +2.1048e+00 +2.1049e+00
32971 0 +1.720638920e-08 +2.083800000e+02 +2.083800000e+02 -2.1048e+00 +2.1048e+00 +2.1048e+00 +2.1048e+00 +2.1048e+00
32996 0 +1.168763220e-08 +2.083800000e+02 +2.083800000e+02 -2.1049e+00 +2.1048e+00 +2.1048e+00 +2.1049e+00 +2.1048e+00
33023 0 +8.340037994e-09 +2.083800000e+02 +2.083800000e+02 -2.1048e+00 +2.1048e+00 +2.1048e+00 +2.1048e+00 +2.1049e+00
98896 0 +4.735056791e-11 +2.083800000e+02 +2.083800000e+02 -2.1048e+00 +2.1048e+00 +2.1048e+00 +2.1048e+00 +2.1048e+00
% f evaluations | g evaluations | best noise-free fitness - Fopt (-1.449600000000e+02) + sum g_i+ | measured fitness | best measured fitness or single-digit g-values | x1 | x2...
1 0 +1.024492520e+04 +1.009996520e+04 +1.009996520e+04 +4.8814e-01 +2.1519e+00 +1.0276e+00 +4.4883e-01 -7.6345e-01
17 0 +8.693246738e+03 +8.548286738e+03 +8.548286738e+03 -1.9557e+00 -1.7724e+00 +2.8073e+00 -6.1026e-01 -1.2169e+00
21 0 +2.652140034e+03 +2.507180034e+03 +2.507180034e+03 -8.1171e-01 +1.0456e+00 +1.6029e-01 +1.4277e-01 -8.0251e-01
24 0 +2.523520764e+03 +2.378560764e+03 +2.378560764e+03 -7.7368e-01 -1.4530e+00 +1.1271e+00 -2.8762e-01 -3.0871e+00
29 0 +1.718904118e+03 +1.573944118e+03 +1.573944118e+03 -3.4138e+00 +1.8460e+00 +5.3564e-01 -8.2961e-01 -1.2658e+00
35 0 +1.287992750e+03 +1.143032750e+03 +1.143032750e+03 +3.0145e+00 -1.3099e+00 +1.2405e+00 -8.8747e-01 -1.1684e+00
52 0 +8.115265954e+02 +6.665665954e+02 +6.665665954e+02 -1.7789e+00 -3.2652e+00 +6.4635e-01 -4.4466e-01 -2.2741e+00
73 0 +1.725694217e+02 +2.760942171e+01 +2.760942171e+01 -6.1408e-01 -2.3940e+00 -2.3652e-01 -3.5661e-01 -1.1360e+00
196 0 +6.126032894e+01 -8.369967106e+01 -8.369967106e+01 +2.8810e+00 -1.6681e+00 -5.9805e-01 -1.2739e+00 -8.9898e-01
198 0 +2.336185631e+00 -1.426238144e+02 -1.426238144e+02 +5.3715e-01 -1.8451e+00 +4.1463e-01 -2.7537e+00 -7.4426e-01
1215 0 +1.958080599e+00 -1.430019194e+02 -1.430019194e+02 -2.0023e+00 +7.2475e-01 -2.8503e+00 -1.4732e+00 -1.5539e+00
1951 0 +1.617725071e+00 -1.433422749e+02 -1.433422749e+02 -2.0516e+00 +5.6689e-01 -2.2214e+00 -2.1689e+00 -9.1295e-01
2162 0 +1.510318510e+00 -1.434496815e+02 -1.434496815e+02 -2.1179e+00 +6.2204e-01 -2.7212e+00 -2.0210e+00 -1.8535e+00
2173 0 +1.458230484e+00 -1.435017695e+02 -1.435017695e+02 -1.7211e+00 +5.9841e-01 -2.7498e+00 -1.9572e+00 -2.1518e+00
2197 0 +1.294305152e+00 -1.436656948e+02 -1.436656948e+02 -1.9841e+00 +4.8977e-01 -2.7812e+00 -1.9421e+00 -2.0484e+00
2227 0 +1.067752605e+00 -1.438922474e+02 -1.438922474e+02 -2.2361e+00 -5.5199e-03 -2.5347e+00 -1.9785e+00 -2.1465e+00
2251 0 +9.219250672e-01 -1.440380749e+02 -1.440380749e+02 -2.1447e+00 +3.9981e-02 -2.6740e+00 -1.9563e+00 -2.1799e+00
2255 0 +7.475163066e-01 -1.442124837e+02 -1.442124837e+02 -2.1303e+00 -3.4929e-02 -2.6116e+00 -1.9421e+00 -2.1194e+00
2547 0 +5.915450478e-01 -1.443684550e+02 -1.443684550e+02 -2.0897e+00 +5.0915e-01 -2.7901e+00 -1.8894e+00 -2.1341e+00
2610 0 +5.871681230e-01 -1.443728319e+02 -1.443728319e+02 -2.0559e+00 +5.2630e-01 -2.7998e+00 -1.8755e+00 -2.1444e+00
2616 0 +5.109956184e-01 -1.444490044e+02 -1.444490044e+02 -2.0283e+00 +6.3816e-01 -2.7667e+00 -1.9093e+00 -2.1212e+00
2725 0 +3.583874277e-01 -1.446016126e+02 -1.446016126e+02 -2.0850e+00 +5.2923e-01 -2.7615e+00 -1.9481e+00 -2.1298e+00
3169 0 +3.283611194e-01 -1.446316389e+02 -1.446316389e+02 -2.1558e+00 +6.6689e-01 -2.7971e+00 -1.9500e+00 -2.1346e+00
23741 0 +3.093307921e-01 -1.446506692e+02 -1.446506692e+02 -2.0881e+00 -2.1539e+00 -6.8764e-02 -2.5917e+00 -1.9881e+00
23924 0 +3.036252087e-01 -1.446563748e+02 -1.446563748e+02 -2.0696e+00 -2.1028e+00 -5.4019e-02 -2.6361e+00 -1.9568e+00
23954 0 +2.557965199e-01 -1.447042035e+02 -1.447042035e+02 -2.1090e+00 -2.0823e+00 -7.7618e-02 -2.6252e+00 -1.9750e+00
24245 0 +2.495661003e-01 -1.447104339e+02 -1.447104339e+02 -2.0854e+00 -2.1203e+00 -6.1515e-02 -2.6119e+00 -1.9852e+00
24264 0 +2.429424973e-01 -1.447170575e+02 -1.447170575e+02 -2.0967e+00 -2.1016e+00 -6.7237e-02 -2.6210e+00 -1.9799e+00
24383 0 +2.388956217e-01 -1.447211044e+02 -1.447211044e+02 -2.1035e+00 -2.1047e+00 -6.9551e-02 -2.6179e+00 -1.9797e+00
92253 0 +2.368766693e-01 -1.447231233e+02 -1.447231233e+02 -2.1048e+00 -2.1048e+00 -2.1048e+00 -2.1048e+00 -9.6090e-01
% f evaluations | g evaluations | best noise-free fitness - Fopt (-6.300000000000e+00) + sum g_i+ | measured fitness | best measured fitness or single-digit g-values | x1 | x2...
1 0 +5.227512095e+03 +5.221212095e+03 +5.221212095e+03 +4.8814e-01 +2.1519e+00 +1.0276e+00 +4.4883e-01 -7.6345e-01
10 0 +3.962890232e+03 +3.956590232e+03 +3.956590232e+03 +1.3964e+00 +3.3520e+00 -2.4719e-01 +7.6002e-01 -8.5637e-01
15 0 +2.590284150e+02 +2.527284150e+02 +2.527284150e+02 +2.2997e+00 +1.3319e+00 -2.1350e-01 +5.3208e-01 -8.1812e-01
73 0 +5.789673994e+01 +5.159673994e+01 +5.159673994e+01 +2.8600e+00 +9.2385e-01 -2.6215e+00 +8.7903e-03 -1.9376e+00
115 0 +4.544923197e+00 -1.755076803e+00 -1.755076803e+00 +1.2511e+00 -6.7017e-02 -1.7842e+00 +1.7842e+00 -1.4530e+00
161 0 +3.561384456e+00 -2.738615544e+00 -2.738615544e+00 +1.0172e+00 -2.1710e+00 -8.3975e-01 +5.2622e-01 -1.0620e+00
185 0 +3.181287323e+00 -3.118712677e+00 -3.118712677e+00 +2.1733e+00 -8.5267e-01 -9.0593e-01 +1.3558e+00 -1.7425e+00
247 0 +2.777408075e+00 -3.522591925e+00 -3.522591925e+00 +2.0455e+00 -7.6847e-02 -2.0316e+00 +1.7711e+00 -1.2871e+00
283 0 +2.748180849e+00 -3.551819151e+00 -3.551819151e+00 +1.7058e+00 +5.3661e-01 -2.7832e+00 +1.7833e+00 -1.8493e+00
333 0 +2.499129758e+00 -3.800870242e+00 -3.800870242e+00 +1.7927e+00 +4.3558e-01 -2.8093e+00 +5.2438e-01 -1.3852e+00
448 0 +2.083143810e+00 -4.216856190e+00 -4.216856190e+00 +2.2770e+00 -5.4033e-01 -2.5381e+00 +1.6013e+00 -1.0849e+00
458 0 +1.890314286e+00 -4.409685714e+00 -4.409685714e+00 +2.1441e+00 -7.2713e-01 -2.3801e+00 +6.1625e-01 -1.3431e+00
862 0 +1.765152225e+00 -4.534847775e+00 -4.534847775e+00 +2.0083e+00 -1.3759e+00 -1.2649e+00 +2.3386e+00 -2.1127e+00
1440 0 +1.693343845e+00 -4.606656155e+00 -4.606656155e+00 +2.1075e+00 +4.7041e-01 -7.8131e-01 +1.2438e+00 -2.2894e+00
1506 0 +1.530602520e+00 -4.769397480e+00 -4.769397480e+00 +2.2053e+00 +7.7791e-01 -2.7652e+00 +1.8653e+00 -1.8133e+00
2448 0 +1.455096576e+00 -4.844903424e+00 -4.844903424e+00 +2.0481e+00 -2.1336e+00 -2.2202e+00 +1.4010e+00 -2.2951e+00
2540 0 +1.393430430e+00 -4.906569570e+00 -4.906569570e+00 +2.1582e+00 -2.0918e+00 +2.4559e-02 +1.1188e+00 -1.1452e+00
2565 0 +1.100218176e+00 -5.199781824e+00 -5.199781824e+00 +2.0540e+00 -2.0460e+00 -1.3874e-01 +1.0661e+00 -1.2648e+00
2978 0 +1.065517857e+00 -5.234482143e+00 -5.234482143e+00 +2.0600e+00 -2.2225e+00 -7.8629e-02 +2.6106e+00 -8.9542e-01
2985 0 +1.039926078e+00 -5.260073922e+00 -5.260073922e+00 +2.0491e+00 -2.2793e+00 -5.1292e-02 +2.6496e+00 -8.0727e-01
2995 0 +9.744845836e-01 -5.325515416e+00 -5.325515416e+00 +2.0966e+00 -2.2194e+00 +2.3250e-02 +2.5881e+00 -8.5313e-01
3206 0 +6.224764431e-01 -5.677523557e+00 -5.677523557e+00 +2.0014e+00 -2.2208e+00 +1.4976e-02 +2.6316e+00 -1.9922e+00
3266 0 +5.327769481e-01 -5.767223052e+00 -5.767223052e+00 +2.0345e+00 -2.2340e+00 -3.3947e-02 +2.6403e+00 -1.9602e+00
3528 0 +4.811543726e-01 -5.818845627e+00 -5.818845627e+00 +2.0265e+00 -2.1913e+00 -5.3596e-03 +2.6239e+00 -1.9546e+00
3614 0 +4.358955664e-01 -5.864104434e+00 -5.864104434e+00 +2.1019e+00 -2.1448e+00 -5.8429e-02 +2.6704e+00 -1.9732e+00
3616 0 +3.621503586e-01 -5.937849641e+00 -5.937849641e+00 +2.1016e+00 -2.1235e+00 -1.2035e-02 +2.6287e+00 -1.9572e+00
3619 0 +3.451466675e-01 -5.954853332e+00 -5.954853332e+00 +2.0361e+00 -2.0991e+00 -3.9437e-02 +2.6061e+00 -1.9866e+00
4117 0 +2.998970594e-01 -6.000102941e+00 -6.000102941e+00 +2.1223e+00 -2.1164e+00 -5.8790e-02 +2.6099e+00 -2.0010e+00
5667 0 +2.705739902e-01 -6.029426010e+00 -6.029426010e+00 +2.1022e+00 -2.0757e+00 -9.7858e-02 +2.6131e+00 -1.9727e+00
6860 0 +2.675791785e-01 -6.032420822e+00 -6.032420822e+00 +2.0814e+00 -2.0996e+00 -7.8440e-02 +2.6309e+00 -1.9741e+00
96617 0 +2.483197491e-01 -6.051680251e+00 -6.051680251e+00 -1.4990e+00 -3.0245e+00 -1.8672e+00 +2.1673e+00 -2.0922e+00
103110 0 +2.445651930e-01 -6.055434807e+00 -6.055434807e+00 -1.5154e+00 -3.0085e+00 -1.8867e+00 +2.1693e+00 -2.0897e+00
103368 0 +2.387210133e-01 -6.061278987e+00 -6.061278987e+00 -1.5223e+00 -3.0108e+00 -1.8817e+00 +2.1632e+00 -2.0891e+00
106017 0 +2.368766693e-01 -6.063123331e+00 -6.063123331e+00 -1.5126e+00 -3.0092e+00 -1.8788e+00 +2.1614e+00 -2.0907e+00
% f evaluations | g evaluations | best noise-free fitness - Fopt (-1.367600000000e+02) + sum g_i+ | measured fitness | best measured fitness or single-digit g-values | x1 | x2...
1 0 +5.227512095e+03 +5.090752095e+03 +5.090752095e+03 +4.8814e-01 +2.1519e+00 +1.0276e+00 +4.4883e-01 -7.6345e-01
10 0 +3.962890232e+03 +3.826130232e+03 +3.826130232e+03 +1.3964e+00 +3.3520e+00 -2.4719e-01 +7.6002e-01 -8.5637e-01
15 0 +2.590284150e+02 +1.222684150e+02 +1.222684150e+02 +2.2997e+00 +1.3319e+00 -2.1350e-01 +5.3208e-01 -8.1812e-01
73 0 +5.789673994e+01 -7.886326006e+01 -7.886326006e+01 +2.8600e+00 +9.2385e-01 -2.6215e+00 +8.7903e-03 -1.9376e+00
115 0 +4.544923197e+00 -1.322150768e+02 -1.322150768e+02 +1.2511e+00 -6.7017e-02 -1.7842e+00 +1.7842e+00 -1.4530e+00
161 0 +3.561384456e+00 -1.331986155e+02 -1.331986155e+02 +1.0172e+00 -2.1710e+00 -8.3975e-01 +5.2622e-01 -1.0620e+00
185 0 +3.181287323e+00 -1.335787127e+02 -1.335787127e+02 +2.1733e+00 -8.5267e-01 -9.0593e-01 +1.3558e+00 -1.7425e+00
247 0 +2.777408075e+00 -1.339825919e+02 -1.339825919e+02 +2.0455e+00 -7.6847e-02 -2.0316e+00 +1.7711e+00 -1.2871e+00
283 0 +2.748180849e+00 -1.340118192e+02 -1.340118192e+02 +1.7058e+00 +5.3661e-01 -2.7832e+00 +1.7833e+00 -1.8493e+00
333 0 +2.499129758e+00 -1.342608702e+02 -1.342608702e+02 +1.7927e+00 +4.3558e-01 -2.8093e+00 +5.2438e-01 -1.3852e+00
448 0 +2.083143810e+00 -1.346768562e+02 -1.346768562e+02 +2.2770e+00 -5.4033e-01 -2.5381e+00 +1.6013e+00 -1.0849e+00
458 0 +1.890314286e+00 -1.348696857e+02 -1.348696857e+02 +2.1441e+00 -7.2713e-01 -2.3801e+00 +6.1625e-01 -1.3431e+00
862 0 +1.765152225e+00 -1.349948478e+02 -1.349948478e+02 +2.0083e+00 -1.3759e+00 -1.2649e+00 +2.3386e+00 -2.1127e+00
1440 0 +1.693343845e+00 -1.350666562e+02 -1.350666562e+02 +2.1075e+00 +4.7041e-01 -7.8131e-01 +1.2438e+00 -2.2894e+00
1506 0 +1.530602520e+00 -1.352293975e+02 -1.352293975e+02 +2.2053e+00 +7.7791e-01 -2.7652e+00 +1.8653e+00 -1.8133e+00
2448 0 +1.455096576e+00 -1.353049034e+02 -1.353049034e+02 +2.0481e+00 -2.1336e+00 -2.2202e+00 +1.4010e+00 -2.2951e+00
2540 0 +1.393430430e+00 -1.353665696e+02 -1.353665696e+02 +2.1582e+00 -2.0918e+00 +2.4559e-02 +1.1188e+00 -1.1452e+00
2565 0 +1.100218176e+00 -1.356597818e+02 -1.356597818e+02 +2.0540e+00 -2.0460e+00 -1.3874e-01 +1.0661e+00 -1.2648e+00
2978 0 +1.065517857e+00 -1.356944821e+02 -1.356944821e+02 +2.0600e+00 -2.2225e+00 -7.8629e-02 +2.6106e+00 -8.9542e-01
2985 0 +1.039926078e+00 -1.357200739e+02 -1.357200739e+02 +2.0491e+00 -2.2793e+00 -5.1292e-02 +2.6496e+00 -8.0727e-01
2995 0 +9.744845836e-01 -1.357855154e+02 -1.357855154e+02 +2.0966e+00 -2.2194e+00 +2.3250e-02 +2.5881e+00 -8.5313e-01
3206 0 +6.224764431e-01 -1.361375236e+02 -1.361375236e+02 +2.0014e+00 -2.2208e+00 +1.4976e-02 +2.6316e+00 -1.9922e+00
3266 0 +5.327769481e-01 -1.362272231e+02 -1.362272231e+02 +2.0345e+00 -2.2340e+00 -3.3947e-02 +2.6403e+00 -1.9602e+00
3528 0 +4.811543726e-01 -1.362788456e+02 -1.362788456e+02 +2.0265e+00 -2.1913e+00 -5.3596e-03 +2.6239e+00 -1.9546e+00
3614 0 +4.358955664e-01 -1.363241044e+02 -1.363241044e+02 +2.1019e+00 -2.1448e+00 -5.8429e-02 +2.6704e+00 -1.9732e+00
3616 0 +3.621503586e-01 -1.363978496e+02 -1.363978496e+02 +2.1016e+00 -2.1235e+00 -1.2035e-02 +2.6287e+00 -1.9572e+00
3619 0 +3.451466675e-01 -1.364148533e+02 -1.364148533e+02 +2.0361e+00 -2.0991e+00 -3.9437e-02 +2.6061e+00 -1.9866e+00
4117 0 +2.998970594e-01 -1.364601029e+02 -1.364601029e+02 +2.1223e+00 -2.1164e+00 -5.8790e-02 +2.6099e+00 -2.0010e+00
5667 0 +2.705739902e-01 -1.364894260e+02 -1.364894260e+02 +2.1022e+00 -2.0757e+00 -9.7858e-02 +2.6131e+00 -1.9727e+00
6860 0 +2.675791785e-01 -1.364924208e+02 -1.364924208e+02 +2.0814e+00 -2.0996e+00 -7.8440e-02 +2.6309e+00 -1.9741e+00
96617 0 +2.483197491e-01 -1.365116803e+02 -1.365116803e+02 -1.4990e+00 -3.0245e+00 -1.8672e+00 +2.1673e+00 -2.0922e+00
103110 0 +2.445651930e-01 -1.365154348e+02 -1.365154348e+02 -1.5154e+00 -3.0085e+00 -1.8867e+00 +2.1693e+00 -2.0897e+00
103368 0 +2.387210133e-01 -1.365212790e+02 -1.365212790e+02 -1.5223e+00 -3.0108e+00 -1.8817e+00 +2.1632e+00 -2.0891e+00
106017 0 +2.368766693e-01 -1.365231233e+02 -1.365231233e+02 -1.5126e+00 -3.0092e+00 -1.8788e+00 +2.1614e+00 -2.0907e+00
% f evaluations | g evaluations | best noise-free fitness - Fopt (3.667500000000e+02) + sum g_i+ | measured fitness | best measured fitness or single-digit g-values | x1 | x2...
1 0 +1.484057857e+04 +1.520732857e+04 +1.520732857e+04 +4.8814e-01 +2.1519e+00 +1.0276e+00 +4.4883e-01 -7.6345e-01
8 0 +8.771087148e+03 +9.137837148e+03 +9.137837148e+03 +1.1764e+00 +1.1210e+00 +1.1693e+00 +4.4375e+00 +1.8182e+00
13 0 +3.585387272e+03 +3.952137272e+03 +3.952137272e+03 -2.2894e+00 -1.2326e+00 +2.2977e+00 +2.9970e+00 +2.7541e+00
19 0 +3.453899456e+03 +3.820649456e+03 +3.820649456e+03 +2.2206e+00 -1.5752e+00 +3.7275e+00 +2.6582e+00 +1.7035e+00
21 0 +4.002282254e+02 +7.669782254e+02 +7.669782254e+02 +2.1401e+00 -2.4272e+00 +1.8093e+00 +2.7492e+00 +3.9966e-01
44 0 +5.117679715e+01 +4.179267972e+02 +4.179267972e+02 +1.5916e+00 +6.4653e-02 +1.7454e+00 +1.3033e+00 +7.3980e-01
56 0 +4.392334788e+00 +3.711423348e+02 +3.711423348e+02 +2.3229e+00 -2.6738e+00 +9.3065e-01 +2.4777e+00 +1.3033e+00
91 0 +3.449209214e+00 +3.701992092e+02 +3.701992092e+02 +1.7168e+00 -2.1350e+00 +6.0388e-01 +1.3225e+00 +1.0633e+00
103 0 +3.206642783e+00 +3.699566428e+02 +3.699566428e+02 +1.6293e+00 -1.9721e+00 +2.2771e+00 +2.0502e+00 +8.5875e-01
157 0 +2.801341006e+00 +3.695513410e+02 +3.695513410e+02 +4.0227e-01 -2.8011e+00 +1.7224e+00 +1.4234e+00 +2.2503e+00
320 0 +1.930277727e+00 +3.686802777e+02 +3.686802777e+02 -2.0770e+00 +5.8941e-01 +1.2377e+00 +1.6247e+00 +2.1749e+00
373 0 +1.697826723e+00 +3.684478267e+02 +3.684478267e+02 -2.7575e-01 -2.4342e+00 +1.3944e+00 +7.6648e-01 +2.4433e+00
1225 0 +1.636288134e+00 +3.683862881e+02 +3.683862881e+02 -2.3297e+00 -2.0297e+00 +2.1833e+00 +1.1412e+00 +1.1876e+00
1861 0 +1.559746717e+00 +3.683097467e+02 +3.683097467e+02 -2.2852e+00 +6.6215e-01 +2.7374e+00 +1.1588e+00 +2.3070e+00
1992 0 +1.548193175e+00 +3.682981932e+02 +3.682981932e+02 -2.1054e+00 +6.0691e-01 +2.1254e+00 +2.0888e+00 +1.8298e+00
2053 0 +1.326583847e+00 +3.680765838e+02 +3.680765838e+02 -2.1273e+00 -1.3783e-01 +2.5387e+00 +1.5644e+00 +2.2210e+00
3548 0 +8.415328919e-01 +3.675915329e+02 +3.675915329e+02 -2.1582e+00 +6.2700e-01 +8.5832e-01 +2.4069e+00 +2.0144e+00
3565 0 +7.944125960e-01 +3.675444126e+02 +3.675444126e+02 -2.1931e+00 +6.3302e-01 +8.0725e-01 +2.3794e+00 +2.0213e+00
21189 0 +7.757346266e-01 +3.675257346e+02 +3.675257346e+02 -2.0331e+00 -1.2821e+00 +2.8365e-01 +2.5628e+00 +1.9706e+00
23964 0 +7.585138661e-01 +3.675085139e+02 +3.675085139e+02 -2.0655e+00 -1.2674e+00 +2.8557e-01 +2.5769e+00 +1.9682e+00
24736 0 +7.340054055e-01 +3.674840054e+02 +3.674840054e+02 -2.1090e+00 -1.3016e+00 +3.1325e-01 +2.5488e+00 +1.9872e+00
28153 0 +7.208472094e-01 +3.674708472e+02 +3.674708472e+02 -2.1367e+00 -1.3084e+00 +2.5779e-01 +2.5819e+00 +1.9758e+00
62414 0 +6.944290280e-01 +3.674444290e+02 +3.674444290e+02 -2.0864e+00 -2.1200e+00 +1.3781e-01 +2.6293e+00 +8.2465e-01
62528 0 +6.681042332e-01 +3.674181042e+02 +3.674181042e+02 -2.0624e+00 -2.1924e+00 +4.0960e-02 +2.6432e+00 +8.0614e-01
62543 0 +5.897482580e-01 +3.673397483e+02 +3.673397483e+02 -2.0696e+00 -2.1683e+00 +8.4897e-02 +2.6175e+00 +8.1937e-01
62668 0 +5.623571074e-01 +3.673123571e+02 +3.673123571e+02 -2.0791e+00 -2.1553e+00 +4.1252e-02 +2.6003e+00 +8.2497e-01
62680 0 +5.550392393e-01 +3.673050392e+02 +3.673050392e+02 -2.0867e+00 -2.1553e+00 +7.6209e-02 +2.5992e+00 +8.5154e-01
62740 0 +5.306642513e-01 +3.672806643e+02 +3.672806643e+02 -2.0555e+00 -2.0988e+00 +8.6601e-02 +2.6262e+00 +8.2446e-01
62748 0 +5.117028613e-01 +3.672617029e+02 +3.672617029e+02 -2.1353e+00 -2.1138e+00 +6.1424e-02 +2.6019e+00 +8.2605e-01
62786 0 +4.775400910e-01 +3.672275401e+02 +3.672275401e+02 -2.1016e+00 -2.0995e+00 +6.2596e-02 +2.6152e+00 +8.3473e-01
78424 0 +3.487305354e-01 +3.670987305e+02 +3.670987305e+02 +1.5373e+00 -3.0099e+00 +1.9223e+00 +2.1740e+00 +2.0760e+00
79025 0 +3.458530571e-01 +3.670958531e+02 +3.670958531e+02 +1.5417e+00 -3.0047e+00 +1.9118e+00 +2.1288e+00 +2.1168e+00
79647 0 +3.344103808e-01 +3.670844104e+02 +3.670844104e+02 +1.4893e+00 -3.0058e+00 +1.8957e+00 +2.1183e+00 +2.1004e+00
79839 0 +3.222275375e-01 +3.670722275e+02 +3.670722275e+02 +1.5232e+00 -3.0678e+00 +1.8499e+00 +2.1515e+00 +2.0858e+00
79846 0 +3.056281684e-01 +3.670556282e+02 +3.670556282e+02 +1.5475e+00 -3.0353e+00 +1.8442e+00 +2.1846e+00 +2.0967e+00
79926 0 +2.646242899e-01 +3.670146243e+02 +3.670146243e+02 +1.5030e+00 -2.9824e+00 +1.9006e+00 +2.1660e+00 +2.0841e+00
79977 0 +2.442412924e-01 +3.669942413e+02 +3.669942413e+02 +1.5198e+00 -3.0110e+00 +1.8854e+00 +2.1503e+00 +2.0950e+00
80393 0 +2.378240839e-01 +3.669878241e+02 +3.669878241e+02 +1.5145e+00 -3.0035e+00 +1.8825e+00 +2.1604e+00 +2.0917e+00
96326 0 +2.368766692e-01 +3.669868767e+02 +3.669868767e+02 +1.5126e+00 -3.0092e+00 +1.8788e+00 +2.1614e+00 +2.0907e+00
% f evaluations | g evaluations | best noise-free fitness - Fopt (-2.486900000000e+02) + sum g_i+ | measured fitness | best measured fitness or single-digit g-values | x1 | x2...
1 0 +1.400142519e+03 +1.151452519e+03 +1.151452519e+03 +4.8814e-01 +2.1519e+00 +1.0276e+00 +4.4883e-01 -7.6345e-01
21 0 +1.957208555e+01 -2.291179144e+02 -2.291179144e+02 +2.5985e+00 -1.1910e+00 +2.6436e+00 +1.1368e+00 -2.2105e+00
43 0 +2.221746491e+00 -2.464682535e+02 -2.464682535e+02 -8.1086e-02 +1.3324e-01 +2.6508e+00 +1.4467e+00 -1.9279e+00
235 0 +1.826473049e+00 -2.468635270e+02 -2.468635270e+02 -1.7678e+00 -2.7859e-01 +2.7051e+00 +1.9182e+00 -2.1542e+00
264 0 +1.785404343e+00 -2.469045957e+02 -2.469045957e+02 -6.3745e-01 -5.0076e-02 +2.6174e+00 +1.5399e+00 -1.9242e+00
2537 0 +1.363888822e+00 -2.473261112e+02 -2.473261112e+02 +2.3141e+00 -2.1341e+00 +1.5013e+00 +7.8192e-01 -2.4466e+00
3850 0 +9.422743934e-01 -2.477477256e+02 -2.477477256e+02 +2.0670e+00 -1.9635e+00 +2.1979e+00 +5.3509e-01 -2.5415e+00
16615 0 +8.277640852e-01 -2.478622359e+02 -2.478622359e+02 +2.1141e+00 -2.0435e+00 +2.1206e+00 +1.3235e+00 -2.2892e+00
16826 0 +7.373037795e-01 -2.479526962e+02 -2.479526962e+02 +2.1124e+00 -2.1164e+00 +2.1514e+00 +1.5700e+00 -2.2300e+00
16957 0 +6.629096796e-01 -2.480270903e+02 -2.480270903e+02 +2.1274e+00 -2.2062e+00 +2.0826e+00 +1.6442e+00 -2.2340e+00
17665 0 +5.221960526e-01 -2.481678039e+02 -2.481678039e+02 +2.1197e+00 -2.1274e+00 +2.0708e+00 +1.6837e+00 -2.2052e+00
100864 0 +5.221960526e-01 -2.481678039e+02 -2.481678039e+02 +2.1197e+00 -2.1274e+00 +2.0708e+00 +1.6837e+00 -2.2052e+00
% f evaluations | g evaluations | best noise-free fitness - Fopt (-6.786000000000e+01) + sum g_i+ | measured fitness | best measured fitness or single-digit g-values | x1 | x2...
1 0 +3.634782159e+02 +2.956182159e+02 +2.956182159e+02 +4.8814e-01 +2.1519e+00 +1.0276e+00 +4.4883e-01 -7.6345e-01
21 0 +3.813867137e+00 -6.404613286e+01 -6.404613286e+01 +1.3378e+00 +2.1797e-01 +2.1700e+00 +5.6645e-01 -1.1975e+00
113 0 +3.780233355e+00 -6.407976665e+01 -6.407976665e+01 -2.4621e-01 +8.9958e-02 +1.9167e+00 +2.3003e+00 -1.7195e+00
136 0 +3.523756006e+00 -6.433624399e+01 -6.433624399e+01 -8.2072e-01 +9.0802e-01 +1.6377e+00 +7.3583e-01 -2.5309e+00
141 0 +2.280119118e+00 -6.557988088e+01 -6.557988088e+01 -9.6558e-01 -3.2602e-01 +1.6458e+00 +2.1410e+00 -1.7512e+00
182 0 +1.894409761e+00 -6.596559024e+01 -6.596559024e+01 +3.8284e-01 +6.7693e-02 +2.5847e+00 +1.9808e+00 -1.2961e+00
1237 0 +1.666438999e+00 -6.619356100e+01 -6.619356100e+01 +7.8021e-01 +2.8416e+00 +1.9263e+00 +1.0722e+00 -2.3492e+00
2899 0 +1.632035373e+00 -6.622796463e+01 -6.622796463e+01 +1.3672e+00 +2.9524e+00 -1.1809e-01 +1.5537e+00 -1.0913e+00
3047 0 +1.578084744e+00 -6.628191526e+01 -6.628191526e+01 +1.4783e+00 +2.9209e+00 +1.8383e+00 +2.2453e+00 -1.0104e+00
3067 0 +1.447345208e+00 -6.641265479e+01 -6.641265479e+01 +1.5331e+00 +2.9736e+00 +1.2651e+00 +1.8712e+00 -1.0429e+00
3078 0 +1.033410137e+00 -6.682658986e+01 -6.682658986e+01 +1.3598e+00 +2.8594e+00 +1.9541e+00 +2.1113e+00 -9.7693e-01
12178 0 +9.066684640e-01 -6.695333154e+01 -6.695333154e+01 -2.0480e+00 +2.1061e+00 +5.6702e-01 +2.4665e+00 -8.5932e-01
13714 0 +6.609774870e-01 -6.719902251e+01 -6.719902251e+01 -2.1106e+00 +2.1174e+00 +1.9190e-01 +2.5776e+00 -1.9842e+00
14558 0 +3.712768862e-01 -6.748872311e+01 -6.748872311e+01 -2.0705e+00 +2.1298e+00 +2.0930e+00 +2.0634e+00 -9.6226e-01
14844 0 +3.028454402e-01 -6.755715456e+01 -6.755715456e+01 -2.0648e+00 +2.1223e+00 +2.1001e+00 +2.1106e+00 -9.3770e-01
14931 0 +2.470626266e-01 -6.761293737e+01 -6.761293737e+01 -2.1197e+00 +2.0833e+00 +2.1091e+00 +2.0998e+00 -9.5863e-01
15201 0 +2.445239641e-01 -6.761547604e+01 -6.761547604e+01 -2.1009e+00 +2.1180e+00 +2.0898e+00 +2.1088e+00 -9.5775e-01
15420 0 +2.391489533e-01 -6.762085105e+01 -6.762085105e+01 -2.1030e+00 +2.0963e+00 +2.1042e+00 +2.1020e+00 -9.6209e-01
101866 0 +2.368766692e-01 -6.762312333e+01 -6.762312333e+01 -2.1048e+00 +2.1048e+00 +2.1048e+00 +2.1048e+00 -9.6090e-01
% f evaluations | g evaluations | best noise-free fitness - Fopt (-2.329000000000e+01) + sum g_i+ | measured fitness | best measured fitness or single-digit g-values | x1 | x2...
1 0 +2.845347970e+03 +2.822057970e+03 +2.822057970e+03 +4.8814e-01 +2.1519e+00 +1.0276e+00 +4.4883e-01 -7.6345e-01
11 0 +4.821816784e+02 +4.588916784e+02 +4.588916784e+02 +1.6327e+00 -1.5366e+00 +3.5326e+00 +5.5912e-01 -2.1040e+00
21 0 +2.882984771e+01 +5.539847707e+00 +5.539847707e+00 -2.7529e+00 +3.2994e-01 +2.0799e+00 -2.0289e+00 -1.1932e+00
111 0 +5.054361276e+00 -1.823563872e+01 -1.823563872e+01 +2.5404e+00 -7.8761e-01 +2.5821e+00 -1.2254e+00 -1.7893e+00
171 0 +3.337471795e+00 -1.995252821e+01 -1.995252821e+01 +1.7351e+00 +5.3304e-01 +3.5983e-01 -9.1347e-01 -2.4524e+00
184 0 +3.071947652e+00 -2.021805235e+01 -2.021805235e+01 +4.2923e-01 +1.0338e+00 +3.6357e-01 -1.4095e+00 -1.1889e+00
186 0 +2.769728216e+00 -2.052027178e+01 -2.052027178e+01 +1.0400e+00 +2.3031e+00 +9.2608e-01 -2.5051e+00 -1.4739e+00
327 0 +2.606920128e+00 -2.068307987e+01 -2.068307987e+01 -2.7391e-01 +2.7335e+00 +7.4026e-01 -2.4991e+00 -1.9180e+00
433 0 +1.982886717e+00 -2.130711328e+01 -2.130711328e+01 -1.4482e+00 +2.5972e-01 +2.4540e+00 -9.0059e-01 -2.0714e+00
1255 0 +1.770417716e+00 -2.151958228e+01 -2.151958228e+01 -1.3891e+00 +3.0191e+00 +1.8292e+00 -1.0677e+00 -1.5023e+00
1263 0 +1.645351890e+00 -2.164464811e+01 -2.164464811e+01 -1.5719e+00 +2.9603e+00 +1.8343e+00 -1.1496e+00 -1.1988e+00
1297 0 +1.427080832e+00 -2.186291917e+01 -2.186291917e+01 -1.4192e+00 +3.0335e+00 +1.8053e+00 -1.0714e+00 -1.2227e+00
1476 0 +1.401852069e+00 -2.188814793e+01 -2.188814793e+01 -1.4908e+00 +3.0998e+00 +1.8738e+00 -6.4323e-01 -2.0653e+00
1490 0 +1.346366069e+00 -2.194363393e+01 -2.194363393e+01 -1.5747e+00 +3.0551e+00 +1.7236e+00 -6.8543e-01 -1.3266e+00
1500 0 +8.687413671e-01 -2.242125863e+01 -2.242125863e+01 -1.4734e+00 +2.9955e+00 +1.8443e+00 -6.8415e-01 -1.3057e+00
1871 0 +7.471499569e-01 -2.254285004e+01 -2.254285004e+01 -1.5954e+00 +3.0241e+00 +1.9215e+00 -5.7583e-01 -2.4858e+00
1913 0 +6.533608000e-01 -2.263663920e+01 -2.263663920e+01 -1.5034e+00 +3.0220e+00 +1.8414e+00 -6.6174e-01 -2.5007e+00
2126 0 +5.682626636e-01 -2.272173734e+01 -2.272173734e+01 -1.5432e+00 +3.0221e+00 +1.8620e+00 -6.7444e-01 -2.4509e+00
2184 0 +5.534086893e-01 -2.273659131e+01 -2.273659131e+01 -1.4753e+00 +2.9636e+00 +1.8794e+00 -6.6147e-01 -2.4619e+00
2508 0 +5.411714838e-01 -2.274882852e+01 -2.274882852e+01 -1.5319e+00 +3.0037e+00 +1.8519e+00 -6.1779e-01 -2.4804e+00
2510 0 +5.188975022e-01 -2.277110250e+01 -2.277110250e+01 -1.4724e+00 +2.9956e+00 +1.8887e+00 -6.4537e-01 -2.4835e+00
2774 0 +4.825712259e-01 -2.280742877e+01 -2.280742877e+01 -1.5306e+00 +3.0227e+00 +1.8812e+00 -6.2822e-01 -2.4752e+00
3042 0 +4.767005423e-01 -2.281329946e+01 -2.281329946e+01 -1.5028e+00 +2.9998e+00 +1.8863e+00 -6.3253e-01 -2.4719e+00
13279 0 +3.730431503e-01 -2.291695685e+01 -2.291695685e+01 +2.0638e+00 +2.1014e+00 +3.3213e-02 -2.6013e+00 -2.0015e+00
13575 0 +3.219232870e-01 -2.296807671e+01 -2.296807671e+01 +2.0335e+00 +2.1182e+00 +9.1767e-02 -2.6162e+00 -1.9876e+00
15488 0 +3.136402669e-01 -2.297635973e+01 -2.297635973e+01 +2.1173e+00 +2.1039e+00 +2.4600e-02 -2.6250e+00 -1.9663e+00
15500 0 +2.997631903e-01 -2.299023681e+01 -2.299023681e+01 +2.1515e+00 +2.0759e+00 +5.1840e-02 -2.6040e+00 -1.9748e+00
15519 0 +2.721684942e-01 -2.301783151e+01 -2.301783151e+01 +2.1366e+00 +2.0768e+00 +5.5691e-02 -2.6118e+00 -1.9750e+00
15579 0 +2.559516592e-01 -2.303404834e+01 -2.303404834e+01 +2.1316e+00 +2.1160e+00 +5.6741e-02 -2.6115e+00 -1.9759e+00
15611 0 +2.470233929e-01 -2.304297661e+01 -2.304297661e+01 +2.0904e+00 +2.0946e+00 +8.0863e-02 -2.6120e+00 -1.9729e+00
15695 0 +2.422011569e-01 -2.304779884e+01 -2.304779884e+01 +2.0863e+00 +2.1173e+00 +7.0038e-02 -2.6161e+00 -1.9783e+00
15706 0 +2.393813401e-01 -2.305061866e+01 -2.305061866e+01 +2.1049e+00 +2.1068e+00 +6.4146e-02 -2.6168e+00 -1.9802e+00
109072 0 +2.368766693e-01 -2.305312333e+01 -2.305312333e+01 +2.1048e+00 +2.1048e+00 +7.0591e-02 -2.6134e+00 -1.9777e+00
% f evaluations | g evaluations | best noise-free fitness - Fopt (-1.028000000000e+01) + sum g_i+ | measured fitness | best measured fitness or single-digit g-values | x1 | x2...
1 0 +2.845347970e+03 +2.835067970e+03 +2.835067970e+03 +4.8814e-01 +2.1519e+00 +1.0276e+00 +4.4883e-01 -7.6345e-01
11 0 +4.821816784e+02 +4.719016784e+02 +4.719016784e+02 +1.6327e+00 -1.5366e+00 +3.5326e+00 +5.5912e-01 -2.1040e+00
21 0 +2.882984771e+01 +1.854984771e+01 +1.854984771e+01 -2.7529e+00 +3.2994e-01 +2.0799e+00 -2.0289e+00 -1.1932e+00
111 0 +5.054361276e+00 -5.225638724e+00 -5.225638724e+00 +2.5404e+00 -7.8761e-01 +2.5821e+00 -1.2254e+00 -1.7893e+00
171 0 +3.337471795e+00 -6.942528205e+00 -6.942528205e+00 +1.7351e+00 +5.3304e-01 +3.5983e-01 -9.1347e-01 -2.4524e+00
184 0 +3.071947652e+00 -7.208052348e+00 -7.208052348e+00 +4.2923e-01 +1.0338e+00 +3.6357e-01 -1.4095e+00 -1.1889e+00
186 0 +2.769728216e+00 -7.510271784e+00 -7.510271784e+00 +1.0400e+00 +2.3031e+00 +9.2608e-01 -2.5051e+00 -1.4739e+00
327 0 +2.606920128e+00 -7.673079872e+00 -7.673079872e+00 -2.7391e-01 +2.7335e+00 +7.4026e-01 -2.4991e+00 -1.9180e+00
433 0 +1.982886717e+00 -8.297113283e+00 -8.297113283e+00 -1.4482e+00 +2.5972e-01 +2.4540e+00 -9.0059e-01 -2.0714e+00
1255 0 +1.770417716e+00 -8.509582284e+00 -8.509582284e+00 -1.3891e+00 +3.0191e+00 +1.8292e+00 -1.0677e+00 -1.5023e+00
1263 0 +1.645351890e+00 -8.634648110e+00 -8.634648110e+00 -1.5719e+00 +2.9603e+00 +1.8343e+00 -1.1496e+00 -1.1988e+00
1297 0 +1.427080832e+00 -8.852919168e+00 -8.852919168e+00 -1.4192e+00 +3.0335e+00 +1.8053e+00 -1.0714e+00 -1.2227e+00
1476 0 +1.401852069e+00 -8.878147931e+00 -8.878147931e+00 -1.4908e+00 +3.0998e+00 +1.8738e+00 -6.4323e-01 -2.0653e+00
1490 0 +1.346366069e+00 -8.933633931e+00 -8.933633931e+00 -1.5747e+00 +3.0551e+00 +1.7236e+00 -6.8543e-01 -1.3266e+00
1500 0 +8.687413671e-01 -9.411258633e+00 -9.411258633e+00 -1.4734e+00 +2.9955e+00 +1.8443e+00 -6.8415e-01 -1.3057e+00
1871 0 +7.471499569e-01 -9.532850043e+00 -9.532850043e+00 -1.5954e+00 +3.0241e+00 +1.9215e+00 -5.7583e-01 -2.4858e+00
1913 0 +6.533608000e-01 -9.626639200e+00 -9.626639200e+00 -1.5034e+00 +3.0220e+00 +1.8414e+00 -6.6174e-01 -2.5007e+00
2126 0 +5.682626636e-01 -9.711737336e+00 -9.711737336e+00 -1.5432e+00 +3.0221e+00 +1.8620e+00 -6.7444e-01 -2.4509e+00
2184 0 +5.534086893e-01 -9.726591311e+00 -9.726591311e+00 -1.4753e+00 +2.9636e+00 +1.8794e+00 -6.6147e-01 -2.4619e+00
2508 0 +5.411714838e-01 -9.738828516e+00 -9.738828516e+00 -1.5319e+00 +3.0037e+00 +1.8519e+00 -6.1779e-01 -2.4804e+00
2510 0 +5.188975022e-01 -9.761102498e+00 -9.761102498e+00 -1.4724e+00 +2.9956e+00 +1.8887e+00 -6.4537e-01 -2.4835e+00
2774 0 +4.825712259e-01 -9.797428774e+00 -9.797428774e+00 -1.5306e+00 +3.0227e+00 +1.8812e+00 -6.2822e-01 -2.4752e+00
3042 0 +4.767005423e-01 -9.803299458e+00 -9.803299458e+00 -1.5028e+00 +2.9998e+00 +1.8863e+00 -6.3253e-01 -2.4719e+00
13279 0 +3.730431503e-01 -9.906956850e+00 -9.906956850e+00 +2.0638e+00 +2.1014e+00 +3.3213e-02 -2.6013e+00 -2.0015e+00
13575 0 +3.219232870e-01 -9.958076713e+00 -9.958076713e+00 +2.0335e+00 +2.1182e+00 +9.1767e-02 -2.6162e+00 -1.9876e+00
15488 0 +3.136402669e-01 -9.966359733e+00 -9.966359733e+00 +2.1173e+00 +2.1039e+00 +2.4600e-02 -2.6250e+00 -1.9663e+00
15500 0 +2.997631903e-01 -9.980236810e+00 -9.980236810e+00 +2.1515e+00 +2.0759e+00 +5.1840e-02 -2.6040e+00 -1.9748e+00
15519 0 +2.721684942e-01 -1.000783151e+01 -1.000783151e+01 +2.1366e+00 +2.0768e+00 +5.5691e-02 -2.6118e+00 -1.9750e+00
15579 0 +2.559516592e-01 -1.002404834e+01 -1.002404834e+01 +2.1316e+00 +2.1160e+00 +5.6741e-02 -2.6115e+00 -1.9759e+00
15611 0 +2.470233929e-01 -1.003297661e+01 -1.003297661e+01 +2.0904e+00 +2.0946e+00 +8.0863e-02 -2.6120e+00 -1.9729e+00
15695 0 +2.422011569e-01 -1.003779884e+01 -1.003779884e+01 +2.0863e+00 +2.1173e+00 +7.0038e-02 -2.6161e+00 -1.9783e+00
15706 0 +2.393813401e-01 -1.004061866e+01 -1.004061866e+01 +2.1049e+00 +2.1068e+00 +6.4146e-02 -2.6168e+00 -1.9802e+00
109072 0 +2.368766693e-01 -1.004312333e+01 -1.004312333e+01 +2.1048e+00 +2.1048e+00 +7.0591e-02 -2.6134e+00 -1.9777e+00
% f evaluations | g evaluations | best noise-free fitness - Fopt (1.799700000000e+02) + sum g_i+ | measured fitness | best measured fitness or single-digit g-values | x1 | x2...
1 0 +1.334349084e+04 +1.352346084e+04 +1.352346084e+04 +4.8814e-01 +2.1519e+00 +1.0276e+00 +4.4883e-01 -7.6345e-01
8 0 +8.520059217e+03 +8.700029217e+03 +8.700029217e+03 +1.1764e+00 +1.1210e+00 +1.1693e+00 +4.4375e+00 +1.8182e+00
10 0 +8.180164570e+03 +8.360134570e+03 +8.360134570e+03 +2.8126e+00 +1.8201e+00 +1.2769e+00 +2.8295e+00 -9.3453e-01
13 0 +3.586761792e+03 +3.766731792e+03 +3.766731792e+03 -2.2894e+00 -1.2326e+00 +2.2977e+00 +2.9970e+00 +2.7541e+00
17 0 +3.054607763e+03 +3.234577763e+03 +3.234577763e+03 +1.2798e+00 -6.0153e-01 +8.1192e-01 +3.7487e+00 +1.9307e+00
18 0 +9.014613793e+01 +2.701161379e+02 +2.701161379e+02 +3.3119e-01 +2.3375e-01 +2.4223e+00 +2.3660e+00 +5.1623e-01
44 0 +9.444025852e+00 +1.894140259e+02 +1.894140259e+02 -1.1680e+00 +1.4641e+00 +2.2639e+00 +2.2250e+00 +2.2369e+00
48 0 +3.179685444e+00 +1.831496854e+02 +1.831496854e+02 -1.5374e+00 +2.3380e+00 -3.8097e-02 +2.0897e+00 +1.0146e+00
162 0 +3.119135214e+00 +1.830891352e+02 +1.830891352e+02 -3.5513e-02 +1.0832e+00 +7.6228e-01 +2.4909e+00 +1.6239e+00
173 0 +3.044883934e+00 +1.830148839e+02 +1.830148839e+02 -2.1117e+00 +3.3794e-01 +1.1539e+00 +1.2421e+00 +2.3918e+00
187 0 +2.768787771e+00 +1.827387878e+02 +1.827387878e+02 -1.9321e+00 +2.1266e+00 +1.7050e+00 +1.3214e+00 +1.1865e+00
193 0 +2.639472500e+00 +1.826094725e+02 +1.826094725e+02 -9.4836e-01 -6.8788e-02 +2.5642e+00 +1.5458e+00 +1.0484e+00
208 0 +2.243414375e+00 +1.822134144e+02 +1.822134144e+02 +4.3745e-01 +6.9142e-01 +1.8655e+00 +2.1622e+00 +2.0282e+00
991 0 +2.155806807e+00 +1.821258068e+02 +1.821258068e+02 +8.2489e-01 +1.9739e+00 +5.7258e-01 +2.4443e+00 +2.0046e+00
3109 0 +1.665264910e+00 +1.816352649e+02 +1.816352649e+02 +2.8939e-01 +2.7581e+00 +1.9025e+00 +2.0964e+00 +1.0078e+00
4645 0 +1.483334941e+00 +1.814533349e+02 +1.814533349e+02 -3.2285e-01 +2.5744e+00 +1.9406e+00 +2.0579e+00 +9.4777e-01
6366 0 +1.351871080e+00 +1.813218711e+02 +1.813218711e+02 -1.9763e+00 -4.9913e-01 +2.7172e+00 +1.4472e+00 +1.1392e+00
8130 0 +1.154168097e+00 +1.811241681e+02 +1.811241681e+02 -2.1390e+00 -6.6988e-01 +2.7672e+00 +1.5270e+00 +1.1245e+00
8340 0 +1.132627002e+00 +1.811026270e+02 +1.811026270e+02 -2.1311e+00 -5.4901e-01 +2.7962e+00 +1.4893e+00 +1.0823e+00
8468 0 +1.101358667e+00 +1.810713587e+02 +1.810713587e+02 -2.1550e+00 -6.8147e-01 +2.6717e+00 +1.9945e+00 +9.9798e-01
8470 0 +7.858053530e-01 +1.807558054e+02 +1.807558054e+02 -2.1111e+00 -5.3499e-01 +2.7499e+00 +1.8819e+00 +1.0102e+00
8496 0 +7.423388600e-01 +1.807123389e+02 +1.807123389e+02 -2.1831e+00 -5.4009e-01 +2.7439e+00 +1.9364e+00 +9.7929e-01
8533 0 +6.022688519e-01 +1.805722689e+02 +1.805722689e+02 -2.1827e+00 -6.1379e-01 +2.7724e+00 +1.9059e+00 +1.0055e+00
8699 0 +5.703543528e-01 +1.805403544e+02 +1.805403544e+02 -2.0779e+00 -6.1731e-01 +2.8052e+00 +1.9027e+00 +9.9395e-01
8833 0 +5.545092382e-01 +1.805245092e+02 +1.805245092e+02 -2.0274e+00 -5.9804e-01 +2.7811e+00 +1.9524e+00 +9.9277e-01
8851 0 +5.020012821e-01 +1.804720013e+02 +1.804720013e+02 -2.0837e+00 -6.0954e-01 +2.8057e+00 +1.9197e+00 +1.0111e+00
8875 0 +4.959308323e-01 +1.804659308e+02 +1.804659308e+02 -2.0926e+00 -6.0979e-01 +2.7913e+00 +1.9175e+00 +1.0012e+00
8953 0 +4.852046825e-01 +1.804552047e+02 +1.804552047e+02 -2.1006e+00 -5.9707e-01 +2.7755e+00 +1.9297e+00 +9.9724e-01
9052 0 +4.757613975e-01 +1.804457614e+02 +1.804457614e+02 -2.0966e+00 -6.0190e-01 +2.7841e+00 +1.9316e+00 +1.0055e+00
30557 0 +4.025696917e-01 +1.803725697e+02 +1.803725697e+02 -2.1671e+00 +2.0074e+00 +2.1924e+00 +2.1019e+00 +2.1374e+00
30657 0 +9.109211834e-02 +1.800610921e+02 +1.800610921e+02 -2.0905e+00 +2.1115e+00 +2.0849e+00 +2.0725e+00 +2.1162e+00
30778 0 +5.625461060e-02 +1.800262546e+02 +1.800262546e+02 -2.0968e+00 +2.0833e+00 +2.1170e+00 +2.1074e+00 +2.0836e+00
30798 0 +4.710518934e-02 +1.800171052e+02 +1.800171052e+02 -2.0793e+00 +2.1358e+00 +2.0931e+00 +2.1283e+00 +2.0917e+00
30845 0 +2.426564905e-02 +1.799942656e+02 +1.799942656e+02 -2.1383e+00 +2.0973e+00 +2.1177e+00 +2.1074e+00 +2.0957e+00
30984 0 +2.212691876e-02 +1.799921269e+02 +1.799921269e+02 -2.1237e+00 +2.0744e+00 +2.1257e+00 +2.1029e+00 +2.1075e+00
30994 0 +1.814661905e-02 +1.799881466e+02 +1.799881466e+02 -2.1157e+00 +2.1008e+00 +2.0898e+00 +2.1131e+00 +2.1114e+00
31034 0 +1.434814922e-02 +1.799843481e+02 +1.799843481e+02 -2.1063e+00 +2.1127e+00 +2.1055e+00 +2.1184e+00 +2.0968e+00
31157 0 +1.110647513e-02 +1.799811065e+02 +1.799811065e+02 -2.1282e+00 +2.0930e+00 +2.0981e+00 +2.1115e+00 +2.1054e+00
31158 0 +1.029766859e-02 +1.799802977e+02 +1.799802977e+02 -2.1035e+00 +2.0930e+00 +2.0975e+00 +2.1126e+00 +2.1077e+00
31175 0 +5.696344258e-03 +1.799756963e+02 +1.799756963e+02 -2.1075e+00 +2.1007e+00 +2.0954e+00 +2.1120e+00 +2.1055e+00
31236 0 +2.693972413e-03 +1.799726940e+02 +1.799726940e+02 -2.1058e+00 +2.1005e+00 +2.0979e+00 +2.1086e+00 +2.1049e+00
31253 0 +1.531162766e-03 +1.799715312e+02 +1.799715312e+02 -2.1073e+00 +2.1089e+00 +2.1044e+00 +2.1065e+00 +2.1014e+00
31331 0 +9.589070055e-04 +1.799709589e+02 +1.799709589e+02 -2.1088e+00 +2.1051e+00 +2.1091e+00 +2.1035e+00 +2.1038e+00
31449 0 +5.762845386e-04 +1.799705763e+02 +1.799705763e+02 -2.1032e+00 +2.1058e+00 +2.1025e+00 +2.1042e+00 +2.1068e+00
31484 0 +4.829295064e-04 +1.799704829e+02 +1.799704829e+02 -2.1073e+00 +2.0997e+00 +2.1062e+00 +2.1037e+00 +2.1047e+00
31496 0 +1.559248948e-04 +1.799701559e+02 +1.799701559e+02 -2.1030e+00 +2.1053e+00 +2.1051e+00 +2.1060e+00 +2.1040e+00
31657 0 +1.404839595e-04 +1.799701405e+02 +1.799701405e+02 -2.1045e+00 +2.1044e+00 +2.1035e+00 +2.1046e+00 +2.1056e+00
31664 0 +1.171738627e-04 +1.799701172e+02 +1.799701172e+02 -2.1038e+00 +2.1061e+00 +2.1030e+00 +2.1048e+00 +2.1048e+00
31670 0 +9.484042499e-05 +1.799700948e+02 +1.799700948e+02 -2.1040e+00 +2.1045e+00 +2.1034e+00 +2.1049e+00 +2.1048e+00
31690 0 +6.312348813e-05 +1.799700631e+02 +1.799700631e+02 -2.1037e+00 +2.1057e+00 +2.1046e+00 +2.1058e+00 +2.1047e+00
31701 0 +6.125766180e-05 +1.799700613e+02 +1.799700613e+02 -2.1029e+00 +2.1052e+00 +2.1048e+00 +2.1054e+00 +2.1049e+00
31770 0 +7.571181072e-06 +1.799700076e+02 +1.799700076e+02 -2.1048e+00 +2.1043e+00 +2.1052e+00 +2.1047e+00 +2.1049e+00
32060 0 +6.731525218e-06 +1.799700067e+02 +1.799700067e+02 -2.1041e+00 +2.1050e+00 +2.1050e+00 +2.1048e+00 +2.1048e+00
32155 0 +2.486109906e-06 +1.799700025e+02 +1.799700025e+02 -2.1046e+00 +2.1050e+00 +2.1046e+00 +2.1050e+00 +2.1049e+00
32264 0 +1.331678760e-06 +1.799700013e+02 +1.799700013e+02 -2.1049e+00 +2.1048e+00 +2.1050e+00 +2.1047e+00 +2.1049e+00
32339 0 +1.269146935e-06 +1.799700013e+02 +1.799700013e+02 -2.1049e+00 +2.1047e+00 +2.1047e+00 +2.1049e+00 +2.1049e+00
32342 0 +1.092190104e-06 +1.799700011e+02 +1.799700011e+02 -2.1051e+00 +2.1047e+00 +2.1049e+00 +2.1048e+00 +2.1048e+00
32374 0 +7.975384904e-07 +1.799700008e+02 +1.799700008e+02 -2.1049e+00 +2.1047e+00 +2.1049e+00 +2.1049e+00 +2.1048e+00
32387 0 +6.762767839e-07 +1.799700007e+02 +1.799700007e+02 -2.1048e+00 +2.1047e+00 +2.1050e+00 +2.1048e+00 +2.1049e+00
32480 0 +2.274308315e-07 +1.799700002e+02 +1.799700002e+02 -2.1048e+00 +2.1048e+00 +2.1048e+00 +2.1049e+00 +2.1048e+00
32517 0 +2.227034486e-07 +1.799700002e+02 +1.799700002e+02 -2.1047e+00 +2.1049e+00 +2.1049e+00 +2.1048e+00 +2.1049e+00
32604 0 +2.099720007e-07 +1.799700002e+02 +1.799700002e+02 -2.1048e+00 +2.1049e+00 +2.1049e+00 +2.1048e+00 +2.1048e+00
32609 0 +1.972523478e-07 +1.799700002e+02 +1.799700002e+02 -2.1049e+00 +2.1049e+00 +2.1049e+00 +2.1048e+00 +2.1049e+00
32621 0 +9.814047530e-08 +1.799700001e+02 +1.799700001e+02 -2.1049e+00 +2.1049e+00 +2.1049e+00 +2.1048e+00 +2.1048e+00
32635 0 +8.654461681e-08 +1.799700001e+02 +1.799700001e+02 -2.1049e+00 +2.1048e+00 +2.1049e+00 +2.1048e+00 +2.1049e+00
32644 0 +8.365864801e-08 +1.799700001e+02 +1.799700001e+02 -2.1048e+00 +2.1048e+00 +2.1049e+00 +2.1048e+00 +2.1048e+00
32686 0 +3.828819217e-08 +1.799700000e+02 +1.799700000e+02 -2.1048e+00 +2.1049e+00 +2.1048e+00 +2.1049e+00 +2.1048e+00
32807 0 +3.482455213e-08 +1.799700000e+02 +1.799700000e+02 -2.1048e+00 +2.1048e+00 +2.1048e+00 +2.1048e+00 +2.1048e+00
32817 0 +3.280308647e-08 +1.799700000e+02 +1.799700000e+02 -2.1049e+00 +2.1049e+00 +2.1049e+00 +2.1048e+00 +2.1048e+00
32936 0 +3.231315304e-08 +1.799700000e+02 +1.799700000e+02 -2.1049e+00 +2.1049e+00 +2.1049e+00 +2.1048e+00 +2.1048e+00
32958 0 +2.320734893e-08 +1.799700000e+02 +1.799700000e+02 -2.1048e+00 +2.1048e+00 +2.1048e+00 +2.1048e+00 +2.1049e+00
32971 0 +1.720638920e-08 +1.799700000e+02 +1.799700000e+02 -2.1048e+00 +2.1048e+00 +2.1048e+00 +2.1048e+00 +2.1048e+00
32996 0 +1.168763220e-08 +1.799700000e+02 +1.799700000e+02 -2.1049e+00 +2.1048e+00 +2.1048e+00 +2.1049e+00 +2.1048e+00
33023 0 +8.340037994e-09 +1.799700000e+02 +1.799700000e+02 -2.1048e+00 +2.1048e+00 +2.1048e+00 +2.1048e+00 +2.1049e+00
98896 0 +4.735056791e-11 +1.799700000e+02 +1.799700000e+02 -2.1048e+00 +2.1048e+00 +2.1048e+00 +2.1048e+00 +2.1048e+00
% f evaluations | g evaluations | best noise-free fitness - Fopt (8.376000000000e+01) + sum g_i+ | measured fitness | best measured fitness or single-digit g-values | x1 | x2...
1 0 +2.844928055e+03 +2.928688055e+03 +2.928688055e+03 +4.8814e-01 +2.1519e+00 +1.0276e+00 +4.4883e-01 -7.6345e-01
11 0 +1.312043012e+03 +1.395803012e+03 +1.395803012e+03 +1.6327e+00 -1.5366e+00 +3.5326e+00 +5.5912e-01 -2.1040e+00
13 0 +6.134704820e+02 +6.972304820e+02 +6.972304820e+02 -3.4725e+00 +3.3932e-01 +8.0762e-01 -1.3935e+00 -2.6486e+00
20 0 +5.150547749e+02 +5.988147749e+02 +5.988147749e+02 -2.8602e+00 +5.3380e-01 +1.4007e+00 +1.0870e-01 -2.8179e+00
21 0 +4.946833981e+02 +5.784433981e+02 +5.784433981e+02 +1.9460e-01 -7.5311e-01 +3.6532e+00 -9.0151e-01 -8.7877e-01
27 0 +5.505188418e+00 +8.926518842e+01 +8.926518842e+01 -1.4325e+00 +3.7958e-01 +1.5233e+00 -2.0456e+00 -1.9816e+00
52 0 +4.255601177e+00 +8.801560118e+01 +8.801560118e+01 +5.9307e-02 +1.4100e-01 +1.8390e+00 -5.3268e-01 -1.8117e+00
77 0 +3.880034925e+00 +8.764003493e+01 +8.764003493e+01 -1.1864e-02 +1.8771e+00 +1.5238e+00 -8.3146e-01 -2.2696e+00
88 0 +3.530957892e+00 +8.729095789e+01 +8.729095789e+01 -2.3684e+00 +4.8412e-01 +2.4219e+00 -1.8482e-01 -1.3998e+00
137 0 +3.442426975e+00 +8.720242697e+01 +8.720242697e+01 -2.0603e+00 -6.7731e-02 +2.6156e-01 -1.0852e+00 -2.0472e+00
198 0 +2.896040559e+00 +8.665604056e+01 +8.665604056e+01 -2.0601e+00 +4.6140e-01 +1.6039e+00 -1.2129e+00 -2.2818e+00
265 0 +2.686359631e+00 +8.644635963e+01 +8.644635963e+01 +1.4360e+00 +1.4907e+00 +8.4551e-01 -1.2788e+00 -2.3000e+00
366 0 +2.563790834e+00 +8.632379083e+01 +8.632379083e+01 +1.4005e+00 +9.4987e-01 +4.5304e-01 -1.4379e+00 -1.1020e+00
456 0 +2.064408356e+00 +8.582440836e+01 +8.582440836e+01 +1.6580e+00 +3.0088e+00 +1.2965e+00 -1.6171e+00 -1.0952e+00
515 0 +1.896310714e+00 +8.565631071e+01 +8.565631071e+01 +1.3990e+00 +2.9576e+00 +2.5778e-02 -2.1698e+00 -2.0442e+00
2425 0 +1.757489086e+00 +8.551748909e+01 +8.551748909e+01 -2.2077e+00 +1.1350e+00 +1.8004e+00 -2.2287e+00 -2.1268e+00
2862 0 +1.291953315e+00 +8.505195331e+01 +8.505195331e+01 +1.5168e+00 +2.2710e+00 +1.2409e-01 -2.6120e+00 -1.9904e+00
3055 0 +1.146360350e+00 +8.490636035e+01 +8.490636035e+01 +1.5321e+00 +2.2431e+00 +9.1140e-02 -2.5947e+00 -1.9510e+00
3225 0 +1.110175283e+00 +8.487017528e+01 +8.487017528e+01 +1.5992e+00 +2.2879e+00 -2.8717e-03 -2.6281e+00 -1.9849e+00
3237 0 +9.785700319e-01 +8.473857003e+01 +8.473857003e+01 +1.5751e+00 +2.2297e+00 +5.5708e-02 -2.6029e+00 -1.9735e+00
3324 0 +9.549980896e-01 +8.471499809e+01 +8.471499809e+01 +1.4763e+00 +2.2264e+00 +5.0113e-02 -2.6171e+00 -1.9796e+00
3332 0 +7.880698975e-01 +8.454806990e+01 +8.454806990e+01 +1.4402e+00 +2.9638e+00 -9.4464e-02 -2.6109e+00 -1.9523e+00
3429 0 +7.760903536e-01 +8.453609035e+01 +8.453609035e+01 +1.5343e+00 +2.9005e+00 -1.7069e-01 -2.6640e+00 -1.9528e+00
3435 0 +6.354661068e-01 +8.439546611e+01 +8.439546611e+01 +1.5429e+00 +3.0337e+00 -2.2438e-01 -2.7065e+00 -1.9493e+00
3564 0 +6.102413093e-01 +8.437024131e+01 +8.437024131e+01 +1.5030e+00 +3.0240e+00 -1.1298e-01 -2.6685e+00 -1.9396e+00
3606 0 +6.020753543e-01 +8.436207535e+01 +8.436207535e+01 +1.5500e+00 +2.9734e+00 -1.3203e-01 -2.6391e+00 -1.9522e+00
3619 0 +5.531574033e-01 +8.431315740e+01 +8.431315740e+01 +1.5379e+00 +2.9942e+00 -1.9375e-01 -2.6795e+00 -1.9705e+00
3634 0 +5.370570046e-01 +8.429705700e+01 +8.429705700e+01 +1.5179e+00 +3.0130e+00 -1.3119e-01 -2.6508e+00 -1.9502e+00
3753 0 +4.969719664e-01 +8.425697197e+01 +8.425697197e+01 +1.4991e+00 +2.9760e+00 -1.3478e-01 -2.6663e+00 -1.9666e+00
3888 0 +4.891355463e-01 +8.424913555e+01 +8.424913555e+01 +1.4905e+00 +3.0263e+00 -1.6059e-01 -2.6672e+00 -1.9661e+00
3899 0 +4.777888469e-01 +8.423778885e+01 +8.423778885e+01 +1.4977e+00 +3.0017e+00 -1.5069e-01 -2.6664e+00 -1.9675e+00
47217 0 +3.571880426e-01 +8.411718804e+01 +8.411718804e+01 -2.1086e+00 +2.2078e+00 +2.0359e+00 -2.1036e+00 -2.1353e+00
47634 0 +3.512981018e-01 +8.411129810e+01 +8.411129810e+01 -2.0734e+00 +1.9801e+00 +2.1519e+00 -2.0863e+00 -2.0897e+00
47925 0 +2.687376903e-01 +8.402873769e+01 +8.402873769e+01 -2.1016e+00 +2.0973e+00 +2.0891e+00 -2.0675e+00 -2.0730e+00
47936 0 +2.226681858e-01 +8.398266819e+01 +8.398266819e+01 -2.1024e+00 +2.0700e+00 +2.0583e+00 -2.1071e+00 -2.0722e+00
48000 0 +1.513947457e-01 +8.391139475e+01 +8.391139475e+01 -2.1394e+00 +2.0689e+00 +2.1650e+00 -2.1039e+00 -2.1230e+00
48202 0 +7.162025825e-02 +8.383162026e+01 +8.383162026e+01 -2.0984e+00 +2.1606e+00 +2.1047e+00 -2.1149e+00 -2.1106e+00
86898 0 +7.162025825e-02 +8.383162026e+01 +8.383162026e+01 -2.0984e+00 +2.1606e+00 +2.1047e+00 -2.1149e+00 -2.1106e+00
% f evaluations | g evaluations | best noise-free fitness - Fopt (-3.890100000000e+02) + sum g_i+ | measured fitness | best measured fitness or single-digit g-values | x1 | x2...
1 0 +1.024492520e+04 +9.855915199e+03 +9.855915199e+03 +4.8814e-01 +2.1519e+00 +1.0276e+00 +4.4883e-01 -7.6345e-01
17 0 +8.693246738e+03 +8.304236738e+03 +8.304236738e+03 -1.9557e+00 -1.7724e+00 +2.8073e+00 -6.1026e-01 -1.2169e+00
21 0 +2.652140034e+03 +2.263130034e+03 +2.263130034e+03 -8.1171e-01 +1.0456e+00 +1.6029e-01 +1.4277e-01 -8.0251e-01
24 0 +2.523520764e+03 +2.134510764e+03 +2.134510764e+03 -7.7368e-01 -1.4530e+00 +1.1271e+00 -2.8762e-01 -3.0871e+00
29 0 +1.718904118e+03 +1.329894118e+03 +1.329894118e+03 -3.4138e+00 +1.8460e+00 +5.3564e-01 -8.2961e-01 -1.2658e+00
35 0 +1.287992750e+03 +8.989827504e+02 +8.989827504e+02 +3.0145e+00 -1.3099e+00 +1.2405e+00 -8.8747e-01 -1.1684e+00
52 0 +8.115265954e+02 +4.225165954e+02 +4.225165954e+02 -1.7789e+00 -3.2652e+00 +6.4635e-01 -4.4466e-01 -2.2741e+00
73 0 +1.725694217e+02 -2.164405783e+02 -2.164405783e+02 -6.1408e-01 -2.3940e+00 -2.3652e-01 -3.5661e-01 -1.1360e+00
196 0 +6.126032894e+01 -3.277496711e+02 -3.277496711e+02 +2.8810e+00 -1.6681e+00 -5.9805e-01 -1.2739e+00 -8.9898e-01
198 0 +2.336185631e+00 -3.866738144e+02 -3.866738144e+02 +5.3715e-01 -1.8451e+00 +4.1463e-01 -2.7537e+00 -7.4426e-01
1215 0 +1.958080599e+00 -3.870519194e+02 -3.870519194e+02 -2.0023e+00 +7.2475e-01 -2.8503e+00 -1.4732e+00 -1.5539e+00
1951 0 +1.617725071e+00 -3.873922749e+02 -3.873922749e+02 -2.0516e+00 +5.6689e-01 -2.2214e+00 -2.1689e+00 -9.1295e-01
2162 0 +1.510318510e+00 -3.874996815e+02 -3.874996815e+02 -2.1179e+00 +6.2204e-01 -2.7212e+00 -2.0210e+00 -1.8535e+00
2173 0 +1.458230484e+00 -3.875517695e+02 -3.875517695e+02 -1.7211e+00 +5.9841e-01 -2.7498e+00 -1.9572e+00 -2.1518e+00
2197 0 +1.294305152e+00 -3.877156948e+02 -3.877156948e+02 -1.9841e+00 +4.8977e-01 -2.7812e+00 -1.9421e+00 -2.0484e+00
2227 0 +1.067752605e+00 -3.879422474e+02 -3.879422474e+02 -2.2361e+00 -5.5199e-03 -2.5347e+00 -1.9785e+00 -2.1465e+00
2251 0 +9.219250672e-01 -3.880880749e+02 -3.880880749e+02 -2.1447e+00 +3.9981e-02 -2.6740e+00 -1.9563e+00 -2.1799e+00
2255 0 +7.475163066e-01 -3.882624837e+02 -3.882624837e+02 -2.1303e+00 -3.4929e-02 -2.6116e+00 -1.9421e+00 -2.1194e+00
2547 0 +5.915450478e-01 -3.884184550e+02 -3.884184550e+02 -2.0897e+00 +5.0915e-01 -2.7901e+00 -1.8894e+00 -2.1341e+00
2610 0 +5.871681230e-01 -3.884228319e+02 -3.884228319e+02 -2.0559e+00 +5.2630e-01 -2.7998e+00 -1.8755e+00 -2.1444e+00
2616 0 +5.109956184e-01 -3.884990044e+02 -3.884990044e+02 -2.0283e+00 +6.3816e-01 -2.7667e+00 -1.9093e+00 -2.1212e+00
2725 0 +3.583874277e-01 -3.886516126e+02 -3.886516126e+02 -2.0850e+00 +5.2923e-01 -2.7615e+00 -1.9481e+00 -2.1298e+00
3169 0 +3.283611194e-01 -3.886816389e+02 -3.886816389e+02 -2.1558e+00 +6.6689e-01 -2.7971e+00 -1.9500e+00 -2.1346e+00
23741 0 +3.093307921e-01 -3.887006692e+02 -3.887006692e+02 -2.0881e+00 -2.1539e+00 -6.8764e-02 -2.5917e+00 -1.9881e+00
23924 0 +3.036252087e-01 -3.887063748e+02 -3.887063748e+02 -2.0696e+00 -2.1028e+00 -5.4019e-02 -2.6361e+00 -1.9568e+00
23954 0 +2.557965199e-01 -3.887542035e+02 -3.887542035e+02 -2.1090e+00 -2.0823e+00 -7.7618e-02 -2.6252e+00 -1.9750e+00
24245 0 +2.495661003e-01 -3.887604339e+02 -3.887604339e+02 -2.0854e+00 -2.1203e+00 -6.1515e-02 -2.6119e+00 -1.9852e+00
24264 0 +2.429424973e-01 -3.887670575e+02 -3.887670575e+02 -2.0967e+00 -2.1016e+00 -6.7237e-02 -2.6210e+00 -1.9799e+00
24383 0 +2.388956217e-01 -3.887711044e+02 -3.887711044e+02 -2.1035e+00 -2.1047e+00 -6.9551e-02 -2.6179e+00 -1.9797e+00
92253 0 +2.368766693e-01 -3.887731233e+02 -3.887731233e+02 -2.1048e+00 -2.1048e+00 -2.1048e+00 -2.1048e+00 -9.6090e-01
% f evaluations | g evaluations | best noise-free fitness - Fopt (-1.455800000000e+02) + sum g_i+ | measured fitness | best measured fitness or single-digit g-values | x1 | x2...
1 0 +3.881592359e+03 +3.736012359e+03 +3.736012359e+03 +4.8814e-01 +2.1519e+00 +1.0276e+00 +4.4883e-01 -7.6345e-01
11 0 +1.737768553e+03 +1.592188553e+03 +1.592188553e+03 +1.6327e+00 -1.5366e+00 +3.5326e+00 +5.5912e-01 -2.1040e+00
13 0 +7.204963185e+02 +5.749163185e+02 +5.749163185e+02 -3.4725e+00 +3.3932e-01 +8.0762e-01 -1.3935e+00 -2.6486e+00
20 0 +6.421898776e+02 +4.966098776e+02 +4.966098776e+02 -2.8602e+00 +5.3380e-01 +1.4007e+00 +1.0870e-01 -2.8179e+00
59 0 +2.233407834e+02 +7.776078339e+01 +7.776078339e+01 +6.8728e-01 +1.7482e-01 +2.9325e+00 +3.5458e-01 -2.3390e+00
67 0 +1.012437461e+02 -4.433625392e+01 -4.433625392e+01 +9.6276e-01 +1.4331e+00 +2.5863e+00 -1.1948e-01 -2.2982e+00
78 0 +3.833623296e+00 -1.417463767e+02 -1.417463767e+02 +2.0531e+00 -7.8056e-01 +1.9077e+00 -1.9961e-01 -1.1055e+00
123 0 +3.486712668e+00 -1.420932873e+02 -1.420932873e+02 -5.7392e-01 -8.1298e-02 +9.6954e-01 -2.3056e+00 -1.8410e+00
154 0 +2.273381515e+00 -1.433066185e+02 -1.433066185e+02 +2.1157e+00 -1.0636e-01 +7.0657e-01 -2.5393e+00 -7.9674e-01
737 0 +1.624502740e+00 -1.439554973e+02 -1.439554973e+02 -2.8249e-01 -2.7183e+00 +1.3964e+00 -2.3224e+00 -2.0732e+00
3687 0 +1.297537895e+00 -1.442824621e+02 -1.442824621e+02 +2.1045e+00 -2.1539e+00 +1.5234e+00 -7.2427e-01 -2.0753e+00
4462 0 +1.274094116e+00 -1.443059059e+02 -1.443059059e+02 +2.1770e+00 -2.1110e+00 +1.4581e+00 -7.2603e-01 -2.0825e+00
4853 0 +8.499393584e-01 -1.447300606e+02 -1.447300606e+02 +2.0960e+00 -2.1136e+00 +1.4800e+00 -7.6979e-01 -2.4054e+00
6500 0 +8.134845474e-01 -1.447665155e+02 -1.447665155e+02 +2.1131e+00 +5.6966e-01 +2.7985e+00 -4.2856e-01 -2.4712e+00
6508 0 +7.216444048e-01 -1.448583556e+02 -1.448583556e+02 +2.1027e+00 +5.2986e-01 +2.7102e+00 -4.4218e-01 -2.4994e+00
6684 0 +6.125674685e-01 -1.449674325e+02 -1.449674325e+02 +2.0723e+00 +5.8110e-01 +2.7522e+00 -4.5226e-01 -2.4988e+00
6790 0 +5.442574369e-01 -1.450357426e+02 -1.450357426e+02 +2.1171e+00 +6.2559e-01 +2.8116e+00 -3.8091e-01 -2.5497e+00
7331 0 +5.197128225e-01 -1.450602872e+02 -1.450602872e+02 +2.1179e+00 +6.4423e-01 +2.8117e+00 -3.9185e-01 -2.5405e+00
10770 0 +5.010780585e-01 -1.450789219e+02 -1.450789219e+02 +2.0649e+00 +6.0839e-01 +2.7982e+00 -4.0002e-01 -2.5306e+00
45748 0 +3.693519166e-01 -1.452106481e+02 -1.452106481e+02 -1.5436e+00 -3.0117e+00 +1.8406e+00 -2.1375e+00 -2.1092e+00
102546 0 +3.693519166e-01 -1.452106481e+02 -1.452106481e+02 -1.5436e+00 -3.0117e+00 +1.8406e+00 -2.1375e+00 -2.1092e+00
