% f evaluations | g evaluations | best noise-free fitness - Fopt (9.294000000000e+01) + sum g_i+ | measured fitness | best measured fitness or single-digit g-values | x1 | x2...
1 0 +1.445170813e+03 +1.538110813e+03 +1.538110813e+03
47 0 +1.344979567e+03 +1.437919567e+03 +1.437919567e+03
49 0 +1.279418117e+03 +1.372358117e+03 +1.372358117e+03
55 0 +9.641102945e+02 +1.057050294e+03 +1.057050294e+03
870 0 +8.863730158e+02 +9.793130158e+02 +9.793130158e+02
2468 0 +5.813155293e+02 +6.742555293e+02 +6.742555293e+02
3287 0 +5.610946852e+02 +6.540346852e+02 +6.540346852e+02
3881 0 +5.372111213e+02 +6.301511213e+02 +6.301511213e+02
5993 0 +4.360292628e+02 +5.289692628e+02 +5.289692628e+02
6558 0 +3.964936556e+02 +4.894336556e+02 +4.894336556e+02
6643 0 +3.601111631e+02 +4.530511631e+02 +4.530511631e+02
6778 0 +3.338492864e+02 +4.267892864e+02 +4.267892864e+02
6841 0 +2.991696143e+02 +3.921096143e+02 +3.921096143e+02
7328 0 +2.921005616e+02 +3.850405616e+02 +3.850405616e+02
7568 0 +2.703544169e+02 +3.632944169e+02 +3.632944169e+02
7569 0 +2.435571507e+02 +3.364971507e+02 +3.364971507e+02
8303 0 +1.910081598e+02 +2.839481598e+02 +2.839481598e+02
8649 0 +1.820990250e+02 +2.750390250e+02 +2.750390250e+02
8961 0 +1.749363979e+02 +2.678763979e+02 +2.678763979e+02
9191 0 +1.714965562e+02 +2.644365562e+02 +2.644365562e+02
9242 0 +1.643422819e+02 +2.572822819e+02 +2.572822819e+02
9864 0 +1.596979072e+02 +2.526379072e+02 +2.526379072e+02
9984 0 +1.567934720e+02 +2.497334720e+02 +2.497334720e+02
10054 0 +1.503310388e+02 +2.432710388e+02 +2.432710388e+02
10184 0 +1.262627503e+02 +2.192027503e+02 +2.192027503e+02
10431 0 +1.241739309e+02 +2.171139309e+02 +2.171139309e+02
10466 0 +1.155879938e+02 +2.085279938e+02 +2.085279938e+02
10470 0 +1.062795733e+02 +1.992195733e+02 +1.992195733e+02
10548 0 +9.929880347e+01 +1.922388035e+02 +1.922388035e+02
10934 0 +9.499624683e+01 +1.879362468e+02 +1.879362468e+02
10967 0 +8.991895077e+01 +1.828589508e+02 +1.828589508e+02
11018 0 +7.630883702e+01 +1.692488370e+02 +1.692488370e+02
11598 0 +6.248185253e+01 +1.554218525e+02 +1.554218525e+02
12020 0 +5.735193358e+01 +1.502919336e+02 +1.502919336e+02
12135 0 +5.129722802e+01 +1.442372280e+02 +1.442372280e+02
13568 0 +4.904503849e+01 +1.419850385e+02 +1.419850385e+02
14138 0 +4.221400787e+01 +1.351540079e+02 +1.351540079e+02
14488 0 +3.869211158e+01 +1.316321116e+02 +1.316321116e+02
15443 0 +3.178555858e+01 +1.247255586e+02 +1.247255586e+02
17013 0 +2.997423781e+01 +1.229142378e+02 +1.229142378e+02
17047 0 +2.524524639e+01 +1.181852464e+02 +1.181852464e+02
17202 0 +2.418452818e+01 +1.171245282e+02 +1.171245282e+02
18497 0 +2.346505221e+01 +1.164050522e+02 +1.164050522e+02
18551 0 +1.954108143e+01 +1.124810814e+02 +1.124810814e+02
20385 0 +1.827351966e+01 +1.112135197e+02 +1.112135197e+02
22249 0 +1.762657152e+01 +1.105665715e+02 +1.105665715e+02
22396 0 +1.646273606e+01 +1.094027361e+02 +1.094027361e+02
22617 0 +1.569111661e+01 +1.086311166e+02 +1.086311166e+02
23083 0 +1.537004977e+01 +1.083100498e+02 +1.083100498e+02
23220 0 +1.453999124e+01 +1.074799912e+02 +1.074799912e+02
23556 0 +1.408302051e+01 +1.070230205e+02 +1.070230205e+02
23792 0 +1.332830039e+01 +1.062683004e+02 +1.062683004e+02
24431 0 +1.247663008e+01 +1.054166301e+02 +1.054166301e+02
25159 0 +1.134569963e+01 +1.042856996e+02 +1.042856996e+02
27213 0 +1.062442599e+01 +1.035644260e+02 +1.035644260e+02
27249 0 +9.925024241e+00 +1.028650242e+02 +1.028650242e+02
30116 0 +9.538684128e+00 +1.024786841e+02 +1.024786841e+02
30128 0 +8.987486735e+00 +1.019274867e+02 +1.019274867e+02
30977 0 +8.651959709e+00 +1.015919597e+02 +1.015919597e+02
32215 0 +8.486757054e+00 +1.014267571e+02 +1.014267571e+02
33563 0 +8.042239286e+00 +1.009822393e+02 +1.009822393e+02
33601 0 +6.924952601e+00 +9.986495260e+01 +9.986495260e+01
34780 0 +6.437546178e+00 +9.937754618e+01 +9.937754618e+01
35006 0 +6.216715964e+00 +9.915671596e+01 +9.915671596e+01
35198 0 +5.952532239e+00 +9.889253224e+01 +9.889253224e+01
36978 0 +5.688178657e+00 +9.862817866e+01 +9.862817866e+01
39049 0 +5.405796968e+00 +9.834579697e+01 +9.834579697e+01
39924 0 +5.364565001e+00 +9.830456500e+01 +9.830456500e+01
40505 0 +5.221316703e+00 +9.816131670e+01 +9.816131670e+01
40637 0 +5.114850504e+00 +9.805485050e+01 +9.805485050e+01
40715 0 +4.994065094e+00 +9.793406509e+01 +9.793406509e+01
40798 0 +4.885055000e+00 +9.782505500e+01 +9.782505500e+01
41156 0 +4.758813828e+00 +9.769881383e+01 +9.769881383e+01
41466 0 +4.665105171e+00 +9.760510517e+01 +9.760510517e+01
41506 0 +4.529028239e+00 +9.746902824e+01 +9.746902824e+01
42801 0 +4.460408570e+00 +9.740040857e+01 +9.740040857e+01
42828 0 +4.266859724e+00 +9.720685972e+01 +9.720685972e+01
43413 0 +4.225278545e+00 +9.716527854e+01 +9.716527854e+01
45669 0 +4.157457842e+00 +9.709745784e+01 +9.709745784e+01
45674 0 +4.071016110e+00 +9.701101611e+01 +9.701101611e+01
52942 0 +3.961539274e+00 +9.690153927e+01 +9.690153927e+01
75300 0 +3.834377015e+00 +9.677437702e+01 +9.677437702e+01
75308 0 +3.778264465e+00 +9.671826447e+01 +9.671826447e+01
80213 0 +3.692586714e+00 +9.663258671e+01 +9.663258671e+01
400014 0 +3.647142260e+00 +9.658714226e+01 +9.658714226e+01
% f evaluations | g evaluations | best noise-free fitness - Fopt (3.535000000000e+01) + sum g_i+ | measured fitness | best measured fitness or single-digit g-values | x1 | x2...
1 0 +2.071631794e+03 +2.106981794e+03 +2.106981794e+03
103 0 +1.952991859e+03 +1.988341859e+03 +1.988341859e+03
132 0 +1.918250409e+03 +1.953600409e+03 +1.953600409e+03
135 0 +1.674307168e+03 +1.709657168e+03 +1.709657168e+03
3193 0 +1.626776239e+03 +1.662126239e+03 +1.662126239e+03
3199 0 +1.377064908e+03 +1.412414908e+03 +1.412414908e+03
3610 0 +1.313514224e+03 +1.348864224e+03 +1.348864224e+03
3619 0 +1.115286677e+03 +1.150636677e+03 +1.150636677e+03
3652 0 +1.076032111e+03 +1.111382111e+03 +1.111382111e+03
3678 0 +8.962872564e+02 +9.316372564e+02 +9.316372564e+02
3935 0 +8.016121011e+02 +8.369621011e+02 +8.369621011e+02
4166 0 +7.461481302e+02 +7.814981302e+02 +7.814981302e+02
4228 0 +6.795046228e+02 +7.148546228e+02 +7.148546228e+02
4800 0 +6.632587065e+02 +6.986087065e+02 +6.986087065e+02
4844 0 +6.576566417e+02 +6.930066417e+02 +6.930066417e+02
4932 0 +6.320777570e+02 +6.674277570e+02 +6.674277570e+02
4940 0 +5.105602658e+02 +5.459102658e+02 +5.459102658e+02
5027 0 +4.938524424e+02 +5.292024424e+02 +5.292024424e+02
5218 0 +4.574299067e+02 +4.927799067e+02 +4.927799067e+02
5263 0 +4.335794565e+02 +4.689294565e+02 +4.689294565e+02
5519 0 +3.997541674e+02 +4.351041674e+02 +4.351041674e+02
5605 0 +3.906508902e+02 +4.260008902e+02 +4.260008902e+02
5895 0 +2.545037025e+02 +2.898537025e+02 +2.898537025e+02
5946 0 +2.511197508e+02 +2.864697508e+02 +2.864697508e+02
7158 0 +2.037988145e+02 +2.391488145e+02 +2.391488145e+02
7310 0 +1.964370630e+02 +2.317870630e+02 +2.317870630e+02
7361 0 +1.805079283e+02 +2.158579283e+02 +2.158579283e+02
7493 0 +1.451881691e+02 +1.805381691e+02 +1.805381691e+02
7771 0 +1.304975703e+02 +1.658475703e+02 +1.658475703e+02
7880 0 +1.227343721e+02 +1.580843721e+02 +1.580843721e+02
7950 0 +1.152583940e+02 +1.506083940e+02 +1.506083940e+02
7967 0 +1.142135722e+02 +1.495635722e+02 +1.495635722e+02
8081 0 +1.112212586e+02 +1.465712586e+02 +1.465712586e+02
8310 0 +1.026464989e+02 +1.379964989e+02 +1.379964989e+02
8344 0 +1.007711564e+02 +1.361211564e+02 +1.361211564e+02
8391 0 +9.928949915e+01 +1.346394991e+02 +1.346394991e+02
8822 0 +8.332162541e+01 +1.186716254e+02 +1.186716254e+02
8863 0 +8.081686612e+01 +1.161668661e+02 +1.161668661e+02
9122 0 +7.466665321e+01 +1.100166532e+02 +1.100166532e+02
9824 0 +7.393019381e+01 +1.092801938e+02 +1.092801938e+02
9966 0 +6.565108450e+01 +1.010010845e+02 +1.010010845e+02
10029 0 +6.398337435e+01 +9.933337435e+01 +9.933337435e+01
10167 0 +5.043489501e+01 +8.578489501e+01 +8.578489501e+01
10232 0 +4.650010629e+01 +8.185010629e+01 +8.185010629e+01
10377 0 +4.519591296e+01 +8.054591296e+01 +8.054591296e+01
10381 0 +4.310864818e+01 +7.845864818e+01 +7.845864818e+01
11992 0 +4.132411858e+01 +7.667411858e+01 +7.667411858e+01
12640 0 +3.944531450e+01 +7.479531450e+01 +7.479531450e+01
13144 0 +3.771121859e+01 +7.306121859e+01 +7.306121859e+01
13192 0 +3.617183121e+01 +7.152183121e+01 +7.152183121e+01
13986 0 +3.430180853e+01 +6.965180853e+01 +6.965180853e+01
14053 0 +3.101476736e+01 +6.636476736e+01 +6.636476736e+01
14617 0 +2.899378510e+01 +6.434378510e+01 +6.434378510e+01
14706 0 +2.791008679e+01 +6.326008679e+01 +6.326008679e+01
14741 0 +2.693599765e+01 +6.228599765e+01 +6.228599765e+01
14903 0 +2.615168288e+01 +6.150168288e+01 +6.150168288e+01
15020 0 +2.531820285e+01 +6.066820285e+01 +6.066820285e+01
15029 0 +2.346782246e+01 +5.881782246e+01 +5.881782246e+01
15490 0 +2.252952212e+01 +5.787952212e+01 +5.787952212e+01
16670 0 +2.169483155e+01 +5.704483155e+01 +5.704483155e+01
16775 0 +1.864581333e+01 +5.399581333e+01 +5.399581333e+01
18277 0 +1.511704499e+01 +5.046704499e+01 +5.046704499e+01
19665 0 +1.345957222e+01 +4.880957222e+01 +4.880957222e+01
20715 0 +1.149089212e+01 +4.684089212e+01 +4.684089212e+01
20836 0 +1.061365717e+01 +4.596365717e+01 +4.596365717e+01
25092 0 +1.014756653e+01 +4.549756653e+01 +4.549756653e+01
27209 0 +8.011379975e+00 +4.336137997e+01 +4.336137997e+01
28129 0 +7.582634894e+00 +4.293263489e+01 +4.293263489e+01
30507 0 +7.252484567e+00 +4.260248457e+01 +4.260248457e+01
30562 0 +6.929943092e+00 +4.227994309e+01 +4.227994309e+01
30575 0 +6.636518793e+00 +4.198651879e+01 +4.198651879e+01
30807 0 +6.342202034e+00 +4.169220203e+01 +4.169220203e+01
30947 0 +5.313108462e+00 +4.066310846e+01 +4.066310846e+01
31876 0 +5.155064714e+00 +4.050506471e+01 +4.050506471e+01
35797 0 +4.909083096e+00 +4.025908310e+01 +4.025908310e+01
36036 0 +4.702613514e+00 +4.005261351e+01 +4.005261351e+01
37007 0 +4.495876193e+00 +3.984587619e+01 +3.984587619e+01
37880 0 +4.455949534e+00 +3.980594953e+01 +3.980594953e+01
38094 0 +4.313269263e+00 +3.966326926e+01 +3.966326926e+01
42961 0 +4.228055131e+00 +3.957805513e+01 +3.957805513e+01
43160 0 +4.160327216e+00 +3.951032722e+01 +3.951032722e+01
43291 0 +4.069718027e+00 +3.941971803e+01 +3.941971803e+01
43815 0 +3.965429120e+00 +3.931542912e+01 +3.931542912e+01
47666 0 +3.881260565e+00 +3.923126057e+01 +3.923126057e+01
236047 0 +3.777310866e+00 +3.912731087e+01 +3.912731087e+01
400013 0 +3.777310866e+00 +3.912731087e+01 +3.912731087e+01
% f evaluations | g evaluations | best noise-free fitness - Fopt (3.820000000000e+00) + sum g_i+ | measured fitness | best measured fitness or single-digit g-values | x1 | x2...
1 0 +1.397016808e+03 +1.400836808e+03 +1.400836808e+03
102 0 +1.356502244e+03 +1.360322244e+03 +1.360322244e+03
107 0 +1.281752867e+03 +1.285572867e+03 +1.285572867e+03
115 0 +1.167624947e+03 +1.171444947e+03 +1.171444947e+03
167 0 +1.047078285e+03 +1.050898285e+03 +1.050898285e+03
3217 0 +1.013726181e+03 +1.017546181e+03 +1.017546181e+03
3293 0 +8.462620917e+02 +8.500820917e+02 +8.500820917e+02
3511 0 +6.802888527e+02 +6.841088527e+02 +6.841088527e+02
4199 0 +6.610611084e+02 +6.648811084e+02 +6.648811084e+02
4339 0 +5.995853020e+02 +6.034053020e+02 +6.034053020e+02
4357 0 +5.587544051e+02 +5.625744051e+02 +5.625744051e+02
4400 0 +5.408741163e+02 +5.446941163e+02 +5.446941163e+02
4416 0 +4.797426838e+02 +4.835626838e+02 +4.835626838e+02
4489 0 +4.541429580e+02 +4.579629580e+02 +4.579629580e+02
4702 0 +3.761415942e+02 +3.799615942e+02 +3.799615942e+02
5111 0 +3.528378129e+02 +3.566578129e+02 +3.566578129e+02
5825 0 +3.462050419e+02 +3.500250419e+02 +3.500250419e+02
5827 0 +3.245525987e+02 +3.283725987e+02 +3.283725987e+02
5879 0 +2.445581486e+02 +2.483781486e+02 +2.483781486e+02
5886 0 +1.995979990e+02 +2.034179990e+02 +2.034179990e+02
6386 0 +1.927740062e+02 +1.965940062e+02 +1.965940062e+02
7163 0 +1.881533432e+02 +1.919733432e+02 +1.919733432e+02
7209 0 +1.818138612e+02 +1.856338612e+02 +1.856338612e+02
7238 0 +1.772391370e+02 +1.810591370e+02 +1.810591370e+02
7262 0 +1.640058980e+02 +1.678258980e+02 +1.678258980e+02
7270 0 +1.608962198e+02 +1.647162198e+02 +1.647162198e+02
7352 0 +1.553249210e+02 +1.591449210e+02 +1.591449210e+02
7628 0 +1.400805557e+02 +1.439005557e+02 +1.439005557e+02
7784 0 +1.379900081e+02 +1.418100081e+02 +1.418100081e+02
7815 0 +1.326726581e+02 +1.364926581e+02 +1.364926581e+02
7860 0 +1.216157788e+02 +1.254357788e+02 +1.254357788e+02
8145 0 +1.159368031e+02 +1.197568031e+02 +1.197568031e+02
9193 0 +1.115574324e+02 +1.153774324e+02 +1.153774324e+02
9326 0 +1.058451737e+02 +1.096651737e+02 +1.096651737e+02
9477 0 +8.330645781e+01 +8.712645781e+01 +8.712645781e+01
9640 0 +8.238229790e+01 +8.620229790e+01 +8.620229790e+01
10278 0 +7.947141377e+01 +8.329141377e+01 +8.329141377e+01
10470 0 +6.630042254e+01 +7.012042254e+01 +7.012042254e+01
13566 0 +6.075779197e+01 +6.457779197e+01 +6.457779197e+01
14151 0 +5.581722682e+01 +5.963722682e+01 +5.963722682e+01
14350 0 +5.138191133e+01 +5.520191133e+01 +5.520191133e+01
15058 0 +5.109574580e+01 +5.491574580e+01 +5.491574580e+01
15114 0 +4.729230746e+01 +5.111230746e+01 +5.111230746e+01
15256 0 +4.451866336e+01 +4.833866336e+01 +4.833866336e+01
15291 0 +3.455265249e+01 +3.837265249e+01 +3.837265249e+01
16643 0 +2.954514220e+01 +3.336514220e+01 +3.336514220e+01
16803 0 +2.945107553e+01 +3.327107553e+01 +3.327107553e+01
19383 0 +2.817368013e+01 +3.199368013e+01 +3.199368013e+01
20166 0 +2.597931966e+01 +2.979931966e+01 +2.979931966e+01
20196 0 +2.565287280e+01 +2.947287280e+01 +2.947287280e+01
20272 0 +2.395220053e+01 +2.777220053e+01 +2.777220053e+01
21325 0 +2.164762084e+01 +2.546762084e+01 +2.546762084e+01
21413 0 +1.900275816e+01 +2.282275816e+01 +2.282275816e+01
21523 0 +1.738185929e+01 +2.120185929e+01 +2.120185929e+01
21638 0 +1.695750622e+01 +2.077750622e+01 +2.077750622e+01
21773 0 +1.645927737e+01 +2.027927737e+01 +2.027927737e+01
22202 0 +1.294675642e+01 +1.676675642e+01 +1.676675642e+01
23561 0 +1.177279458e+01 +1.559279458e+01 +1.559279458e+01
24980 0 +1.023277752e+01 +1.405277752e+01 +1.405277752e+01
29020 0 +9.993771849e+00 +1.381377185e+01 +1.381377185e+01
29792 0 +9.664133178e+00 +1.348413318e+01 +1.348413318e+01
31159 0 +9.161104273e+00 +1.298110427e+01 +1.298110427e+01
32097 0 +8.692718754e+00 +1.251271875e+01 +1.251271875e+01
32302 0 +8.142770340e+00 +1.196277034e+01 +1.196277034e+01
33608 0 +8.122741332e+00 +1.194274133e+01 +1.194274133e+01
34084 0 +7.724209456e+00 +1.154420946e+01 +1.154420946e+01
35891 0 +7.463254374e+00 +1.128325437e+01 +1.128325437e+01
36024 0 +7.377748856e+00 +1.119774886e+01 +1.119774886e+01
36113 0 +7.203617619e+00 +1.102361762e+01 +1.102361762e+01
37847 0 +6.931568009e+00 +1.075156801e+01 +1.075156801e+01
38036 0 +6.895137549e+00 +1.071513755e+01 +1.071513755e+01
38103 0 +6.634783270e+00 +1.045478327e+01 +1.045478327e+01
39316 0 +6.576626901e+00 +1.039662690e+01 +1.039662690e+01
39702 0 +6.440003082e+00 +1.026000308e+01 +1.026000308e+01
39731 0 +6.303251421e+00 +1.012325142e+01 +1.012325142e+01
40316 0 +6.157824631e+00 +9.977824631e+00 +9.977824631e+00
40559 0 +5.959354553e+00 +9.779354553e+00 +9.779354553e+00
45421 0 +5.880713787e+00 +9.700713787e+00 +9.700713787e+00
45945 0 +5.644910124e+00 +9.464910124e+00 +9.464910124e+00
46040 0 +5.512822605e+00 +9.332822605e+00 +9.332822605e+00
47686 0 +5.451246055e+00 +9.271246055e+00 +9.271246055e+00
55486 0 +5.369966726e+00 +9.189966726e+00 +9.189966726e+00
112861 0 +4.966660321e+00 +8.786660321e+00 +8.786660321e+00
400012 0 +4.966660321e+00 +8.786660321e+00 +8.786660321e+00
% f evaluations | g evaluations | best noise-free fitness - Fopt (2.175000000000e+01) + sum g_i+ | measured fitness | best measured fitness or single-digit g-values | x1 | x2...
1 0 +1.746062931e+03 +1.767812931e+03 +1.767812931e+03
25 0 +1.429682353e+03 +1.451432353e+03 +1.451432353e+03
88 0 +1.360445472e+03 +1.382195472e+03 +1.382195472e+03
391 0 +1.287531081e+03 +1.309281081e+03 +1.309281081e+03
403 0 +1.199976349e+03 +1.221726349e+03 +1.221726349e+03
1096 0 +1.167990718e+03 +1.189740718e+03 +1.189740718e+03
2223 0 +1.147906207e+03 +1.169656207e+03 +1.169656207e+03
2321 0 +1.089309581e+03 +1.111059581e+03 +1.111059581e+03
2328 0 +1.066524113e+03 +1.088274113e+03 +1.088274113e+03
2364 0 +1.041811576e+03 +1.063561576e+03 +1.063561576e+03
2539 0 +7.016655145e+02 +7.234155145e+02 +7.234155145e+02
2795 0 +5.886614425e+02 +6.104114425e+02 +6.104114425e+02
2839 0 +5.600728895e+02 +5.818228895e+02 +5.818228895e+02
2872 0 +5.417329554e+02 +5.634829554e+02 +5.634829554e+02
2890 0 +5.295212796e+02 +5.512712796e+02 +5.512712796e+02
2984 0 +4.732556654e+02 +4.950056654e+02 +4.950056654e+02
3053 0 +3.824780489e+02 +4.042280489e+02 +4.042280489e+02
4454 0 +3.650891533e+02 +3.868391533e+02 +3.868391533e+02
5283 0 +3.562988657e+02 +3.780488657e+02 +3.780488657e+02
5307 0 +3.510966195e+02 +3.728466195e+02 +3.728466195e+02
5462 0 +3.016958828e+02 +3.234458828e+02 +3.234458828e+02
5496 0 +2.389971213e+02 +2.607471213e+02 +2.607471213e+02
6056 0 +2.268013549e+02 +2.485513549e+02 +2.485513549e+02
6065 0 +1.582517856e+02 +1.800017856e+02 +1.800017856e+02
6423 0 +1.528307029e+02 +1.745807029e+02 +1.745807029e+02
6662 0 +1.287760198e+02 +1.505260198e+02 +1.505260198e+02
8211 0 +1.194577335e+02 +1.412077335e+02 +1.412077335e+02
8502 0 +1.171013473e+02 +1.388513473e+02 +1.388513473e+02
9299 0 +1.038142192e+02 +1.255642192e+02 +1.255642192e+02
9313 0 +9.477045547e+01 +1.165204555e+02 +1.165204555e+02
9602 0 +9.176555269e+01 +1.135155527e+02 +1.135155527e+02
9616 0 +9.047725265e+01 +1.122272526e+02 +1.122272526e+02
9676 0 +5.480871389e+01 +7.655871389e+01 +7.655871389e+01
12695 0 +4.154694066e+01 +6.329694066e+01 +6.329694066e+01
12984 0 +4.069784378e+01 +6.244784378e+01 +6.244784378e+01
13078 0 +3.766320540e+01 +5.941320540e+01 +5.941320540e+01
13384 0 +3.450311065e+01 +5.625311065e+01 +5.625311065e+01
13406 0 +3.262958243e+01 +5.437958243e+01 +5.437958243e+01
13444 0 +3.192242648e+01 +5.367242648e+01 +5.367242648e+01
13469 0 +2.684530753e+01 +4.859530753e+01 +4.859530753e+01
16976 0 +2.356185801e+01 +4.531185801e+01 +4.531185801e+01
19181 0 +2.253417405e+01 +4.428417405e+01 +4.428417405e+01
19345 0 +2.115924460e+01 +4.290924460e+01 +4.290924460e+01
19357 0 +2.016474478e+01 +4.191474478e+01 +4.191474478e+01
19692 0 +1.943140947e+01 +4.118140947e+01 +4.118140947e+01
22005 0 +1.890963728e+01 +4.065963728e+01 +4.065963728e+01
22325 0 +1.628072556e+01 +3.803072556e+01 +3.803072556e+01
22342 0 +1.439674195e+01 +3.614674195e+01 +3.614674195e+01
23315 0 +1.361666053e+01 +3.536666053e+01 +3.536666053e+01
23815 0 +1.044245528e+01 +3.219245528e+01 +3.219245528e+01
29000 0 +1.018462578e+01 +3.193462578e+01 +3.193462578e+01
30694 0 +8.984820717e+00 +3.073482072e+01 +3.073482072e+01
31761 0 +8.312612494e+00 +3.006261249e+01 +3.006261249e+01
33069 0 +7.858635237e+00 +2.960863524e+01 +2.960863524e+01
33380 0 +7.293226861e+00 +2.904322686e+01 +2.904322686e+01
33973 0 +7.241441922e+00 +2.899144192e+01 +2.899144192e+01
35978 0 +7.065225946e+00 +2.881522595e+01 +2.881522595e+01
36356 0 +6.661106711e+00 +2.841110671e+01 +2.841110671e+01
37098 0 +6.207255423e+00 +2.795725542e+01 +2.795725542e+01
37250 0 +5.942926848e+00 +2.769292685e+01 +2.769292685e+01
38804 0 +5.705851505e+00 +2.745585150e+01 +2.745585150e+01
39124 0 +5.611301605e+00 +2.736130160e+01 +2.736130160e+01
39232 0 +4.896692469e+00 +2.664669247e+01 +2.664669247e+01
40309 0 +4.763934331e+00 +2.651393433e+01 +2.651393433e+01
40869 0 +4.485961492e+00 +2.623596149e+01 +2.623596149e+01
42728 0 +4.141396857e+00 +2.589139686e+01 +2.589139686e+01
43503 0 +4.058322999e+00 +2.580832300e+01 +2.580832300e+01
43773 0 +3.581786917e+00 +2.533178692e+01 +2.533178692e+01
44075 0 +3.513044820e+00 +2.526304482e+01 +2.526304482e+01
44088 0 +2.909597735e+00 +2.465959774e+01 +2.465959774e+01
44125 0 +2.835312802e+00 +2.458531280e+01 +2.458531280e+01
48883 0 +2.808183127e+00 +2.455818313e+01 +2.455818313e+01
49847 0 +2.744590207e+00 +2.449459021e+01 +2.449459021e+01
51698 0 +2.689937068e+00 +2.443993707e+01 +2.443993707e+01
54932 0 +2.623242504e+00 +2.437324250e+01 +2.437324250e+01
55056 0 +2.546071940e+00 +2.429607194e+01 +2.429607194e+01
55389 0 +2.494012747e+00 +2.424401275e+01 +2.424401275e+01
60904 0 +2.427211743e+00 +2.417721174e+01 +2.417721174e+01
86245 0 +2.396200960e+00 +2.414620096e+01 +2.414620096e+01
400008 0 +2.368464139e+00 +2.411846414e+01 +2.411846414e+01
% f evaluations | g evaluations | best noise-free fitness - Fopt (6.479000000000e+01) + sum g_i+ | measured fitness | best measured fitness or single-digit g-values | x1 | x2...
1 0 +2.323444095e+03 +2.388234095e+03 +2.388234095e+03
118 0 +2.226254394e+03 +2.291044394e+03 +2.291044394e+03
152 0 +1.496213395e+03 +1.561003395e+03 +1.561003395e+03
2357 0 +1.341984782e+03 +1.406774782e+03 +1.406774782e+03
2430 0 +1.107411229e+03 +1.172201229e+03 +1.172201229e+03
2723 0 +9.913375792e+02 +1.056127579e+03 +1.056127579e+03
2864 0 +7.762234768e+02 +8.410134768e+02 +8.410134768e+02
2921 0 +6.758107457e+02 +7.406007457e+02 +7.406007457e+02
3161 0 +6.399633624e+02 +7.047533624e+02 +7.047533624e+02
4382 0 +6.296319422e+02 +6.944219422e+02 +6.944219422e+02
4530 0 +5.717904972e+02 +6.365804972e+02 +6.365804972e+02
4597 0 +5.496575443e+02 +6.144475443e+02 +6.144475443e+02
4837 0 +4.905391574e+02 +5.553291574e+02 +5.553291574e+02
4853 0 +4.397648732e+02 +5.045548732e+02 +5.045548732e+02
5135 0 +4.065131672e+02 +4.713031672e+02 +4.713031672e+02
6032 0 +3.865533803e+02 +4.513433803e+02 +4.513433803e+02
6040 0 +3.662039358e+02 +4.309939358e+02 +4.309939358e+02
6043 0 +3.300101338e+02 +3.948001338e+02 +3.948001338e+02
6070 0 +3.111133815e+02 +3.759033815e+02 +3.759033815e+02
6130 0 +2.873930084e+02 +3.521830084e+02 +3.521830084e+02
6281 0 +2.425638160e+02 +3.073538160e+02 +3.073538160e+02
7149 0 +2.389995631e+02 +3.037895631e+02 +3.037895631e+02
7427 0 +2.340525032e+02 +2.988425032e+02 +2.988425032e+02
7457 0 +1.796936365e+02 +2.444836365e+02 +2.444836365e+02
7641 0 +1.688962582e+02 +2.336862582e+02 +2.336862582e+02
7654 0 +1.554937684e+02 +2.202837684e+02 +2.202837684e+02
7815 0 +1.362854072e+02 +2.010754072e+02 +2.010754072e+02
8067 0 +1.272998265e+02 +1.920898265e+02 +1.920898265e+02
8244 0 +1.168149559e+02 +1.816049559e+02 +1.816049559e+02
10592 0 +1.115279281e+02 +1.763179281e+02 +1.763179281e+02
10610 0 +1.023273725e+02 +1.671173725e+02 +1.671173725e+02
10686 0 +9.271146325e+01 +1.575014632e+02 +1.575014632e+02
11371 0 +8.272862568e+01 +1.475186257e+02 +1.475186257e+02
11475 0 +6.829220727e+01 +1.330822073e+02 +1.330822073e+02
12005 0 +5.449956227e+01 +1.192895623e+02 +1.192895623e+02
12125 0 +4.381951913e+01 +1.086095191e+02 +1.086095191e+02
12709 0 +4.026259128e+01 +1.050525913e+02 +1.050525913e+02
12942 0 +3.321736612e+01 +9.800736612e+01 +9.800736612e+01
13081 0 +2.653223281e+01 +9.132223281e+01 +9.132223281e+01
15199 0 +2.549525102e+01 +9.028525102e+01 +9.028525102e+01
15520 0 +2.126919069e+01 +8.605919069e+01 +8.605919069e+01
17614 0 +1.873885635e+01 +8.352885635e+01 +8.352885635e+01
18178 0 +1.749715898e+01 +8.228715898e+01 +8.228715898e+01
18378 0 +1.452536992e+01 +7.931536992e+01 +7.931536992e+01
19045 0 +1.436185325e+01 +7.915185325e+01 +7.915185325e+01
20247 0 +1.325079733e+01 +7.804079733e+01 +7.804079733e+01
21129 0 +1.263664515e+01 +7.742664515e+01 +7.742664515e+01
21131 0 +1.221438459e+01 +7.700438459e+01 +7.700438459e+01
21219 0 +1.152653294e+01 +7.631653294e+01 +7.631653294e+01
24220 0 +1.107652263e+01 +7.586652263e+01 +7.586652263e+01
24499 0 +1.072521183e+01 +7.551521183e+01 +7.551521183e+01
24778 0 +1.063158377e+01 +7.542158377e+01 +7.542158377e+01
24965 0 +8.940942648e+00 +7.373094265e+01 +7.373094265e+01
25297 0 +8.555536399e+00 +7.334553640e+01 +7.334553640e+01
25322 0 +8.224338994e+00 +7.301433899e+01 +7.301433899e+01
25332 0 +7.562833705e+00 +7.235283370e+01 +7.235283370e+01
27067 0 +6.484516674e+00 +7.127451667e+01 +7.127451667e+01
36344 0 +6.241903572e+00 +7.103190357e+01 +7.103190357e+01
36476 0 +5.402625668e+00 +7.019262567e+01 +7.019262567e+01
36981 0 +5.279807799e+00 +7.006980780e+01 +7.006980780e+01
37005 0 +5.180764863e+00 +6.997076486e+01 +6.997076486e+01
37286 0 +5.068446938e+00 +6.985844694e+01 +6.985844694e+01
37326 0 +4.872522703e+00 +6.966252270e+01 +6.966252270e+01
38145 0 +4.634117678e+00 +6.942411768e+01 +6.942411768e+01
38235 0 +4.509973071e+00 +6.929997307e+01 +6.929997307e+01
38388 0 +4.129895271e+00 +6.891989527e+01 +6.891989527e+01
39773 0 +3.944229346e+00 +6.873422935e+01 +6.873422935e+01
46960 0 +3.771979119e+00 +6.856197912e+01 +6.856197912e+01
48603 0 +3.707560868e+00 +6.849756087e+01 +6.849756087e+01
50240 0 +3.623107006e+00 +6.841310701e+01 +6.841310701e+01
50328 0 +3.528826477e+00 +6.831882648e+01 +6.831882648e+01
50475 0 +3.465261490e+00 +6.825526149e+01 +6.825526149e+01
50669 0 +3.321582908e+00 +6.811158291e+01 +6.811158291e+01
59547 0 +3.302852109e+00 +6.809285211e+01 +6.809285211e+01
70733 0 +3.233012165e+00 +6.802301216e+01 +6.802301216e+01
70912 0 +3.157947705e+00 +6.794794770e+01 +6.794794770e+01
134183 0 +3.089086327e+00 +6.787908633e+01 +6.787908633e+01
400012 0 +3.064582060e+00 +6.785458206e+01 +6.785458206e+01
% f evaluations | g evaluations | best noise-free fitness - Fopt (-1.000000000000e+03) + sum g_i+ | measured fitness | best measured fitness or single-digit g-values | x1 | x2...
1 0 +1.767038502e+03 +7.670385024e+02 +7.670385024e+02
107 0 +1.430924118e+03 +4.309241176e+02 +4.309241176e+02
277 0 +1.286443446e+03 +2.864434456e+02 +2.864434456e+02
2462 0 +1.075587880e+03 +7.558787980e+01 +7.558787980e+01
2656 0 +9.305887471e+02 -6.941125290e+01 -6.941125290e+01
2788 0 +8.390601440e+02 -1.609398560e+02 -1.609398560e+02
3595 0 +7.923127566e+02 -2.076872434e+02 -2.076872434e+02
3609 0 +7.326470003e+02 -2.673529997e+02 -2.673529997e+02
3624 0 +6.634883901e+02 -3.365116099e+02 -3.365116099e+02
3929 0 +6.537818185e+02 -3.462181815e+02 -3.462181815e+02
3941 0 +5.576354317e+02 -4.423645683e+02 -4.423645683e+02
3993 0 +5.453450715e+02 -4.546549285e+02 -4.546549285e+02
4095 0 +5.146894470e+02 -4.853105530e+02 -4.853105530e+02
4162 0 +4.574507911e+02 -5.425492089e+02 -5.425492089e+02
4379 0 +4.408032173e+02 -5.591967827e+02 -5.591967827e+02
4397 0 +4.257106928e+02 -5.742893072e+02 -5.742893072e+02
4433 0 +3.700769547e+02 -6.299230453e+02 -6.299230453e+02
4955 0 +3.607043843e+02 -6.392956157e+02 -6.392956157e+02
5614 0 +3.426520730e+02 -6.573479270e+02 -6.573479270e+02
5649 0 +3.239772098e+02 -6.760227902e+02 -6.760227902e+02
5736 0 +3.226889507e+02 -6.773110493e+02 -6.773110493e+02
5900 0 +3.101666701e+02 -6.898333299e+02 -6.898333299e+02
6138 0 +3.009007002e+02 -6.990992998e+02 -6.990992998e+02
6225 0 +2.663808829e+02 -7.336191171e+02 -7.336191171e+02
6376 0 +2.582313464e+02 -7.417686536e+02 -7.417686536e+02
6433 0 +2.259353521e+02 -7.740646479e+02 -7.740646479e+02
6602 0 +2.116567486e+02 -7.883432514e+02 -7.883432514e+02
6856 0 +1.862282463e+02 -8.137717537e+02 -8.137717537e+02
7085 0 +1.720004849e+02 -8.279995151e+02 -8.279995151e+02
7373 0 +1.670084434e+02 -8.329915566e+02 -8.329915566e+02
8125 0 +1.646685110e+02 -8.353314890e+02 -8.353314890e+02
8416 0 +1.554512455e+02 -8.445487545e+02 -8.445487545e+02
8435 0 +1.299638062e+02 -8.700361938e+02 -8.700361938e+02
9297 0 +1.242776712e+02 -8.757223288e+02 -8.757223288e+02
9446 0 +1.166110653e+02 -8.833889347e+02 -8.833889347e+02
9567 0 +1.069320619e+02 -8.930679381e+02 -8.930679381e+02
9766 0 +8.972688342e+01 -9.102731166e+02 -9.102731166e+02
9917 0 +6.698836845e+01 -9.330116316e+02 -9.330116316e+02
11088 0 +6.073676661e+01 -9.392632334e+02 -9.392632334e+02
11215 0 +5.599919396e+01 -9.440008060e+02 -9.440008060e+02
11361 0 +5.391483396e+01 -9.460851660e+02 -9.460851660e+02
11670 0 +5.264570652e+01 -9.473542935e+02 -9.473542935e+02
11717 0 +4.885549422e+01 -9.511445058e+02 -9.511445058e+02
11753 0 +4.663070342e+01 -9.533692966e+02 -9.533692966e+02
11837 0 +4.340599162e+01 -9.565940084e+02 -9.565940084e+02
11841 0 +4.215752678e+01 -9.578424732e+02 -9.578424732e+02
12295 0 +3.880965784e+01 -9.611903422e+02 -9.611903422e+02
13531 0 +3.021771573e+01 -9.697822843e+02 -9.697822843e+02
14631 0 +2.913949907e+01 -9.708605009e+02 -9.708605009e+02
14895 0 +2.832863185e+01 -9.716713682e+02 -9.716713682e+02
14908 0 +2.729616230e+01 -9.727038377e+02 -9.727038377e+02
14963 0 +2.306113196e+01 -9.769388680e+02 -9.769388680e+02
15219 0 +2.023222862e+01 -9.797677714e+02 -9.797677714e+02
16327 0 +1.771189870e+01 -9.822881013e+02 -9.822881013e+02
17378 0 +1.618420988e+01 -9.838157901e+02 -9.838157901e+02
18514 0 +1.507454081e+01 -9.849254592e+02 -9.849254592e+02
18821 0 +1.459750176e+01 -9.854024982e+02 -9.854024982e+02
19564 0 +1.346989509e+01 -9.865301049e+02 -9.865301049e+02
19749 0 +1.098472982e+01 -9.890152702e+02 -9.890152702e+02
20642 0 +1.072561572e+01 -9.892743843e+02 -9.892743843e+02
20873 0 +9.921449066e+00 -9.900785509e+02 -9.900785509e+02
22009 0 +9.676397922e+00 -9.903236021e+02 -9.903236021e+02
22150 0 +8.906551756e+00 -9.910934482e+02 -9.910934482e+02
22391 0 +8.371166848e+00 -9.916288332e+02 -9.916288332e+02
22408 0 +8.197952406e+00 -9.918020476e+02 -9.918020476e+02
22635 0 +7.060244821e+00 -9.929397552e+02 -9.929397552e+02
25233 0 +6.532353707e+00 -9.934676463e+02 -9.934676463e+02
25953 0 +5.829564583e+00 -9.941704354e+02 -9.941704354e+02
31480 0 +5.582633223e+00 -9.944173668e+02 -9.944173668e+02
32921 0 +5.491933270e+00 -9.945080667e+02 -9.945080667e+02
33136 0 +4.933533429e+00 -9.950664666e+02 -9.950664666e+02
33827 0 +4.652715247e+00 -9.953472848e+02 -9.953472848e+02
34011 0 +4.215964926e+00 -9.957840351e+02 -9.957840351e+02
43815 0 +4.158886942e+00 -9.958411131e+02 -9.958411131e+02
44338 0 +4.054234901e+00 -9.959457651e+02 -9.959457651e+02
46143 0 +3.911113053e+00 -9.960888869e+02 -9.960888869e+02
46156 0 +3.853153973e+00 -9.961468460e+02 -9.961468460e+02
51614 0 +3.789666071e+00 -9.962103339e+02 -9.962103339e+02
58321 0 +3.682201185e+00 -9.963177988e+02 -9.963177988e+02
58339 0 +3.573955127e+00 -9.964260449e+02 -9.964260449e+02
58357 0 +3.536856706e+00 -9.964631433e+02 -9.964631433e+02
59022 0 +3.456656834e+00 -9.965433432e+02 -9.965433432e+02
61764 0 +3.373016780e+00 -9.966269832e+02 -9.966269832e+02
65879 0 +3.306326939e+00 -9.966936731e+02 -9.966936731e+02
66495 0 +3.225511293e+00 -9.967744887e+02 -9.967744887e+02
70880 0 +3.140770474e+00 -9.968592295e+02 -9.968592295e+02
96465 0 +3.034501106e+00 -9.969654989e+02 -9.969654989e+02
98969 0 +3.002632635e+00 -9.969973674e+02 -9.969973674e+02
98984 0 +2.950456434e+00 -9.970495436e+02 -9.970495436e+02
99331 0 +2.875982585e+00 -9.971240174e+02 -9.971240174e+02
99506 0 +2.809063023e+00 -9.971909370e+02 -9.971909370e+02
99807 0 +2.739182791e+00 -9.972608172e+02 -9.972608172e+02
100826 0 +2.647623490e+00 -9.973523765e+02 -9.973523765e+02
102299 0 +2.607084521e+00 -9.973929155e+02 -9.973929155e+02
106140 0 +2.566010727e+00 -9.974339893e+02 -9.974339893e+02
143013 0 +2.508007886e+00 -9.974919921e+02 -9.974919921e+02
245820 0 +2.443789996e+00 -9.975562100e+02 -9.975562100e+02
325883 0 +2.390968615e+00 -9.976090314e+02 -9.976090314e+02
325913 0 +2.343676210e+00 -9.976563238e+02 -9.976563238e+02
326409 0 +2.243698979e+00 -9.977563010e+02 -9.977563010e+02
328781 0 +2.224682358e+00 -9.977753176e+02 -9.977753176e+02
388816 0 +2.161466938e+00 -9.978385331e+02 -9.978385331e+02
388977 0 +2.129181583e+00 -9.978708184e+02 -9.978708184e+02
389263 0 +2.032860742e+00 -9.979671393e+02 -9.979671393e+02
389643 0 +1.983724544e+00 -9.980162755e+02 -9.980162755e+02
389869 0 +1.933940325e+00 -9.980660597e+02 -9.980660597e+02
392273 0 +1.901927265e+00 -9.980980727e+02 -9.980980727e+02
392775 0 +1.859192386e+00 -9.981408076e+02 -9.981408076e+02
399576 0 +1.812192371e+00 -9.981878076e+02 -9.981878076e+02
400003 0 +1.812192371e+00 -9.981878076e+02 -9.981878076e+02
% f evaluations | g evaluations | best noise-free fitness - Fopt (1.640700000000e+02) + sum g_i+ | measured fitness | best measured fitness or single-digit g-values | x1 | x2...
1 0 +2.092848971e+03 +2.256918971e+03 +2.256918971e+03
25 0 +1.895683695e+03 +2.059753695e+03 +2.059753695e+03
1065 0 +1.802765266e+03 +1.966835266e+03 +1.966835266e+03
1298 0 +1.556455463e+03 +1.720525463e+03 +1.720525463e+03
2615 0 +1.347137370e+03 +1.511207370e+03 +1.511207370e+03
2642 0 +1.314379908e+03 +1.478449908e+03 +1.478449908e+03
2731 0 +1.208378250e+03 +1.372448250e+03 +1.372448250e+03
3040 0 +1.197040067e+03 +1.361110067e+03 +1.361110067e+03
3052 0 +9.798718871e+02 +1.143941887e+03 +1.143941887e+03
3166 0 +9.558770280e+02 +1.119947028e+03 +1.119947028e+03
3173 0 +9.457321050e+02 +1.109802105e+03 +1.109802105e+03
3220 0 +9.324720067e+02 +1.096542007e+03 +1.096542007e+03
3243 0 +8.408738940e+02 +1.004943894e+03 +1.004943894e+03
3286 0 +7.837182189e+02 +9.477882189e+02 +9.477882189e+02
4424 0 +6.952893970e+02 +8.593593970e+02 +8.593593970e+02
4565 0 +6.493743041e+02 +8.134443041e+02 +8.134443041e+02
4605 0 +5.046368222e+02 +6.687068222e+02 +6.687068222e+02
4737 0 +4.130637557e+02 +5.771337557e+02 +5.771337557e+02
5860 0 +4.004977280e+02 +5.645677280e+02 +5.645677280e+02
6486 0 +3.887407048e+02 +5.528107048e+02 +5.528107048e+02
6766 0 +3.530207595e+02 +5.170907595e+02 +5.170907595e+02
6781 0 +3.271640383e+02 +4.912340383e+02 +4.912340383e+02
6870 0 +3.020035025e+02 +4.660735025e+02 +4.660735025e+02
7389 0 +2.785704747e+02 +4.426404747e+02 +4.426404747e+02
8639 0 +2.705085843e+02 +4.345785843e+02 +4.345785843e+02
8699 0 +2.607114844e+02 +4.247814844e+02 +4.247814844e+02
8715 0 +2.215226720e+02 +3.855926720e+02 +3.855926720e+02
8800 0 +2.144984105e+02 +3.785684105e+02 +3.785684105e+02
9780 0 +2.065442721e+02 +3.706142721e+02 +3.706142721e+02
10075 0 +2.003665684e+02 +3.644365684e+02 +3.644365684e+02
10112 0 +1.901553886e+02 +3.542253886e+02 +3.542253886e+02
10170 0 +1.634658324e+02 +3.275358324e+02 +3.275358324e+02
10359 0 +1.525209986e+02 +3.165909986e+02 +3.165909986e+02
10664 0 +1.467284617e+02 +3.107984617e+02 +3.107984617e+02
10680 0 +1.308306714e+02 +2.949006714e+02 +2.949006714e+02
11064 0 +1.184200340e+02 +2.824900340e+02 +2.824900340e+02
11192 0 +1.001897722e+02 +2.642597722e+02 +2.642597722e+02
11337 0 +9.524675953e+01 +2.593167595e+02 +2.593167595e+02
12044 0 +5.734840015e+01 +2.214184001e+02 +2.214184001e+02
13236 0 +5.504946566e+01 +2.191194657e+02 +2.191194657e+02
13442 0 +3.535906937e+01 +1.994290694e+02 +1.994290694e+02
15037 0 +3.345826474e+01 +1.975282647e+02 +1.975282647e+02
15125 0 +2.616158119e+01 +1.902315812e+02 +1.902315812e+02
15132 0 +2.138772768e+01 +1.854577277e+02 +1.854577277e+02
17382 0 +2.073351451e+01 +1.848035145e+02 +1.848035145e+02
18109 0 +2.009118962e+01 +1.841611896e+02 +1.841611896e+02
18418 0 +1.706952306e+01 +1.811395231e+02 +1.811395231e+02
19142 0 +1.696998884e+01 +1.810399888e+02 +1.810399888e+02
22418 0 +1.528571172e+01 +1.793557117e+02 +1.793557117e+02
23675 0 +1.416582460e+01 +1.782358246e+02 +1.782358246e+02
23728 0 +1.350406750e+01 +1.775740675e+02 +1.775740675e+02
24349 0 +1.262714577e+01 +1.766971458e+02 +1.766971458e+02
25443 0 +1.114045363e+01 +1.752104536e+02 +1.752104536e+02
25794 0 +1.079022115e+01 +1.748602212e+02 +1.748602212e+02
26186 0 +9.797862297e+00 +1.738678623e+02 +1.738678623e+02
26200 0 +9.528221800e+00 +1.735982218e+02 +1.735982218e+02
27309 0 +8.735231611e+00 +1.728052316e+02 +1.728052316e+02
30785 0 +8.189138318e+00 +1.722591383e+02 +1.722591383e+02
31063 0 +7.122353128e+00 +1.711923531e+02 +1.711923531e+02
34952 0 +6.936096852e+00 +1.710060969e+02 +1.710060969e+02
35681 0 +6.682996776e+00 +1.707529968e+02 +1.707529968e+02
35846 0 +6.371523675e+00 +1.704415237e+02 +1.704415237e+02
36815 0 +5.749786907e+00 +1.698197869e+02 +1.698197869e+02
37505 0 +5.454846220e+00 +1.695248462e+02 +1.695248462e+02
38175 0 +5.271607031e+00 +1.693416070e+02 +1.693416070e+02
38252 0 +5.136365649e+00 +1.692063656e+02 +1.692063656e+02
38485 0 +5.112918704e+00 +1.691829187e+02 +1.691829187e+02
38974 0 +4.950189600e+00 +1.690201896e+02 +1.690201896e+02
38978 0 +4.867591307e+00 +1.689375913e+02 +1.689375913e+02
39006 0 +4.641297285e+00 +1.687112973e+02 +1.687112973e+02
39893 0 +4.404022199e+00 +1.684740222e+02 +1.684740222e+02
40541 0 +4.247704256e+00 +1.683177043e+02 +1.683177043e+02
41113 0 +4.161038440e+00 +1.682310384e+02 +1.682310384e+02
41457 0 +4.023115811e+00 +1.680931158e+02 +1.680931158e+02
41583 0 +3.965378128e+00 +1.680353781e+02 +1.680353781e+02
41676 0 +3.869002334e+00 +1.679390023e+02 +1.679390023e+02
41857 0 +3.592992164e+00 +1.676629922e+02 +1.676629922e+02
42325 0 +3.466398473e+00 +1.675363985e+02 +1.675363985e+02
43467 0 +3.374228203e+00 +1.674442282e+02 +1.674442282e+02
45534 0 +3.280208572e+00 +1.673502086e+02 +1.673502086e+02
46057 0 +3.231169187e+00 +1.673011692e+02 +1.673011692e+02
48341 0 +3.154268680e+00 +1.672242687e+02 +1.672242687e+02
49394 0 +3.068503395e+00 +1.671385034e+02 +1.671385034e+02
50755 0 +3.011568214e+00 +1.670815682e+02 +1.670815682e+02
51060 0 +2.950847343e+00 +1.670208473e+02 +1.670208473e+02
64629 0 +2.871581436e+00 +1.669415814e+02 +1.669415814e+02
204195 0 +2.799616613e+00 +1.668696166e+02 +1.668696166e+02
204716 0 +2.692063369e+00 +1.667620634e+02 +1.667620634e+02
204761 0 +2.503520765e+00 +1.665735208e+02 +1.665735208e+02
205409 0 +2.445688831e+00 +1.665156888e+02 +1.665156888e+02
205521 0 +2.354420986e+00 +1.664244210e+02 +1.664244210e+02
205548 0 +2.287657463e+00 +1.663576575e+02 +1.663576575e+02
206064 0 +2.216108930e+00 +1.662861089e+02 +1.662861089e+02
206169 0 +2.157487908e+00 +1.662274879e+02 +1.662274879e+02
206253 0 +2.135896471e+00 +1.662058965e+02 +1.662058965e+02
206818 0 +2.076857285e+00 +1.661468573e+02 +1.661468573e+02
207317 0 +2.041124804e+00 +1.661111248e+02 +1.661111248e+02
208505 0 +1.992698909e+00 +1.660626989e+02 +1.660626989e+02
208779 0 +1.941758856e+00 +1.660117589e+02 +1.660117589e+02
215172 0 +1.903611463e+00 +1.659736115e+02 +1.659736115e+02
226259 0 +1.860661590e+00 +1.659306616e+02 +1.659306616e+02
400003 0 +1.822929684e+00 +1.658929297e+02 +1.658929297e+02
% f evaluations | g evaluations | best noise-free fitness - Fopt (-1.656800000000e+02) + sum g_i+ | measured fitness | best measured fitness or single-digit g-values | x1 | x2...
1 0 +1.831371966e+03 +1.665691966e+03 +1.665691966e+03
127 0 +1.818268816e+03 +1.652588816e+03 +1.652588816e+03
172 0 +1.583317903e+03 +1.417637903e+03 +1.417637903e+03
370 0 +1.502627435e+03 +1.336947435e+03 +1.336947435e+03
503 0 +1.413520227e+03 +1.247840227e+03 +1.247840227e+03
619 0 +1.297520332e+03 +1.131840332e+03 +1.131840332e+03
718 0 +1.247078815e+03 +1.081398815e+03 +1.081398815e+03
2777 0 +8.672869176e+02 +7.016069176e+02 +7.016069176e+02
3052 0 +7.089267891e+02 +5.432467891e+02 +5.432467891e+02
3640 0 +6.757978542e+02 +5.101178542e+02 +5.101178542e+02
4023 0 +6.587579611e+02 +4.930779611e+02 +4.930779611e+02
4536 0 +6.425626260e+02 +4.768826260e+02 +4.768826260e+02
4552 0 +6.088884352e+02 +4.432084352e+02 +4.432084352e+02
4603 0 +5.975783070e+02 +4.318983070e+02 +4.318983070e+02
4605 0 +5.692678153e+02 +4.035878153e+02 +4.035878153e+02
4639 0 +4.061008945e+02 +2.404208945e+02 +2.404208945e+02
4709 0 +3.900385501e+02 +2.243585501e+02 +2.243585501e+02
5346 0 +3.777858821e+02 +2.121058821e+02 +2.121058821e+02
5675 0 +2.994932230e+02 +1.338132230e+02 +1.338132230e+02
5874 0 +2.855652930e+02 +1.198852930e+02 +1.198852930e+02
6301 0 +2.780992017e+02 +1.124192017e+02 +1.124192017e+02
6477 0 +2.606938356e+02 +9.501383557e+01 +9.501383557e+01
6511 0 +1.970569477e+02 +3.137694766e+01 +3.137694766e+01
6627 0 +1.682643595e+02 +2.584359517e+00 +2.584359517e+00
7359 0 +1.575121581e+02 -8.167841937e+00 -8.167841937e+00
7459 0 +1.476204798e+02 -1.805952017e+01 -1.805952017e+01
7569 0 +1.400705197e+02 -2.560948025e+01 -2.560948025e+01
8036 0 +1.202927090e+02 -4.538729100e+01 -4.538729100e+01
9963 0 +1.056471984e+02 -6.003280163e+01 -6.003280163e+01
10684 0 +1.004915022e+02 -6.518849779e+01 -6.518849779e+01
11933 0 +9.869136379e+01 -6.698863621e+01 -6.698863621e+01
12208 0 +9.699657664e+01 -6.868342336e+01 -6.868342336e+01
12750 0 +8.724155565e+01 -7.843844435e+01 -7.843844435e+01
12996 0 +8.173389336e+01 -8.394610664e+01 -8.394610664e+01
13008 0 +7.565214639e+01 -9.002785361e+01 -9.002785361e+01
13081 0 +7.185212239e+01 -9.382787761e+01 -9.382787761e+01
13142 0 +6.486774806e+01 -1.008122519e+02 -1.008122519e+02
13189 0 +6.187674996e+01 -1.038032500e+02 -1.038032500e+02
13217 0 +6.100207457e+01 -1.046779254e+02 -1.046779254e+02
13221 0 +5.534591366e+01 -1.103340863e+02 -1.103340863e+02
13731 0 +5.120703880e+01 -1.144729612e+02 -1.144729612e+02
14295 0 +4.328880893e+01 -1.223911911e+02 -1.223911911e+02
14749 0 +4.193867969e+01 -1.237413203e+02 -1.237413203e+02
14940 0 +3.785407707e+01 -1.278259229e+02 -1.278259229e+02
15048 0 +3.185964184e+01 -1.338203582e+02 -1.338203582e+02
15070 0 +3.132978374e+01 -1.343502163e+02 -1.343502163e+02
15758 0 +2.625891328e+01 -1.394210867e+02 -1.394210867e+02
17519 0 +2.397650483e+01 -1.417034952e+02 -1.417034952e+02
18408 0 +2.101858301e+01 -1.446614170e+02 -1.446614170e+02
19377 0 +2.006970601e+01 -1.456102940e+02 -1.456102940e+02
21261 0 +1.919871188e+01 -1.464812881e+02 -1.464812881e+02
21552 0 +1.863736909e+01 -1.470426309e+02 -1.470426309e+02
21573 0 +1.788718091e+01 -1.477928191e+02 -1.477928191e+02
21685 0 +1.685273039e+01 -1.488272696e+02 -1.488272696e+02
21831 0 +1.645661721e+01 -1.492233828e+02 -1.492233828e+02
22511 0 +1.594830444e+01 -1.497316956e+02 -1.497316956e+02
22773 0 +1.453043640e+01 -1.511495636e+02 -1.511495636e+02
23955 0 +1.443426009e+01 -1.512457399e+02 -1.512457399e+02
24533 0 +1.178766708e+01 -1.538923329e+02 -1.538923329e+02
25107 0 +1.168856888e+01 -1.539914311e+02 -1.539914311e+02
25155 0 +1.071328397e+01 -1.549667160e+02 -1.549667160e+02
25375 0 +1.028490669e+01 -1.553950933e+02 -1.553950933e+02
26974 0 +8.864892325e+00 -1.568151077e+02 -1.568151077e+02
29941 0 +8.182171309e+00 -1.574978287e+02 -1.574978287e+02
30601 0 +7.548411833e+00 -1.581315882e+02 -1.581315882e+02
30694 0 +7.379793238e+00 -1.583002068e+02 -1.583002068e+02
31950 0 +7.113490268e+00 -1.585665097e+02 -1.585665097e+02
34534 0 +7.072096353e+00 -1.586079036e+02 -1.586079036e+02
34686 0 +6.684272102e+00 -1.589957279e+02 -1.589957279e+02
35041 0 +6.097610973e+00 -1.595823890e+02 -1.595823890e+02
35319 0 +5.178053021e+00 -1.605019470e+02 -1.605019470e+02
37054 0 +4.859055509e+00 -1.608209445e+02 -1.608209445e+02
37180 0 +4.440580954e+00 -1.612394190e+02 -1.612394190e+02
37975 0 +4.353068930e+00 -1.613269311e+02 -1.613269311e+02
37983 0 +3.936090276e+00 -1.617439097e+02 -1.617439097e+02
39041 0 +3.858346113e+00 -1.618216539e+02 -1.618216539e+02
39155 0 +3.643337392e+00 -1.620366626e+02 -1.620366626e+02
39246 0 +3.425057958e+00 -1.622549420e+02 -1.622549420e+02
39283 0 +2.967332980e+00 -1.627126670e+02 -1.627126670e+02
42216 0 +2.947463942e+00 -1.627325361e+02 -1.627325361e+02
42327 0 +2.753048369e+00 -1.629269516e+02 -1.629269516e+02
42670 0 +2.640993128e+00 -1.630390069e+02 -1.630390069e+02
43605 0 +2.601509749e+00 -1.630784903e+02 -1.630784903e+02
46572 0 +2.548081066e+00 -1.631319189e+02 -1.631319189e+02
46885 0 +2.497678011e+00 -1.631823220e+02 -1.631823220e+02
50621 0 +2.425968731e+00 -1.632540313e+02 -1.632540313e+02
54663 0 +2.359684620e+00 -1.633203154e+02 -1.633203154e+02
72708 0 +2.333474804e+00 -1.633465252e+02 -1.633465252e+02
78700 0 +2.280924950e+00 -1.633990750e+02 -1.633990750e+02
115340 0 +2.229348367e+00 -1.634506516e+02 -1.634506516e+02
125415 0 +2.181959984e+00 -1.634980400e+02 -1.634980400e+02
158193 0 +2.116260907e+00 -1.635637391e+02 -1.635637391e+02
158306 0 +2.083971617e+00 -1.635960284e+02 -1.635960284e+02
159369 0 +2.028816539e+00 -1.636511835e+02 -1.636511835e+02
160333 0 +1.976742986e+00 -1.637032570e+02 -1.637032570e+02
162571 0 +1.935528566e+00 -1.637444714e+02 -1.637444714e+02
164093 0 +1.891904182e+00 -1.637880958e+02 -1.637880958e+02
164878 0 +1.860548205e+00 -1.638194518e+02 -1.638194518e+02
166175 0 +1.814805214e+00 -1.638651948e+02 -1.638651948e+02
200497 0 +1.775118214e+00 -1.639048818e+02 -1.639048818e+02
400006 0 +1.757208712e+00 -1.639227913e+02 -1.639227913e+02
% f evaluations | g evaluations | best noise-free fitness - Fopt (9.284000000000e+01) + sum g_i+ | measured fitness | best measured fitness or single-digit g-values | x1 | x2...
1 0 +1.582206989e+03 +1.675046989e+03 +1.675046989e+03
31 0 +1.461713603e+03 +1.554553603e+03 +1.554553603e+03
134 0 +7.116565723e+02 +8.044965723e+02 +8.044965723e+02
512 0 +6.207742770e+02 +7.136142770e+02 +7.136142770e+02
3409 0 +5.570994759e+02 +6.499394759e+02 +6.499394759e+02
3699 0 +5.112617288e+02 +6.041017288e+02 +6.041017288e+02
3727 0 +4.967940267e+02 +5.896340267e+02 +5.896340267e+02
3734 0 +4.819684528e+02 +5.748084528e+02 +5.748084528e+02
4458 0 +4.352842547e+02 +5.281242547e+02 +5.281242547e+02
4474 0 +3.046534364e+02 +3.974934364e+02 +3.974934364e+02
5818 0 +2.955560102e+02 +3.883960102e+02 +3.883960102e+02
5820 0 +2.190732666e+02 +3.119132666e+02 +3.119132666e+02
6493 0 +2.040176244e+02 +2.968576244e+02 +2.968576244e+02
6544 0 +1.909147131e+02 +2.837547131e+02 +2.837547131e+02
6556 0 +1.842235041e+02 +2.770635041e+02 +2.770635041e+02
6635 0 +1.693540273e+02 +2.621940273e+02 +2.621940273e+02
6948 0 +1.640707950e+02 +2.569107950e+02 +2.569107950e+02
7219 0 +1.231031312e+02 +2.159431312e+02 +2.159431312e+02
8266 0 +1.077787679e+02 +2.006187679e+02 +2.006187679e+02
8293 0 +8.795537940e+01 +1.807953794e+02 +1.807953794e+02
8846 0 +7.762129000e+01 +1.704612900e+02 +1.704612900e+02
8863 0 +7.277654830e+01 +1.656165483e+02 +1.656165483e+02
9087 0 +7.110492349e+01 +1.639449235e+02 +1.639449235e+02
10311 0 +6.425709188e+01 +1.570970919e+02 +1.570970919e+02
10475 0 +5.818342940e+01 +1.510234294e+02 +1.510234294e+02
10488 0 +5.744579984e+01 +1.502857998e+02 +1.502857998e+02
10549 0 +5.482545903e+01 +1.476654590e+02 +1.476654590e+02
10799 0 +5.222385509e+01 +1.450638551e+02 +1.450638551e+02
11336 0 +4.302997177e+01 +1.358699718e+02 +1.358699718e+02
12505 0 +3.773296165e+01 +1.305729617e+02 +1.305729617e+02
12533 0 +3.423551406e+01 +1.270755141e+02 +1.270755141e+02
13112 0 +3.309599774e+01 +1.259359977e+02 +1.259359977e+02
13410 0 +3.150501202e+01 +1.243450120e+02 +1.243450120e+02
13506 0 +2.609274555e+01 +1.189327456e+02 +1.189327456e+02
14703 0 +2.470165289e+01 +1.175416529e+02 +1.175416529e+02
16258 0 +2.389836985e+01 +1.167383699e+02 +1.167383699e+02
17924 0 +2.295450871e+01 +1.157945087e+02 +1.157945087e+02
18537 0 +2.240697397e+01 +1.152469740e+02 +1.152469740e+02
18646 0 +2.199530255e+01 +1.148353026e+02 +1.148353026e+02
18707 0 +2.149137639e+01 +1.143313764e+02 +1.143313764e+02
18782 0 +2.022034633e+01 +1.130603463e+02 +1.130603463e+02
18802 0 +1.928859145e+01 +1.121285915e+02 +1.121285915e+02
19308 0 +1.857805638e+01 +1.114180564e+02 +1.114180564e+02
19464 0 +1.816298426e+01 +1.110029843e+02 +1.110029843e+02
19519 0 +1.762335387e+01 +1.104633539e+02 +1.104633539e+02
19526 0 +1.717536210e+01 +1.100153621e+02 +1.100153621e+02
19549 0 +1.481632923e+01 +1.076563292e+02 +1.076563292e+02
19858 0 +1.352591209e+01 +1.063659121e+02 +1.063659121e+02
21716 0 +1.336629368e+01 +1.062062937e+02 +1.062062937e+02
22560 0 +1.304344171e+01 +1.058834417e+02 +1.058834417e+02
22848 0 +1.162097275e+01 +1.044609728e+02 +1.044609728e+02
23309 0 +1.146840072e+01 +1.043084007e+02 +1.043084007e+02
23317 0 +1.037927706e+01 +1.032192771e+02 +1.032192771e+02
23856 0 +9.756059529e+00 +1.025960595e+02 +1.025960595e+02
23878 0 +8.970977362e+00 +1.018109774e+02 +1.018109774e+02
23953 0 +8.175350754e+00 +1.010153508e+02 +1.010153508e+02
24167 0 +7.812104486e+00 +1.006521045e+02 +1.006521045e+02
24983 0 +7.497504816e+00 +1.003375048e+02 +1.003375048e+02
25027 0 +7.394594853e+00 +1.002345949e+02 +1.002345949e+02
26423 0 +7.013880419e+00 +9.985388042e+01 +9.985388042e+01
26507 0 +6.811067334e+00 +9.965106733e+01 +9.965106733e+01
26666 0 +6.437740944e+00 +9.927774094e+01 +9.927774094e+01
26806 0 +6.131784987e+00 +9.897178499e+01 +9.897178499e+01
26831 0 +5.551821690e+00 +9.839182169e+01 +9.839182169e+01
26919 0 +5.220000610e+00 +9.806000061e+01 +9.806000061e+01
27121 0 +4.248639750e+00 +9.708863975e+01 +9.708863975e+01
34737 0 +4.035932913e+00 +9.687593291e+01 +9.687593291e+01
34745 0 +3.953364908e+00 +9.679336491e+01 +9.679336491e+01
35242 0 +3.614055893e+00 +9.645405589e+01 +9.645405589e+01
35629 0 +3.487969681e+00 +9.632796968e+01 +9.632796968e+01
38390 0 +3.379912400e+00 +9.621991240e+01 +9.621991240e+01
38527 0 +3.300824781e+00 +9.614082478e+01 +9.614082478e+01
39627 0 +3.168926365e+00 +9.600892637e+01 +9.600892637e+01
41045 0 +3.140418482e+00 +9.598041848e+01 +9.598041848e+01
41389 0 +3.066861584e+00 +9.590686158e+01 +9.590686158e+01
46676 0 +2.986360727e+00 +9.582636073e+01 +9.582636073e+01
46888 0 +2.864806573e+00 +9.570480657e+01 +9.570480657e+01
49271 0 +2.786942465e+00 +9.562694247e+01 +9.562694247e+01
49403 0 +2.727635701e+00 +9.556763570e+01 +9.556763570e+01
49628 0 +2.684280891e+00 +9.552428089e+01 +9.552428089e+01
54911 0 +2.629939306e+00 +9.546993931e+01 +9.546993931e+01
63277 0 +2.533540854e+00 +9.537354085e+01 +9.537354085e+01
80808 0 +2.502158855e+00 +9.534215885e+01 +9.534215885e+01
400010 0 +2.467535133e+00 +9.530753513e+01 +9.530753513e+01
% f evaluations | g evaluations | best noise-free fitness - Fopt (-3.679200000000e+02) + sum g_i+ | measured fitness | best measured fitness or single-digit g-values | x1 | x2...
1 0 +2.239011019e+03 +1.871091019e+03 +1.871091019e+03
24 0 +2.158772929e+03 +1.790852929e+03 +1.790852929e+03
36 0 +1.898833554e+03 +1.530913554e+03 +1.530913554e+03
44 0 +1.612361215e+03 +1.244441215e+03 +1.244441215e+03
283 0 +1.341578422e+03 +9.736584217e+02 +9.736584217e+02
2674 0 +1.298305624e+03 +9.303856240e+02 +9.303856240e+02
2718 0 +8.453283048e+02 +4.774083048e+02 +4.774083048e+02
3207 0 +8.167477583e+02 +4.488277583e+02 +4.488277583e+02
3254 0 +7.817777059e+02 +4.138577059e+02 +4.138577059e+02
4095 0 +7.479634778e+02 +3.800434778e+02 +3.800434778e+02
4164 0 +6.781338454e+02 +3.102138454e+02 +3.102138454e+02
4450 0 +6.070584026e+02 +2.391384026e+02 +2.391384026e+02
4511 0 +5.932246622e+02 +2.253046622e+02 +2.253046622e+02
4626 0 +5.106651419e+02 +1.427451419e+02 +1.427451419e+02
4648 0 +4.986277377e+02 +1.307077377e+02 +1.307077377e+02
5678 0 +4.509432423e+02 +8.302324234e+01 +8.302324234e+01
5716 0 +4.222692238e+02 +5.434922383e+01 +5.434922383e+01
5947 0 +4.032200800e+02 +3.530007997e+01 +3.530007997e+01
5957 0 +3.926750133e+02 +2.475501325e+01 +2.475501325e+01
6536 0 +3.641708042e+02 -3.749195765e+00 -3.749195765e+00
7009 0 +3.556348266e+02 -1.228517339e+01 -1.228517339e+01
7044 0 +2.963308706e+02 -7.158912935e+01 -7.158912935e+01
7107 0 +2.919918926e+02 -7.592810735e+01 -7.592810735e+01
7332 0 +2.880300414e+02 -7.988995858e+01 -7.988995858e+01
7702 0 +2.593276456e+02 -1.085923544e+02 -1.085923544e+02
8050 0 +2.040345182e+02 -1.638854818e+02 -1.638854818e+02
8194 0 +1.753018633e+02 -1.926181367e+02 -1.926181367e+02
8556 0 +1.566730620e+02 -2.112469380e+02 -2.112469380e+02
8868 0 +1.446813624e+02 -2.232386376e+02 -2.232386376e+02
9128 0 +1.433422521e+02 -2.245777479e+02 -2.245777479e+02
9216 0 +1.309539464e+02 -2.369660536e+02 -2.369660536e+02
9448 0 +1.235339349e+02 -2.443860651e+02 -2.443860651e+02
9706 0 +9.997071532e+01 -2.679492847e+02 -2.679492847e+02
9975 0 +7.940518702e+01 -2.885148130e+02 -2.885148130e+02
11238 0 +6.927608711e+01 -2.986439129e+02 -2.986439129e+02
11340 0 +6.843498192e+01 -2.994850181e+02 -2.994850181e+02
11543 0 +6.249742679e+01 -3.054225732e+02 -3.054225732e+02
11972 0 +5.992029635e+01 -3.079997036e+02 -3.079997036e+02
12064 0 +5.537968708e+01 -3.125403129e+02 -3.125403129e+02
12078 0 +5.288154361e+01 -3.150384564e+02 -3.150384564e+02
12501 0 +4.966256769e+01 -3.182574323e+02 -3.182574323e+02
13400 0 +4.144183511e+01 -3.264781649e+02 -3.264781649e+02
14444 0 +3.797792172e+01 -3.299420783e+02 -3.299420783e+02
14941 0 +3.537365299e+01 -3.325463470e+02 -3.325463470e+02
14984 0 +3.103934527e+01 -3.368806547e+02 -3.368806547e+02
15172 0 +2.525130424e+01 -3.426686958e+02 -3.426686958e+02
17153 0 +2.375301888e+01 -3.441669811e+02 -3.441669811e+02
18049 0 +2.332137023e+01 -3.445986298e+02 -3.445986298e+02
18484 0 +2.213689208e+01 -3.457831079e+02 -3.457831079e+02
18599 0 +2.093087624e+01 -3.469891238e+02 -3.469891238e+02
18625 0 +1.949156887e+01 -3.484284311e+02 -3.484284311e+02
18702 0 +1.881624421e+01 -3.491037558e+02 -3.491037558e+02
19347 0 +1.859138391e+01 -3.493286161e+02 -3.493286161e+02
19428 0 +1.500327854e+01 -3.529167215e+02 -3.529167215e+02
20464 0 +1.417759780e+01 -3.537424022e+02 -3.537424022e+02
21482 0 +1.390496320e+01 -3.540150368e+02 -3.540150368e+02
21527 0 +1.290267544e+01 -3.550173246e+02 -3.550173246e+02
21958 0 +1.267161413e+01 -3.552483859e+02 -3.552483859e+02
21966 0 +1.239272300e+01 -3.555272770e+02 -3.555272770e+02
22028 0 +1.216739859e+01 -3.557526014e+02 -3.557526014e+02
22236 0 +8.949563339e+00 -3.589704367e+02 -3.589704367e+02
26373 0 +7.468103928e+00 -3.604518961e+02 -3.604518961e+02
26613 0 +7.369850845e+00 -3.605501492e+02 -3.605501492e+02
26738 0 +6.162300489e+00 -3.617576995e+02 -3.617576995e+02
32722 0 +5.781876541e+00 -3.621381235e+02 -3.621381235e+02
37137 0 +5.717836815e+00 -3.622021632e+02 -3.622021632e+02
38853 0 +5.453440306e+00 -3.624665597e+02 -3.624665597e+02
39932 0 +5.357091284e+00 -3.625629087e+02 -3.625629087e+02
41685 0 +5.205424420e+00 -3.627145756e+02 -3.627145756e+02
41925 0 +5.093521563e+00 -3.628264784e+02 -3.628264784e+02
41952 0 +4.970483588e+00 -3.629495164e+02 -3.629495164e+02
42017 0 +4.843113819e+00 -3.630768862e+02 -3.630768862e+02
42091 0 +4.779130964e+00 -3.631408690e+02 -3.631408690e+02
44678 0 +4.653427512e+00 -3.632665725e+02 -3.632665725e+02
47352 0 +4.550793704e+00 -3.633692063e+02 -3.633692063e+02
49055 0 +4.455452136e+00 -3.634645479e+02 -3.634645479e+02
49311 0 +4.333123527e+00 -3.635868765e+02 -3.635868765e+02
51827 0 +4.227908259e+00 -3.636920917e+02 -3.636920917e+02
55989 0 +3.969477652e+00 -3.639505223e+02 -3.639505223e+02
56098 0 +3.835244716e+00 -3.640847553e+02 -3.640847553e+02
56547 0 +3.718469513e+00 -3.642015305e+02 -3.642015305e+02
56715 0 +3.703053793e+00 -3.642169462e+02 -3.642169462e+02
56878 0 +3.630206282e+00 -3.642897937e+02 -3.642897937e+02
57587 0 +3.529332390e+00 -3.643906676e+02 -3.643906676e+02
59013 0 +3.417514911e+00 -3.645024851e+02 -3.645024851e+02
59235 0 +3.382337712e+00 -3.645376623e+02 -3.645376623e+02
59529 0 +3.310678474e+00 -3.646093215e+02 -3.646093215e+02
59734 0 +3.216627232e+00 -3.647033728e+02 -3.647033728e+02
60134 0 +3.142474551e+00 -3.647775254e+02 -3.647775254e+02
60975 0 +3.081966140e+00 -3.648380339e+02 -3.648380339e+02
63672 0 +3.014356409e+00 -3.649056436e+02 -3.649056436e+02
88459 0 +2.951091622e+00 -3.649689084e+02 -3.649689084e+02
159670 0 +2.809726237e+00 -3.651102738e+02 -3.651102738e+02
159760 0 +2.716855113e+00 -3.652031449e+02 -3.652031449e+02
159818 0 +2.646564866e+00 -3.652734351e+02 -3.652734351e+02
160577 0 +2.596984053e+00 -3.653230159e+02 -3.653230159e+02
167255 0 +2.568946423e+00 -3.653510536e+02 -3.653510536e+02
226704 0 +2.505735292e+00 -3.654142647e+02 -3.654142647e+02
400002 0 +2.469329265e+00 -3.654506707e+02 -3.654506707e+02
% f evaluations | g evaluations | best noise-free fitness - Fopt (4.950000000000e+01) + sum g_i+ | measured fitness | best measured fitness or single-digit g-values | x1 | x2...
1 0 +2.054225306e+03 +2.103725306e+03 +2.103725306e+03
34 0 +1.663903801e+03 +1.713403801e+03 +1.713403801e+03
240 0 +1.634531166e+03 +1.684031166e+03 +1.684031166e+03
1781 0 +1.209079811e+03 +1.258579811e+03 +1.258579811e+03
2352 0 +1.085018175e+03 +1.134518175e+03 +1.134518175e+03
2394 0 +9.012163901e+02 +9.507163901e+02 +9.507163901e+02
3307 0 +8.336781422e+02 +8.831781422e+02 +8.831781422e+02
5002 0 +5.971995962e+02 +6.466995962e+02 +6.466995962e+02
5417 0 +5.722532937e+02 +6.217532937e+02 +6.217532937e+02
8235 0 +5.382018461e+02 +5.877018461e+02 +5.877018461e+02
8513 0 +5.159327654e+02 +5.654327654e+02 +5.654327654e+02
8900 0 +5.021205703e+02 +5.516205703e+02 +5.516205703e+02
8901 0 +4.909872288e+02 +5.404872288e+02 +5.404872288e+02
8968 0 +4.725162388e+02 +5.220162388e+02 +5.220162388e+02
9161 0 +4.529686962e+02 +5.024686962e+02 +5.024686962e+02
9388 0 +4.265448971e+02 +4.760448971e+02 +4.760448971e+02
9397 0 +3.909324097e+02 +4.404324097e+02 +4.404324097e+02
9428 0 +3.591877779e+02 +4.086877779e+02 +4.086877779e+02
9507 0 +2.830722136e+02 +3.325722136e+02 +3.325722136e+02
9776 0 +2.476383940e+02 +2.971383940e+02 +2.971383940e+02
11290 0 +2.065418294e+02 +2.560418294e+02 +2.560418294e+02
11604 0 +1.696105152e+02 +2.191105152e+02 +2.191105152e+02
11677 0 +1.591042542e+02 +2.086042542e+02 +2.086042542e+02
11864 0 +1.559881855e+02 +2.054881855e+02 +2.054881855e+02
11916 0 +1.540449512e+02 +2.035449512e+02 +2.035449512e+02
11930 0 +1.372252162e+02 +1.867252162e+02 +1.867252162e+02
11985 0 +1.197421151e+02 +1.692421151e+02 +1.692421151e+02
12579 0 +1.153983725e+02 +1.648983725e+02 +1.648983725e+02
12767 0 +1.146382275e+02 +1.641382275e+02 +1.641382275e+02
12783 0 +1.020435717e+02 +1.515435717e+02 +1.515435717e+02
13025 0 +9.626662947e+01 +1.457666295e+02 +1.457666295e+02
13026 0 +9.101694915e+01 +1.405169492e+02 +1.405169492e+02
13521 0 +8.107358111e+01 +1.305735811e+02 +1.305735811e+02
13904 0 +7.453043456e+01 +1.240304346e+02 +1.240304346e+02
14089 0 +6.854763602e+01 +1.180476360e+02 +1.180476360e+02
14226 0 +6.046063602e+01 +1.099606360e+02 +1.099606360e+02
14903 0 +5.641182716e+01 +1.059118272e+02 +1.059118272e+02
15204 0 +5.365600604e+01 +1.031560060e+02 +1.031560060e+02
15993 0 +4.882341046e+01 +9.832341046e+01 +9.832341046e+01
16021 0 +3.827452822e+01 +8.777452822e+01 +8.777452822e+01
16294 0 +3.089714388e+01 +8.039714388e+01 +8.039714388e+01
16881 0 +3.003551453e+01 +7.953551453e+01 +7.953551453e+01
16886 0 +2.501767716e+01 +7.451767716e+01 +7.451767716e+01
18749 0 +2.391225572e+01 +7.341225572e+01 +7.341225572e+01
18926 0 +2.240252587e+01 +7.190252587e+01 +7.190252587e+01
19523 0 +1.752161216e+01 +6.702161216e+01 +6.702161216e+01
21591 0 +1.687689802e+01 +6.637689802e+01 +6.637689802e+01
25179 0 +1.603769480e+01 +6.553769480e+01 +6.553769480e+01
25195 0 +1.572207924e+01 +6.522207924e+01 +6.522207924e+01
25532 0 +1.505458131e+01 +6.455458131e+01 +6.455458131e+01
25571 0 +1.353012476e+01 +6.303012476e+01 +6.303012476e+01
26337 0 +1.346884756e+01 +6.296884756e+01 +6.296884756e+01
26406 0 +1.225833050e+01 +6.175833050e+01 +6.175833050e+01
26788 0 +1.193844797e+01 +6.143844797e+01 +6.143844797e+01
27167 0 +1.117662727e+01 +6.067662727e+01 +6.067662727e+01
28230 0 +1.094666004e+01 +6.044666004e+01 +6.044666004e+01
28385 0 +1.004809424e+01 +5.954809424e+01 +5.954809424e+01
28735 0 +9.958619422e+00 +5.945861942e+01 +5.945861942e+01
29807 0 +9.568668363e+00 +5.906866836e+01 +5.906866836e+01
30569 0 +8.294004933e+00 +5.779400493e+01 +5.779400493e+01
30764 0 +8.058967756e+00 +5.755896776e+01 +5.755896776e+01
30889 0 +7.826833654e+00 +5.732683365e+01 +5.732683365e+01
30907 0 +7.635837538e+00 +5.713583754e+01 +5.713583754e+01
30923 0 +7.295160830e+00 +5.679516083e+01 +5.679516083e+01
30931 0 +7.188162954e+00 +5.668816295e+01 +5.668816295e+01
30963 0 +6.946818712e+00 +5.644681871e+01 +5.644681871e+01
31009 0 +6.419689140e+00 +5.591968914e+01 +5.591968914e+01
32139 0 +6.247044313e+00 +5.574704431e+01 +5.574704431e+01
32225 0 +5.959368277e+00 +5.545936828e+01 +5.545936828e+01
34311 0 +5.677557177e+00 +5.517755718e+01 +5.517755718e+01
34517 0 +5.612347758e+00 +5.511234776e+01 +5.511234776e+01
34578 0 +5.338975705e+00 +5.483897570e+01 +5.483897570e+01
34923 0 +5.077413693e+00 +5.457741369e+01 +5.457741369e+01
35129 0 +4.526186869e+00 +5.402618687e+01 +5.402618687e+01
35410 0 +4.091847306e+00 +5.359184731e+01 +5.359184731e+01
35458 0 +4.026397684e+00 +5.352639768e+01 +5.352639768e+01
37654 0 +3.721075239e+00 +5.322107524e+01 +5.322107524e+01
38245 0 +3.706497791e+00 +5.320649779e+01 +5.320649779e+01
38569 0 +3.606647335e+00 +5.310664734e+01 +5.310664734e+01
38573 0 +3.429623308e+00 +5.292962331e+01 +5.292962331e+01
38903 0 +3.381112515e+00 +5.288111251e+01 +5.288111251e+01
41180 0 +3.282356069e+00 +5.278235607e+01 +5.278235607e+01
42082 0 +3.235098277e+00 +5.273509828e+01 +5.273509828e+01
49529 0 +3.154905941e+00 +5.265490594e+01 +5.265490594e+01
82829 0 +3.089378705e+00 +5.258937870e+01 +5.258937870e+01
107568 0 +2.972247026e+00 +5.247224703e+01 +5.247224703e+01
107797 0 +2.945323994e+00 +5.244532399e+01 +5.244532399e+01
109092 0 +2.875346752e+00 +5.237534675e+01 +5.237534675e+01
110936 0 +2.807825436e+00 +5.230782544e+01 +5.230782544e+01
111423 0 +2.749868856e+00 +5.224986886e+01 +5.224986886e+01
112574 0 +2.691454517e+00 +5.219145452e+01 +5.219145452e+01
130247 0 +2.629774293e+00 +5.212977429e+01 +5.212977429e+01
400002 0 +2.622290451e+00 +5.212229045e+01 +5.212229045e+01
% f evaluations | g evaluations | best noise-free fitness - Fopt (-1.277000000000e+01) + sum g_i+ | measured fitness | best measured fitness or single-digit g-values | x1 | x2...
1 0 +2.668862994e+03 +2.656092994e+03 +2.656092994e+03
53 0 +2.417819233e+03 +2.405049233e+03 +2.405049233e+03
58 0 +2.342213736e+03 +2.329443736e+03 +2.329443736e+03
183 0 +2.069342726e+03 +2.056572726e+03 +2.056572726e+03
261 0 +2.001431879e+03 +1.988661879e+03 +1.988661879e+03
386 0 +1.847163728e+03 +1.834393728e+03 +1.834393728e+03
597 0 +1.794805816e+03 +1.782035816e+03 +1.782035816e+03
626 0 +1.762842654e+03 +1.750072654e+03 +1.750072654e+03
877 0 +1.527801449e+03 +1.515031449e+03 +1.515031449e+03
892 0 +1.278978520e+03 +1.266208520e+03 +1.266208520e+03
1257 0 +1.247662659e+03 +1.234892659e+03 +1.234892659e+03
3845 0 +1.152820943e+03 +1.140050943e+03 +1.140050943e+03
4098 0 +1.129636032e+03 +1.116866032e+03 +1.116866032e+03
4099 0 +1.076962231e+03 +1.064192231e+03 +1.064192231e+03
4119 0 +9.427287847e+02 +9.299587847e+02 +9.299587847e+02
5089 0 +8.981467537e+02 +8.853767537e+02 +8.853767537e+02
5642 0 +8.642826018e+02 +8.515126018e+02 +8.515126018e+02
5666 0 +7.813135783e+02 +7.685435783e+02 +7.685435783e+02
5713 0 +6.831562938e+02 +6.703862938e+02 +6.703862938e+02
5846 0 +6.200454091e+02 +6.072754091e+02 +6.072754091e+02
7199 0 +5.490056754e+02 +5.362356754e+02 +5.362356754e+02
7255 0 +5.015023976e+02 +4.887323976e+02 +4.887323976e+02
7278 0 +4.988161870e+02 +4.860461870e+02 +4.860461870e+02
7298 0 +4.084836145e+02 +3.957136145e+02 +3.957136145e+02
7352 0 +3.623405441e+02 +3.495705441e+02 +3.495705441e+02
8152 0 +3.544511856e+02 +3.416811856e+02 +3.416811856e+02
8297 0 +3.416231322e+02 +3.288531322e+02 +3.288531322e+02
8329 0 +3.224196802e+02 +3.096496802e+02 +3.096496802e+02
8335 0 +2.753436944e+02 +2.625736944e+02 +2.625736944e+02
8693 0 +2.529698090e+02 +2.401998090e+02 +2.401998090e+02
8763 0 +2.490231602e+02 +2.362531602e+02 +2.362531602e+02
9590 0 +1.773417997e+02 +1.645717997e+02 +1.645717997e+02
10465 0 +1.668618511e+02 +1.540918511e+02 +1.540918511e+02
10477 0 +1.540980688e+02 +1.413280688e+02 +1.413280688e+02
10699 0 +1.468087524e+02 +1.340387524e+02 +1.340387524e+02
10719 0 +1.231473865e+02 +1.103773865e+02 +1.103773865e+02
11228 0 +1.215837415e+02 +1.088137415e+02 +1.088137415e+02
11334 0 +1.104971057e+02 +9.772710574e+01 +9.772710574e+01
12485 0 +1.055410440e+02 +9.277104404e+01 +9.277104404e+01
12729 0 +9.387966201e+01 +8.110966201e+01 +8.110966201e+01
13545 0 +8.689779637e+01 +7.412779637e+01 +7.412779637e+01
13773 0 +8.494389546e+01 +7.217389546e+01 +7.217389546e+01
14457 0 +8.161818178e+01 +6.884818178e+01 +6.884818178e+01
14522 0 +7.949884032e+01 +6.672884032e+01 +6.672884032e+01
14578 0 +7.907762190e+01 +6.630762190e+01 +6.630762190e+01
14619 0 +7.309937477e+01 +6.032937477e+01 +6.032937477e+01
14781 0 +6.418920861e+01 +5.141920861e+01 +5.141920861e+01
14962 0 +5.337839287e+01 +4.060839287e+01 +4.060839287e+01
15660 0 +5.190337285e+01 +3.913337285e+01 +3.913337285e+01
15818 0 +5.099447969e+01 +3.822447969e+01 +3.822447969e+01
16207 0 +4.674016126e+01 +3.397016126e+01 +3.397016126e+01
16358 0 +3.856535271e+01 +2.579535271e+01 +2.579535271e+01
17801 0 +3.789055983e+01 +2.512055983e+01 +2.512055983e+01
17965 0 +3.617492998e+01 +2.340492998e+01 +2.340492998e+01
17999 0 +3.530419495e+01 +2.253419495e+01 +2.253419495e+01
18845 0 +3.128131704e+01 +1.851131704e+01 +1.851131704e+01
18952 0 +2.820822884e+01 +1.543822884e+01 +1.543822884e+01
19173 0 +2.565181803e+01 +1.288181803e+01 +1.288181803e+01
20727 0 +2.380286597e+01 +1.103286597e+01 +1.103286597e+01
20732 0 +2.072488674e+01 +7.954886739e+00 +7.954886739e+00
21220 0 +1.957779747e+01 +6.807797475e+00 +6.807797475e+00
21258 0 +1.730433736e+01 +4.534337364e+00 +4.534337364e+00
23331 0 +1.638372811e+01 +3.613728107e+00 +3.613728107e+00
23931 0 +1.480016409e+01 +2.030164093e+00 +2.030164093e+00
27209 0 +1.385083315e+01 +1.080833155e+00 +1.080833155e+00
27381 0 +1.242623095e+01 -3.437690545e-01 -3.437690545e-01
27598 0 +1.219234812e+01 -5.776518800e-01 -5.776518800e-01
28245 0 +1.172718683e+01 -1.042813170e+00 -1.042813170e+00
28686 0 +1.125592162e+01 -1.514078382e+00 -1.514078382e+00
28714 0 +1.058859592e+01 -2.181404081e+00 -2.181404081e+00
29380 0 +9.352364204e+00 -3.417635796e+00 -3.417635796e+00
29579 0 +9.094197620e+00 -3.675802380e+00 -3.675802380e+00
31759 0 +8.135380736e+00 -4.634619264e+00 -4.634619264e+00
32821 0 +8.089445837e+00 -4.680554163e+00 -4.680554163e+00
33107 0 +7.430687318e+00 -5.339312682e+00 -5.339312682e+00
33826 0 +6.427445640e+00 -6.342554360e+00 -6.342554360e+00
37700 0 +6.118312904e+00 -6.651687096e+00 -6.651687096e+00
38064 0 +5.965766511e+00 -6.804233489e+00 -6.804233489e+00
38098 0 +5.749557913e+00 -7.020442087e+00 -7.020442087e+00
39094 0 +4.995106972e+00 -7.774893028e+00 -7.774893028e+00
39114 0 +4.804359747e+00 -7.965640253e+00 -7.965640253e+00
39940 0 +4.724689248e+00 -8.045310752e+00 -8.045310752e+00
39980 0 +4.488059988e+00 -8.281940012e+00 -8.281940012e+00
40153 0 +4.442504745e+00 -8.327495255e+00 -8.327495255e+00
40506 0 +4.276217429e+00 -8.493782571e+00 -8.493782571e+00
41044 0 +4.246037150e+00 -8.523962850e+00 -8.523962850e+00
46729 0 +4.152056384e+00 -8.617943616e+00 -8.617943616e+00
47807 0 +3.983475468e+00 -8.786524532e+00 -8.786524532e+00
48150 0 +3.865678173e+00 -8.904321827e+00 -8.904321827e+00
49550 0 +3.783628268e+00 -8.986371732e+00 -8.986371732e+00
55473 0 +3.713828398e+00 -9.056171602e+00 -9.056171602e+00
58745 0 +3.624768310e+00 -9.145231690e+00 -9.145231690e+00
59017 0 +3.505450273e+00 -9.264549727e+00 -9.264549727e+00
59281 0 +3.466852527e+00 -9.303147473e+00 -9.303147473e+00
62225 0 +3.382050521e+00 -9.387949479e+00 -9.387949479e+00
69901 0 +3.278060028e+00 -9.491939972e+00 -9.491939972e+00
70490 0 +3.204006206e+00 -9.565993794e+00 -9.565993794e+00
70832 0 +3.142743321e+00 -9.627256679e+00 -9.627256679e+00
75868 0 +3.074423815e+00 -9.695576185e+00 -9.695576185e+00
79305 0 +3.009001694e+00 -9.760998306e+00 -9.760998306e+00
153612 0 +2.943839835e+00 -9.826160165e+00 -9.826160165e+00
155461 0 +2.857840194e+00 -9.912159806e+00 -9.912159806e+00
156589 0 +2.817629749e+00 -9.952370251e+00 -9.952370251e+00
169920 0 +2.747025903e+00 -1.002297410e+01 -1.002297410e+01
261878 0 +2.631514374e+00 -1.013848563e+01 -1.013848563e+01
261921 0 +2.588625037e+00 -1.018137496e+01 -1.018137496e+01
265985 0 +2.566293149e+00 -1.020370685e+01 -1.020370685e+01
400013 0 +2.525273702e+00 -1.024472630e+01 -1.024472630e+01
% f evaluations | g evaluations | best noise-free fitness - Fopt (6.365000000000e+01) + sum g_i+ | measured fitness | best measured fitness or single-digit g-values | x1 | x2...
1 0 +1.681895990e+03 +1.745545990e+03 +1.745545990e+03
193 0 +1.431584930e+03 +1.495234930e+03 +1.495234930e+03
2524 0 +1.337242110e+03 +1.400892110e+03 +1.400892110e+03
2559 0 +1.138415353e+03 +1.202065353e+03 +1.202065353e+03
2577 0 +1.082999094e+03 +1.146649094e+03 +1.146649094e+03
2584 0 +9.856067622e+02 +1.049256762e+03 +1.049256762e+03
2815 0 +8.447491303e+02 +9.083991303e+02 +9.083991303e+02
2874 0 +7.651015113e+02 +8.287515113e+02 +8.287515113e+02
2884 0 +6.446022615e+02 +7.082522615e+02 +7.082522615e+02
3396 0 +5.506286501e+02 +6.142786501e+02 +6.142786501e+02
3614 0 +5.294116380e+02 +5.930616380e+02 +5.930616380e+02
4429 0 +3.952702446e+02 +4.589202446e+02 +4.589202446e+02
4646 0 +3.180600594e+02 +3.817100594e+02 +3.817100594e+02
5034 0 +3.157954582e+02 +3.794454582e+02 +3.794454582e+02
5042 0 +3.015181713e+02 +3.651681713e+02 +3.651681713e+02
5525 0 +2.823969139e+02 +3.460469139e+02 +3.460469139e+02
5707 0 +2.792588619e+02 +3.429088619e+02 +3.429088619e+02
5723 0 +2.620411993e+02 +3.256911993e+02 +3.256911993e+02
5885 0 +2.158602296e+02 +2.795102296e+02 +2.795102296e+02
6007 0 +2.133002495e+02 +2.769502495e+02 +2.769502495e+02
6287 0 +2.076015679e+02 +2.712515679e+02 +2.712515679e+02
6847 0 +1.990518872e+02 +2.627018872e+02 +2.627018872e+02
7012 0 +1.947885255e+02 +2.584385255e+02 +2.584385255e+02
7264 0 +1.813585502e+02 +2.450085502e+02 +2.450085502e+02
8698 0 +1.672086442e+02 +2.308586442e+02 +2.308586442e+02
8715 0 +1.616063787e+02 +2.252563787e+02 +2.252563787e+02
8870 0 +1.579037865e+02 +2.215537865e+02 +2.215537865e+02
9127 0 +1.463737739e+02 +2.100237739e+02 +2.100237739e+02
9283 0 +1.409185327e+02 +2.045685327e+02 +2.045685327e+02
9588 0 +1.365739028e+02 +2.002239028e+02 +2.002239028e+02
9639 0 +1.184369615e+02 +1.820869615e+02 +1.820869615e+02
9973 0 +1.135620564e+02 +1.772120564e+02 +1.772120564e+02
9981 0 +1.053021212e+02 +1.689521212e+02 +1.689521212e+02
10167 0 +9.615055820e+01 +1.598005582e+02 +1.598005582e+02
10182 0 +9.211712586e+01 +1.557671259e+02 +1.557671259e+02
10197 0 +8.613086905e+01 +1.497808690e+02 +1.497808690e+02
10209 0 +8.221109006e+01 +1.458610901e+02 +1.458610901e+02
10269 0 +7.290155809e+01 +1.365515581e+02 +1.365515581e+02
10517 0 +6.344964492e+01 +1.270996449e+02 +1.270996449e+02
12107 0 +5.773944997e+01 +1.213894500e+02 +1.213894500e+02
12491 0 +5.703860818e+01 +1.206886082e+02 +1.206886082e+02
12563 0 +5.428752595e+01 +1.179375260e+02 +1.179375260e+02
13124 0 +4.774051901e+01 +1.113905190e+02 +1.113905190e+02
13312 0 +4.475914815e+01 +1.084091481e+02 +1.084091481e+02
13439 0 +4.212207726e+01 +1.057720773e+02 +1.057720773e+02
13480 0 +3.972842958e+01 +1.033784296e+02 +1.033784296e+02
13935 0 +3.801109778e+01 +1.016610978e+02 +1.016610978e+02
14199 0 +3.699027602e+01 +1.006402760e+02 +1.006402760e+02
14658 0 +3.455371309e+01 +9.820371309e+01 +9.820371309e+01
15291 0 +3.284097659e+01 +9.649097659e+01 +9.649097659e+01
15332 0 +3.077060640e+01 +9.442060640e+01 +9.442060640e+01
15402 0 +2.932863456e+01 +9.297863456e+01 +9.297863456e+01
15557 0 +2.571239575e+01 +8.936239575e+01 +8.936239575e+01
15646 0 +2.450360099e+01 +8.815360099e+01 +8.815360099e+01
16051 0 +2.366086153e+01 +8.731086153e+01 +8.731086153e+01
16081 0 +2.215918349e+01 +8.580918349e+01 +8.580918349e+01
16625 0 +1.865059425e+01 +8.230059425e+01 +8.230059425e+01
16841 0 +1.862030869e+01 +8.227030869e+01 +8.227030869e+01
19024 0 +1.704534714e+01 +8.069534714e+01 +8.069534714e+01
19057 0 +1.655281928e+01 +8.020281928e+01 +8.020281928e+01
20096 0 +1.539281222e+01 +7.904281222e+01 +7.904281222e+01
20175 0 +1.379343816e+01 +7.744343816e+01 +7.744343816e+01
20364 0 +1.348135832e+01 +7.713135832e+01 +7.713135832e+01
20595 0 +1.259435707e+01 +7.624435707e+01 +7.624435707e+01
20732 0 +1.159380201e+01 +7.524380201e+01 +7.524380201e+01
22129 0 +1.025527511e+01 +7.390527511e+01 +7.390527511e+01
24589 0 +9.340040238e+00 +7.299004024e+01 +7.299004024e+01
24647 0 +9.126614956e+00 +7.277661496e+01 +7.277661496e+01
24809 0 +9.110280491e+00 +7.276028049e+01 +7.276028049e+01
26711 0 +8.795310196e+00 +7.244531020e+01 +7.244531020e+01
26717 0 +8.323822335e+00 +7.197382234e+01 +7.197382234e+01
26752 0 +8.316984398e+00 +7.196698440e+01 +7.196698440e+01
26799 0 +7.821370275e+00 +7.147137028e+01 +7.147137028e+01
26835 0 +6.171612365e+00 +6.982161236e+01 +6.982161236e+01
29695 0 +6.022872354e+00 +6.967287235e+01 +6.967287235e+01
30641 0 +5.511885063e+00 +6.916188506e+01 +6.916188506e+01
30730 0 +5.434029829e+00 +6.908402983e+01 +6.908402983e+01
35028 0 +5.277306008e+00 +6.892730601e+01 +6.892730601e+01
35029 0 +4.901391157e+00 +6.855139116e+01 +6.855139116e+01
36667 0 +4.641495033e+00 +6.829149503e+01 +6.829149503e+01
43692 0 +4.548974550e+00 +6.819897455e+01 +6.819897455e+01
44526 0 +4.453958717e+00 +6.810395872e+01 +6.810395872e+01
47148 0 +4.337948236e+00 +6.798794824e+01 +6.798794824e+01
47500 0 +4.234857123e+00 +6.788485712e+01 +6.788485712e+01
47811 0 +4.106739697e+00 +6.775673970e+01 +6.775673970e+01
48839 0 +4.065704306e+00 +6.771570431e+01 +6.771570431e+01
53548 0 +3.978868481e+00 +6.762886848e+01 +6.762886848e+01
92913 0 +3.863274664e+00 +6.751327466e+01 +6.751327466e+01
95568 0 +3.796889064e+00 +6.744688906e+01 +6.744688906e+01
119440 0 +3.709380402e+00 +6.735938040e+01 +6.735938040e+01
127707 0 +3.628307269e+00 +6.727830727e+01 +6.727830727e+01
127710 0 +3.533182599e+00 +6.718318260e+01 +6.718318260e+01
127813 0 +3.415655024e+00 +6.706565502e+01 +6.706565502e+01
128205 0 +3.387645443e+00 +6.703764544e+01 +6.703764544e+01
129318 0 +3.282133885e+00 +6.693213388e+01 +6.693213388e+01
148062 0 +3.234370709e+00 +6.688437071e+01 +6.688437071e+01
171047 0 +3.156573956e+00 +6.680657396e+01 +6.680657396e+01
171676 0 +3.085576603e+00 +6.673557660e+01 +6.673557660e+01
173193 0 +2.933487648e+00 +6.658348765e+01 +6.658348765e+01
211458 0 +2.817514858e+00 +6.646751486e+01 +6.646751486e+01
400015 0 +2.817514858e+00 +6.646751486e+01 +6.646751486e+01
% f evaluations | g evaluations | best noise-free fitness - Fopt (6.991900000000e+02) + sum g_i+ | measured fitness | best measured fitness or single-digit g-values | x1 | x2...
1 0 +1.949487639e+03 +2.648677639e+03 +2.648677639e+03
10 0 +1.640144197e+03 +2.339334197e+03 +2.339334197e+03
49 0 +1.579935007e+03 +2.279125007e+03 +2.279125007e+03
4392 0 +1.436032242e+03 +2.135222242e+03 +2.135222242e+03
4405 0 +1.346992658e+03 +2.046182658e+03 +2.046182658e+03
4412 0 +1.274552849e+03 +1.973742849e+03 +1.973742849e+03
5386 0 +1.220923799e+03 +1.920113799e+03 +1.920113799e+03
5389 0 +1.106999941e+03 +1.806189941e+03 +1.806189941e+03
5476 0 +1.073463606e+03 +1.772653606e+03 +1.772653606e+03
5495 0 +1.028602192e+03 +1.727792192e+03 +1.727792192e+03
5526 0 +1.022527085e+03 +1.721717085e+03 +1.721717085e+03
5624 0 +9.843593016e+02 +1.683549302e+03 +1.683549302e+03
5663 0 +8.763536483e+02 +1.575543648e+03 +1.575543648e+03
5694 0 +8.237261905e+02 +1.522916191e+03 +1.522916191e+03
5719 0 +7.338999657e+02 +1.433089966e+03 +1.433089966e+03
5834 0 +6.677046702e+02 +1.366894670e+03 +1.366894670e+03
5931 0 +5.714393552e+02 +1.270629355e+03 +1.270629355e+03
6240 0 +4.888458269e+02 +1.188035827e+03 +1.188035827e+03
6828 0 +4.312625562e+02 +1.130452556e+03 +1.130452556e+03
6888 0 +3.904162707e+02 +1.089606271e+03 +1.089606271e+03
7139 0 +3.786783419e+02 +1.077868342e+03 +1.077868342e+03
7260 0 +3.687678742e+02 +1.067957874e+03 +1.067957874e+03
7280 0 +3.570468420e+02 +1.056236842e+03 +1.056236842e+03
7382 0 +2.545453444e+02 +9.537353444e+02 +9.537353444e+02
8138 0 +2.430584120e+02 +9.422484120e+02 +9.422484120e+02
8325 0 +2.306488772e+02 +9.298388772e+02 +9.298388772e+02
8727 0 +2.240713695e+02 +9.232613695e+02 +9.232613695e+02
8871 0 +2.014096285e+02 +9.005996285e+02 +9.005996285e+02
8946 0 +1.981968047e+02 +8.973868047e+02 +8.973868047e+02
8949 0 +1.214425315e+02 +8.206325315e+02 +8.206325315e+02
10268 0 +1.070157427e+02 +8.062057427e+02 +8.062057427e+02
11123 0 +8.890493761e+01 +7.880949376e+02 +7.880949376e+02
11189 0 +7.842484712e+01 +7.776148471e+02 +7.776148471e+02
11612 0 +5.873096933e+01 +7.579209693e+02 +7.579209693e+02
12677 0 +5.480081371e+01 +7.539908137e+02 +7.539908137e+02
12680 0 +5.277225853e+01 +7.519622585e+02 +7.519622585e+02
14030 0 +4.907873781e+01 +7.482687378e+02 +7.482687378e+02
14922 0 +4.832034949e+01 +7.475103495e+02 +7.475103495e+02
15188 0 +4.414539131e+01 +7.433353913e+02 +7.433353913e+02
15567 0 +4.043731098e+01 +7.396273110e+02 +7.396273110e+02
15608 0 +3.583251136e+01 +7.350225114e+02 +7.350225114e+02
16080 0 +3.424325508e+01 +7.334332551e+02 +7.334332551e+02
16360 0 +3.065597409e+01 +7.298459741e+02 +7.298459741e+02
17256 0 +2.842587729e+01 +7.276158773e+02 +7.276158773e+02
17398 0 +2.652724135e+01 +7.257172414e+02 +7.257172414e+02
17551 0 +2.345734426e+01 +7.226473443e+02 +7.226473443e+02
17985 0 +2.141386450e+01 +7.206038645e+02 +7.206038645e+02
18242 0 +1.868387293e+01 +7.178738729e+02 +7.178738729e+02
18525 0 +1.616642470e+01 +7.153564247e+02 +7.153564247e+02
21644 0 +1.529008997e+01 +7.144800900e+02 +7.144800900e+02
22305 0 +1.358476191e+01 +7.127747619e+02 +7.127747619e+02
22980 0 +1.065244024e+01 +7.098424402e+02 +7.098424402e+02
23666 0 +9.504842505e+00 +7.086948425e+02 +7.086948425e+02
26622 0 +8.160495939e+00 +7.073504959e+02 +7.073504959e+02
27073 0 +7.386589375e+00 +7.065765894e+02 +7.065765894e+02
31161 0 +6.864523524e+00 +7.060545235e+02 +7.060545235e+02
31474 0 +6.720334512e+00 +7.059103345e+02 +7.059103345e+02
31497 0 +6.555498010e+00 +7.057454980e+02 +7.057454980e+02
32648 0 +6.313226933e+00 +7.055032269e+02 +7.055032269e+02
32651 0 +6.237284242e+00 +7.054272842e+02 +7.054272842e+02
32720 0 +5.741758070e+00 +7.049317581e+02 +7.049317581e+02
35256 0 +5.294966972e+00 +7.044849670e+02 +7.044849670e+02
37748 0 +5.065552619e+00 +7.042555526e+02 +7.042555526e+02
38148 0 +4.993233843e+00 +7.041832338e+02 +7.041832338e+02
38527 0 +4.873519976e+00 +7.040635200e+02 +7.040635200e+02
38869 0 +4.768840641e+00 +7.039588406e+02 +7.039588406e+02
39389 0 +4.663141975e+00 +7.038531420e+02 +7.038531420e+02
39563 0 +4.457885916e+00 +7.036478859e+02 +7.036478859e+02
41111 0 +4.245132776e+00 +7.034351328e+02 +7.034351328e+02
41735 0 +4.073508346e+00 +7.032635083e+02 +7.032635083e+02
42145 0 +3.928774945e+00 +7.031187749e+02 +7.031187749e+02
42462 0 +3.765903403e+00 +7.029559034e+02 +7.029559034e+02
42657 0 +3.632755016e+00 +7.028227550e+02 +7.028227550e+02
42767 0 +3.579720752e+00 +7.027697208e+02 +7.027697208e+02
43970 0 +3.513976206e+00 +7.027039762e+02 +7.027039762e+02
44289 0 +3.453829520e+00 +7.026438295e+02 +7.026438295e+02
45337 0 +3.200485313e+00 +7.023904853e+02 +7.023904853e+02
62337 0 +3.145460239e+00 +7.023354602e+02 +7.023354602e+02
62778 0 +3.087120793e+00 +7.022771208e+02 +7.022771208e+02
209628 0 +3.019605769e+00 +7.022096058e+02 +7.022096058e+02
400010 0 +3.019605769e+00 +7.022096058e+02 +7.022096058e+02
% f evaluations | g evaluations | best noise-free fitness - Fopt (1.000000000000e+03) + sum g_i+ | measured fitness | best measured fitness or single-digit g-values | x1 | x2...
1 0 +2.078547280e+03 +3.078547280e+03 +3.078547280e+03
113 0 +1.856071422e+03 +2.856071422e+03 +2.856071422e+03
365 0 +1.776583403e+03 +2.776583403e+03 +2.776583403e+03
923 0 +1.737791224e+03 +2.737791224e+03 +2.737791224e+03
1122 0 +1.640910544e+03 +2.640910544e+03 +2.640910544e+03
1720 0 +1.422133474e+03 +2.422133474e+03 +2.422133474e+03
2026 0 +1.271845567e+03 +2.271845567e+03 +2.271845567e+03
2569 0 +1.197647442e+03 +2.197647442e+03 +2.197647442e+03
2572 0 +1.014995214e+03 +2.014995214e+03 +2.014995214e+03
3035 0 +9.707795867e+02 +1.970779587e+03 +1.970779587e+03
3181 0 +9.294768776e+02 +1.929476878e+03 +1.929476878e+03
3328 0 +8.988815345e+02 +1.898881535e+03 +1.898881535e+03
3979 0 +8.260180522e+02 +1.826018052e+03 +1.826018052e+03
4131 0 +7.888167369e+02 +1.788816737e+03 +1.788816737e+03
4250 0 +7.018522282e+02 +1.701852228e+03 +1.701852228e+03
4262 0 +6.680006139e+02 +1.668000614e+03 +1.668000614e+03
5115 0 +6.519355538e+02 +1.651935554e+03 +1.651935554e+03
5352 0 +5.929520698e+02 +1.592952070e+03 +1.592952070e+03
5374 0 +5.040969373e+02 +1.504096937e+03 +1.504096937e+03
5389 0 +5.006750740e+02 +1.500675074e+03 +1.500675074e+03
5480 0 +4.644717476e+02 +1.464471748e+03 +1.464471748e+03
5524 0 +3.940824264e+02 +1.394082426e+03 +1.394082426e+03
6080 0 +3.859650083e+02 +1.385965008e+03 +1.385965008e+03
6765 0 +3.133721258e+02 +1.313372126e+03 +1.313372126e+03
6836 0 +3.059291763e+02 +1.305929176e+03 +1.305929176e+03
6925 0 +2.400662425e+02 +1.240066242e+03 +1.240066242e+03
7490 0 +1.987531170e+02 +1.198753117e+03 +1.198753117e+03
7745 0 +1.724969122e+02 +1.172496912e+03 +1.172496912e+03
7780 0 +1.689481443e+02 +1.168948144e+03 +1.168948144e+03
8055 0 +1.597589641e+02 +1.159758964e+03 +1.159758964e+03
8337 0 +1.508321952e+02 +1.150832195e+03 +1.150832195e+03
8406 0 +1.463663573e+02 +1.146366357e+03 +1.146366357e+03
8893 0 +1.427113157e+02 +1.142711316e+03 +1.142711316e+03
9027 0 +1.316470865e+02 +1.131647087e+03 +1.131647087e+03
9053 0 +1.275173007e+02 +1.127517301e+03 +1.127517301e+03
9414 0 +1.150824103e+02 +1.115082410e+03 +1.115082410e+03
9516 0 +9.819406371e+01 +1.098194064e+03 +1.098194064e+03
9543 0 +8.761227317e+01 +1.087612273e+03 +1.087612273e+03
9666 0 +8.063484053e+01 +1.080634841e+03 +1.080634841e+03
10341 0 +6.600776818e+01 +1.066007768e+03 +1.066007768e+03
10457 0 +5.125562743e+01 +1.051255627e+03 +1.051255627e+03
12897 0 +4.740963552e+01 +1.047409636e+03 +1.047409636e+03
13616 0 +4.367804171e+01 +1.043678042e+03 +1.043678042e+03
13712 0 +4.350208985e+01 +1.043502090e+03 +1.043502090e+03
13947 0 +3.770446418e+01 +1.037704464e+03 +1.037704464e+03
14164 0 +3.456196958e+01 +1.034561970e+03 +1.034561970e+03
14174 0 +3.159771579e+01 +1.031597716e+03 +1.031597716e+03
14614 0 +2.323072877e+01 +1.023230729e+03 +1.023230729e+03
16556 0 +1.784745112e+01 +1.017847451e+03 +1.017847451e+03
17457 0 +1.687820112e+01 +1.016878201e+03 +1.016878201e+03
18121 0 +1.565754044e+01 +1.015657540e+03 +1.015657540e+03
18720 0 +1.422241480e+01 +1.014222415e+03 +1.014222415e+03
20643 0 +1.377947334e+01 +1.013779473e+03 +1.013779473e+03
20732 0 +1.345472094e+01 +1.013454721e+03 +1.013454721e+03
20805 0 +1.290993164e+01 +1.012909932e+03 +1.012909932e+03
21222 0 +1.225646126e+01 +1.012256461e+03 +1.012256461e+03
21834 0 +1.183518604e+01 +1.011835186e+03 +1.011835186e+03
22010 0 +1.053205578e+01 +1.010532056e+03 +1.010532056e+03
22783 0 +8.939089432e+00 +1.008939089e+03 +1.008939089e+03
24720 0 +8.884828328e+00 +1.008884828e+03 +1.008884828e+03
25505 0 +8.061882654e+00 +1.008061883e+03 +1.008061883e+03
25613 0 +7.851017443e+00 +1.007851017e+03 +1.007851017e+03
25724 0 +7.023416272e+00 +1.007023416e+03 +1.007023416e+03
27157 0 +6.844708695e+00 +1.006844709e+03 +1.006844709e+03
28238 0 +6.754577487e+00 +1.006754577e+03 +1.006754577e+03
28886 0 +6.525768527e+00 +1.006525769e+03 +1.006525769e+03
29576 0 +6.149391416e+00 +1.006149391e+03 +1.006149391e+03
35595 0 +5.954561199e+00 +1.005954561e+03 +1.005954561e+03
56403 0 +5.846029931e+00 +1.005846030e+03 +1.005846030e+03
69388 0 +5.753246422e+00 +1.005753246e+03 +1.005753246e+03
70080 0 +5.604856417e+00 +1.005604856e+03 +1.005604856e+03
73866 0 +5.463764249e+00 +1.005463764e+03 +1.005463764e+03
74749 0 +5.331689403e+00 +1.005331689e+03 +1.005331689e+03
78575 0 +5.245799470e+00 +1.005245799e+03 +1.005245799e+03
140256 0 +5.088021105e+00 +1.005088021e+03 +1.005088021e+03
140533 0 +4.964791686e+00 +1.004964792e+03 +1.004964792e+03
141049 0 +4.891427249e+00 +1.004891427e+03 +1.004891427e+03
141663 0 +4.748461702e+00 +1.004748462e+03 +1.004748462e+03
144336 0 +4.672450680e+00 +1.004672451e+03 +1.004672451e+03
328875 0 +4.567090402e+00 +1.004567090e+03 +1.004567090e+03
400011 0 +4.547176776e+00 +1.004547177e+03 +1.004547177e+03
