% f evaluations | g evaluations | best noise-free fitness - Fopt (7.135000000000e+01) + sum g_i+ | measured fitness | best measured fitness or single-digit g-values | x1 | x2...
1 0 +1.205674855e+02 +1.919174855e+02 +1.919174855e+02 +0.0000e+00 +0.0000e+00 +0.0000e+00 +0.0000e+00 +0.0000e+00
3 0 +8.659700364e+01 +1.579470036e+02 +1.579470036e+02 +8.3619e-01 -8.6166e-01 -7.2459e-01 -2.0435e-01 +1.2171e+00
5 0 +7.388804813e+01 +1.452380481e+02 +1.452380481e+02 +1.1701e+00 +1.5981e+00 +8.3781e-02 -1.6319e+00 +5.6876e-02
12 0 +6.157434575e+01 +1.329243458e+02 +1.329243458e+02 -7.2830e-01 +1.5730e+00 +2.3013e-01 +1.4786e+00 +8.3318e-01
13 0 +4.404105410e+01 +1.153910541e+02 +1.153910541e+02 +1.4338e+00 -1.6111e+00 -3.6800e-01 +4.7400e-01 -1.4911e+00
46 0 +3.271458939e+01 +1.040645894e+02 +1.040645894e+02 +1.1472e+00 -4.8883e-01 +4.3266e-01 -6.4508e-01 -3.0764e-02
70 0 +2.744057951e+01 +9.879057951e+01 +9.879057951e+01 +7.8061e-01 +1.1902e+00 -3.0267e-01 -1.4309e+00 -1.3896e-01
74 0 +2.410719815e+01 +9.545719815e+01 +9.545719815e+01 -1.9262e-01 +1.2402e+00 +4.7921e-01 -6.5025e-01 +1.5585e+00
97 0 +2.045209037e+01 +9.180209037e+01 +9.180209037e+01 +3.5683e-01 -1.6740e+00 -6.6356e-01 +1.0279e+00 -9.1700e-01
190 0 +8.132481533e+00 +7.948248153e+01 +7.948248153e+01 +8.7196e-01 -2.3081e+00 -4.1189e-01 +2.1552e+00 -1.7142e+00
1951 0 +3.343636063e+00 +7.469363606e+01 +7.469363606e+01 +4.2006e+00 -1.7630e+00 +3.9861e-01 +1.8921e-01 -3.5401e+00
4958 0 +2.982764708e+00 +7.433276471e+01 +7.433276471e+01 +3.7137e+00 -1.7562e+00 +4.2871e-01 +4.9646e-01 -3.1729e+00
4963 0 +2.505852706e+00 +7.385585271e+01 +7.385585271e+01 +2.7575e+00 -2.4365e+00 -1.9631e+00 +2.9575e+00 -1.8842e+00
32171 0 +2.185522102e+00 +7.353552210e+01 +7.353552210e+01 +7.5134e-01 +2.3143e+00 +3.9116e-01 +1.3120e+00 +2.6763e+00
49645 0 +1.907930134e+00 +7.325793013e+01 +7.325793013e+01 -4.5654e+00 -3.5285e+00 +5.0397e-01 -3.8570e+00 +3.7896e+00
50001 0 +1.907930134e+00 +7.325793013e+01 +7.325793013e+01 -4.5654e+00 -3.5285e+00 +5.0397e-01 -3.8570e+00 +3.7896e+00
% f evaluations | g evaluations | best noise-free fitness - Fopt (-3.552200000000e+02) + sum g_i+ | measured fitness | best measured fitness or single-digit g-values | x1 | x2...
1 0 +1.380502722e+02 -2.171697278e+02 -2.171697278e+02 +0.0000e+00 +0.0000e+00 +0.0000e+00 +0.0000e+00 +0.0000e+00
2 0 +7.218208348e+01 -2.830379165e+02 -2.830379165e+02 +6.1902e-01 +5.1801e-01 -8.8838e-01 -7.3385e-01 +1.2537e-02
4 0 +6.507281438e+01 -2.901471856e+02 -2.901471856e+02 -1.0302e+00 +2.1536e-01 +8.1653e-01 -6.7868e-01 -1.0451e+00
7 0 +5.489910349e+01 -3.003208965e+02 -3.003208965e+02 -4.1443e-01 -1.3876e+00 +1.0222e+00 +8.7958e-01 -8.3774e-01
10 0 +3.361975131e+01 -3.216002487e+02 -3.216002487e+02 -1.3539e+00 -5.4248e-01 -1.4627e+00 -1.7886e-01 +8.9720e-01
37 0 +3.307973260e+01 -3.221402674e+02 -3.221402674e+02 +1.2872e+00 +5.7339e-01 -4.2839e-01 +2.9649e-01 -3.2208e-01
62 0 +2.025631908e+01 -3.349636809e+02 -3.349636809e+02 +3.2146e-01 -1.6042e+00 +2.3710e-01 +1.7273e+00 -1.6704e+00
141 0 +1.643289786e+01 -3.387871021e+02 -3.387871021e+02 +1.8478e+00 -1.1280e+00 +1.6157e+00 +2.3926e-01 -1.5698e+00
333 0 +1.133285718e+01 -3.438871428e+02 -3.438871428e+02 -1.3088e+00 +2.7766e+00 +1.0253e+00 -6.5839e-01 -3.2133e+00
551 0 +8.964991947e+00 -3.462550081e+02 -3.462550081e+02 +6.7044e-01 -1.8264e+00 +1.5583e+00 +1.8040e+00 -3.1141e+00
731 0 +8.875463439e+00 -3.463445366e+02 -3.463445366e+02 +7.1655e-01 -2.5546e-01 +3.3167e+00 +5.8253e-01 -4.4394e+00
734 0 +8.053672311e+00 -3.471663277e+02 -3.471663277e+02 +2.9936e-01 -1.6261e+00 +1.8573e+00 +1.4595e+00 -2.7615e+00
1298 0 +7.227823134e+00 -3.479921769e+02 -3.479921769e+02 -1.6774e+00 -7.2225e-01 +4.3853e+00 +1.5306e+00 -2.4242e+00
1461 0 +2.204067553e+00 -3.530159324e+02 -3.530159324e+02 -9.9369e-01 +1.5075e+00 +2.8180e+00 +1.8407e+00 -1.0537e+00
8059 0 +1.989942784e+00 -3.532300572e+02 -3.532300572e+02 +2.2437e+00 +2.3203e+00 +2.7752e+00 -3.4262e+00 +3.8278e+00
16359 0 +1.824944802e+00 -3.533950552e+02 -3.533950552e+02 -5.6172e-01 +5.6012e-01 +2.7399e+00 +2.3745e+00 -9.8133e-01
28061 0 +1.107116229e+00 -3.541128838e+02 -3.541128838e+02 +4.5141e+00 +6.2483e-01 +2.1787e+00 -1.4301e+00 -1.9031e+00
36798 0 +9.860209685e-01 -3.542339790e+02 -3.542339790e+02 +2.8578e+00 +4.9842e+00 +4.9625e+00 -2.8551e+00 -6.7476e-01
36851 0 +8.547822415e-01 -3.543652178e+02 -3.543652178e+02 +2.8606e+00 +4.9825e+00 +4.9820e+00 -2.8337e+00 -6.8116e-01
36944 0 +7.897061710e-01 -3.544302938e+02 -3.544302938e+02 +2.8307e+00 +5.0225e+00 +4.9654e+00 -2.8447e+00 -6.7603e-01
37318 0 +7.738210095e-01 -3.544461790e+02 -3.544461790e+02 +2.8525e+00 +4.9910e+00 +4.9709e+00 -2.8548e+00 -6.8180e-01
37472 0 +7.447693987e-01 -3.544752306e+02 -3.544752306e+02 +2.8599e+00 +4.9809e+00 +4.9884e+00 -2.8324e+00 -6.7845e-01
37591 0 +5.501092891e-01 -3.546698907e+02 -3.546698907e+02 +2.8465e+00 +4.9919e+00 +4.9888e+00 -2.8399e+00 -6.8510e-01
38646 0 +5.491731324e-01 -3.546708269e+02 -3.546708269e+02 +2.8476e+00 +4.9905e+00 +4.9886e+00 -2.8380e+00 -6.8450e-01
38977 0 +5.339907279e-01 -3.546860093e+02 -3.546860093e+02 +2.8463e+00 +4.9934e+00 +4.9870e+00 -2.8406e+00 -6.8419e-01
40697 0 +5.072314082e-01 -3.547127686e+02 -3.547127686e+02 +2.8479e+00 +4.9903e+00 +4.9894e+00 -2.8350e+00 -6.8602e-01
41431 0 +5.005704240e-01 -3.547194296e+02 -3.547194296e+02 +2.8488e+00 +4.9888e+00 +4.9892e+00 -2.8356e+00 -6.8497e-01
41711 0 +4.820149759e-01 -3.547379850e+02 -3.547379850e+02 +2.8470e+00 +4.9904e+00 +4.9896e+00 -2.8362e+00 -6.8541e-01
42409 0 +4.652899391e-01 -3.547547101e+02 -3.547547101e+02 +2.8479e+00 +4.9895e+00 +4.9893e+00 -2.8361e+00 -6.8505e-01
46072 0 +4.561873739e-01 -3.547638126e+02 -3.547638126e+02 +2.8479e+00 +4.9895e+00 +4.9893e+00 -2.8361e+00 -6.8511e-01
50001 0 +4.510926617e-01 -3.547689073e+02 -3.547689073e+02 +2.8479e+00 +4.9895e+00 +4.9893e+00 -2.8362e+00 -6.8513e-01
% f evaluations | g evaluations | best noise-free fitness - Fopt (9.917000000000e+01) + sum g_i+ | measured fitness | best measured fitness or single-digit g-values | x1 | x2...
1 0 +1.990461148e+02 +2.982161148e+02 +2.982161148e+02 +0.0000e+00 +0.0000e+00 +0.0000e+00 +0.0000e+00 +0.0000e+00
2 0 +1.048250647e+02 +2.039950647e+02 +2.039950647e+02 +9.7567e-01 +4.3026e-01 -1.6602e+00 +1.3744e+00 +1.6248e+00
5 0 +7.002038624e+01 +1.691903862e+02 +1.691903862e+02 +1.0599e+00 -1.2349e+00 -1.3364e-01 -1.4551e+00 +1.0481e+00
6 0 +6.611361832e+01 +1.652836183e+02 +1.652836183e+02 +8.5861e-01 +6.7439e-02 +1.3808e-01 +9.3817e-01 -1.0235e+00
7 0 +2.973823324e+01 +1.289082332e+02 +1.289082332e+02 +2.1754e-01 -1.2069e+00 +1.3491e+00 -9.3884e-01 -2.7312e-01
14 0 +1.325615416e+01 +1.124261542e+02 +1.124261542e+02 -4.6894e-01 -2.3779e-01 +1.1069e+00 -1.3709e+00 +6.8190e-01
79 0 +1.227757702e+01 +1.114475770e+02 +1.114475770e+02 -3.1786e-01 -1.0441e+00 +4.3409e-01 -1.0093e+00 +8.9000e-01
503 0 +7.998059052e+00 +1.071680591e+02 +1.071680591e+02 +5.2750e-02 -8.1908e-01 +1.5409e+00 +2.4333e-02 +3.4328e-01
562 0 +6.730020801e+00 +1.059000208e+02 +1.059000208e+02 -1.2920e-01 -4.2691e-01 +8.3777e-01 -1.6076e-01 +7.5069e-01
783 0 +6.284277977e+00 +1.054542780e+02 +1.054542780e+02 -6.7722e-01 +3.4841e-01 +2.0780e+00 -3.1159e+00 -5.5423e-02
1381 0 +5.606071360e+00 +1.047760714e+02 +1.047760714e+02 +4.0701e-01 +2.4468e-01 -1.7823e+00 -2.9281e+00 -6.3279e-01
2904 0 +4.019585642e+00 +1.031895856e+02 +1.031895856e+02 -6.3759e-01 -6.1445e-01 -7.4916e-01 -5.9047e-02 +1.6591e+00
3162 0 +3.424540123e+00 +1.025945401e+02 +1.025945401e+02 -6.8271e-01 -6.3215e-01 +1.3133e-02 -9.9361e-01 +1.1333e+00
5720 0 +1.094367881e+00 +1.002643679e+02 +1.002643679e+02 +2.7016e+00 -3.4110e+00 -2.3021e+00 +3.4454e+00 +1.9530e+00
6072 0 +8.562167320e-01 +1.000262167e+02 +1.000262167e+02 +2.7873e+00 -3.2829e+00 -2.5818e+00 +3.4130e+00 +1.8354e+00
6241 0 +4.954642826e-01 +9.966546428e+01 +9.966546428e+01 +2.7496e+00 -3.1715e+00 -2.8610e+00 +3.4997e+00 +1.9338e+00
6552 0 +2.431679160e-01 +9.941316792e+01 +9.941316792e+01 +2.8151e+00 -3.2610e+00 -3.0605e+00 +3.4937e+00 +2.0444e+00
7432 0 +9.803676514e-02 +9.926803677e+01 +9.926803677e+01 +2.8798e+00 -3.3287e+00 -2.7822e+00 +3.5356e+00 +1.9021e+00
7787 0 +9.360079202e-02 +9.926360079e+01 +9.926360079e+01 +2.8405e+00 -3.2695e+00 -2.8052e+00 +3.5111e+00 +1.8895e+00
8200 0 +7.926143188e-02 +9.924926143e+01 +9.924926143e+01 +2.8535e+00 -3.2829e+00 -2.8737e+00 +3.4939e+00 +1.9354e+00
8393 0 +5.426162889e-02 +9.922426163e+01 +9.922426163e+01 +2.8307e+00 -3.3145e+00 -2.7425e+00 +3.4545e+00 +1.8661e+00
8470 0 +4.702000244e-02 +9.921702000e+01 +9.921702000e+01 +2.8647e+00 -3.2901e+00 -2.8021e+00 +3.5461e+00 +1.9185e+00
8686 0 +3.520205332e-02 +9.920520205e+01 +9.920520205e+01 +2.8131e+00 -3.2436e+00 -2.8716e+00 +3.5167e+00 +1.9491e+00
9249 0 +2.737113421e-02 +9.919737113e+01 +9.919737113e+01 +2.8162e+00 -3.2503e+00 -2.8551e+00 +3.5057e+00 +1.9250e+00
9324 0 +2.493879467e-02 +9.919493879e+01 +9.919493879e+01 +2.8470e+00 -3.2801e+00 -2.8620e+00 +3.5233e+00 +1.9334e+00
9384 0 +1.073939682e-02 +9.918073940e+01 +9.918073940e+01 +2.8759e+00 -3.2895e+00 -2.8511e+00 +3.5516e+00 +1.9259e+00
9672 0 +8.704679115e-03 +9.917870468e+01 +9.917870468e+01 +2.8625e+00 -3.2809e+00 -2.8436e+00 +3.5372e+00 +1.9174e+00
9740 0 +4.209386868e-03 +9.917420939e+01 +9.917420939e+01 +2.8534e+00 -3.2820e+00 -2.8283e+00 +3.5263e+00 +1.9219e+00
10148 0 +3.470544407e-03 +9.917347054e+01 +9.917347054e+01 +2.8719e+00 -3.2863e+00 -2.8464e+00 +3.5411e+00 +1.9191e+00
10498 0 +3.404800757e-03 +9.917340480e+01 +9.917340480e+01 +2.8570e+00 -3.2974e+00 -2.8080e+00 +3.5190e+00 +1.9032e+00
10608 0 +5.384212010e-04 +9.917053842e+01 +9.917053842e+01 +2.8570e+00 -3.2879e+00 -2.8257e+00 +3.5222e+00 +1.9095e+00
11069 0 +4.627882530e-04 +9.917046279e+01 +9.917046279e+01 +2.8633e+00 -3.2908e+00 -2.8241e+00 +3.5290e+00 +1.9101e+00
11843 0 +3.249719072e-04 +9.917032497e+01 +9.917032497e+01 +2.8559e+00 -3.2871e+00 -2.8261e+00 +3.5231e+00 +1.9123e+00
11858 0 +2.243998715e-04 +9.917022440e+01 +9.917022440e+01 +2.8556e+00 -3.2855e+00 -2.8268e+00 +3.5253e+00 +1.9124e+00
11973 0 +1.048968921e-04 +9.917010490e+01 +9.917010490e+01 +2.8580e+00 -3.2869e+00 -2.8266e+00 +3.5268e+00 +1.9126e+00
12168 0 +1.018903285e-04 +9.917010189e+01 +9.917010189e+01 +2.8593e+00 -3.2866e+00 -2.8282e+00 +3.5276e+00 +1.9119e+00
13079 0 +6.712391782e-05 +9.917006712e+01 +9.917006712e+01 +2.8582e+00 -3.2861e+00 -2.8281e+00 +3.5259e+00 +1.9122e+00
13186 0 +5.512383892e-05 +9.917005512e+01 +9.917005512e+01 +2.8584e+00 -3.2872e+00 -2.8256e+00 +3.5261e+00 +1.9109e+00
13198 0 +2.651042858e-05 +9.917002651e+01 +9.917002651e+01 +2.8583e+00 -3.2875e+00 -2.8263e+00 +3.5251e+00 +1.9107e+00
13663 0 +1.092836899e-05 +9.917001093e+01 +9.917001093e+01 +2.8584e+00 -3.2875e+00 -2.8263e+00 +3.5259e+00 +1.9111e+00
14370 0 +3.371251665e-06 +9.917000337e+01 +9.917000337e+01 +2.8583e+00 -3.2869e+00 -2.8274e+00 +3.5259e+00 +1.9117e+00
15326 0 +3.107283874e-06 +9.917000311e+01 +9.917000311e+01 +2.8580e+00 -3.2870e+00 -2.8267e+00 +3.5254e+00 +1.9113e+00
15750 0 +1.843633569e-06 +9.917000184e+01 +9.917000184e+01 +2.8583e+00 -3.2874e+00 -2.8265e+00 +3.5256e+00 +1.9112e+00
15935 0 +1.731095935e-06 +9.917000173e+01 +9.917000173e+01 +2.8578e+00 -3.2869e+00 -2.8269e+00 +3.5255e+00 +1.9115e+00
16284 0 +1.657577826e-06 +9.917000166e+01 +9.917000166e+01 +2.8583e+00 -3.2873e+00 -2.8265e+00 +3.5258e+00 +1.9113e+00
16287 0 +1.203610793e-06 +9.917000120e+01 +9.917000120e+01 +2.8581e+00 -3.2872e+00 -2.8267e+00 +3.5256e+00 +1.9114e+00
16304 0 +5.807711858e-07 +9.917000058e+01 +9.917000058e+01 +2.8582e+00 -3.2873e+00 -2.8267e+00 +3.5256e+00 +1.9113e+00
16485 0 +5.056919434e-07 +9.917000051e+01 +9.917000051e+01 +2.8581e+00 -3.2871e+00 -2.8269e+00 +3.5257e+00 +1.9115e+00
16726 0 +4.467264318e-07 +9.917000045e+01 +9.917000045e+01 +2.8583e+00 -3.2872e+00 -2.8270e+00 +3.5257e+00 +1.9115e+00
17434 0 +2.534303434e-07 +9.917000025e+01 +9.917000025e+01 +2.8583e+00 -3.2872e+00 -2.8270e+00 +3.5258e+00 +1.9114e+00
17586 0 +4.976173784e-08 +9.917000005e+01 +9.917000005e+01 +2.8583e+00 -3.2872e+00 -2.8270e+00 +3.5257e+00 +1.9114e+00
18959 0 +3.113834168e-08 +9.917000003e+01 +9.917000003e+01 +2.8583e+00 -3.2872e+00 -2.8269e+00 +3.5257e+00 +1.9114e+00
19353 0 +1.539490313e-08 +9.917000002e+01 +9.917000002e+01 +2.8583e+00 -3.2872e+00 -2.8268e+00 +3.5257e+00 +1.9114e+00
19463 0 +4.726160796e-09 +9.917000000e+01 +9.917000000e+01 +2.8583e+00 -3.2872e+00 -2.8269e+00 +3.5257e+00 +1.9114e+00
22435 0 +8.526512829e-13 +9.917000000e+01 +9.917000000e+01 +2.8583e+00 -3.2872e+00 -2.8269e+00 +3.5257e+00 +1.9114e+00
23731 0 +0.000000000e+00 +9.917000000e+01 +9.917000000e+01 +2.8583e+00 -3.2872e+00 -2.8269e+00 +3.5257e+00 +1.9114e+00
24081 0 +0.000000000e+00 +9.917000000e+01 +9.917000000e+01 +2.8583e+00 -3.2872e+00 -2.8269e+00 +3.5257e+00 +1.9114e+00
% f evaluations | g evaluations | best noise-free fitness - Fopt (-5.179100000000e+02) + sum g_i+ | measured fitness | best measured fitness or single-digit g-values | x1 | x2...
1 0 +7.971953023e+01 -4.381904698e+02 -4.381904698e+02 +0.0000e+00 +0.0000e+00 +0.0000e+00 +0.0000e+00 +0.0000e+00
2 0 +4.269833028e+01 -4.752116697e+02 -4.752116697e+02 +4.0178e-01 -2.3386e-01 +1.2515e+00 +1.2289e+00 +6.1366e-01
4 0 +6.111468409e+00 -5.117985316e+02 -5.117985316e+02 -1.5642e+00 -6.8278e-01 +1.3265e+00 +1.1801e+00 +1.4790e+00
2090 0 +5.164218253e+00 -5.127457817e+02 -5.127457817e+02 -2.1956e+00 -8.5581e-01 +3.2521e+00 -3.9415e+00 +1.4266e+00
4506 0 +3.787443036e+00 -5.141225570e+02 -5.141225570e+02 -1.3392e+00 -1.1120e+00 +2.7090e+00 -3.0409e+00 -2.3116e+00
5557 0 +3.273067575e+00 -5.146369324e+02 -5.146369324e+02 -1.3468e+00 -2.3114e+00 +1.9828e+00 +1.6118e+00 -2.8990e+00
5990 0 +3.232721956e+00 -5.146772780e+02 -5.146772780e+02 -1.7267e+00 -2.2031e+00 +2.2076e+00 +1.1095e+00 -3.2432e+00
6090 0 +2.553459978e+00 -5.153565400e+02 -5.153565400e+02 -1.3565e+00 -1.9205e+00 +2.5319e+00 +5.6619e-01 -2.9909e+00
6399 0 +2.124096286e+00 -5.157859037e+02 -5.157859037e+02 -1.7477e+00 -2.0458e+00 +2.2965e+00 +5.8365e-01 -3.1325e+00
6564 0 +5.496456665e-01 -5.173603543e+02 -5.173603543e+02 -1.7274e+00 -1.9999e+00 +2.2190e+00 +7.3543e-01 -3.3254e+00
6879 0 +5.375694681e-01 -5.173724305e+02 -5.173724305e+02 -1.5186e+00 -2.0785e+00 +2.1787e+00 +1.0454e+00 -3.0497e+00
7360 0 +4.387884836e-01 -5.174712115e+02 -5.174712115e+02 -1.4738e+00 -1.8701e+00 +2.1270e+00 +8.8420e-01 -3.1221e+00
7544 0 +3.395620705e-01 -5.175704379e+02 -5.175704379e+02 -1.5275e+00 -2.0472e+00 +1.9838e+00 +1.1909e+00 -3.0815e+00
7643 0 +2.705160947e-01 -5.176394839e+02 -5.176394839e+02 -1.5653e+00 -2.0168e+00 +2.1113e+00 +1.0797e+00 -3.1448e+00
8078 0 +1.806057539e-01 -5.177293942e+02 -5.177293942e+02 -1.6108e+00 -1.9638e+00 +2.1675e+00 +9.8569e-01 -3.1387e+00
8187 0 +1.310590832e-01 -5.177789409e+02 -5.177789409e+02 -1.5513e+00 -2.0967e+00 +2.1896e+00 +1.1475e+00 -3.0612e+00
8381 0 +1.158357960e-01 -5.177941642e+02 -5.177941642e+02 -1.6358e+00 -1.9319e+00 +2.1734e+00 +8.7663e-01 -3.1755e+00
8500 0 +6.678615611e-02 -5.178432138e+02 -5.178432138e+02 -1.5415e+00 -2.0095e+00 +2.1052e+00 +1.0377e+00 -3.1116e+00
8525 0 +6.312052203e-02 -5.178468795e+02 -5.178468795e+02 -1.5243e+00 -2.0661e+00 +2.1030e+00 +1.1503e+00 -3.0862e+00
8786 0 +3.037053850e-02 -5.178796295e+02 -5.178796295e+02 -1.5233e+00 -2.0478e+00 +2.1491e+00 +1.1130e+00 -3.0800e+00
9000 0 +2.273731167e-02 -5.178872627e+02 -5.178872627e+02 -1.5565e+00 -2.0371e+00 +2.1358e+00 +1.0574e+00 -3.1022e+00
9425 0 +1.487752143e-02 -5.178951225e+02 -5.178951225e+02 -1.5277e+00 -2.0090e+00 +2.0989e+00 +1.0620e+00 -3.0933e+00
9775 0 +1.469289050e-02 -5.178953071e+02 -5.178953071e+02 -1.5373e+00 -2.0298e+00 +2.0626e+00 +1.1369e+00 -3.0837e+00
9790 0 +1.406415757e-02 -5.178959358e+02 -5.178959358e+02 -1.5613e+00 -2.0076e+00 +2.1231e+00 +1.0378e+00 -3.0957e+00
9793 0 +1.276340954e-02 -5.178972366e+02 -5.178972366e+02 -1.5509e+00 -2.0395e+00 +2.1222e+00 +1.0765e+00 -3.0965e+00
9867 0 +8.074558119e-03 -5.179019254e+02 -5.179019254e+02 -1.5493e+00 -2.0396e+00 +2.0957e+00 +1.1054e+00 -3.0881e+00
10420 0 +5.620830613e-03 -5.179043792e+02 -5.179043792e+02 -1.5546e+00 -2.0590e+00 +2.1183e+00 +1.1193e+00 -3.0808e+00
10533 0 +3.210953813e-04 -5.179096789e+02 -5.179096789e+02 -1.5467e+00 -2.0360e+00 +2.1062e+00 +1.0911e+00 -3.0852e+00
11292 0 +2.680155877e-04 -5.179097320e+02 -5.179097320e+02 -1.5456e+00 -2.0332e+00 +2.1023e+00 +1.0891e+00 -3.0860e+00
11944 0 +2.402362625e-04 -5.179097598e+02 -5.179097598e+02 -1.5471e+00 -2.0353e+00 +2.1084e+00 +1.0884e+00 -3.0869e+00
11992 0 +1.766141141e-04 -5.179098234e+02 -5.179098234e+02 -1.5465e+00 -2.0344e+00 +2.1085e+00 +1.0862e+00 -3.0867e+00
12440 0 +4.660350373e-05 -5.179099534e+02 -5.179099534e+02 -1.5461e+00 -2.0347e+00 +2.1056e+00 +1.0892e+00 -3.0859e+00
13531 0 +3.497466298e-05 -5.179099650e+02 -5.179099650e+02 -1.5471e+00 -2.0348e+00 +2.1047e+00 +1.0890e+00 -3.0864e+00
13700 0 +5.656207463e-06 -5.179099943e+02 -5.179099943e+02 -1.5465e+00 -2.0349e+00 +2.1057e+00 +1.0890e+00 -3.0863e+00
15150 0 +4.833276307e-06 -5.179099952e+02 -5.179099952e+02 -1.5467e+00 -2.0350e+00 +2.1066e+00 +1.0882e+00 -3.0864e+00
15152 0 +3.633970778e-06 -5.179099964e+02 -5.179099964e+02 -1.5464e+00 -2.0352e+00 +2.1065e+00 +1.0888e+00 -3.0863e+00
15390 0 +2.744782023e-06 -5.179099973e+02 -5.179099973e+02 -1.5465e+00 -2.0348e+00 +2.1062e+00 +1.0882e+00 -3.0864e+00
15784 0 +2.569728395e-06 -5.179099974e+02 -5.179099974e+02 -1.5465e+00 -2.0348e+00 +2.1063e+00 +1.0882e+00 -3.0864e+00
15807 0 +1.712567951e-06 -5.179099983e+02 -5.179099983e+02 -1.5465e+00 -2.0352e+00 +2.1064e+00 +1.0890e+00 -3.0864e+00
15888 0 +1.050073251e-06 -5.179099989e+02 -5.179099989e+02 -1.5466e+00 -2.0351e+00 +2.1064e+00 +1.0886e+00 -3.0864e+00
15990 0 +9.805548871e-07 -5.179099990e+02 -5.179099990e+02 -1.5466e+00 -2.0351e+00 +2.1063e+00 +1.0886e+00 -3.0863e+00
16036 0 +7.132707651e-07 -5.179099993e+02 -5.179099993e+02 -1.5465e+00 -2.0352e+00 +2.1064e+00 +1.0887e+00 -3.0864e+00
16836 0 +4.370933766e-07 -5.179099996e+02 -5.179099996e+02 -1.5465e+00 -2.0352e+00 +2.1065e+00 +1.0888e+00 -3.0864e+00
16841 0 +3.552216867e-07 -5.179099996e+02 -5.179099996e+02 -1.5466e+00 -2.0352e+00 +2.1064e+00 +1.0888e+00 -3.0864e+00
17421 0 +4.613480087e-08 -5.179100000e+02 -5.179100000e+02 -1.5466e+00 -2.0352e+00 +2.1065e+00 +1.0887e+00 -3.0864e+00
18815 0 +2.220667739e-08 -5.179100000e+02 -5.179100000e+02 -1.5465e+00 -2.0352e+00 +2.1065e+00 +1.0887e+00 -3.0864e+00
18990 0 +1.472380973e-08 -5.179100000e+02 -5.179100000e+02 -1.5466e+00 -2.0352e+00 +2.1065e+00 +1.0887e+00 -3.0864e+00
19661 0 +1.119815352e-08 -5.179100000e+02 -5.179100000e+02 -1.5466e+00 -2.0352e+00 +2.1065e+00 +1.0887e+00 -3.0864e+00
19979 0 +9.991822481e-09 -5.179100000e+02 -5.179100000e+02 -1.5466e+00 -2.0352e+00 +2.1065e+00 +1.0887e+00 -3.0864e+00
22145 0 +7.958078641e-13 -5.179100000e+02 -5.179100000e+02 -1.5466e+00 -2.0352e+00 +2.1065e+00 +1.0887e+00 -3.0864e+00
23030 0 +0.000000000e+00 -5.179100000e+02 -5.179100000e+02 -1.5466e+00 -2.0352e+00 +2.1065e+00 +1.0887e+00 -3.0864e+00
23821 0 +0.000000000e+00 -5.179100000e+02 -5.179100000e+02 -1.5466e+00 -2.0352e+00 +2.1065e+00 +1.0887e+00 -3.0864e+00
% f evaluations | g evaluations | best noise-free fitness - Fopt (-5.721000000000e+01) + sum g_i+ | measured fitness | best measured fitness or single-digit g-values | x1 | x2...
1 0 +1.005348962e+02 +4.332489617e+01 +4.332489617e+01 +0.0000e+00 +0.0000e+00 +0.0000e+00 +0.0000e+00 +0.0000e+00
2 0 +8.479028294e+01 +2.758028294e+01 +2.758028294e+01 -6.2608e-01 +8.7199e-01 -1.4369e+00 +3.9505e-01 +4.3781e-01
3 0 +5.876583727e+01 +1.555837274e+00 +1.555837274e+00 -5.6013e-01 +3.1138e-01 +1.1465e+00 +8.9515e-01 -6.8187e-01
4 0 +3.231973050e+01 -2.489026950e+01 -2.489026950e+01 -1.5135e+00 +3.3239e-01 +1.6200e+00 -1.4211e+00 -1.1438e+00
7 0 +2.441934643e+01 -3.279065357e+01 -3.279065357e+01 +9.2492e-01 +7.6893e-01 -4.6692e-01 -1.6162e+00 +2.6328e-01
48 0 +2.103746668e+01 -3.617253332e+01 -3.617253332e+01 -4.7715e-01 -2.9799e-01 +1.9530e-01 -9.9808e-01 -1.6806e+00
76 0 +1.828630459e+01 -3.892369541e+01 -3.892369541e+01 +2.6664e-01 -4.9670e-01 +1.3510e+00 +5.9809e-01 -2.1604e+00
149 0 +1.693056975e+01 -4.027943025e+01 -4.027943025e+01 -2.6855e-01 +1.2589e-02 -4.9778e-01 +6.1803e-01 +4.3774e-01
159 0 +1.392073965e+01 -4.328926035e+01 -4.328926035e+01 -2.2095e+00 +1.0412e+00 +1.5742e+00 -7.0290e-01 -8.7849e-01
168 0 +1.362855710e+01 -4.358144290e+01 -4.358144290e+01 -1.2761e+00 +2.5791e-01 +6.4748e-01 -3.6959e-01 -9.4425e-01
264 0 +1.082224060e+01 -4.638775940e+01 -4.638775940e+01 -1.0312e-02 -8.8581e-01 +7.4828e-01 -1.6831e+00 -8.8235e-01
527 0 +9.790277778e+00 -4.741972222e+01 -4.741972222e+01 -5.8806e-01 -5.7466e-01 +1.5388e-01 -9.3741e-01 -1.0735e+00
592 0 +5.895453497e+00 -5.131454650e+01 -5.131454650e+01 -2.0131e-02 -6.4477e-01 +4.4220e-01 -6.4339e-01 -7.3093e-01
1166 0 +4.696013295e+00 -5.251398671e+01 -5.251398671e+01 +2.2465e-01 +1.2243e+00 -1.4372e+00 -1.3804e+00 -5.3186e+00
4591 0 +1.577406351e+00 -5.563259365e+01 -5.563259365e+01 +1.0472e-01 -2.4617e+00 -2.0346e+00 +1.7966e+00 -2.3989e-01
50001 0 +1.577406351e+00 -5.563259365e+01 -5.563259365e+01 +1.0472e-01 -2.4617e+00 -2.0346e+00 +1.7966e+00 -2.3989e-01
% f evaluations | g evaluations | best noise-free fitness - Fopt (6.626000000000e+01) + sum g_i+ | measured fitness | best measured fitness or single-digit g-values | x1 | x2...
1 0 +4.013925787e+01 +1.063992579e+02 +1.063992579e+02 +0.0000e+00 +0.0000e+00 +0.0000e+00 +0.0000e+00 +0.0000e+00
5 0 +3.957494233e+01 +1.058349423e+02 +1.058349423e+02 -1.3744e+00 -6.4401e-01 -1.2713e+00 +1.1862e+00 -1.3138e+00
12 0 +1.623008932e+01 +8.249008932e+01 +8.249008932e+01 +3.3181e-01 +1.0693e+00 -1.5210e+00 -1.1638e+00 -1.5740e+00
87 0 +1.390344874e+01 +8.016344874e+01 +8.016344874e+01 +4.7377e-01 +6.9488e-01 +1.2469e-01 -1.2672e+00 +2.4401e-02
115 0 +1.032541605e+01 +7.658541605e+01 +7.658541605e+01 +1.7273e+00 -3.7427e-01 -1.7152e+00 -6.3088e-01 -7.0811e-02
472 0 +9.228170722e+00 +7.548817072e+01 +7.548817072e+01 -4.0483e+00 +1.5061e+00 -4.3995e-01 -1.4414e+00 +2.6708e+00
1049 0 +4.731516756e+00 +7.099151676e+01 +7.099151676e+01 -8.7401e-01 +2.0118e+00 +1.0024e+00 +8.4861e-01 +2.0604e+00
1125 0 +4.289624142e+00 +7.054962414e+01 +7.054962414e+01 -1.7823e+00 +2.1809e+00 +7.1013e-01 +1.0851e+00 +3.0863e+00
3405 0 +3.346893266e+00 +6.960689327e+01 +6.960689327e+01 +1.7048e+00 +9.5033e-01 -2.9687e+00 +2.8287e+00 +5.3227e-01
3683 0 +4.086073224e-01 +6.666860732e+01 +6.666860732e+01 +1.3701e+00 +1.1829e+00 -2.4599e+00 +2.8604e+00 +8.2252e-01
5801 0 +1.189476445e-01 +6.637894764e+01 +6.637894764e+01 +5.0269e-01 +2.4494e+00 -3.2447e+00 +1.9450e+00 +1.2622e+00
7183 0 +8.977263279e-02 +6.634977263e+01 +6.634977263e+01 +4.7583e-01 +2.4408e+00 -3.0983e+00 +1.9734e+00 +1.2583e+00
7357 0 +4.017620574e-02 +6.630017621e+01 +6.630017621e+01 +4.8800e-01 +2.4261e+00 -3.1318e+00 +1.9278e+00 +1.2652e+00
7817 0 +3.510744144e-02 +6.629510744e+01 +6.629510744e+01 +4.2644e-01 +2.4073e+00 -3.0985e+00 +1.9249e+00 +1.3242e+00
8859 0 +2.843345023e-02 +6.628843345e+01 +6.628843345e+01 +4.6407e-01 +2.4478e+00 -3.1600e+00 +1.9816e+00 +1.2983e+00
9415 0 +2.347093460e-02 +6.628347093e+01 +6.628347093e+01 +4.5968e-01 +2.3880e+00 -3.0989e+00 +1.9124e+00 +1.3093e+00
9429 0 +2.062217355e-02 +6.628062217e+01 +6.628062217e+01 +4.5153e-01 +2.3912e+00 -3.0854e+00 +1.9175e+00 +1.3313e+00
9436 0 +1.651359375e-02 +6.627651359e+01 +6.627651359e+01 +4.6425e-01 +2.4167e+00 -3.1176e+00 +1.9412e+00 +1.3108e+00
9456 0 +1.479933388e-02 +6.627479933e+01 +6.627479933e+01 +4.4985e-01 +2.4088e+00 -3.1236e+00 +1.9328e+00 +1.3115e+00
9511 0 +1.041135292e-02 +6.627041135e+01 +6.627041135e+01 +4.6896e-01 +2.4214e+00 -3.1288e+00 +1.9417e+00 +1.2839e+00
9536 0 +9.074431811e-03 +6.626907443e+01 +6.626907443e+01 +4.6410e-01 +2.4096e+00 -3.1137e+00 +1.9400e+00 +1.3053e+00
9645 0 +6.746094559e-03 +6.626674609e+01 +6.626674609e+01 +4.8012e-01 +2.4345e+00 -3.1403e+00 +1.9498e+00 +1.2756e+00
10400 0 +6.076141860e-03 +6.626607614e+01 +6.626607614e+01 +4.5713e-01 +2.4287e+00 -3.1399e+00 +1.9484e+00 +1.3017e+00
10752 0 +2.882710595e-03 +6.626288271e+01 +6.626288271e+01 +4.7558e-01 +2.4265e+00 -3.1283e+00 +1.9421e+00 +1.2830e+00
11080 0 +2.232611204e-03 +6.626223261e+01 +6.626223261e+01 +4.5676e-01 +2.4210e+00 -3.1321e+00 +1.9397e+00 +1.3046e+00
11413 0 +2.020118680e-03 +6.626202012e+01 +6.626202012e+01 +4.6452e-01 +2.4262e+00 -3.1325e+00 +1.9420e+00 +1.2897e+00
11436 0 +1.845440588e-03 +6.626184544e+01 +6.626184544e+01 +4.6170e-01 +2.4231e+00 -3.1303e+00 +1.9430e+00 +1.2958e+00
11523 0 +1.473621343e-03 +6.626147362e+01 +6.626147362e+01 +4.5176e-01 +2.4189e+00 -3.1254e+00 +1.9363e+00 +1.3049e+00
11641 0 +7.213082591e-04 +6.626072131e+01 +6.626072131e+01 +4.5796e-01 +2.4217e+00 -3.1319e+00 +1.9379e+00 +1.2983e+00
12144 0 +6.164361998e-04 +6.626061644e+01 +6.626061644e+01 +4.5900e-01 +2.4151e+00 -3.1227e+00 +1.9314e+00 +1.3016e+00
12250 0 +5.843538278e-04 +6.626058435e+01 +6.626058435e+01 +4.6310e-01 +2.4243e+00 -3.1356e+00 +1.9404e+00 +1.2951e+00
13009 0 +4.001103263e-04 +6.626040011e+01 +6.626040011e+01 +4.6024e-01 +2.4234e+00 -3.1307e+00 +1.9410e+00 +1.2967e+00
13146 0 +3.637048520e-04 +6.626036370e+01 +6.626036370e+01 +4.6044e-01 +2.4177e+00 -3.1263e+00 +1.9339e+00 +1.2986e+00
13165 0 +2.028858883e-04 +6.626020289e+01 +6.626020289e+01 +4.6069e-01 +2.4220e+00 -3.1298e+00 +1.9377e+00 +1.2956e+00
13276 0 +1.545933037e-04 +6.626015459e+01 +6.626015459e+01 +4.5925e-01 +2.4208e+00 -3.1278e+00 +1.9373e+00 +1.2985e+00
13363 0 +1.385097405e-04 +6.626013851e+01 +6.626013851e+01 +4.6095e-01 +2.4225e+00 -3.1298e+00 +1.9388e+00 +1.2959e+00
13853 0 +8.624083614e-05 +6.626008624e+01 +6.626008624e+01 +4.5999e-01 +2.4206e+00 -3.1278e+00 +1.9361e+00 +1.2977e+00
14240 0 +7.794426877e-05 +6.626007794e+01 +6.626007794e+01 +4.5860e-01 +2.4199e+00 -3.1290e+00 +1.9364e+00 +1.2997e+00
14439 0 +5.825282932e-05 +6.626005825e+01 +6.626005825e+01 +4.5964e-01 +2.4207e+00 -3.1287e+00 +1.9366e+00 +1.2983e+00
14652 0 +5.449438471e-05 +6.626005449e+01 +6.626005449e+01 +4.6028e-01 +2.4206e+00 -3.1287e+00 +1.9365e+00 +1.2975e+00
14727 0 +3.566069293e-05 +6.626003566e+01 +6.626003566e+01 +4.5926e-01 +2.4200e+00 -3.1265e+00 +1.9365e+00 +1.2982e+00
15570 0 +1.657648535e-05 +6.626001658e+01 +6.626001658e+01 +4.5803e-01 +2.4198e+00 -3.1278e+00 +1.9363e+00 +1.2998e+00
15585 0 +1.027851920e-05 +6.626001028e+01 +6.626001028e+01 +4.5977e-01 +2.4201e+00 -3.1278e+00 +1.9365e+00 +1.2982e+00
15652 0 +8.131171953e-06 +6.626000813e+01 +6.626000813e+01 +4.5992e-01 +2.4203e+00 -3.1280e+00 +1.9367e+00 +1.2981e+00
16003 0 +7.975759544e-06 +6.626000798e+01 +6.626000798e+01 +4.5999e-01 +2.4206e+00 -3.1288e+00 +1.9368e+00 +1.2979e+00
16199 0 +6.425821965e-06 +6.626000643e+01 +6.626000643e+01 +4.6003e-01 +2.4205e+00 -3.1279e+00 +1.9368e+00 +1.2977e+00
16379 0 +5.701228346e-06 +6.626000570e+01 +6.626000570e+01 +4.6033e-01 +2.4204e+00 -3.1282e+00 +1.9368e+00 +1.2976e+00
16489 0 +3.204757576e-06 +6.626000320e+01 +6.626000320e+01 +4.6066e-01 +2.4208e+00 -3.1283e+00 +1.9370e+00 +1.2971e+00
16574 0 +2.959137234e-06 +6.626000296e+01 +6.626000296e+01 +4.6036e-01 +2.4206e+00 -3.1281e+00 +1.9369e+00 +1.2974e+00
16682 0 +2.449926811e-06 +6.626000245e+01 +6.626000245e+01 +4.6027e-01 +2.4205e+00 -3.1282e+00 +1.9369e+00 +1.2976e+00
16967 0 +2.065132676e-06 +6.626000207e+01 +6.626000207e+01 +4.6031e-01 +2.4206e+00 -3.1282e+00 +1.9369e+00 +1.2975e+00
17157 0 +1.262384487e-06 +6.626000126e+01 +6.626000126e+01 +4.6000e-01 +2.4203e+00 -3.1279e+00 +1.9367e+00 +1.2980e+00
17213 0 +5.727681440e-07 +6.626000057e+01 +6.626000057e+01 +4.6015e-01 +2.4205e+00 -3.1281e+00 +1.9368e+00 +1.2976e+00
17337 0 +3.092120977e-07 +6.626000031e+01 +6.626000031e+01 +4.6013e-01 +2.4205e+00 -3.1281e+00 +1.9368e+00 +1.2977e+00
17505 0 +2.754766371e-07 +6.626000028e+01 +6.626000028e+01 +4.6011e-01 +2.4205e+00 -3.1281e+00 +1.9368e+00 +1.2977e+00
17789 0 +8.429390164e-08 +6.626000008e+01 +6.626000008e+01 +4.6016e-01 +2.4206e+00 -3.1282e+00 +1.9368e+00 +1.2976e+00
18317 0 +4.749406912e-08 +6.626000005e+01 +6.626000005e+01 +4.6013e-01 +2.4205e+00 -3.1282e+00 +1.9368e+00 +1.2977e+00
19135 0 +2.326063964e-08 +6.626000002e+01 +6.626000002e+01 +4.6018e-01 +2.4206e+00 -3.1282e+00 +1.9368e+00 +1.2976e+00
19735 0 +7.545040148e-09 +6.626000001e+01 +6.626000001e+01 +4.6014e-01 +2.4205e+00 -3.1282e+00 +1.9368e+00 +1.2977e+00
23324 0 +9.237055565e-13 +6.626000000e+01 +6.626000000e+01 +4.6015e-01 +2.4205e+00 -3.1282e+00 +1.9368e+00 +1.2977e+00
23734 0 +0.000000000e+00 +6.626000000e+01 +6.626000000e+01 +4.6015e-01 +2.4205e+00 -3.1282e+00 +1.9368e+00 +1.2977e+00
25261 0 +0.000000000e+00 +6.626000000e+01 +6.626000000e+01 +4.6015e-01 +2.4205e+00 -3.1282e+00 +1.9368e+00 +1.2977e+00
% f evaluations | g evaluations | best noise-free fitness - Fopt (-1.386200000000e+02) + sum g_i+ | measured fitness | best measured fitness or single-digit g-values | x1 | x2...
1 0 +9.648123554e+01 -4.213876446e+01 -4.213876446e+01 +0.0000e+00 +0.0000e+00 +0.0000e+00 +0.0000e+00 +0.0000e+00
6 0 +4.476515001e+01 -9.385484999e+01 -9.385484999e+01 +1.5915e-01 +2.4492e-01 -6.8282e-01 +1.8167e-01 -9.5176e-01
8 0 +1.469801809e+01 -1.239219819e+02 -1.239219819e+02 -7.5545e-01 +5.2921e-01 +4.1273e-01 -3.9027e-01 +1.3776e+00
47 0 +1.322987772e+01 -1.253901223e+02 -1.253901223e+02 -8.9050e-01 +7.9169e-01 -8.7005e-02 -1.2424e-02 +5.5788e-01
49 0 +1.259664933e+01 -1.260233507e+02 -1.260233507e+02 -3.4420e-01 -1.4211e+00 -2.7388e+00 -8.5444e-01 +3.2694e-01
100 0 +1.186242711e+01 -1.267575729e+02 -1.267575729e+02 +3.0021e-02 +1.5782e-01 -2.5835e-01 +1.4906e-01 +5.4732e-01
248 0 +1.117874344e+01 -1.274412566e+02 -1.274412566e+02 -8.4419e-01 -2.7873e-01 -3.5490e+00 -5.4769e-01 -9.9972e-01
385 0 +8.039588137e+00 -1.305804119e+02 -1.305804119e+02 -2.0291e+00 -7.1178e-01 -1.2031e+00 -1.6016e+00 +1.0833e+00
471 0 +6.212958844e+00 -1.324070412e+02 -1.324070412e+02 -1.3300e+00 +1.0154e-01 -6.4587e-01 +1.3509e-02 -1.5851e-01
1086 0 +2.145669815e+00 -1.364743302e+02 -1.364743302e+02 -2.8284e+00 -3.9730e-01 +3.1039e+00 -1.8462e+00 +3.7104e+00
2992 0 +1.838062508e+00 -1.367819375e+02 -1.367819375e+02 -3.8368e+00 +2.6422e+00 -1.4955e+00 -1.8158e-01 -1.9958e+00
3823 0 +9.971778495e-01 -1.376228222e+02 -1.376228222e+02 -3.8922e+00 +2.9969e+00 -1.6024e+00 -9.7599e-02 -2.0118e+00
4089 0 +8.930755312e-01 -1.377269245e+02 -1.377269245e+02 -3.6582e+00 +2.9454e+00 -2.2280e+00 +1.1131e-01 -2.0507e+00
4556 0 +4.046587726e-01 -1.382153412e+02 -1.382153412e+02 -3.9129e+00 +3.0163e+00 -1.6462e+00 -5.6102e-02 -2.0856e+00
5125 0 +1.730380340e-01 -1.384469620e+02 -1.384469620e+02 -3.8577e+00 +2.8972e+00 -1.5701e+00 -8.0986e-02 -2.0696e+00
5134 0 +1.620599076e-01 -1.384579401e+02 -1.384579401e+02 -3.6413e+00 +2.9664e+00 -1.8320e+00 +1.0337e-02 -2.1618e+00
5389 0 +1.555662995e-01 -1.384644337e+02 -1.384644337e+02 -3.7391e+00 +2.8766e+00 -1.7025e+00 -2.9996e-02 -2.1209e+00
5843 0 +1.213612389e-01 -1.384986388e+02 -1.384986388e+02 -3.6985e+00 +2.9073e+00 -1.7216e+00 -3.2173e-02 -2.1223e+00
5945 0 +9.499773697e-02 -1.385250023e+02 -1.385250023e+02 -3.7383e+00 +2.9008e+00 -1.5729e+00 -8.5080e-02 -2.1101e+00
6016 0 +3.573521341e-02 -1.385842648e+02 -1.385842648e+02 -3.7579e+00 +2.8763e+00 -1.6469e+00 -4.5372e-02 -2.0875e+00
6143 0 +3.409342023e-02 -1.385859066e+02 -1.385859066e+02 -3.7145e+00 +2.8817e+00 -1.7094e+00 -5.2170e-02 -2.0797e+00
6357 0 +2.550229815e-02 -1.385944977e+02 -1.385944977e+02 -3.8301e+00 +2.8434e+00 -1.6075e+00 -8.9342e-02 -2.0418e+00
6379 0 +1.321912274e-02 -1.386067809e+02 -1.386067809e+02 -3.7333e+00 +2.8951e+00 -1.7146e+00 -4.1453e-02 -2.1007e+00
6500 0 +1.276123654e-02 -1.386072388e+02 -1.386072388e+02 -3.7498e+00 +2.8878e+00 -1.7031e+00 -4.5322e-02 -2.0927e+00
6604 0 +8.894320646e-03 -1.386111057e+02 -1.386111057e+02 -3.7654e+00 +2.8719e+00 -1.6978e+00 -5.2363e-02 -2.0649e+00
7227 0 +6.535841056e-03 -1.386134642e+02 -1.386134642e+02 -3.7711e+00 +2.8780e+00 -1.6663e+00 -5.7574e-02 -2.0726e+00
7529 0 +4.228632402e-03 -1.386157714e+02 -1.386157714e+02 -3.7511e+00 +2.8719e+00 -1.6863e+00 -6.2381e-02 -2.0710e+00
7568 0 +2.294984801e-03 -1.386177050e+02 -1.386177050e+02 -3.7585e+00 +2.8737e+00 -1.6822e+00 -5.8704e-02 -2.0767e+00
7600 0 +1.565006032e-03 -1.386184350e+02 -1.386184350e+02 -3.7624e+00 +2.8829e+00 -1.6695e+00 -6.2682e-02 -2.0724e+00
7815 0 +1.498424885e-03 -1.386185016e+02 -1.386185016e+02 -3.7676e+00 +2.8899e+00 -1.6693e+00 -5.5804e-02 -2.0800e+00
8242 0 +9.597160198e-04 -1.386190403e+02 -1.386190403e+02 -3.7651e+00 +2.8848e+00 -1.6735e+00 -5.9844e-02 -2.0745e+00
8264 0 +4.912044974e-04 -1.386195088e+02 -1.386195088e+02 -3.7556e+00 +2.8819e+00 -1.6803e+00 -5.7206e-02 -2.0762e+00
9026 0 +3.983361157e-04 -1.386196017e+02 -1.386196017e+02 -3.7544e+00 +2.8819e+00 -1.6792e+00 -5.8348e-02 -2.0762e+00
9434 0 +3.783868942e-04 -1.386196216e+02 -1.386196216e+02 -3.7553e+00 +2.8778e+00 -1.6790e+00 -6.0152e-02 -2.0734e+00
9454 0 +2.994747348e-04 -1.386197005e+02 -1.386197005e+02 -3.7560e+00 +2.8758e+00 -1.6770e+00 -5.9162e-02 -2.0736e+00
9496 0 +1.911921614e-04 -1.386198088e+02 -1.386198088e+02 -3.7571e+00 +2.8802e+00 -1.6770e+00 -5.8716e-02 -2.0757e+00
9614 0 +1.365118367e-04 -1.386198635e+02 -1.386198635e+02 -3.7584e+00 +2.8786e+00 -1.6767e+00 -5.8805e-02 -2.0747e+00
9688 0 +1.001835660e-04 -1.386198998e+02 -1.386198998e+02 -3.7587e+00 +2.8786e+00 -1.6762e+00 -5.8999e-02 -2.0745e+00
9734 0 +6.943980026e-05 -1.386199306e+02 -1.386199306e+02 -3.7608e+00 +2.8798e+00 -1.6742e+00 -5.9649e-02 -2.0736e+00
9750 0 +4.695894245e-05 -1.386199530e+02 -1.386199530e+02 -3.7589e+00 +2.8783e+00 -1.6746e+00 -5.9611e-02 -2.0740e+00
10144 0 +1.462323283e-05 -1.386199854e+02 -1.386199854e+02 -3.7599e+00 +2.8789e+00 -1.6755e+00 -5.9684e-02 -2.0737e+00
10828 0 +1.407030965e-05 -1.386199859e+02 -1.386199859e+02 -3.7602e+00 +2.8802e+00 -1.6747e+00 -5.9393e-02 -2.0744e+00
10891 0 +7.503038006e-06 -1.386199925e+02 -1.386199925e+02 -3.7600e+00 +2.8799e+00 -1.6751e+00 -5.9474e-02 -2.0742e+00
11507 0 +4.271282165e-06 -1.386199957e+02 -1.386199957e+02 -3.7594e+00 +2.8797e+00 -1.6757e+00 -5.9486e-02 -2.0742e+00
11531 0 +3.699460592e-06 -1.386199963e+02 -1.386199963e+02 -3.7595e+00 +2.8794e+00 -1.6756e+00 -5.9546e-02 -2.0741e+00
11636 0 +7.704427389e-07 -1.386199992e+02 -1.386199992e+02 -3.7600e+00 +2.8792e+00 -1.6749e+00 -5.9872e-02 -2.0738e+00
11813 0 +6.285895608e-07 -1.386199994e+02 -1.386199994e+02 -3.7598e+00 +2.8791e+00 -1.6752e+00 -5.9751e-02 -2.0738e+00
12349 0 +5.111143651e-07 -1.386199995e+02 -1.386199995e+02 -3.7598e+00 +2.8791e+00 -1.6752e+00 -5.9758e-02 -2.0738e+00
12368 0 +4.331523087e-07 -1.386199996e+02 -1.386199996e+02 -3.7600e+00 +2.8792e+00 -1.6750e+00 -5.9793e-02 -2.0738e+00
12694 0 +2.975021971e-07 -1.386199997e+02 -1.386199997e+02 -3.7599e+00 +2.8791e+00 -1.6752e+00 -5.9796e-02 -2.0737e+00
13034 0 +1.915581720e-07 -1.386199998e+02 -1.386199998e+02 -3.7599e+00 +2.8791e+00 -1.6751e+00 -5.9777e-02 -2.0738e+00
13350 0 +1.786704615e-07 -1.386199998e+02 -1.386199998e+02 -3.7600e+00 +2.8792e+00 -1.6751e+00 -5.9790e-02 -2.0738e+00
13651 0 +1.360161548e-07 -1.386199999e+02 -1.386199999e+02 -3.7598e+00 +2.8792e+00 -1.6751e+00 -5.9762e-02 -2.0738e+00
13678 0 +1.334807678e-07 -1.386199999e+02 -1.386199999e+02 -3.7599e+00 +2.8792e+00 -1.6751e+00 -5.9769e-02 -2.0738e+00
13711 0 +1.248791932e-07 -1.386199999e+02 -1.386199999e+02 -3.7598e+00 +2.8792e+00 -1.6752e+00 -5.9741e-02 -2.0738e+00
13716 0 +6.745605674e-08 -1.386199999e+02 -1.386199999e+02 -3.7599e+00 +2.8792e+00 -1.6751e+00 -5.9777e-02 -2.0738e+00
13789 0 +2.842844538e-08 -1.386200000e+02 -1.386200000e+02 -3.7599e+00 +2.8792e+00 -1.6751e+00 -5.9782e-02 -2.0738e+00
14373 0 +2.188681947e-08 -1.386200000e+02 -1.386200000e+02 -3.7599e+00 +2.8792e+00 -1.6751e+00 -5.9787e-02 -2.0738e+00
14380 0 +1.606420597e-08 -1.386200000e+02 -1.386200000e+02 -3.7599e+00 +2.8792e+00 -1.6751e+00 -5.9791e-02 -2.0738e+00
14526 0 +1.188220722e-08 -1.386200000e+02 -1.386200000e+02 -3.7598e+00 +2.8792e+00 -1.6751e+00 -5.9761e-02 -2.0738e+00
14536 0 +9.786219834e-09 -1.386200000e+02 -1.386200000e+02 -3.7599e+00 +2.8792e+00 -1.6751e+00 -5.9775e-02 -2.0738e+00
16449 0 +1.705302566e-13 -1.386200000e+02 -1.386200000e+02 -3.7599e+00 +2.8792e+00 -1.6751e+00 -5.9774e-02 -2.0738e+00
17311 0 +0.000000000e+00 -1.386200000e+02 -1.386200000e+02 -3.7599e+00 +2.8792e+00 -1.6751e+00 -5.9773e-02 -2.0738e+00
17961 0 +0.000000000e+00 -1.386200000e+02 -1.386200000e+02 -3.7599e+00 +2.8792e+00 -1.6751e+00 -5.9773e-02 -2.0738e+00
% f evaluations | g evaluations | best noise-free fitness - Fopt (7.313900000000e+02) + sum g_i+ | measured fitness | best measured fitness or single-digit g-values | x1 | x2...
1 0 +2.516315603e+02 +9.830215603e+02 +9.830215603e+02 +0.0000e+00 +0.0000e+00 +0.0000e+00 +0.0000e+00 +0.0000e+00
2 0 +6.781722237e+01 +7.992072224e+02 +7.992072224e+02 -3.4379e-01 -4.0303e-01 +6.1532e-01 -1.3828e+00 +1.4859e+00
5 0 +5.355089975e+01 +7.849408998e+02 +7.849408998e+02 -5.3863e-01 -4.6714e-01 -9.6398e-01 +1.4228e+00 -9.6579e-01
6 0 +4.102138214e+01 +7.724113821e+02 +7.724113821e+02 +6.2058e-01 -6.5827e-01 -1.2423e+00 -1.1835e+00 +1.3458e+00
11 0 +3.219718773e+01 +7.635871877e+02 +7.635871877e+02 -1.3310e+00 -8.8245e-01 +1.2390e+00 -1.6192e+00 +1.4781e+00
26 0 +3.010881386e+01 +7.614988139e+02 +7.614988139e+02 -2.2011e+00 +3.6587e-01 -1.7765e-01 -1.5007e+00 +1.0912e+00
40 0 +2.447767664e+01 +7.558676766e+02 +7.558676766e+02 +1.1030e+00 -2.2448e+00 +7.1718e-01 +1.4684e-01 +2.1202e+00
74 0 +9.731412862e+00 +7.411214129e+02 +7.411214129e+02 -1.4749e+00 -1.7424e+00 +1.4127e+00 -7.0480e-01 +1.3669e+00
91 0 +7.803876985e+00 +7.391938770e+02 +7.391938770e+02 -6.1728e-01 +4.5621e-01 +8.0491e-01 -1.9605e+00 +8.2693e-01
278 0 +6.294455572e+00 +7.376844556e+02 +7.376844556e+02 -1.3137e+00 -8.9793e-01 +1.5913e+00 -1.2584e+00 +7.3863e-01
279 0 +5.763054395e+00 +7.371530544e+02 +7.371530544e+02 -9.7543e-01 -4.8145e-01 +2.6509e+00 +1.7062e-01 +1.2932e+00
810 0 +4.455846961e+00 +7.358458470e+02 +7.358458470e+02 -1.3687e+00 +1.8148e+00 +1.4813e+00 -1.1401e+00 +1.3114e+00
3522 0 +3.712821040e+00 +7.351028210e+02 +7.351028210e+02 -1.2370e+00 +1.3409e+00 +1.2519e-01 -2.4591e+00 +3.7693e-01
3730 0 +2.677950510e+00 +7.340679505e+02 +7.340679505e+02 -1.7007e+00 +2.0264e+00 +4.6093e+00 +1.6590e-01 +1.1207e-01
5250 0 +1.172518260e+00 +7.325625183e+02 +7.325625183e+02 -1.5128e+00 +2.7268e+00 +3.2660e+00 -1.9111e+00 -3.8821e-01
20289 0 +3.215735025e-01 +7.317115735e+02 +7.317115735e+02 -8.1142e-01 +7.8699e-02 -1.9831e+00 -8.4980e-01 +2.6351e+00
20659 0 +2.955908550e-01 +7.316855909e+02 +7.316855909e+02 -8.5034e-01 +6.9797e-02 -1.6835e+00 -9.0983e-01 +2.5965e+00
20710 0 +1.661002503e-01 +7.315561003e+02 +7.315561003e+02 -8.4345e-01 +2.3496e-01 -1.9814e+00 -9.1106e-01 +2.3840e+00
21066 0 +1.085695390e-01 +7.314985695e+02 +7.314985695e+02 -8.3204e-01 +9.4463e-02 -1.8571e+00 -8.7770e-01 +2.6161e+00
21302 0 +6.950799655e-02 +7.314595080e+02 +7.314595080e+02 -7.9750e-01 +6.5573e-02 -1.9307e+00 -8.6039e-01 +2.7085e+00
21358 0 +6.295906280e-02 +7.314529591e+02 +7.314529591e+02 -8.1527e-01 +6.6822e-02 -1.9609e+00 -8.6166e-01 +2.7796e+00
21575 0 +3.407788863e-02 +7.314240779e+02 +7.314240779e+02 -7.9889e-01 +5.6864e-02 -1.9514e+00 -8.5965e-01 +2.7593e+00
22356 0 +2.717678433e-02 +7.314171768e+02 +7.314171768e+02 -8.2351e-01 +6.8806e-02 -1.9548e+00 -8.5508e-01 +2.7593e+00
22409 0 +1.487806019e-02 +7.314048781e+02 +7.314048781e+02 -8.2518e-01 +6.7043e-02 -1.9436e+00 -8.5994e-01 +2.7444e+00
22578 0 +1.268896449e-02 +7.314026890e+02 +7.314026890e+02 -8.2207e-01 +5.8227e-02 -1.9654e+00 -8.4704e-01 +2.7717e+00
22721 0 +1.116705937e-02 +7.314011671e+02 +7.314011671e+02 -8.1785e-01 +4.7138e-02 -1.9763e+00 -8.5363e-01 +2.7914e+00
22798 0 +4.217999081e-03 +7.313942180e+02 +7.313942180e+02 -8.1935e-01 +5.3153e-02 -1.9606e+00 -8.5443e-01 +2.7812e+00
22980 0 +3.117724373e-03 +7.313931177e+02 +7.313931177e+02 -8.2346e-01 +4.6809e-02 -1.9661e+00 -8.4794e-01 +2.7919e+00
23210 0 +3.057561687e-03 +7.313930576e+02 +7.313930576e+02 -8.1793e-01 +5.4229e-02 -1.9693e+00 -8.5262e-01 +2.7909e+00
23303 0 +2.482913434e-03 +7.313924829e+02 +7.313924829e+02 -8.2216e-01 +4.2240e-02 -1.9643e+00 -8.4687e-01 +2.7976e+00
23477 0 +1.130739663e-03 +7.313911307e+02 +7.313911307e+02 -8.1951e-01 +4.9315e-02 -1.9690e+00 -8.5078e-01 +2.7923e+00
24127 0 +1.096345659e-03 +7.313910963e+02 +7.313910963e+02 -8.2030e-01 +4.4487e-02 -1.9721e+00 -8.4727e-01 +2.8026e+00
24336 0 +7.484195978e-04 +7.313907484e+02 +7.313907484e+02 -8.1791e-01 +4.8909e-02 -1.9694e+00 -8.5120e-01 +2.7912e+00
24539 0 +5.410438359e-04 +7.313905410e+02 +7.313905410e+02 -8.2079e-01 +4.8419e-02 -1.9665e+00 -8.4910e-01 +2.7910e+00
24786 0 +4.206023020e-04 +7.313904206e+02 +7.313904206e+02 -8.1964e-01 +4.7002e-02 -1.9687e+00 -8.4969e-01 +2.7944e+00
24810 0 +2.351209102e-04 +7.313902351e+02 +7.313902351e+02 -8.2122e-01 +4.7259e-02 -1.9678e+00 -8.4861e-01 +2.7960e+00
25159 0 +1.846577854e-04 +7.313901847e+02 +7.313901847e+02 -8.2090e-01 +4.7259e-02 -1.9703e+00 -8.4954e-01 +2.7971e+00
25195 0 +1.748604083e-04 +7.313901749e+02 +7.313901749e+02 -8.2080e-01 +4.7289e-02 -1.9716e+00 -8.4921e-01 +2.7970e+00
25424 0 +1.717791652e-04 +7.313901718e+02 +7.313901718e+02 -8.2102e-01 +4.7249e-02 -1.9665e+00 -8.4897e-01 +2.7938e+00
25568 0 +1.012698694e-04 +7.313901013e+02 +7.313901013e+02 -8.2164e-01 +4.7092e-02 -1.9699e+00 -8.4904e-01 +2.7970e+00
25651 0 +8.660926733e-05 +7.313900866e+02 +7.313900866e+02 -8.2095e-01 +4.7307e-02 -1.9686e+00 -8.4894e-01 +2.7962e+00
25729 0 +3.618584276e-05 +7.313900362e+02 +7.313900362e+02 -8.2092e-01 +4.6999e-02 -1.9694e+00 -8.4890e-01 +2.7955e+00
26256 0 +3.468770444e-05 +7.313900347e+02 +7.313900347e+02 -8.2074e-01 +4.5920e-02 -1.9689e+00 -8.4863e-01 +2.7970e+00
26360 0 +5.779052913e-06 +7.313900058e+02 +7.313900058e+02 -8.2080e-01 +4.7269e-02 -1.9699e+00 -8.4925e-01 +2.7958e+00
26978 0 +4.414033015e-06 +7.313900044e+02 +7.313900044e+02 -8.2070e-01 +4.7208e-02 -1.9691e+00 -8.4910e-01 +2.7956e+00
27334 0 +1.803049599e-06 +7.313900018e+02 +7.313900018e+02 -8.2081e-01 +4.7409e-02 -1.9695e+00 -8.4916e-01 +2.7955e+00
27841 0 +1.405456260e-06 +7.313900014e+02 +7.313900014e+02 -8.2077e-01 +4.7401e-02 -1.9693e+00 -8.4919e-01 +2.7953e+00
27929 0 +5.980615470e-07 +7.313900006e+02 +7.313900006e+02 -8.2080e-01 +4.7397e-02 -1.9693e+00 -8.4917e-01 +2.7954e+00
28174 0 +4.988833098e-07 +7.313900005e+02 +7.313900005e+02 -8.2077e-01 +4.7417e-02 -1.9693e+00 -8.4919e-01 +2.7952e+00
28625 0 +2.217948349e-07 +7.313900002e+02 +7.313900002e+02 -8.2079e-01 +4.7321e-02 -1.9694e+00 -8.4915e-01 +2.7954e+00
28647 0 +3.002890026e-08 +7.313900000e+02 +7.313900000e+02 -8.2082e-01 +4.7419e-02 -1.9694e+00 -8.4917e-01 +2.7953e+00
29349 0 +2.579463398e-08 +7.313900000e+02 +7.313900000e+02 -8.2080e-01 +4.7333e-02 -1.9693e+00 -8.4915e-01 +2.7954e+00
29695 0 +1.331090971e-08 +7.313900000e+02 +7.313900000e+02 -8.2079e-01 +4.7370e-02 -1.9693e+00 -8.4917e-01 +2.7954e+00
29790 0 +3.442778507e-09 +7.313900000e+02 +7.313900000e+02 -8.2080e-01 +4.7392e-02 -1.9694e+00 -8.4917e-01 +2.7954e+00
32202 0 +9.094947018e-13 +7.313900000e+02 +7.313900000e+02 -8.2080e-01 +4.7376e-02 -1.9694e+00 -8.4916e-01 +2.7954e+00
32387 0 +0.000000000e+00 +7.313900000e+02 +7.313900000e+02 -8.2080e-01 +4.7377e-02 -1.9694e+00 -8.4916e-01 +2.7954e+00
33581 0 +0.000000000e+00 +7.313900000e+02 +7.313900000e+02 -8.2080e-01 +4.7377e-02 -1.9694e+00 -8.4916e-01 +2.7954e+00
% f evaluations | g evaluations | best noise-free fitness - Fopt (7.526000000000e+01) + sum g_i+ | measured fitness | best measured fitness or single-digit g-values | x1 | x2...
1 0 +1.620238425e+02 +2.372838425e+02 +2.372838425e+02 +0.0000e+00 +0.0000e+00 +0.0000e+00 +0.0000e+00 +0.0000e+00
2 0 +6.205089832e+01 +1.373108983e+02 +1.373108983e+02 -7.6585e-01 -4.7546e-01 -9.9974e-01 +6.8114e-02 +1.4035e+00
4 0 +4.272240269e+01 +1.179824027e+02 +1.179824027e+02 +1.4856e+00 +5.4480e-01 +8.0525e-01 -1.3396e+00 +1.1879e+00
6 0 +2.865009628e+01 +1.039100963e+02 +1.039100963e+02 +5.7262e-01 -1.0156e+00 +1.1328e+00 -1.2715e+00 -1.2774e-01
14 0 +2.672013477e+01 +1.019801348e+02 +1.019801348e+02 +1.2940e+00 -2.0379e-01 +9.6696e-01 +2.8851e-01 -5.1593e-01
48 0 +2.273548577e+01 +9.799548577e+01 +9.799548577e+01 -7.9461e-02 +4.4970e-01 +6.3899e-01 -5.6515e-01 +1.2046e+00
60 0 +1.165552440e+01 +8.691552440e+01 +8.691552440e+01 -1.7398e-02 +1.3553e+00 +1.1304e+00 +5.2626e-01 -3.3400e-01
560 0 +1.089865848e+01 +8.615865848e+01 +8.615865848e+01 -4.3477e+00 +4.0096e-01 +2.8104e-01 -3.6573e+00 +9.7375e-01
643 0 +5.964460242e+00 +8.122446024e+01 +8.122446024e+01 +2.1610e+00 +1.1168e+00 -2.7555e-01 -3.8906e+00 +9.4973e-02
1033 0 +5.163920670e+00 +8.042392067e+01 +8.042392067e+01 +1.6828e+00 +1.2990e+00 -1.5599e-01 -3.7218e+00 +2.1058e-01
3767 0 +4.413136648e+00 +7.967313665e+01 +7.967313665e+01 +2.3701e+00 -7.2927e-01 -7.2783e-01 -2.5281e+00 +7.3194e-01
3819 0 +2.546145268e+00 +7.780614527e+01 +7.780614527e+01 -7.6214e-01 +2.3019e+00 +6.5914e-02 -2.3435e+00 -2.6987e+00
10619 0 +1.502929130e+00 +7.676292913e+01 +7.676292913e+01 -2.1919e+00 -3.9916e-02 +2.7909e-02 -7.0558e-01 -3.9936e+00
10690 0 +1.465646618e+00 +7.672564662e+01 +7.672564662e+01 -2.3337e+00 +1.4680e-01 -8.2679e-02 -1.0337e+00 -4.1195e+00
10770 0 +1.202716673e+00 +7.646271667e+01 +7.646271667e+01 -1.5503e+00 +8.4469e-01 -1.1706e-01 -6.0054e-01 -3.9193e+00
11016 0 +3.113987605e-01 +7.557139876e+01 +7.557139876e+01 -1.9052e+00 +7.2119e-01 -9.8460e-02 -8.0611e-01 -4.0128e+00
11593 0 +9.298435192e-02 +7.535298435e+01 +7.535298435e+01 -2.0652e+00 +4.6622e-01 -3.8904e-02 -7.7809e-01 -4.0093e+00
12172 0 +8.350662376e-02 +7.534350662e+01 +7.534350662e+01 -2.1396e+00 +4.4787e-01 -3.5227e-02 -7.9610e-01 -4.0349e+00
12293 0 +5.912602392e-02 +7.531912602e+01 +7.531912602e+01 -2.1031e+00 +4.7187e-01 -3.5683e-02 -7.9402e-01 -4.0379e+00
13013 0 +4.047612111e-02 +7.530047612e+01 +7.530047612e+01 -1.9615e+00 +5.3232e-01 -1.2345e-01 -8.1946e-01 -4.0104e+00
13397 0 +3.525968576e-02 +7.529525969e+01 +7.529525969e+01 -1.9895e+00 +5.2401e-01 -9.3602e-02 -8.0361e-01 -4.0136e+00
13553 0 +2.869779358e-02 +7.528869779e+01 +7.528869779e+01 -2.0215e+00 +4.8845e-01 -1.2696e-01 -8.5399e-01 -4.0064e+00
13721 0 +3.687656358e-03 +7.526368766e+01 +7.526368766e+01 -2.0294e+00 +4.8207e-01 -8.9460e-02 -8.2475e-01 -4.0095e+00
14721 0 +2.707943492e-03 +7.526270794e+01 +7.526270794e+01 -2.0501e+00 +4.7670e-01 -7.5738e-02 -8.2039e-01 -4.0229e+00
15436 0 +2.278307793e-03 +7.526227831e+01 +7.526227831e+01 -2.0503e+00 +4.6080e-01 -7.5924e-02 -8.1754e-01 -4.0205e+00
15489 0 +1.050137186e-03 +7.526105014e+01 +7.526105014e+01 -2.0539e+00 +4.6139e-01 -7.2409e-02 -8.1487e-01 -4.0197e+00
15726 0 +9.294684822e-04 +7.526092947e+01 +7.526092947e+01 -2.0419e+00 +4.8307e-01 -7.2087e-02 -8.1283e-01 -4.0197e+00
15825 0 +7.711875336e-04 +7.526077119e+01 +7.526077119e+01 -2.0477e+00 +4.7475e-01 -7.3440e-02 -8.1485e-01 -4.0189e+00
15898 0 +5.939648013e-04 +7.526059396e+01 +7.526059396e+01 -2.0521e+00 +4.7735e-01 -7.3535e-02 -8.1638e-01 -4.0224e+00
16110 0 +5.124674357e-04 +7.526051247e+01 +7.526051247e+01 -2.0467e+00 +4.7286e-01 -7.5616e-02 -8.1547e-01 -4.0189e+00
16225 0 +4.760653740e-04 +7.526047607e+01 +7.526047607e+01 -2.0470e+00 +4.7899e-01 -7.5512e-02 -8.1751e-01 -4.0201e+00
16347 0 +4.521774850e-04 +7.526045218e+01 +7.526045218e+01 -2.0498e+00 +4.7575e-01 -7.5656e-02 -8.1714e-01 -4.0215e+00
16578 0 +4.209825184e-04 +7.526042098e+01 +7.526042098e+01 -2.0458e+00 +4.7421e-01 -7.4736e-02 -8.1501e-01 -4.0193e+00
16996 0 +3.350359920e-04 +7.526033504e+01 +7.526033504e+01 -2.0493e+00 +4.7454e-01 -7.3642e-02 -8.1545e-01 -4.0205e+00
17039 0 +3.230947492e-04 +7.526032309e+01 +7.526032309e+01 -2.0458e+00 +4.7416e-01 -7.6969e-02 -8.1819e-01 -4.0193e+00
17090 0 +1.513480570e-04 +7.526015135e+01 +7.526015135e+01 -2.0436e+00 +4.7706e-01 -7.6723e-02 -8.1686e-01 -4.0186e+00
17140 0 +1.189282863e-04 +7.526011893e+01 +7.526011893e+01 -2.0466e+00 +4.7655e-01 -7.7015e-02 -8.1807e-01 -4.0190e+00
17376 0 +3.886207206e-05 +7.526003886e+01 +7.526003886e+01 -2.0483e+00 +4.7656e-01 -7.5830e-02 -8.1731e-01 -4.0194e+00
17944 0 +3.492157884e-05 +7.526003492e+01 +7.526003492e+01 -2.0450e+00 +4.7807e-01 -7.6966e-02 -8.1765e-01 -4.0196e+00
18014 0 +2.947492307e-05 +7.526002947e+01 +7.526002947e+01 -2.0448e+00 +4.7805e-01 -7.6495e-02 -8.1714e-01 -4.0196e+00
18228 0 +2.735293671e-05 +7.526002735e+01 +7.526002735e+01 -2.0457e+00 +4.7705e-01 -7.5834e-02 -8.1695e-01 -4.0194e+00
18439 0 +1.821193962e-05 +7.526001821e+01 +7.526001821e+01 -2.0462e+00 +4.7693e-01 -7.6606e-02 -8.1766e-01 -4.0196e+00
18467 0 +1.662689913e-05 +7.526001663e+01 +7.526001663e+01 -2.0464e+00 +4.7713e-01 -7.5996e-02 -8.1701e-01 -4.0195e+00
18506 0 +7.350919660e-06 +7.526000735e+01 +7.526000735e+01 -2.0449e+00 +4.7810e-01 -7.6712e-02 -8.1710e-01 -4.0191e+00
18697 0 +6.255421297e-06 +7.526000626e+01 +7.526000626e+01 -2.0448e+00 +4.7793e-01 -7.7069e-02 -8.1752e-01 -4.0193e+00
19059 0 +2.376136976e-06 +7.526000238e+01 +7.526000238e+01 -2.0450e+00 +4.7741e-01 -7.6663e-02 -8.1731e-01 -4.0191e+00
20003 0 +2.224379386e-06 +7.526000222e+01 +7.526000222e+01 -2.0456e+00 +4.7762e-01 -7.6624e-02 -8.1738e-01 -4.0193e+00
20024 0 +1.112885300e-06 +7.526000111e+01 +7.526000111e+01 -2.0452e+00 +4.7756e-01 -7.6827e-02 -8.1748e-01 -4.0193e+00
20201 0 +9.987585514e-07 +7.526000100e+01 +7.526000100e+01 -2.0457e+00 +4.7730e-01 -7.6426e-02 -8.1733e-01 -4.0194e+00
20206 0 +9.527962703e-07 +7.526000095e+01 +7.526000095e+01 -2.0455e+00 +4.7739e-01 -7.6456e-02 -8.1724e-01 -4.0195e+00
20218 0 +3.966708704e-07 +7.526000040e+01 +7.526000040e+01 -2.0456e+00 +4.7743e-01 -7.6482e-02 -8.1727e-01 -4.0194e+00
20676 0 +3.170089258e-07 +7.526000032e+01 +7.526000032e+01 -2.0455e+00 +4.7741e-01 -7.6598e-02 -8.1736e-01 -4.0194e+00
20730 0 +2.327825399e-07 +7.526000023e+01 +7.526000023e+01 -2.0454e+00 +4.7743e-01 -7.6634e-02 -8.1738e-01 -4.0193e+00
20977 0 +1.285455653e-08 +7.526000001e+01 +7.526000001e+01 -2.0454e+00 +4.7746e-01 -7.6604e-02 -8.1735e-01 -4.0194e+00
23050 0 +6.156710697e-09 +7.526000001e+01 +7.526000001e+01 -2.0454e+00 +4.7749e-01 -7.6614e-02 -8.1734e-01 -4.0194e+00
26222 0 +9.663381206e-13 +7.526000000e+01 +7.526000000e+01 -2.0454e+00 +4.7749e-01 -7.6642e-02 -8.1736e-01 -4.0193e+00
26668 0 +0.000000000e+00 +7.526000000e+01 +7.526000000e+01 -2.0454e+00 +4.7749e-01 -7.6638e-02 -8.1736e-01 -4.0193e+00
27441 0 +0.000000000e+00 +7.526000000e+01 +7.526000000e+01 -2.0454e+00 +4.7749e-01 -7.6638e-02 -8.1736e-01 -4.0193e+00
% f evaluations | g evaluations | best noise-free fitness - Fopt (-4.913000000000e+01) + sum g_i+ | measured fitness | best measured fitness or single-digit g-values | x1 | x2...
1 0 +1.309286653e+02 +8.179866525e+01 +8.179866525e+01 +0.0000e+00 +0.0000e+00 +0.0000e+00 +0.0000e+00 +0.0000e+00
3 0 +1.237371963e+02 +7.460719633e+01 +7.460719633e+01 +4.5279e-01 -6.4480e-01 -1.4648e+00 +8.6521e-01 -3.9567e-02
4 0 +7.444810285e+01 +2.531810285e+01 +2.531810285e+01 +1.6479e+00 +8.9353e-01 +4.8569e-01 -1.3759e-01 +1.1880e+00
5 0 +5.081155566e+01 +1.681555659e+00 +1.681555659e+00 +7.3070e-01 -1.1900e+00 -9.1068e-01 -1.4824e+00 -4.8110e-01
8 0 +3.168545585e+01 -1.744454415e+01 -1.744454415e+01 -2.4137e-01 +1.0118e+00 -4.5617e-01 -1.4585e+00 -3.2847e-01
19 0 +1.783396879e+01 -3.129603121e+01 -3.129603121e+01 -1.6435e+00 +8.0549e-03 +1.4210e+00 -6.2390e-01 +8.6728e-01
50 0 +1.238851649e+01 -3.674148351e+01 -3.674148351e+01 -2.4033e+00 -7.8741e-01 +1.1340e+00 -2.7554e-01 -3.3658e-01
441 0 +4.564350074e+00 -4.456564993e+01 -4.456564993e+01 -2.5707e+00 +1.6607e-01 -2.3135e+00 +5.2159e-01 -1.4644e-02
1222 0 +3.118575989e+00 -4.601142401e+01 -4.601142401e+01 -2.6851e+00 -8.2114e-02 +1.9070e-01 -8.0762e-02 -1.0494e-01
2780 0 +2.387806589e+00 -4.674219341e+01 -4.674219341e+01 -2.4380e+00 +1.3257e-01 -2.4326e+00 +7.6654e-01 -1.0348e-01
3098 0 +1.010775899e+00 -4.811922410e+01 -4.811922410e+01 -2.1595e+00 +3.7928e-01 -2.5583e+00 +7.9051e-01 -2.2963e-01
3464 0 +9.787230065e-01 -4.815127699e+01 -4.815127699e+01 -2.3893e+00 +4.7126e-01 -2.5212e+00 +7.8533e-01 -2.0283e-01
3624 0 +8.856526938e-01 -4.824434731e+01 -4.824434731e+01 -2.1585e+00 +2.6848e-01 -2.6186e+00 +7.1158e-01 -2.0533e-01
3717 0 +7.833911820e-01 -4.834660882e+01 -4.834660882e+01 -2.2304e+00 +3.1495e-01 -2.8428e+00 +6.1539e-01 -6.8239e-02
3883 0 +7.315513551e-01 -4.839844864e+01 -4.839844864e+01 -2.5023e+00 +3.1531e-01 -2.7490e+00 +5.3416e-01 -1.5879e-01
4021 0 +5.865321289e-01 -4.854346787e+01 -4.854346787e+01 -2.3708e+00 +8.9553e-02 -2.2511e+00 +7.3485e-01 -1.8408e-01
4132 0 +5.462422493e-01 -4.858375775e+01 -4.858375775e+01 -2.2922e+00 +1.7099e-01 -2.3390e+00 +8.3518e-01 -2.1411e-01
4138 0 +2.317770202e-01 -4.889822298e+01 -4.889822298e+01 -2.3496e+00 +1.9600e-01 -2.4018e+00 +7.9877e-01 -1.7638e-01
4461 0 +1.382951199e-01 -4.899170488e+01 -4.899170488e+01 -2.2113e+00 +2.7702e-01 -2.5059e+00 +7.2588e-01 -1.6260e-01
5658 0 +1.269713217e-01 -4.900302868e+01 -4.900302868e+01 -2.2796e+00 +2.5173e-01 -2.4585e+00 +7.1916e-01 -1.8828e-01
5852 0 +1.037807837e-01 -4.902621922e+01 -4.902621922e+01 -2.3323e+00 +1.7424e-01 -2.3665e+00 +7.5176e-01 -1.5165e-01
6207 0 +9.678151237e-02 -4.903321849e+01 -4.903321849e+01 -2.3368e+00 +1.9727e-01 -2.3687e+00 +7.5014e-01 -1.5368e-01
6328 0 +5.794382252e-02 -4.907205618e+01 -4.907205618e+01 -2.3612e+00 +1.9689e-01 -2.3666e+00 +7.3732e-01 -1.5741e-01
6877 0 +5.695038300e-02 -4.907304962e+01 -4.907304962e+01 -2.3255e+00 +1.4199e-01 -2.3550e+00 +7.5087e-01 -1.6637e-01
7044 0 +3.890284722e-02 -4.909109715e+01 -4.909109715e+01 -2.3311e+00 +1.6225e-01 -2.3418e+00 +7.5806e-01 -1.6307e-01
7174 0 +3.462809955e-02 -4.909537190e+01 -4.909537190e+01 -2.3208e+00 +1.5337e-01 -2.3466e+00 +7.3806e-01 -1.7476e-01
7195 0 +2.881557595e-02 -4.910118442e+01 -4.910118442e+01 -2.3436e+00 +1.3340e-01 -2.3292e+00 +7.3412e-01 -1.6790e-01
7238 0 +2.601206399e-02 -4.910398794e+01 -4.910398794e+01 -2.3156e+00 +1.4007e-01 -2.3264e+00 +7.5308e-01 -1.8118e-01
7312 0 +2.404187563e-02 -4.910595812e+01 -4.910595812e+01 -2.3117e+00 +1.3229e-01 -2.3338e+00 +7.5859e-01 -1.8330e-01
7419 0 +1.880244377e-02 -4.911119756e+01 -4.911119756e+01 -2.3034e+00 +1.1192e-01 -2.3284e+00 +7.7267e-01 -1.9177e-01
7469 0 +1.356076450e-02 -4.911643924e+01 -4.911643924e+01 -2.3174e+00 +1.0297e-01 -2.2938e+00 +7.4634e-01 -1.8504e-01
7508 0 +1.320678929e-02 -4.911679321e+01 -4.911679321e+01 -2.3095e+00 +9.8953e-02 -2.3129e+00 +7.5062e-01 -1.8126e-01
7589 0 +1.245393785e-02 -4.911754606e+01 -4.911754606e+01 -2.3113e+00 +1.0019e-01 -2.2908e+00 +7.5919e-01 -1.9322e-01
7624 0 +5.289606286e-03 -4.912471039e+01 -4.912471039e+01 -2.3155e+00 +1.0232e-01 -2.3071e+00 +7.5480e-01 -1.8744e-01
7703 0 +3.005064924e-03 -4.912699494e+01 -4.912699494e+01 -2.3054e+00 +1.0825e-01 -2.3081e+00 +7.5818e-01 -1.9153e-01
7922 0 +1.994989865e-03 -4.912800501e+01 -4.912800501e+01 -2.3177e+00 +1.0180e-01 -2.3017e+00 +7.5570e-01 -1.8659e-01
8156 0 +1.762315724e-03 -4.912823768e+01 -4.912823768e+01 -2.3116e+00 +1.0359e-01 -2.3020e+00 +7.5678e-01 -1.8983e-01
8850 0 +1.033340002e-03 -4.912896666e+01 -4.912896666e+01 -2.3116e+00 +1.0134e-01 -2.3049e+00 +7.6084e-01 -1.8945e-01
9160 0 +7.885894779e-04 -4.912921141e+01 -4.912921141e+01 -2.3128e+00 +1.0868e-01 -2.3084e+00 +7.5775e-01 -1.8708e-01
9548 0 +5.150389600e-04 -4.912948496e+01 -4.912948496e+01 -2.3103e+00 +1.0301e-01 -2.3032e+00 +7.6265e-01 -1.9217e-01
10208 0 +3.228463505e-04 -4.912967715e+01 -4.912967715e+01 -2.3096e+00 +1.0584e-01 -2.3043e+00 +7.6212e-01 -1.9072e-01
10242 0 +2.119305024e-04 -4.912978807e+01 -4.912978807e+01 -2.3113e+00 +1.0503e-01 -2.3051e+00 +7.5955e-01 -1.8864e-01
10628 0 +6.059173938e-05 -4.912993941e+01 -4.912993941e+01 -2.3100e+00 +1.0497e-01 -2.3046e+00 +7.6095e-01 -1.9060e-01
12433 0 +5.720915878e-05 -4.912994279e+01 -4.912994279e+01 -2.3104e+00 +1.0421e-01 -2.3043e+00 +7.6116e-01 -1.9042e-01
12455 0 +4.687164080e-05 -4.912995313e+01 -4.912995313e+01 -2.3098e+00 +1.0470e-01 -2.3046e+00 +7.6087e-01 -1.9053e-01
12472 0 +3.423815077e-05 -4.912996576e+01 -4.912996576e+01 -2.3098e+00 +1.0429e-01 -2.3038e+00 +7.6090e-01 -1.9092e-01
12541 0 +1.929408077e-05 -4.912998071e+01 -4.912998071e+01 -2.3105e+00 +1.0304e-01 -2.3028e+00 +7.6089e-01 -1.9102e-01
12543 0 +1.856316477e-05 -4.912998144e+01 -4.912998144e+01 -2.3105e+00 +1.0380e-01 -2.3039e+00 +7.6067e-01 -1.9009e-01
12557 0 +1.267022570e-05 -4.912998733e+01 -4.912998733e+01 -2.3099e+00 +1.0336e-01 -2.3033e+00 +7.6088e-01 -1.9087e-01
12991 0 +9.333704639e-06 -4.912999067e+01 -4.912999067e+01 -2.3099e+00 +1.0295e-01 -2.3032e+00 +7.6090e-01 -1.9090e-01
12999 0 +8.909927431e-06 -4.912999109e+01 -4.912999109e+01 -2.3102e+00 +1.0368e-01 -2.3036e+00 +7.6105e-01 -1.9071e-01
13103 0 +4.372783962e-06 -4.912999563e+01 -4.912999563e+01 -2.3102e+00 +1.0320e-01 -2.3031e+00 +7.6114e-01 -1.9094e-01
13279 0 +4.231964468e-06 -4.912999577e+01 -4.912999577e+01 -2.3102e+00 +1.0327e-01 -2.3033e+00 +7.6115e-01 -1.9082e-01
13294 0 +3.506493080e-06 -4.912999649e+01 -4.912999649e+01 -2.3104e+00 +1.0327e-01 -2.3031e+00 +7.6103e-01 -1.9085e-01
13414 0 +1.552743839e-06 -4.912999845e+01 -4.912999845e+01 -2.3101e+00 +1.0334e-01 -2.3032e+00 +7.6109e-01 -1.9084e-01
13922 0 +1.478836225e-06 -4.912999852e+01 -4.912999852e+01 -2.3104e+00 +1.0292e-01 -2.3030e+00 +7.6092e-01 -1.9072e-01
13954 0 +9.127503873e-07 -4.912999909e+01 -4.912999909e+01 -2.3104e+00 +1.0333e-01 -2.3032e+00 +7.6095e-01 -1.9074e-01
13982 0 +8.617340157e-07 -4.912999914e+01 -4.912999914e+01 -2.3103e+00 +1.0337e-01 -2.3032e+00 +7.6104e-01 -1.9075e-01
14012 0 +7.551597179e-07 -4.912999924e+01 -4.912999924e+01 -2.3103e+00 +1.0315e-01 -2.3032e+00 +7.6092e-01 -1.9072e-01
14391 0 +5.779499261e-07 -4.912999942e+01 -4.912999942e+01 -2.3103e+00 +1.0325e-01 -2.3032e+00 +7.6091e-01 -1.9071e-01
14488 0 +1.555669300e-07 -4.912999984e+01 -4.912999984e+01 -2.3102e+00 +1.0341e-01 -2.3033e+00 +7.6096e-01 -1.9077e-01
15150 0 +9.835591896e-08 -4.912999990e+01 -4.912999990e+01 -2.3103e+00 +1.0323e-01 -2.3032e+00 +7.6098e-01 -1.9076e-01
15859 0 +5.516494639e-08 -4.912999994e+01 -4.912999994e+01 -2.3102e+00 +1.0326e-01 -2.3032e+00 +7.6093e-01 -1.9075e-01
15964 0 +4.865581360e-08 -4.912999995e+01 -4.912999995e+01 -2.3102e+00 +1.0322e-01 -2.3032e+00 +7.6100e-01 -1.9078e-01
16118 0 +4.683708710e-08 -4.912999995e+01 -4.912999995e+01 -2.3103e+00 +1.0322e-01 -2.3032e+00 +7.6094e-01 -1.9076e-01
16140 0 +3.661215686e-08 -4.912999996e+01 -4.912999996e+01 -2.3103e+00 +1.0326e-01 -2.3032e+00 +7.6095e-01 -1.9074e-01
16144 0 +1.800156468e-08 -4.912999998e+01 -4.912999998e+01 -2.3103e+00 +1.0329e-01 -2.3032e+00 +7.6096e-01 -1.9074e-01
16149 0 +6.154323273e-09 -4.912999999e+01 -4.912999999e+01 -2.3103e+00 +1.0323e-01 -2.3032e+00 +7.6094e-01 -1.9075e-01
19099 0 +5.471179065e-13 -4.913000000e+01 -4.913000000e+01 -2.3103e+00 +1.0326e-01 -2.3032e+00 +7.6095e-01 -1.9075e-01
19822 0 +0.000000000e+00 -4.913000000e+01 -4.913000000e+01 -2.3103e+00 +1.0326e-01 -2.3032e+00 +7.6094e-01 -1.9074e-01
20141 0 +0.000000000e+00 -4.913000000e+01 -4.913000000e+01 -2.3103e+00 +1.0326e-01 -2.3032e+00 +7.6094e-01 -1.9074e-01
% f evaluations | g evaluations | best noise-free fitness - Fopt (-1.418900000000e+02) + sum g_i+ | measured fitness | best measured fitness or single-digit g-values | x1 | x2...
1 0 +4.010699916e+01 -1.017830008e+02 -1.017830008e+02 +0.0000e+00 +0.0000e+00 +0.0000e+00 +0.0000e+00 +0.0000e+00
11 0 +2.596795286e+01 -1.159220471e+02 -1.159220471e+02 -1.0750e+00 -1.5372e+00 +7.2029e-01 -1.9415e-01 -1.1624e+00
16 0 +2.246856780e+01 -1.194214322e+02 -1.194214322e+02 +1.2639e-01 +3.4692e-01 -9.9931e-02 +4.9692e-01 +1.1354e+00
40 0 +2.072761659e+01 -1.211623834e+02 -1.211623834e+02 -1.6029e+00 -8.4733e-01 +6.7531e-01 +1.3854e-01 -6.6255e-01
70 0 +1.201084619e+01 -1.298791538e+02 -1.298791538e+02 -4.5856e-01 +8.1131e-01 +1.0592e+00 +3.7149e-01 -1.1692e+00
78 0 +1.084735502e+01 -1.310426450e+02 -1.310426450e+02 -1.0275e+00 +1.6260e-01 +2.2965e+00 +1.1872e-01 -1.5160e+00
85 0 +9.722271283e+00 -1.321677287e+02 -1.321677287e+02 -8.5539e-02 +1.6532e+00 +1.8539e+00 +6.2310e-01 +2.5963e-01
435 0 +8.213770840e+00 -1.336762292e+02 -1.336762292e+02 -5.5316e-01 +8.5766e-01 +2.1759e+00 +1.8435e-01 -8.5953e-01
523 0 +2.716724298e+00 -1.391732757e+02 -1.391732757e+02 -5.1602e-01 +9.3855e-01 +2.2686e+00 +5.6399e-01 -8.5486e-01
5290 0 +1.691887810e+00 -1.401981122e+02 -1.401981122e+02 -1.2747e+00 -8.3610e-01 +1.8079e+00 -8.8888e-01 -2.6536e+00
13556 0 +6.472418414e-01 -1.412427582e+02 -1.412427582e+02 +7.5208e-01 +3.3307e+00 +9.6210e-01 +9.3243e-01 -2.0750e+00
20881 0 +5.659838998e-01 -1.413240161e+02 -1.413240161e+02 -6.8278e-01 -3.0863e+00 -2.2187e+00 +1.0232e-01 -3.2608e+00
21646 0 +5.620932208e-01 -1.413279068e+02 -1.413279068e+02 -6.9677e-01 -3.1741e+00 -2.5589e+00 +3.8880e-02 -3.3578e+00
21659 0 +3.183282224e-01 -1.415716718e+02 -1.415716718e+02 -6.6594e-01 -3.0750e+00 -2.3847e+00 +1.3808e-01 -3.2018e+00
21933 0 +2.649565073e-01 -1.416250435e+02 -1.416250435e+02 -7.6635e-01 -3.1340e+00 -2.4527e+00 +9.6261e-02 -3.1964e+00
22157 0 +1.995250479e-01 -1.416904750e+02 -1.416904750e+02 -6.3936e-01 -3.0771e+00 -2.3612e+00 +1.5514e-01 -3.1648e+00
22198 0 +1.773041608e-01 -1.417126958e+02 -1.417126958e+02 -6.4382e-01 -3.0396e+00 -2.3042e+00 +2.2376e-01 -3.0691e+00
22436 0 +5.202612825e-02 -1.418379739e+02 -1.418379739e+02 -6.2338e-01 -3.0298e+00 -2.3316e+00 +2.0437e-01 -3.0790e+00
22933 0 +1.670604785e-02 -1.418732940e+02 -1.418732940e+02 -6.0988e-01 -3.0378e+00 -2.3032e+00 +2.1614e-01 -3.0781e+00
23939 0 +1.005492711e-02 -1.418799451e+02 -1.418799451e+02 -6.1699e-01 -3.0177e+00 -2.2946e+00 +2.2883e-01 -3.0268e+00
25728 0 +9.746604052e-03 -1.418802534e+02 -1.418802534e+02 -6.3634e-01 -3.0514e+00 -2.3586e+00 +1.9779e-01 -3.0929e+00
25836 0 +4.253445644e-03 -1.418857466e+02 -1.418857466e+02 -6.3428e-01 -3.0425e+00 -2.3593e+00 +2.0725e-01 -3.0727e+00
26389 0 +3.831384846e-03 -1.418861686e+02 -1.418861686e+02 -6.1883e-01 -3.0402e+00 -2.3399e+00 +2.1171e-01 -3.0756e+00
26406 0 +3.755198282e-03 -1.418862448e+02 -1.418862448e+02 -6.2586e-01 -3.0393e+00 -2.3363e+00 +2.1087e-01 -3.0718e+00
26410 0 +3.043911878e-03 -1.418869561e+02 -1.418869561e+02 -6.3041e-01 -3.0367e+00 -2.3460e+00 +2.1173e-01 -3.0632e+00
26442 0 +1.801725909e-03 -1.418881983e+02 -1.418881983e+02 -6.2007e-01 -3.0373e+00 -2.3286e+00 +2.1150e-01 -3.0740e+00
26653 0 +1.719699526e-03 -1.418882803e+02 -1.418882803e+02 -6.2392e-01 -3.0401e+00 -2.3342e+00 +2.1255e-01 -3.0709e+00
26655 0 +1.494766876e-03 -1.418885052e+02 -1.418885052e+02 -6.1893e-01 -3.0345e+00 -2.3307e+00 +2.1569e-01 -3.0659e+00
26720 0 +8.614312256e-04 -1.418891386e+02 -1.418891386e+02 -6.2065e-01 -3.0347e+00 -2.3309e+00 +2.1361e-01 -3.0636e+00
26952 0 +3.861786390e-04 -1.418896138e+02 -1.418896138e+02 -6.1932e-01 -3.0373e+00 -2.3340e+00 +2.1463e-01 -3.0686e+00
27257 0 +2.977901590e-04 -1.418897022e+02 -1.418897022e+02 -6.2008e-01 -3.0354e+00 -2.3313e+00 +2.1804e-01 -3.0605e+00
27397 0 +1.605283292e-04 -1.418898395e+02 -1.418898395e+02 -6.1924e-01 -3.0350e+00 -2.3314e+00 +2.1715e-01 -3.0617e+00
27567 0 +5.441596784e-05 -1.418899456e+02 -1.418899456e+02 -6.1946e-01 -3.0343e+00 -2.3299e+00 +2.1655e-01 -3.0612e+00
28476 0 +3.756811810e-05 -1.418899624e+02 -1.418899624e+02 -6.1906e-01 -3.0343e+00 -2.3288e+00 +2.1678e-01 -3.0619e+00
28735 0 +2.123940891e-05 -1.418899788e+02 -1.418899788e+02 -6.1982e-01 -3.0348e+00 -2.3295e+00 +2.1639e-01 -3.0622e+00
29119 0 +3.005792394e-06 -1.418899970e+02 -1.418899970e+02 -6.1916e-01 -3.0344e+00 -2.3287e+00 +2.1722e-01 -3.0613e+00
30849 0 +9.911364316e-07 -1.418899990e+02 -1.418899990e+02 -6.1966e-01 -3.0346e+00 -2.3294e+00 +2.1691e-01 -3.0616e+00
32153 0 +7.833375832e-07 -1.418899992e+02 -1.418899992e+02 -6.1940e-01 -3.0345e+00 -2.3292e+00 +2.1711e-01 -3.0615e+00
32436 0 +6.053321044e-07 -1.418899994e+02 -1.418899994e+02 -6.1953e-01 -3.0345e+00 -2.3292e+00 +2.1716e-01 -3.0613e+00
32706 0 +5.237284881e-07 -1.418899995e+02 -1.418899995e+02 -6.1954e-01 -3.0345e+00 -2.3293e+00 +2.1703e-01 -3.0614e+00
32888 0 +4.529505304e-07 -1.418899995e+02 -1.418899995e+02 -6.1944e-01 -3.0344e+00 -2.3292e+00 +2.1714e-01 -3.0613e+00
32947 0 +3.387929439e-07 -1.418899997e+02 -1.418899997e+02 -6.1947e-01 -3.0345e+00 -2.3292e+00 +2.1711e-01 -3.0614e+00
32987 0 +2.507195234e-07 -1.418899997e+02 -1.418899997e+02 -6.1951e-01 -3.0345e+00 -2.3292e+00 +2.1706e-01 -3.0614e+00
33133 0 +5.718746365e-08 -1.418899999e+02 -1.418899999e+02 -6.1948e-01 -3.0345e+00 -2.3293e+00 +2.1712e-01 -3.0613e+00
33412 0 +1.462231580e-08 -1.418900000e+02 -1.418900000e+02 -6.1950e-01 -3.0345e+00 -2.3293e+00 +2.1710e-01 -3.0613e+00
34637 0 +3.062950782e-09 -1.418900000e+02 -1.418900000e+02 -6.1950e-01 -3.0345e+00 -2.3293e+00 +2.1712e-01 -3.0613e+00
38258 0 +4.263256415e-13 -1.418900000e+02 -1.418900000e+02 -6.1950e-01 -3.0345e+00 -2.3293e+00 +2.1712e-01 -3.0613e+00
39642 0 +0.000000000e+00 -1.418900000e+02 -1.418900000e+02 -6.1950e-01 -3.0345e+00 -2.3293e+00 +2.1711e-01 -3.0613e+00
40281 0 +0.000000000e+00 -1.418900000e+02 -1.418900000e+02 -6.1950e-01 -3.0345e+00 -2.3293e+00 +2.1711e-01 -3.0613e+00
% f evaluations | g evaluations | best noise-free fitness - Fopt (1.095700000000e+02) + sum g_i+ | measured fitness | best measured fitness or single-digit g-values | x1 | x2...
1 0 +4.266782679e+01 +1.522378268e+02 +1.522378268e+02 +0.0000e+00 +0.0000e+00 +0.0000e+00 +0.0000e+00 +0.0000e+00
15 0 +3.693159642e+01 +1.465015964e+02 +1.465015964e+02 +1.0802e+00 +5.2539e-01 +7.3067e-01 -1.6214e+00 -8.6584e-01
31 0 +2.474155504e+01 +1.343115550e+02 +1.343115550e+02 +6.5938e-01 +1.1253e-01 -3.5469e-01 -1.2217e+00 -1.6192e+00
57 0 +1.808692311e+01 +1.276569231e+02 +1.276569231e+02 -1.0455e+00 -8.0581e-01 +2.8715e-01 +1.7207e+00 +1.2024e+00
207 0 +1.698756322e+01 +1.265575632e+02 +1.265575632e+02 +7.7314e-01 +1.2473e+00 +7.0772e-01 -1.0136e+00 +1.5099e+00
264 0 +8.678253679e+00 +1.182482537e+02 +1.182482537e+02 +1.2473e+00 -6.2495e-02 -5.4696e-01 +4.3895e-01 -5.4461e-01
1259 0 +5.882862090e+00 +1.154528621e+02 +1.154528621e+02 +1.0144e+00 +8.0743e-02 -2.9097e+00 +1.7064e+00 +4.2652e-01
1417 0 +3.405722955e+00 +1.129757230e+02 +1.129757230e+02 +2.4700e+00 +6.4258e-01 -2.0774e+00 +1.1398e+00 +6.3653e-01
1628 0 +2.841386171e+00 +1.124113862e+02 +1.124113862e+02 +1.5139e+00 +1.9357e-01 -4.6419e+00 +2.1141e+00 +8.1243e-01
1894 0 +2.373252095e+00 +1.119432521e+02 +1.119432521e+02 +1.1908e+00 +7.7705e-01 -2.9532e+00 +1.0460e+00 +1.0133e+00
2485 0 +6.640888357e-01 +1.102340888e+02 +1.102340888e+02 +2.3047e+00 +6.6536e-01 -2.0585e+00 +9.2090e-01 +7.5106e-01
2644 0 +1.639548185e-01 +1.097339548e+02 +1.097339548e+02 +2.1150e+00 +6.9903e-01 -2.1998e+00 +9.2602e-01 +8.1219e-01
4173 0 +1.105688800e-01 +1.096805689e+02 +1.096805689e+02 +2.0065e+00 +7.0946e-01 -2.2675e+00 +1.0039e+00 +8.7367e-01
4340 0 +6.001403885e-02 +1.096300140e+02 +1.096300140e+02 +2.0580e+00 +7.2601e-01 -2.2361e+00 +9.0912e-01 +8.5204e-01
4498 0 +5.856190264e-02 +1.096285619e+02 +1.096285619e+02 +1.9787e+00 +6.5971e-01 -2.2918e+00 +9.5688e-01 +8.2809e-01
4518 0 +2.525552151e-02 +1.095952555e+02 +1.095952555e+02 +2.0099e+00 +7.2001e-01 -2.2707e+00 +9.2803e-01 +8.4755e-01
4687 0 +1.836711767e-02 +1.095883671e+02 +1.095883671e+02 +2.0629e+00 +7.3193e-01 -2.2196e+00 +9.4438e-01 +8.4589e-01
5054 0 +1.172893145e-02 +1.095817289e+02 +1.095817289e+02 +1.9707e+00 +7.1559e-01 -2.2944e+00 +9.6700e-01 +8.5629e-01
5391 0 +6.893589329e-03 +1.095768936e+02 +1.095768936e+02 +2.0066e+00 +7.2059e-01 -2.2719e+00 +9.6357e-01 +8.5681e-01
5522 0 +3.750153119e-03 +1.095737502e+02 +1.095737502e+02 +1.9930e+00 +7.2577e-01 -2.2856e+00 +9.4703e-01 +8.5897e-01
6144 0 +1.754336683e-03 +1.095717543e+02 +1.095717543e+02 +2.0136e+00 +7.1541e-01 -2.2677e+00 +9.4633e-01 +8.4940e-01
7086 0 +7.852535004e-04 +1.095707853e+02 +1.095707853e+02 +2.0009e+00 +7.2320e-01 -2.2772e+00 +9.5226e-01 +8.5959e-01
7482 0 +5.348386091e-04 +1.095705348e+02 +1.095705348e+02 +2.0008e+00 +7.2581e-01 -2.2760e+00 +9.4983e-01 +8.6223e-01
7548 0 +4.446917211e-04 +1.095704447e+02 +1.095704447e+02 +1.9976e+00 +7.3023e-01 -2.2788e+00 +9.4987e-01 +8.6484e-01
7655 0 +3.060232447e-04 +1.095703060e+02 +1.095703060e+02 +2.0011e+00 +7.2768e-01 -2.2760e+00 +9.4896e-01 +8.6064e-01
7771 0 +2.174198565e-04 +1.095702174e+02 +1.095702174e+02 +2.0103e+00 +7.2668e-01 -2.2685e+00 +9.4882e-01 +8.5839e-01
8632 0 +1.954880767e-04 +1.095701955e+02 +1.095701955e+02 +2.0054e+00 +7.2544e-01 -2.2710e+00 +9.4978e-01 +8.5975e-01
8747 0 +1.010669735e-04 +1.095701011e+02 +1.095701011e+02 +2.0064e+00 +7.2642e-01 -2.2710e+00 +9.5016e-01 +8.5989e-01
8780 0 +6.201436571e-05 +1.095700620e+02 +1.095700620e+02 +2.0045e+00 +7.2703e-01 -2.2728e+00 +9.5087e-01 +8.6103e-01
8956 0 +3.470018899e-05 +1.095700347e+02 +1.095700347e+02 +2.0033e+00 +7.2729e-01 -2.2740e+00 +9.4932e-01 +8.6153e-01
9335 0 +2.223499816e-05 +1.095700222e+02 +1.095700222e+02 +2.0025e+00 +7.2605e-01 -2.2744e+00 +9.5047e-01 +8.6068e-01
10282 0 +1.695894252e-05 +1.095700170e+02 +1.095700170e+02 +2.0032e+00 +7.2722e-01 -2.2736e+00 +9.5008e-01 +8.6130e-01
10291 0 +1.601173720e-05 +1.095700160e+02 +1.095700160e+02 +2.0037e+00 +7.2713e-01 -2.2733e+00 +9.5029e-01 +8.6135e-01
10503 0 +1.555506988e-05 +1.095700156e+02 +1.095700156e+02 +2.0014e+00 +7.2651e-01 -2.2752e+00 +9.5076e-01 +8.6163e-01
10529 0 +1.388197659e-05 +1.095700139e+02 +1.095700139e+02 +2.0021e+00 +7.2645e-01 -2.2747e+00 +9.5067e-01 +8.6102e-01
10556 0 +1.173262623e-05 +1.095700117e+02 +1.095700117e+02 +2.0015e+00 +7.2674e-01 -2.2751e+00 +9.5091e-01 +8.6158e-01
10855 0 +7.153073057e-06 +1.095700072e+02 +1.095700072e+02 +2.0015e+00 +7.2649e-01 -2.2752e+00 +9.5047e-01 +8.6149e-01
11034 0 +4.970825259e-06 +1.095700050e+02 +1.095700050e+02 +2.0022e+00 +7.2699e-01 -2.2749e+00 +9.5058e-01 +8.6167e-01
11277 0 +4.362267987e-06 +1.095700044e+02 +1.095700044e+02 +2.0021e+00 +7.2661e-01 -2.2747e+00 +9.5058e-01 +8.6125e-01
11297 0 +2.886934240e-06 +1.095700029e+02 +1.095700029e+02 +2.0022e+00 +7.2678e-01 -2.2745e+00 +9.5048e-01 +8.6138e-01
11308 0 +1.264406961e-06 +1.095700013e+02 +1.095700013e+02 +2.0023e+00 +7.2691e-01 -2.2744e+00 +9.5046e-01 +8.6144e-01
11981 0 +5.325045009e-07 +1.095700005e+02 +1.095700005e+02 +2.0025e+00 +7.2714e-01 -2.2743e+00 +9.5019e-01 +8.6168e-01
12384 0 +3.358972975e-07 +1.095700003e+02 +1.095700003e+02 +2.0026e+00 +7.2708e-01 -2.2742e+00 +9.5027e-01 +8.6150e-01
12766 0 +2.333687803e-07 +1.095700002e+02 +1.095700002e+02 +2.0024e+00 +7.2702e-01 -2.2744e+00 +9.5035e-01 +8.6154e-01
13004 0 +2.130397263e-07 +1.095700002e+02 +1.095700002e+02 +2.0023e+00 +7.2704e-01 -2.2745e+00 +9.5038e-01 +8.6158e-01
13039 0 +9.146279467e-08 +1.095700001e+02 +1.095700001e+02 +2.0023e+00 +7.2699e-01 -2.2745e+00 +9.5038e-01 +8.6158e-01
13667 0 +4.468731163e-08 +1.095700000e+02 +1.095700000e+02 +2.0023e+00 +7.2705e-01 -2.2745e+00 +9.5031e-01 +8.6159e-01
13968 0 +3.939014448e-08 +1.095700000e+02 +1.095700000e+02 +2.0022e+00 +7.2704e-01 -2.2746e+00 +9.5037e-01 +8.6162e-01
14035 0 +1.309427944e-08 +1.095700000e+02 +1.095700000e+02 +2.0023e+00 +7.2700e-01 -2.2745e+00 +9.5038e-01 +8.6157e-01
14886 0 +2.777966301e-09 +1.095700000e+02 +1.095700000e+02 +2.0023e+00 +7.2702e-01 -2.2745e+00 +9.5037e-01 +8.6160e-01
17366 0 +2.557953849e-13 +1.095700000e+02 +1.095700000e+02 +2.0023e+00 +7.2701e-01 -2.2745e+00 +9.5037e-01 +8.6159e-01
18297 0 +0.000000000e+00 +1.095700000e+02 +1.095700000e+02 +2.0023e+00 +7.2701e-01 -2.2745e+00 +9.5037e-01 +8.6159e-01
18821 0 +0.000000000e+00 +1.095700000e+02 +1.095700000e+02 +2.0023e+00 +7.2701e-01 -2.2745e+00 +9.5037e-01 +8.6159e-01
% f evaluations | g evaluations | best noise-free fitness - Fopt (7.836000000000e+01) + sum g_i+ | measured fitness | best measured fitness or single-digit g-values | x1 | x2...
1 0 +1.000753764e+02 +1.784353764e+02 +1.784353764e+02 +0.0000e+00 +0.0000e+00 +0.0000e+00 +0.0000e+00 +0.0000e+00
3 0 +7.066503817e+01 +1.490250382e+02 +1.490250382e+02 -9.7394e-01 +2.2380e-01 -1.3693e+00 +8.6790e-01 +4.0821e-01
4 0 +6.608734457e+01 +1.444473446e+02 +1.444473446e+02 -5.0353e-01 +1.2669e+00 -1.5859e+00 -8.8950e-01 -7.1670e-01
5 0 +2.846810381e+01 +1.068281038e+02 +1.068281038e+02 +7.0073e-01 -8.1214e-01 -4.8587e-01 +3.3491e-01 -2.6867e-01
6 0 +2.226050731e+01 +1.006205073e+02 +1.006205073e+02 -6.2739e-01 +7.5773e-02 -1.1007e-01 -5.9282e-01 -1.5643e+00
7 0 +1.934579096e+01 +9.770579096e+01 +9.770579096e+01 -1.5671e-01 -1.1083e+00 -9.7910e-01 +4.5142e-02 -7.8884e-01
72 0 +1.216385058e+01 +9.052385058e+01 +9.052385058e+01 +5.8107e-01 +3.0246e-01 -1.4271e+00 +3.7293e-01 -3.2985e-02
95 0 +1.054080742e+01 +8.890080742e+01 +8.890080742e+01 +1.0923e-01 +5.3299e-01 -5.1240e-01 -1.3278e+00 +1.7842e-03
439 0 +8.147218877e+00 +8.650721888e+01 +8.650721888e+01 +2.5920e+00 +9.8129e-01 +1.6160e+00 +8.2324e-01 -5.5695e-02
1367 0 +6.211382094e+00 +8.457138209e+01 +8.457138209e+01 +2.8640e+00 +1.1447e+00 +1.1162e+00 +3.4534e+00 -1.3069e+00
2045 0 +4.307333073e+00 +8.266733307e+01 +8.266733307e+01 -2.1832e-01 -2.4105e+00 +5.7360e-01 +2.8902e+00 +4.2507e-02
7984 0 +4.228413813e+00 +8.258841381e+01 +8.258841381e+01 -4.5164e+00 +1.7834e+00 -1.9492e+00 +1.7732e+00 -5.4425e-01
20165 0 +1.550075503e+00 +7.991007550e+01 +7.991007550e+01 -3.2546e-01 -1.1807e+00 +3.4495e+00 -3.0966e+00 +1.6187e+00
44252 0 +9.995256517e-01 +7.935952565e+01 +7.935952565e+01 -1.9678e+00 -2.1647e+00 -1.5773e+00 -2.0716e-01 +3.0208e+00
44299 0 +7.825610355e-01 +7.914256104e+01 +7.914256104e+01 -1.8826e+00 -2.2353e+00 -1.6341e+00 -1.7410e-01 +2.8841e+00
44388 0 +7.582269985e-01 +7.911822700e+01 +7.911822700e+01 -1.8885e+00 -2.4859e+00 -1.5838e+00 -1.0238e-01 +2.5845e+00
44506 0 +5.197364293e-01 +7.887973643e+01 +7.887973643e+01 -2.0434e+00 -2.6522e+00 -1.4130e+00 -3.3181e-01 +2.6739e+00
44669 0 +3.199367277e-01 +7.867993673e+01 +7.867993673e+01 -1.8951e+00 -2.5065e+00 -1.5755e+00 -1.9420e-01 +2.6225e+00
45485 0 +2.863433889e-01 +7.864634339e+01 +7.864634339e+01 -1.7534e+00 -2.3425e+00 -1.4977e+00 -3.4702e-01 +2.9215e+00
45573 0 +2.458860043e-01 +7.860588600e+01 +7.860588600e+01 -1.9078e+00 -2.5337e+00 -1.5471e+00 -4.4373e-01 +2.7880e+00
45580 0 +1.321327955e-01 +7.849213280e+01 +7.849213280e+01 -1.8944e+00 -2.5295e+00 -1.5672e+00 -2.1139e-01 +2.6372e+00
45770 0 +8.741661711e-02 +7.844741662e+01 +7.844741662e+01 -1.9611e+00 -2.5279e+00 -1.4886e+00 -3.4884e-01 +2.7418e+00
45812 0 +6.897176146e-02 +7.842897176e+01 +7.842897176e+01 -1.9328e+00 -2.5546e+00 -1.5331e+00 -2.0282e-01 +2.6381e+00
45900 0 +6.501751364e-02 +7.842501751e+01 +7.842501751e+01 -2.0243e+00 -2.5587e+00 -1.4865e+00 -3.7442e-01 +2.7595e+00
46250 0 +4.336889835e-02 +7.840336890e+01 +7.840336890e+01 -1.9959e+00 -2.5570e+00 -1.4884e+00 -3.7941e-01 +2.7852e+00
46263 0 +3.403268795e-02 +7.839403269e+01 +7.839403269e+01 -2.0043e+00 -2.6135e+00 -1.4883e+00 -3.1656e-01 +2.6575e+00
46405 0 +3.387148818e-02 +7.839387149e+01 +7.839387149e+01 -1.9665e+00 -2.5416e+00 -1.4869e+00 -3.4891e-01 +2.7363e+00
46531 0 +3.263184648e-02 +7.839263185e+01 +7.839263185e+01 -1.9659e+00 -2.5285e+00 -1.4870e+00 -3.5724e-01 +2.7685e+00
46711 0 +2.143136152e-02 +7.838143136e+01 +7.838143136e+01 -2.0389e+00 -2.6052e+00 -1.4816e+00 -3.7259e-01 +2.7410e+00
47117 0 +1.524124199e-03 +7.836152412e+01 +7.836152412e+01 -2.0156e+00 -2.5985e+00 -1.4867e+00 -3.4714e-01 +2.6976e+00
48263 0 +1.124720256e-03 +7.836112472e+01 +7.836112472e+01 -2.0189e+00 -2.5888e+00 -1.4888e+00 -3.4406e-01 +2.7074e+00
48558 0 +8.214282744e-04 +7.836082143e+01 +7.836082143e+01 -2.0132e+00 -2.5837e+00 -1.4909e+00 -3.4114e-01 +2.7076e+00
49461 0 +7.478851820e-04 +7.836074789e+01 +7.836074789e+01 -2.0119e+00 -2.5861e+00 -1.4918e+00 -3.4023e-01 +2.7040e+00
49682 0 +6.039312752e-04 +7.836060393e+01 +7.836060393e+01 -2.0143e+00 -2.5895e+00 -1.4900e+00 -3.3952e-01 +2.7016e+00
49815 0 +5.064253510e-04 +7.836050643e+01 +7.836050643e+01 -2.0168e+00 -2.5905e+00 -1.4894e+00 -3.4838e-01 +2.7048e+00
49856 0 +4.162051118e-04 +7.836041621e+01 +7.836041621e+01 -2.0144e+00 -2.5884e+00 -1.4902e+00 -3.3741e-01 +2.6981e+00
49970 0 +3.335487332e-04 +7.836033355e+01 +7.836033355e+01 -2.0185e+00 -2.5875e+00 -1.4886e+00 -3.4406e-01 +2.7060e+00
50001 0 +3.335487332e-04 +7.836033355e+01 +7.836033355e+01 -2.0185e+00 -2.5875e+00 -1.4886e+00 -3.4406e-01 +2.7060e+00
% f evaluations | g evaluations | best noise-free fitness - Fopt (1.140900000000e+02) + sum g_i+ | measured fitness | best measured fitness or single-digit g-values | x1 | x2...
1 0 +1.423073396e+02 +2.563973396e+02 +2.563973396e+02 +0.0000e+00 +0.0000e+00 +0.0000e+00 +0.0000e+00 +0.0000e+00
2 0 +3.890936649e+01 +1.529993665e+02 +1.529993665e+02 +7.5220e-01 -7.5459e-01 +1.2194e+00 +1.0978e+00 -6.2783e-02
11 0 +3.386940913e+01 +1.479594091e+02 +1.479594091e+02 +9.7490e-01 -1.5263e+00 -1.5130e+00 -1.3234e+00 +2.6171e-02
21 0 +1.743193687e+01 +1.315219369e+02 +1.315219369e+02 +3.7358e-01 -2.6078e-01 -1.3390e+00 +1.0684e+00 +1.1804e+00
90 0 +9.767561922e+00 +1.238575619e+02 +1.238575619e+02 -4.4300e-01 +1.5771e-01 +1.7166e+00 +3.7316e-01 +1.3795e-02
979 0 +8.442175121e+00 +1.225321751e+02 +1.225321751e+02 +4.7528e-01 +1.4209e+00 -3.7576e-01 -5.1171e+00 +2.6441e+00
1318 0 +4.935461580e+00 +1.190254616e+02 +1.190254616e+02 -8.6006e-01 +3.2759e+00 +2.7824e+00 -1.8489e+00 -9.3300e-02
1869 0 +4.546371022e+00 +1.186363710e+02 +1.186363710e+02 -2.0528e+00 -1.3123e+00 -1.0961e+00 -4.0451e+00 -2.3634e+00
2861 0 +3.475096223e+00 +1.175650962e+02 +1.175650962e+02 -2.6643e+00 -2.9578e+00 +4.4328e-02 -3.4913e-01 +9.8851e-01
17046 0 +1.536945004e+00 +1.156269450e+02 +1.156269450e+02 +2.3895e+00 +1.8131e+00 -1.0705e+00 +1.8622e+00 +2.1468e+00
50001 0 +1.536945004e+00 +1.156269450e+02 +1.156269450e+02 +2.3895e+00 +1.8131e+00 -1.0705e+00 +1.8622e+00 +2.1468e+00
% f evaluations | g evaluations | best noise-free fitness - Fopt (-5.445900000000e+02) + sum g_i+ | measured fitness | best measured fitness or single-digit g-values | x1 | x2...
1 0 +1.053050307e+02 -4.392849693e+02 -4.392849693e+02 +0.0000e+00 +0.0000e+00 +0.0000e+00 +0.0000e+00 +0.0000e+00
2 0 +7.145323302e+01 -4.731367670e+02 -4.731367670e+02 -3.9114e-01 -1.1694e+00 -1.3886e+00 -9.1302e-01 -3.0616e-01
3 0 +4.103907101e+01 -5.035509290e+02 -5.035509290e+02 -3.2054e-01 +1.5572e+00 +1.1974e-01 -6.3867e-01 -8.8589e-01
6 0 +2.349419491e+01 -5.210958051e+02 -5.210958051e+02 +4.5526e-01 +5.8443e-01 +1.2479e+00 -2.7521e-01 -6.6354e-02
50 0 +2.198958515e+01 -5.226004148e+02 -5.226004148e+02 +1.2361e-01 -4.3046e-01 -4.6804e-02 -7.1349e-01 +3.5052e-01
52 0 +1.557186624e+01 -5.290181338e+02 -5.290181338e+02 +8.3491e-01 -7.9729e-01 -6.1228e-01 -1.8903e-01 -6.8235e-01
95 0 +1.529541641e+01 -5.292945836e+02 -5.292945836e+02 -6.1992e-01 -3.4608e-01 -4.8185e-01 -9.7344e-01 -2.0496e-01
124 0 +1.308695259e+01 -5.315030474e+02 -5.315030474e+02 +1.1562e+00 -8.6329e-01 -9.6000e-01 -1.2705e+00 +7.9655e-02
209 0 +1.095301682e+01 -5.336369832e+02 -5.336369832e+02 +7.9124e-01 -2.3941e+00 -4.9831e-01 -8.8527e-01 +4.7257e-01
216 0 +8.666801305e+00 -5.359231987e+02 -5.359231987e+02 +1.2323e+00 -7.1467e-01 -2.3384e-01 -4.6461e-02 -2.2807e-01
347 0 +5.812027617e+00 -5.387779724e+02 -5.387779724e+02 +9.6940e-01 -2.2647e-01 -2.0882e-01 -1.1569e+00 -2.2567e-01
751 0 +5.483919546e+00 -5.391060805e+02 -5.391060805e+02 +1.4607e+00 -2.1666e+00 -3.3716e-01 -8.4043e-01 +1.1752e+00
1247 0 +3.568752346e+00 -5.410212477e+02 -5.410212477e+02 +1.3628e+00 -2.0042e+00 -2.5062e-03 -1.0550e+00 +1.3572e+00
4827 0 +3.126376803e+00 -5.414636232e+02 -5.414636232e+02 -2.4887e+00 -2.9191e+00 +1.5889e+00 -2.8114e+00 -3.7594e-01
4854 0 +2.110314596e+00 -5.424796854e+02 -5.424796854e+02 -2.0245e+00 -3.2917e+00 +9.2197e-01 -2.4639e+00 -5.0396e-01
10488 0 +1.292919704e+00 -5.432970803e+02 -5.432970803e+02 -1.7161e+00 -3.2675e+00 +8.3332e-01 -2.2899e+00 -7.6105e-02
12562 0 +1.221421767e+00 -5.433685782e+02 -5.433685782e+02 +4.9012e-01 +2.5708e-01 +5.9938e-01 -1.9368e+00 -7.8751e-02
12615 0 +9.427749560e-01 -5.436472250e+02 -5.436472250e+02 +1.2982e+00 +1.0080e+00 -1.4908e+00 -1.7443e+00 -8.5927e-01
17642 0 +7.909858037e-01 -5.437990142e+02 -5.437990142e+02 +1.4168e-01 +2.3752e+00 +6.9437e-01 -2.0441e+00 -1.0397e+00
17867 0 +6.703414057e-01 -5.439196586e+02 -5.439196586e+02 -1.3139e-01 +2.1593e+00 +7.2644e-01 -2.3113e+00 -1.3364e+00
17879 0 +6.443294247e-01 -5.439456706e+02 -5.439456706e+02 -3.0272e-02 +2.2231e+00 +8.4312e-01 -2.0941e+00 -9.3659e-01
18069 0 +3.355359903e-01 -5.442544640e+02 -5.442544640e+02 -2.9857e-02 +2.2761e+00 +7.9746e-01 -2.2356e+00 -1.0993e+00
18233 0 +2.308174010e-01 -5.443591826e+02 -5.443591826e+02 -1.6358e-01 +2.2036e+00 +8.3694e-01 -2.2702e+00 -1.2133e+00
18245 0 +1.483521970e-01 -5.444416478e+02 -5.444416478e+02 -1.2398e-01 +2.3147e+00 +8.5653e-01 -2.3598e+00 -1.0372e+00
18508 0 +4.837685870e-02 -5.445416231e+02 -5.445416231e+02 -1.8283e-01 +2.2859e+00 +8.9220e-01 -2.4065e+00 -1.0776e+00
18581 0 +4.133692184e-02 -5.445486631e+02 -5.445486631e+02 -2.2275e-01 +2.2735e+00 +8.6786e-01 -2.4294e+00 -1.1305e+00
18687 0 +2.735457947e-02 -5.445626454e+02 -5.445626454e+02 -1.9794e-01 +2.2510e+00 +8.8216e-01 -2.3370e+00 -1.0281e+00
19272 0 +2.239093882e-02 -5.445676091e+02 -5.445676091e+02 -2.2724e-01 +2.2775e+00 +9.0476e-01 -2.4374e+00 -1.1072e+00
19509 0 +1.439344944e-02 -5.445756066e+02 -5.445756066e+02 -2.4319e-01 +2.2660e+00 +8.8987e-01 -2.4334e+00 -1.1333e+00
20424 0 +2.185078009e-03 -5.445878149e+02 -5.445878149e+02 -2.2209e-01 +2.2576e+00 +8.8202e-01 -2.4156e+00 -1.1096e+00
21703 0 +5.711302520e-04 -5.445894289e+02 -5.445894289e+02 -2.2588e-01 +2.2581e+00 +8.8194e-01 -2.4222e+00 -1.1216e+00
22291 0 +3.837426725e-04 -5.445896163e+02 -5.445896163e+02 -2.2750e-01 +2.2596e+00 +8.8311e-01 -2.4235e+00 -1.1223e+00
22670 0 +1.510193051e-04 -5.445898490e+02 -5.445898490e+02 -2.2583e-01 +2.2594e+00 +8.8531e-01 -2.4212e+00 -1.1180e+00
24476 0 +1.477624768e-04 -5.445898522e+02 -5.445898522e+02 -2.2493e-01 +2.2615e+00 +8.8698e-01 -2.4223e+00 -1.1166e+00
24537 0 +1.307705367e-04 -5.445898692e+02 -5.445898692e+02 -2.2462e-01 +2.2597e+00 +8.8567e-01 -2.4191e+00 -1.1162e+00
24627 0 +7.630203561e-05 -5.445899237e+02 -5.445899237e+02 -2.2533e-01 +2.2590e+00 +8.8481e-01 -2.4198e+00 -1.1189e+00
24645 0 +2.772648213e-05 -5.445899723e+02 -5.445899723e+02 -2.2603e-01 +2.2606e+00 +8.8638e-01 -2.4225e+00 -1.1189e+00
25892 0 +1.844570954e-05 -5.445899816e+02 -5.445899816e+02 -2.2532e-01 +2.2606e+00 +8.8648e-01 -2.4218e+00 -1.1177e+00
26508 0 +6.533954661e-06 -5.445899935e+02 -5.445899935e+02 -2.2628e-01 +2.2603e+00 +8.8596e-01 -2.4222e+00 -1.1189e+00
27311 0 +6.371777431e-06 -5.445899936e+02 -5.445899936e+02 -2.2601e-01 +2.2602e+00 +8.8573e-01 -2.4222e+00 -1.1189e+00
27345 0 +3.582513386e-06 -5.445899964e+02 -5.445899964e+02 -2.2625e-01 +2.2605e+00 +8.8606e-01 -2.4224e+00 -1.1188e+00
27845 0 +2.957878451e-06 -5.445899970e+02 -5.445899970e+02 -2.2627e-01 +2.2602e+00 +8.8566e-01 -2.4222e+00 -1.1193e+00
27897 0 +2.117701456e-06 -5.445899979e+02 -5.445899979e+02 -2.2613e-01 +2.2604e+00 +8.8594e-01 -2.4223e+00 -1.1190e+00
27988 0 +1.090923661e-06 -5.445899989e+02 -5.445899989e+02 -2.2610e-01 +2.2602e+00 +8.8573e-01 -2.4220e+00 -1.1190e+00
28027 0 +1.064506705e-06 -5.445899989e+02 -5.445899989e+02 -2.2583e-01 +2.2604e+00 +8.8580e-01 -2.4220e+00 -1.1188e+00
28182 0 +8.884829867e-07 -5.445899991e+02 -5.445899991e+02 -2.2596e-01 +2.2602e+00 +8.8579e-01 -2.4220e+00 -1.1190e+00
28397 0 +7.733658549e-07 -5.445899992e+02 -5.445899992e+02 -2.2583e-01 +2.2603e+00 +8.8582e-01 -2.4219e+00 -1.1188e+00
28433 0 +2.719822305e-07 -5.445899997e+02 -5.445899997e+02 -2.2599e-01 +2.2602e+00 +8.8570e-01 -2.4219e+00 -1.1189e+00
29162 0 +2.361446150e-07 -5.445899998e+02 -5.445899998e+02 -2.2592e-01 +2.2602e+00 +8.8575e-01 -2.4218e+00 -1.1187e+00
29290 0 +8.164113297e-08 -5.445899999e+02 -5.445899999e+02 -2.2594e-01 +2.2602e+00 +8.8577e-01 -2.4220e+00 -1.1189e+00
29860 0 +4.963749234e-08 -5.445900000e+02 -5.445900000e+02 -2.2587e-01 +2.2602e+00 +8.8574e-01 -2.4218e+00 -1.1188e+00
29885 0 +2.964463874e-08 -5.445900000e+02 -5.445900000e+02 -2.2589e-01 +2.2602e+00 +8.8574e-01 -2.4219e+00 -1.1188e+00
30810 0 +7.515041034e-09 -5.445900000e+02 -5.445900000e+02 -2.2591e-01 +2.2602e+00 +8.8576e-01 -2.4219e+00 -1.1188e+00
34623 0 +3.410605132e-13 -5.445900000e+02 -5.445900000e+02 -2.2592e-01 +2.2602e+00 +8.8577e-01 -2.4219e+00 -1.1188e+00
35190 0 +0.000000000e+00 -5.445900000e+02 -5.445900000e+02 -2.2592e-01 +2.2602e+00 +8.8577e-01 -2.4219e+00 -1.1188e+00
36221 0 +0.000000000e+00 -5.445900000e+02 -5.445900000e+02 -2.2592e-01 +2.2602e+00 +8.8577e-01 -2.4219e+00 -1.1188e+00
