% f evaluations | g evaluations | best noise-free fitness - Fopt (4.078000000000e+01) + sum g_i+ | measured fitness | best measured fitness or single-digit g-values | x1 | x2...
1 0 +2.342962888e+01 +6.420962888e+01 +6.420962888e+01 +0.0000e+00 +0.0000e+00 +0.0000e+00
3 0 +2.071169298e+01 +6.149169298e+01 +6.149169298e+01 +2.8977e-01 +1.6253e+00 +7.6848e-01
5 0 +8.104995515e+00 +4.888499551e+01 +4.888499551e+01 +1.5955e+00 -1.0679e+00 -6.1474e-01
26 0 +6.959857772e+00 +4.773985777e+01 +4.773985777e+01 -8.4352e-01 +1.9235e+00 +2.6329e-01
29 0 +3.773899735e+00 +4.455389973e+01 +4.455389973e+01 -1.0518e+00 +2.3365e+00 +4.2354e-01
74 0 +2.975334842e+00 +4.375533484e+01 +4.375533484e+01 -1.2372e+00 +1.5350e+00 +4.0694e-01
88 0 +1.721905086e+00 +4.250190509e+01 +4.250190509e+01 -2.0792e+00 +4.4471e+00 -2.4940e-01
156 0 +1.536505536e+00 +4.231650554e+01 +4.231650554e+01 -1.9630e+00 +2.3718e+00 +1.1156e+00
435 0 +1.410629184e+00 +4.219062918e+01 +4.219062918e+01 -1.8447e+00 +2.6375e+00 +9.9868e-01
487 0 +1.049556628e+00 +4.182955663e+01 +4.182955663e+01 -1.6723e+00 +2.3456e+00 +8.6906e-01
657 0 +9.847824211e-01 +4.176478242e+01 +4.176478242e+01 -1.7486e+00 +2.0846e+00 +7.3755e-01
840 0 +9.649719900e-01 +4.174497199e+01 +4.174497199e+01 -1.7691e+00 +2.2600e+00 +7.8081e-01
877 0 +9.409642216e-01 +4.172096422e+01 +4.172096422e+01 -1.7852e+00 +2.2499e+00 +8.6412e-01
1169 0 +9.325995792e-01 +4.171259958e+01 +4.171259958e+01 -1.7653e+00 +2.2117e+00 +8.0561e-01
4057 0 +9.299973893e-01 +4.170999739e+01 +4.170999739e+01 -1.7830e+00 +2.2229e+00 +8.2193e-01
% f evaluations | g evaluations | best noise-free fitness - Fopt (-1.600000000000e+00) + sum g_i+ | measured fitness | best measured fitness or single-digit g-values | x1 | x2...
1 0 +1.240367020e+01 +1.080367020e+01 +1.080367020e+01 +0.0000e+00 +0.0000e+00 +0.0000e+00
2 0 +7.321206771e+00 +5.721206771e+00 +5.721206771e+00 -7.9973e-01 -1.5275e+00 +2.2787e-01
7 0 +6.905889215e+00 +5.305889215e+00 +5.305889215e+00 -4.2182e-01 +2.1774e-01 +1.5292e+00
34 0 +5.572772373e+00 +3.972772373e+00 +3.972772373e+00 -1.6003e-01 +6.3255e-01 +1.3978e+00
40 0 +2.638106265e+00 +1.038106265e+00 +1.038106265e+00 -5.6136e-01 -2.8742e-01 +2.2388e+00
45 0 +2.097708826e+00 +4.977088265e-01 +4.977088265e-01 +8.6377e-01 -2.2710e+00 +1.5281e+00
65 0 +1.939053922e+00 +3.390539219e-01 +3.390539219e-01 +4.7260e-01 -2.3225e+00 +6.4423e-01
78 0 +9.161395600e-02 -1.508386044e+00 -1.508386044e+00 +7.8586e-01 -2.6198e+00 +1.0873e+00
89 0 +4.289933873e-02 -1.557100661e+00 -1.557100661e+00 +1.0093e+00 -2.0755e+00 +8.5018e-01
103 0 +1.120049533e-03 -1.598879950e+00 -1.598879950e+00 +1.1476e+00 -1.9738e+00 +6.9357e-01
475 0 +3.165462346e-06 -1.599996835e+00 -1.599996835e+00 +1.1325e+00 -2.0334e+00 +5.7997e-01
1056 0 +1.936558316e-06 -1.599998063e+00 -1.599998063e+00 +1.1199e+00 -2.0152e+00 +5.9403e-01
1084 0 +4.089247057e-07 -1.599999591e+00 -1.599999591e+00 +1.1294e+00 -1.9949e+00 +5.6259e-01
1109 0 +2.596002926e-07 -1.599999740e+00 -1.599999740e+00 +1.1256e+00 -2.0182e+00 +5.5713e-01
1208 0 +1.698767338e-07 -1.599999830e+00 -1.599999830e+00 +1.1118e+00 -2.0341e+00 +5.8442e-01
1264 0 +4.962998079e-08 -1.599999950e+00 -1.599999950e+00 +1.1254e+00 -2.0157e+00 +5.8256e-01
1475 0 +6.264040397e-09 -1.599999994e+00 -1.599999994e+00 +1.1313e+00 -2.0074e+00 +5.7497e-01
2264 0 +2.353672812e-13 -1.600000000e+00 -1.600000000e+00 +1.1289e+00 -2.0117e+00 +5.7041e-01
3390 0 +0.000000000e+00 -1.600000000e+00 -1.600000000e+00 +1.1285e+00 -2.0125e+00 +5.7115e-01
30001 0 +0.000000000e+00 -1.600000000e+00 -1.600000000e+00 +1.1285e+00 -2.0125e+00 +5.7115e-01
% f evaluations | g evaluations | best noise-free fitness - Fopt (-3.708400000000e+02) + sum g_i+ | measured fitness | best measured fitness or single-digit g-values | x1 | x2...
1 0 +3.578233172e+01 -3.350576683e+02 -3.350576683e+02 +0.0000e+00 +0.0000e+00 +0.0000e+00
3 0 +2.151346008e+01 -3.493265399e+02 -3.493265399e+02 +1.6527e-01 -3.3973e-01 +7.3476e-01
4 0 +1.995317302e+01 -3.508868270e+02 -3.508868270e+02 -8.3771e-01 -1.3575e+00 +1.2371e+00
14 0 +1.739717194e+01 -3.534428281e+02 -3.534428281e+02 -5.5205e-02 -3.8671e-01 +7.6752e-01
19 0 +1.365898484e+01 -3.571810152e+02 -3.571810152e+02 -2.0436e-01 -5.1398e-01 +7.8006e-01
22 0 +1.281350567e+01 -3.580264943e+02 -3.580264943e+02 -1.1297e+00 -7.7262e-01 +4.3474e-01
37 0 +1.008064802e+01 -3.607593520e+02 -3.607593520e+02 -8.6134e-01 -6.2460e-01 +6.4160e-01
38 0 +9.520537533e+00 -3.613194625e+02 -3.613194625e+02 -7.7585e-01 -6.4290e-01 +7.7119e-01
64 0 +8.869871523e+00 -3.619701285e+02 -3.619701285e+02 -1.5010e+00 -4.6625e-01 +1.1046e+00
104 0 +8.178823079e+00 -3.626611769e+02 -3.626611769e+02 -1.3328e+00 -4.7572e-01 +1.5085e+00
121 0 +8.054278943e+00 -3.627857211e+02 -3.627857211e+02 -1.0666e+00 -1.1667e-01 +2.4251e+00
151 0 +7.065576194e+00 -3.637744238e+02 -3.637744238e+02 -3.9611e-01 -1.1329e-01 +3.2132e+00
3517 0 +7.065576194e+00 -3.637744238e+02 -3.637744238e+02 -3.9611e-01 -1.1329e-01 +3.2132e+00
% f evaluations | g evaluations | best noise-free fitness - Fopt (-3.256000000000e+01) + sum g_i+ | measured fitness | best measured fitness or single-digit g-values | x1 | x2...
1 0 +5.303999905e+01 +2.047999905e+01 +2.047999905e+01 +0.0000e+00 +0.0000e+00 +0.0000e+00
2 0 +6.524747454e+00 -2.603525255e+01 -2.603525255e+01 +4.5421e-01 +1.1642e+00 -4.1045e-01
104 0 +6.427642318e+00 -2.613235768e+01 -2.613235768e+01 +6.5994e-01 +1.2732e+00 +1.4373e-02
158 0 +5.793434425e+00 -2.676656558e+01 -2.676656558e+01 +5.6119e-01 +1.3745e+00 +4.3168e-02
226 0 +4.506970487e+00 -2.805302951e+01 -2.805302951e+01 +4.7308e-01 +1.4211e+00 -1.9023e-01
233 0 +3.425653256e+00 -2.913434674e+01 -2.913434674e+01 -1.0333e-01 +2.2808e+00 -4.6994e-01
239 0 +3.317133660e+00 -2.924286634e+01 -2.924286634e+01 -2.7754e-01 +2.3115e+00 +5.7307e-02
257 0 +2.970006809e+00 -2.958999319e+01 -2.958999319e+01 -1.6208e-01 +2.2306e+00 -2.8298e-01
322 0 +2.845356962e+00 -2.971464304e+01 -2.971464304e+01 -7.1942e-02 +2.0999e+00 -1.9671e-01
465 0 +2.802131170e+00 -2.975786883e+01 -2.975786883e+01 -6.6568e-02 +2.1374e+00 -1.1958e-01
4633 0 +2.777988407e+00 -2.978201159e+01 -2.978201159e+01 -9.7020e-02 +2.2095e+00 -1.7324e-01
% f evaluations | g evaluations | best noise-free fitness - Fopt (5.154000000000e+02) + sum g_i+ | measured fitness | best measured fitness or single-digit g-values | x1 | x2...
1 0 +2.054857278e+01 +5.359485728e+02 +5.359485728e+02 +0.0000e+00 +0.0000e+00 +0.0000e+00
3 0 +1.382629548e+01 +5.292262955e+02 +5.292262955e+02 +1.1398e+00 +9.1626e-01 +1.3249e+00
7 0 +1.366720648e+01 +5.290672065e+02 +5.290672065e+02 +2.0246e-01 +1.1963e-01 +1.5532e+00
13 0 +8.188392518e+00 +5.235883925e+02 +5.235883925e+02 +4.2354e-03 +1.0392e-01 +8.6498e-01
15 0 +7.647312526e+00 +5.230473125e+02 +5.230473125e+02 +8.3581e-03 -3.7215e-01 +1.1873e+00
20 0 +3.435977936e+00 +5.188359779e+02 +5.188359779e+02 +1.8812e+00 +1.7441e+00 +1.3130e+00
25 0 +3.146884920e+00 +5.185468849e+02 +5.185468849e+02 -4.1660e-01 -2.5546e-02 +8.9114e-01
31 0 +2.553469572e+00 +5.179534696e+02 +5.179534696e+02 -7.4324e-01 -5.2890e-01 +1.4591e+00
98 0 +2.002965145e+00 +5.174029651e+02 +5.174029651e+02 -9.8245e-01 -1.4464e-01 +1.4541e+00
129 0 +8.226554337e-01 +5.162226554e+02 +5.162226554e+02 -1.4235e+00 +1.3085e-02 +1.0935e+00
301 0 +8.017777675e-01 +5.162017778e+02 +5.162017778e+02 -1.5396e+00 +1.6615e-01 +9.9890e-01
305 0 +7.756634515e-01 +5.161756635e+02 +5.161756635e+02 -1.3946e+00 +2.8500e-01 +9.1158e-01
465 0 +7.341610721e-01 +5.161341611e+02 +5.161341611e+02 -1.4359e+00 +2.0179e-01 +8.8222e-01
530 0 +7.027564869e-01 +5.161027565e+02 +5.161027565e+02 -1.3581e+00 +1.7926e-01 +9.2864e-01
3337 0 +6.918569112e-01 +5.160918569e+02 +5.160918569e+02 -1.3578e+00 +1.2909e-01 +9.6706e-01
% f evaluations | g evaluations | best noise-free fitness - Fopt (-8.628000000000e+01) + sum g_i+ | measured fitness | best measured fitness or single-digit g-values | x1 | x2...
1 0 +3.782321205e+01 -4.845678795e+01 -4.845678795e+01 +0.0000e+00 +0.0000e+00 +0.0000e+00
2 0 +3.572153456e+01 -5.055846544e+01 -5.055846544e+01 +4.4638e-01 -3.9689e-01 +1.3073e+00
3 0 +3.234482860e+01 -5.393517140e+01 -5.393517140e+01 +6.8949e-01 -4.0721e-01 -5.9086e-02
4 0 +3.113684457e+01 -5.514315543e+01 -5.514315543e+01 +4.9394e-01 +5.3791e-01 +1.2029e-01
5 0 +2.334777625e+01 -6.293222375e+01 -6.293222375e+01 +4.7639e-01 +1.4741e+00 +1.5221e+00
8 0 +1.594180372e+01 -7.033819628e+01 -7.033819628e+01 +4.3635e-01 -9.4782e-01 +6.3596e-01
9 0 +8.607226227e+00 -7.767277377e+01 -7.767277377e+01 -8.5483e-01 +3.6963e-01 +1.1889e+00
15 0 +8.326661302e+00 -7.795333870e+01 -7.795333870e+01 -6.9155e-01 +4.4659e-01 +1.5474e+00
23 0 +8.225157143e+00 -7.805484286e+01 -7.805484286e+01 -9.2301e-01 +1.3199e-01 +1.4443e+00
35 0 +7.804372310e+00 -7.847562769e+01 -7.847562769e+01 -1.5967e+00 +5.3821e-01 +3.5126e+00
42 0 +5.594067914e+00 -8.068593209e+01 -8.068593209e+01 -1.2724e+00 +4.3720e-01 +2.6292e+00
50 0 +1.967844849e+00 -8.431215515e+01 -8.431215515e+01 -1.3035e+00 +1.1257e+00 +2.0561e+00
73 0 +7.699069123e-01 -8.551009309e+01 -8.551009309e+01 -1.2347e+00 +1.8730e+00 +2.2828e+00
97 0 +4.896246655e-01 -8.579037533e+01 -8.579037533e+01 -1.3997e+00 +1.9332e+00 +2.3475e+00
114 0 +4.780192094e-01 -8.580198079e+01 -8.580198079e+01 -2.7284e+00 +2.0461e+00 +2.8367e+00
124 0 +1.403960861e-02 -8.626596039e+01 -8.626596039e+01 -2.4679e+00 +2.4120e+00 +2.9428e+00
215 0 +3.696280499e-03 -8.627630372e+01 -8.627630372e+01 -2.7310e+00 +2.4991e+00 +3.2896e+00
248 0 +1.213241967e-03 -8.627878676e+01 -8.627878676e+01 -2.4994e+00 +2.4774e+00 +3.1933e+00
305 0 +3.150252621e-04 -8.627968497e+01 -8.627968497e+01 -2.3397e+00 +2.4428e+00 +3.0359e+00
422 0 +3.001681051e-04 -8.627969983e+01 -8.627969983e+01 -2.4512e+00 +2.5130e+00 +3.0780e+00
452 0 +2.872228267e-04 -8.627971278e+01 -8.627971278e+01 -2.5505e+00 +2.4858e+00 +3.1917e+00
533 0 +2.728740141e-05 -8.627997271e+01 -8.627997271e+01 -2.5237e+00 +2.4170e+00 +3.0964e+00
820 0 +4.289211759e-06 -8.627999571e+01 -8.627999571e+01 -2.4228e+00 +2.4097e+00 +3.0387e+00
966 0 +1.816342419e-06 -8.627999818e+01 -8.627999818e+01 -2.4662e+00 +2.4420e+00 +3.0774e+00
977 0 +4.348289195e-07 -8.627999957e+01 -8.627999957e+01 -2.4694e+00 +2.4372e+00 +3.0826e+00
1134 0 +1.259901694e-08 -8.627999999e+01 -8.627999999e+01 -2.4572e+00 +2.4081e+00 +3.0666e+00
1355 0 +1.240074710e-08 -8.627999999e+01 -8.627999999e+01 -2.4392e+00 +2.4040e+00 +3.0572e+00
1455 0 +8.499839055e-09 -8.627999999e+01 -8.627999999e+01 -2.4420e+00 +2.4096e+00 +3.0612e+00
2127 0 +5.684341886e-13 -8.628000000e+01 -8.628000000e+01 -2.4524e+00 +2.4125e+00 +3.0687e+00
2738 0 +0.000000000e+00 -8.628000000e+01 -8.628000000e+01 -2.4522e+00 +2.4117e+00 +3.0686e+00
30001 0 +0.000000000e+00 -8.628000000e+01 -8.628000000e+01 -2.4522e+00 +2.4117e+00 +3.0686e+00
% f evaluations | g evaluations | best noise-free fitness - Fopt (2.224000000000e+01) + sum g_i+ | measured fitness | best measured fitness or single-digit g-values | x1 | x2...
1 0 +6.032866221e+01 +8.256866221e+01 +8.256866221e+01 +0.0000e+00 +0.0000e+00 +0.0000e+00
2 0 +4.543275729e+01 +6.767275729e+01 +6.767275729e+01 +8.2272e-01 -1.0371e+00 -1.5514e+00
3 0 +2.371464300e+01 +4.595464300e+01 +4.595464300e+01 -9.8501e-01 +1.5767e+00 +1.5502e+00
5 0 +1.924681019e+01 +4.148681019e+01 +4.148681019e+01 -2.9631e-01 -1.6500e+00 -2.9816e-01
14 0 +1.678570681e+01 +3.902570681e+01 +3.902570681e+01 +1.0038e+00 +1.6904e+00 +1.1223e+00
21 0 +1.143095342e+01 +3.367095342e+01 +3.367095342e+01 +2.3968e-01 -1.9696e+00 +1.1881e-02
24 0 +9.514786696e+00 +3.175478670e+01 +3.175478670e+01 +2.7975e-01 -2.0157e+00 -5.9886e-01
28 0 +4.405950480e+00 +2.664595048e+01 +2.664595048e+01 +4.4564e-01 -3.9840e+00 +6.2592e-03
29 0 +4.147422561e+00 +2.638742256e+01 +2.638742256e+01 +6.1390e-01 +1.3283e+00 +2.1406e+00
54 0 +2.485618029e+00 +2.472561803e+01 +2.472561803e+01 +9.4620e-01 +1.7290e+00 +1.6685e+00
65 0 +1.804517532e+00 +2.404451753e+01 +2.404451753e+01 +8.5132e-01 -3.1481e+00 -4.4488e-01
85 0 +1.670859711e+00 +2.391085971e+01 +2.391085971e+01 +2.7802e+00 -2.5912e+00 -2.0948e-01
142 0 +1.042023721e-03 +2.224104202e+01 +2.224104202e+01 +2.2951e+00 +1.3322e+00 +2.4962e+00
4033 0 +1.042023721e-03 +2.224104202e+01 +2.224104202e+01 +2.2951e+00 +1.3322e+00 +2.4962e+00
% f evaluations | g evaluations | best noise-free fitness - Fopt (-2.301000000000e+01) + sum g_i+ | measured fitness | best measured fitness or single-digit g-values | x1 | x2...
1 0 +2.526819919e+01 +2.258199188e+00 +2.258199188e+00 +0.0000e+00 +0.0000e+00 +0.0000e+00
3 0 +1.777730596e+01 -5.232694042e+00 -5.232694042e+00 -1.3401e+00 +1.5558e+00 +9.9759e-01
7 0 +1.165057197e+01 -1.135942803e+01 -1.135942803e+01 -6.3959e-01 -4.2515e-01 -1.1613e+00
17 0 +1.081169354e+01 -1.219830646e+01 -1.219830646e+01 -1.1141e+00 -8.3619e-02 -1.2498e+00
38 0 +8.374816961e+00 -1.463518304e+01 -1.463518304e+01 -4.4927e+00 +6.1044e-01 -5.7364e-01
46 0 +6.792913207e+00 -1.621708679e+01 -1.621708679e+01 -4.1649e+00 -9.9915e-02 -7.2048e-01
52 0 +6.232355348e+00 -1.677764465e+01 -1.677764465e+01 -1.2451e+00 -9.7758e-01 -1.7639e+00
94 0 +6.036107270e+00 -1.697389273e+01 -1.697389273e+01 -1.4496e+00 -1.0091e+00 -1.5094e+00
111 0 +1.832450290e+00 -2.117754971e+01 -2.117754971e+01 -1.9576e+00 -1.0800e+00 -2.0273e+00
175 0 +1.485265514e+00 -2.152473449e+01 -2.152473449e+01 -1.7991e+00 -1.3018e+00 -2.3411e+00
202 0 +1.471183009e+00 -2.153881699e+01 -2.153881699e+01 -2.1368e+00 -1.1780e+00 -2.2497e+00
362 0 +1.318016927e+00 -2.169198307e+01 -2.169198307e+01 -1.8854e+00 -1.3353e+00 -2.1772e+00
503 0 +1.272424664e+00 -2.173757534e+01 -2.173757534e+01 -1.8465e+00 -1.4289e+00 -2.3045e+00
652 0 +1.251242465e+00 -2.175875753e+01 -2.175875753e+01 -1.8971e+00 -1.3416e+00 -2.2522e+00
3805 0 +1.245255535e+00 -2.176474446e+01 -2.176474446e+01 -1.9043e+00 -1.3598e+00 -2.2767e+00
% f evaluations | g evaluations | best noise-free fitness - Fopt (-3.323700000000e+02) + sum g_i+ | measured fitness | best measured fitness or single-digit g-values | x1 | x2...
1 0 +2.784343541e+01 -3.045265646e+02 -3.045265646e+02 +0.0000e+00 +0.0000e+00 +0.0000e+00
3 0 +2.372887589e+01 -3.086411241e+02 -3.086411241e+02 -1.3733e+00 -1.5823e+00 -1.3174e+00
6 0 +1.787571709e+01 -3.144942829e+02 -3.144942829e+02 -1.0510e+00 -1.1649e+00 -1.1432e+00
7 0 +1.608991320e+01 -3.162800868e+02 -3.162800868e+02 -1.2541e+00 +1.1251e-01 +6.3072e-01
10 0 +1.238285495e+01 -3.199871451e+02 -3.199871451e+02 -1.3579e+00 -6.5891e-01 +5.5452e-01
29 0 +1.082481838e+01 -3.215451816e+02 -3.215451816e+02 -1.7290e+00 -3.3479e-01 +8.9024e-01
35 0 +9.462001900e+00 -3.229079981e+02 -3.229079981e+02 -1.9893e+00 -2.8245e-01 +4.1694e-01
55 0 +4.858787297e+00 -3.275112127e+02 -3.275112127e+02 -2.5478e+00 -9.4400e-01 -8.8912e-01
114 0 +2.754377760e+00 -3.296156222e+02 -3.296156222e+02 -2.5202e+00 +3.2788e-01 +1.1847e+00
341 0 +2.039362527e+00 -3.303306375e+02 -3.303306375e+02 -2.3376e+00 +9.7482e-01 +1.6456e+00
437 0 +1.995089101e+00 -3.303749109e+02 -3.303749109e+02 -2.3948e+00 +1.2421e+00 +1.5675e+00
463 0 +1.869372495e+00 -3.305006275e+02 -3.305006275e+02 -2.3882e+00 +1.2218e+00 +1.7290e+00
540 0 +1.793670495e+00 -3.305763295e+02 -3.305763295e+02 -2.3795e+00 +1.3618e+00 +1.7868e+00
610 0 +1.761690735e+00 -3.306083093e+02 -3.306083093e+02 -2.2881e+00 +1.3524e+00 +1.7521e+00
650 0 +1.603799109e+00 -3.307662009e+02 -3.307662009e+02 -2.1851e+00 +1.6642e+00 +1.8947e+00
876 0 +1.584406334e+00 -3.307855937e+02 -3.307855937e+02 -2.1334e+00 +1.8708e+00 +2.0225e+00
6313 0 +1.563009857e+00 -3.308069901e+02 -3.308069901e+02 -2.1946e+00 +1.8155e+00 +2.0224e+00
% f evaluations | g evaluations | best noise-free fitness - Fopt (-1.231300000000e+02) + sum g_i+ | measured fitness | best measured fitness or single-digit g-values | x1 | x2...
1 0 +1.918447971e+01 -1.039455203e+02 -1.039455203e+02 +0.0000e+00 +0.0000e+00 +0.0000e+00
6 0 +1.069378140e+01 -1.124362186e+02 -1.124362186e+02 -2.3016e-01 -1.4099e+00 -1.0244e+00
12 0 +6.446139146e+00 -1.166838609e+02 -1.166838609e+02 +1.3815e+00 -3.4797e-01 -1.0481e-01
24 0 +5.449103692e+00 -1.176808963e+02 -1.176808963e+02 +1.2497e+00 -3.1646e-01 -1.8713e-01
27 0 +2.491908583e+00 -1.206380914e+02 -1.206380914e+02 +9.6514e-01 -1.1063e+00 -6.3095e-01
178 0 +1.684058176e-01 -1.229615942e+02 -1.229615942e+02 +1.8861e+00 -8.7842e-01 -1.1907e+00
240 0 +1.280971226e-01 -1.230019029e+02 -1.230019029e+02 +1.7732e+00 -9.9708e-01 -1.7097e+00
19369 0 +1.280971226e-01 -1.230019029e+02 -1.230019029e+02 +1.7732e+00 -9.9708e-01 -1.7097e+00
% f evaluations | g evaluations | best noise-free fitness - Fopt (-1.537900000000e+02) + sum g_i+ | measured fitness | best measured fitness or single-digit g-values | x1 | x2...
1 0 +8.666945142e+00 -1.451230549e+02 -1.451230549e+02 +0.0000e+00 +0.0000e+00 +0.0000e+00
2 0 +3.496230945e+00 -1.502937691e+02 -1.502937691e+02 -2.7235e-01 -2.7634e-01 +5.1042e-01
31 0 +2.952227191e+00 -1.508377728e+02 -1.508377728e+02 +2.4840e-02 -1.2093e-01 +5.8799e-01
123 0 +2.673731012e+00 -1.511162690e+02 -1.511162690e+02 -1.9333e-01 +2.5888e-02 +6.3804e-01
128 0 +2.518839690e+00 -1.512711603e+02 -1.512711603e+02 -1.8166e-01 -1.1739e-01 +4.5894e-01
135 0 +2.468544960e+00 -1.513214550e+02 -1.513214550e+02 +1.7776e-02 -9.0565e-02 +8.7700e-01
182 0 +2.320599806e+00 -1.514694002e+02 -1.514694002e+02 -5.1006e-01 -1.2766e-01 +6.0079e-01
210 0 +2.196127511e+00 -1.515938725e+02 -1.515938725e+02 -1.8525e-01 -1.1635e-01 +7.5894e-01
249 0 +2.031525462e+00 -1.517584745e+02 -1.517584745e+02 -3.6074e-01 +6.0743e-02 +9.2791e-01
434 0 +1.987579181e+00 -1.518024208e+02 -1.518024208e+02 -5.0185e-01 +4.9759e-02 +1.2657e+00
443 0 +1.921566389e+00 -1.518684336e+02 -1.518684336e+02 -4.0597e-01 +1.0110e-01 +1.2644e+00
510 0 +1.879392873e+00 -1.519106071e+02 -1.519106071e+02 -5.1577e-01 +1.4064e-01 +1.4541e+00
615 0 +1.853891569e+00 -1.519361084e+02 -1.519361084e+02 -5.6914e-01 +1.9502e-01 +1.7029e+00
624 0 +1.803372436e+00 -1.519866276e+02 -1.519866276e+02 -3.2047e-01 +1.9336e-01 +1.5905e+00
630 0 +1.708946789e+00 -1.520810532e+02 -1.520810532e+02 -5.3917e-01 +2.5185e-01 +1.8148e+00
645 0 +1.691850963e+00 -1.520981490e+02 -1.520981490e+02 -4.6651e-01 +2.2964e-01 +1.7377e+00
679 0 +1.644109384e+00 -1.521458906e+02 -1.521458906e+02 -4.4838e-01 +2.5916e-01 +1.8644e+00
723 0 +1.595628596e+00 -1.521943714e+02 -1.521943714e+02 -5.0754e-01 +3.6431e-01 +2.0495e+00
735 0 +1.583020685e+00 -1.522069793e+02 -1.522069793e+02 -4.4196e-01 +3.2573e-01 +2.0770e+00
5257 0 +1.563009857e+00 -1.522269901e+02 -1.522269901e+02 -4.7152e-01 +3.6965e-01 +2.1580e+00
% f evaluations | g evaluations | best noise-free fitness - Fopt (-4.860000000000e+01) + sum g_i+ | measured fitness | best measured fitness or single-digit g-values | x1 | x2...
1 0 +2.794335525e+01 -2.065664475e+01 -2.065664475e+01 +0.0000e+00 +0.0000e+00 +0.0000e+00
5 0 +8.734739603e+00 -3.986526040e+01 -3.986526040e+01 +1.1041e+00 +1.1862e+00 -4.5038e-01
16 0 +2.002799991e+00 -4.659720001e+01 -4.659720001e+01 -1.5911e+00 +1.8252e-01 +6.4350e-02
29 0 +5.807691381e-01 -4.801923086e+01 -4.801923086e+01 -1.4754e+00 +4.6238e-02 -2.6585e-01
234 0 +4.973136622e-01 -4.810268634e+01 -4.810268634e+01 -2.0213e+00 -3.3622e-01 -6.4732e-02
4105 0 +4.973136622e-01 -4.810268634e+01 -4.810268634e+01 -2.0213e+00 -3.3622e-01 -6.4732e-02
% f evaluations | g evaluations | best noise-free fitness - Fopt (2.770000000000e+01) + sum g_i+ | measured fitness | best measured fitness or single-digit g-values | x1 | x2...
1 0 +4.814757161e+01 +7.584757161e+01 +7.584757161e+01 +0.0000e+00 +0.0000e+00 +0.0000e+00
4 0 +3.152327672e+01 +5.922327672e+01 +5.922327672e+01 +3.2235e-01 -1.0244e+00 -1.2535e+00
6 0 +3.012170816e+01 +5.782170816e+01 +5.782170816e+01 -1.3995e+00 -1.2450e+00 -6.2449e-01
7 0 +1.908149309e+01 +4.678149309e+01 +4.678149309e+01 +6.4429e-01 +5.4609e-01 -7.6327e-01
14 0 +1.151147615e+01 +3.921147615e+01 +3.921147615e+01 -1.5075e+00 -1.9400e+00 -2.9873e-01
18 0 +6.642705736e+00 +3.434270574e+01 +3.434270574e+01 +1.3590e+00 -2.9099e-01 -6.4039e-01
56 0 +4.623824592e+00 +3.232382459e+01 +3.232382459e+01 -4.2233e-01 -3.1359e+00 +2.9691e-01
71 0 +4.474571071e+00 +3.217457107e+01 +3.217457107e+01 -1.4729e+00 -2.6116e+00 +6.6224e-01
132 0 +2.014647773e+00 +2.971464777e+01 +2.971464777e+01 -5.9906e-01 -3.3207e+00 +2.5350e-01
174 0 +1.779707058e+00 +2.947970706e+01 +2.947970706e+01 -6.0103e-02 -2.8180e+00 -1.1666e+00
225 0 +1.732784683e+00 +2.943278468e+01 +2.943278468e+01 +3.2894e-02 -3.1725e+00 -1.0658e+00
244 0 +1.688515226e+00 +2.938851523e+01 +2.938851523e+01 -6.2422e-01 -3.0324e+00 -1.2433e+00
272 0 +1.599883984e+00 +2.929988398e+01 +2.929988398e+01 -1.8431e-01 -3.1424e+00 -8.1906e-01
302 0 +1.327015888e+00 +2.902701589e+01 +2.902701589e+01 -1.7741e-01 -3.0422e+00 -1.2132e+00
360 0 +1.310568755e+00 +2.901056876e+01 +2.901056876e+01 -4.2539e-01 -2.7498e+00 -9.9432e-01
368 0 +1.228526140e+00 +2.892852614e+01 +2.892852614e+01 -2.6540e-01 -3.1030e+00 -8.9740e-01
380 0 +9.735255933e-01 +2.867352559e+01 +2.867352559e+01 -4.6009e-01 -2.9697e+00 -1.0214e+00
605 0 +9.394876878e-01 +2.863948769e+01 +2.863948769e+01 -3.7415e-01 -2.9525e+00 -1.0206e+00
904 0 +9.315095287e-01 +2.863150953e+01 +2.863150953e+01 -3.6745e-01 -2.9507e+00 -9.6625e-01
3265 0 +9.299973893e-01 +2.862999739e+01 +2.862999739e+01 -3.7539e-01 -2.9559e+00 -9.8020e-01
% f evaluations | g evaluations | best noise-free fitness - Fopt (2.993000000000e+01) + sum g_i+ | measured fitness | best measured fitness or single-digit g-values | x1 | x2...
1 0 +8.088591845e+00 +3.801859184e+01 +3.801859184e+01 +0.0000e+00 +0.0000e+00 +0.0000e+00
5 0 +6.374105382e+00 +3.630410538e+01 +3.630410538e+01 -9.4158e-01 +1.5790e+00 +8.0417e-01
10 0 +4.412630744e+00 +3.434263074e+01 +3.434263074e+01 +2.5910e-01 +8.2421e-01 +1.0477e+00
15 0 +2.057595045e+00 +3.198759504e+01 +3.198759504e+01 +1.2333e-01 +1.1235e+00 +1.5150e+00
31 0 +2.723800308e-01 +3.020238003e+01 +3.020238003e+01 -3.5085e-01 +8.5986e-01 +1.5026e+00
55 0 +1.023172450e-02 +2.994023172e+01 +2.994023172e+01 -9.5118e-01 +1.8380e+00 +2.0893e+00
78 0 +8.052575254e-04 +2.993080526e+01 +2.993080526e+01 -8.6902e-01 +1.5764e+00 +1.8329e+00
171 0 +3.706801686e-04 +2.993037068e+01 +2.993037068e+01 -9.7703e-01 +1.7979e+00 +1.9331e+00
249 0 +3.156516471e-04 +2.993031565e+01 +2.993031565e+01 -9.1077e-01 +1.7179e+00 +1.8783e+00
269 0 +5.711732165e-05 +2.993005712e+01 +2.993005712e+01 -9.0453e-01 +1.5884e+00 +1.7707e+00
413 0 +8.590394184e-06 +2.993000859e+01 +2.993000859e+01 -1.0408e+00 +1.7542e+00 +1.8741e+00
459 0 +6.998423757e-06 +2.993000700e+01 +2.993000700e+01 -9.7661e-01 +1.6725e+00 +1.7836e+00
491 0 +2.574217142e-07 +2.993000026e+01 +2.993000026e+01 -9.8288e-01 +1.6923e+00 +1.8134e+00
779 0 +1.284296580e-07 +2.993000013e+01 +2.993000013e+01 -9.7373e-01 +1.6850e+00 +1.8151e+00
871 0 +5.796216840e-09 +2.993000001e+01 +2.993000001e+01 -9.8454e-01 +1.6998e+00 +1.8353e+00
2027 0 +6.892264537e-13 +2.993000000e+01 +2.993000000e+01 -9.8743e-01 +1.6993e+00 +1.8300e+00
3065 0 +0.000000000e+00 +2.993000000e+01 +2.993000000e+01 -9.8772e-01 +1.6999e+00 +1.8301e+00
30001 0 +0.000000000e+00 +2.993000000e+01 +2.993000000e+01 -9.8772e-01 +1.6999e+00 +1.8301e+00
% f evaluations | g evaluations | best noise-free fitness - Fopt (-1.983000000000e+01) + sum g_i+ | measured fitness | best measured fitness or single-digit g-values | x1 | x2...
1 0 +4.280866851e+01 +2.297866851e+01 +2.297866851e+01 +0.0000e+00 +0.0000e+00 +0.0000e+00
2 0 +4.257497543e+01 +2.274497543e+01 +2.274497543e+01 -7.4421e-01 -7.4791e-01 -1.4078e+00
3 0 +2.900935297e+01 +9.179352970e+00 +9.179352970e+00 -1.1331e+00 +9.2995e-01 +1.6466e-01
6 0 +2.011456831e+00 -1.781854317e+01 -1.781854317e+01 +1.6377e+00 +1.5087e+00 +7.1841e-01
16 0 +3.980074117e-02 -1.979019926e+01 -1.979019926e+01 +8.8019e-01 +1.5159e+00 +5.7377e-01
129 0 +6.519181922e-05 -1.982993481e+01 -1.982993481e+01 +2.4697e-01 +1.4790e+00 +6.0550e-01
606 0 +4.183052514e-05 -1.982995817e+01 -1.982995817e+01 +4.7422e-01 +1.4498e+00 +5.8831e-01
621 0 +3.707070956e-06 -1.982999629e+01 -1.982999629e+01 +4.0219e-01 +1.4435e+00 +5.9479e-01
846 0 +1.972975035e-06 -1.982999803e+01 -1.982999803e+01 +3.7468e-01 +1.4649e+00 +5.5724e-01
867 0 +5.069869324e-07 -1.982999949e+01 -1.982999949e+01 +3.7595e-01 +1.4672e+00 +5.8651e-01
1121 0 +3.000611493e-07 -1.982999970e+01 -1.982999970e+01 +3.9613e-01 +1.4738e+00 +5.5975e-01
1149 0 +2.001322592e-07 -1.982999980e+01 -1.982999980e+01 +3.6868e-01 +1.4510e+00 +5.9280e-01
1161 0 +5.001410486e-08 -1.982999995e+01 -1.982999995e+01 +3.6300e-01 +1.4592e+00 +5.7777e-01
1246 0 +2.603105287e-08 -1.982999997e+01 -1.982999997e+01 +3.6719e-01 +1.4582e+00 +5.8881e-01
1293 0 +1.181622267e-08 -1.982999999e+01 -1.982999999e+01 +3.6955e-01 +1.4596e+00 +5.7784e-01
1305 0 +7.504411315e-09 -1.982999999e+01 -1.982999999e+01 +3.7729e-01 +1.4623e+00 +5.7359e-01
2122 0 +7.105427358e-15 -1.983000000e+01 -1.983000000e+01 +3.7428e-01 +1.4623e+00 +5.7880e-01
2511 0 +0.000000000e+00 -1.983000000e+01 -1.983000000e+01 +3.7422e-01 +1.4623e+00 +5.7862e-01
30001 0 +0.000000000e+00 -1.983000000e+01 -1.983000000e+01 +3.7422e-01 +1.4623e+00 +5.7862e-01
