% f evaluations | g evaluations | best noise-free fitness - Fopt (4.078000000000e+01) + sum g_i+ | measured fitness | best measured fitness or single-digit g-values | x1 | x2...
1 0 +1.352046650e+01 +5.430046650e+01 +5.430046650e+01 +0.0000e+00 +0.0000e+00
2 0 +6.438410913e+00 +4.721841091e+01 +4.721841091e+01 -8.4620e-01 -8.0948e-01
5 0 +4.559211749e+00 +4.533921175e+01 +4.533921175e+01 +8.1911e-01 +1.4857e+00
14 0 +3.088192964e+00 +4.386819296e+01 +4.386819296e+01 +7.4553e-01 +1.2937e+00
23 0 +1.521053175e+00 +4.230105317e+01 +4.230105317e+01 +5.3869e-01 +2.8683e+00
44 0 +1.396037294e+00 +4.217603729e+01 +4.217603729e+01 +9.8079e-01 +2.9647e+00
78 0 +1.026974072e+00 +4.180697407e+01 +4.180697407e+01 +1.2663e+00 +3.3767e+00
2313 0 +1.026974072e+00 +4.180697407e+01 +4.180697407e+01 +1.2663e+00 +3.3767e+00
% f evaluations | g evaluations | best noise-free fitness - Fopt (-1.600000000000e+00) + sum g_i+ | measured fitness | best measured fitness or single-digit g-values | x1 | x2...
1 0 +1.007714199e+01 +8.477141989e+00 +8.477141989e+00 +0.0000e+00 +0.0000e+00
3 0 +5.334184849e+00 +3.734184849e+00 +3.734184849e+00 +1.3591e+00 +2.2431e-01
6 0 +4.517301538e+00 +2.917301538e+00 +2.917301538e+00 +1.3518e+00 -7.9807e-01
11 0 +3.022955360e+00 +1.422955360e+00 +1.422955360e+00 -5.1344e-01 +4.3718e-01
82 0 +2.375264903e+00 +7.752649035e-01 +7.752649035e-01 +3.9183e+00 +2.0528e+00
97 0 +2.207596332e+00 +6.075963319e-01 +6.075963319e-01 +3.8202e+00 +2.3376e+00
120 0 +2.175979857e+00 +5.759798573e-01 +5.759798573e-01 +3.7278e+00 +2.3261e+00
230 0 +2.123115890e+00 +5.231158895e-01 +5.231158895e-01 +3.7732e+00 +2.1933e+00
1697 0 +2.118634928e+00 +5.186349280e-01 +5.186349280e-01 +3.7518e+00 +2.2226e+00
% f evaluations | g evaluations | best noise-free fitness - Fopt (-3.708400000000e+02) + sum g_i+ | measured fitness | best measured fitness or single-digit g-values | x1 | x2...
1 0 +1.459683778e+01 -3.562431622e+02 -3.562431622e+02 +0.0000e+00 +0.0000e+00
3 0 +6.547265696e+00 -3.642927343e+02 -3.642927343e+02 +1.4503e+00 +5.4796e-01
4 0 +3.446423998e+00 -3.673935760e+02 -3.673935760e+02 +5.7811e-01 +1.1037e+00
26 0 +2.640884140e+00 -3.681991159e+02 -3.681991159e+02 +1.6702e+00 -5.1877e-01
53 0 +2.626022511e+00 -3.682139775e+02 -3.682139775e+02 +1.6485e+00 +1.0526e+00
70 0 +2.479490531e+00 -3.683605095e+02 -3.683605095e+02 +1.5300e+00 +1.0050e+00
72 0 +2.044603541e+00 -3.687953965e+02 -3.687953965e+02 +2.5677e-01 +1.6230e+00
77 0 +2.005053998e+00 -3.688349460e+02 -3.688349460e+02 +5.0693e-01 +1.4870e+00
3945 0 +1.999384883e+00 -3.688406151e+02 -3.688406151e+02 +4.9093e-01 +1.4690e+00
% f evaluations | g evaluations | best noise-free fitness - Fopt (-3.256000000000e+01) + sum g_i+ | measured fitness | best measured fitness or single-digit g-values | x1 | x2...
1 0 +6.163143595e+00 -2.639685640e+01 -2.639685640e+01 +0.0000e+00 +0.0000e+00
10 0 +4.419807398e+00 -2.814019260e+01 -2.814019260e+01 -2.0679e+00 +1.4166e+00
12 0 +1.949445876e+00 -3.061055412e+01 -3.061055412e+01 -1.3389e+00 +7.8681e-01
34 0 +1.695732760e+00 -3.086426724e+01 -3.086426724e+01 -3.4754e+00 +5.9055e-01
51 0 +1.134341550e+00 -3.142565845e+01 -3.142565845e+01 -1.8921e+00 +6.0446e-02
1849 0 +1.134341550e+00 -3.142565845e+01 -3.142565845e+01 -1.8921e+00 +6.0446e-02
% f evaluations | g evaluations | best noise-free fitness - Fopt (5.154000000000e+02) + sum g_i+ | measured fitness | best measured fitness or single-digit g-values | x1 | x2...
1 0 +9.553941812e+00 +5.249539418e+02 +5.249539418e+02 +0.0000e+00 +0.0000e+00
7 0 +2.637780056e+00 +5.180377801e+02 +5.180377801e+02 -1.4579e+00 +5.3953e-01
9 0 +2.185838624e+00 +5.175858386e+02 +5.175858386e+02 -1.6268e+00 -2.2334e-01
13 0 +1.986207091e+00 +5.173862071e+02 +5.173862071e+02 -1.2174e+00 +2.3832e-01
23 0 +1.485724391e+00 +5.168857244e+02 +5.168857244e+02 -2.1154e+00 -4.5461e-01
41 0 +1.413777066e+00 +5.168137771e+02 +5.168137771e+02 -7.6562e-01 +3.7928e-01
119 0 +1.386133365e+00 +5.167861334e+02 +5.167861334e+02 -9.6702e-01 +4.1839e-01
121 0 +1.299673198e+00 +5.166996732e+02 +5.166996732e+02 -8.6066e-01 +5.1441e-01
161 0 +1.258775041e+00 +5.166587750e+02 +5.166587750e+02 -8.5978e-01 +4.6838e-01
1697 0 +1.245255535e+00 +5.166452555e+02 +5.166452555e+02 -8.1169e-01 +4.7243e-01
% f evaluations | g evaluations | best noise-free fitness - Fopt (-8.628000000000e+01) + sum g_i+ | measured fitness | best measured fitness or single-digit g-values | x1 | x2...
1 0 +6.535860606e+00 -7.974413939e+01 -7.974413939e+01 +0.0000e+00 +0.0000e+00
3 0 +3.053017373e+00 -8.322698263e+01 -8.322698263e+01 -1.3086e+00 -1.4848e+00
40 0 +2.730333942e+00 -8.354966606e+01 -8.354966606e+01 -9.1972e-01 -7.3946e-01
67 0 +2.527081557e+00 -8.375291844e+01 -8.375291844e+01 -1.3617e+00 -1.5395e+00
259 0 +2.427458468e+00 -8.385254153e+01 -8.385254153e+01 -5.6991e-01 -5.1717e-01
285 0 +2.349279600e+00 -8.393072040e+01 -8.393072040e+01 -4.3057e-01 -4.4018e-01
384 0 +2.317028530e+00 -8.396297147e+01 -8.396297147e+01 -1.1600e-01 -2.6564e-01
701 0 +1.875791020e+00 -8.440420898e+01 -8.440420898e+01 +1.0710e+00 -7.6734e-01
721 0 +1.853776654e+00 -8.442622335e+01 -8.442622335e+01 +1.1847e+00 -6.9614e-01
723 0 +1.065642865e+00 -8.521435713e+01 -8.521435713e+01 +1.2044e+00 -8.2922e-01
803 0 +9.511078820e-01 -8.532889212e+01 -8.532889212e+01 +9.8860e-01 -8.6970e-01
11785 0 +9.511078820e-01 -8.532889212e+01 -8.532889212e+01 +9.8860e-01 -8.6970e-01
% f evaluations | g evaluations | best noise-free fitness - Fopt (2.224000000000e+01) + sum g_i+ | measured fitness | best measured fitness or single-digit g-values | x1 | x2...
1 0 +2.143580552e+01 +4.367580552e+01 +4.367580552e+01 +0.0000e+00 +0.0000e+00
3 0 +1.454582649e+01 +3.678582649e+01 +3.678582649e+01 +1.9922e-01 +3.4863e-02
5 0 +1.261302941e+01 +3.485302941e+01 +3.485302941e+01 -3.0277e-02 -8.2557e-01
7 0 +6.603256149e+00 +2.884325615e+01 +2.884325615e+01 +1.2728e+00 -1.1859e+00
8 0 +1.671376174e+00 +2.391137617e+01 +2.391137617e+01 +1.3036e+00 +1.9920e-01
29 0 +4.985206546e-01 +2.273852065e+01 +2.273852065e+01 +1.4463e+00 +4.6644e-01
34 0 +2.332778291e-01 +2.247327783e+01 +2.247327783e+01 +1.7752e+00 +8.0028e-01
5025 0 +2.332778291e-01 +2.247327783e+01 +2.247327783e+01 +1.7752e+00 +8.0028e-01
% f evaluations | g evaluations | best noise-free fitness - Fopt (-2.301000000000e+01) + sum g_i+ | measured fitness | best measured fitness or single-digit g-values | x1 | x2...
1 0 +7.553616957e+00 -1.545638304e+01 -1.545638304e+01 +0.0000e+00 +0.0000e+00
10 0 +1.728847660e+00 -2.128115234e+01 -2.128115234e+01 -1.3524e+00 -1.9872e+00
14 0 +7.415718368e-01 -2.226842816e+01 -2.226842816e+01 -1.3654e+00 -1.8114e+00
2105 0 +7.415718368e-01 -2.226842816e+01 -2.226842816e+01 -1.3654e+00 -1.8114e+00
% f evaluations | g evaluations | best noise-free fitness - Fopt (-3.323700000000e+02) + sum g_i+ | measured fitness | best measured fitness or single-digit g-values | x1 | x2...
1 0 +1.123565036e+01 -3.211343496e+02 -3.211343496e+02 +0.0000e+00 +0.0000e+00
2 0 +6.244670075e+00 -3.261253299e+02 -3.261253299e+02 +1.0480e+00 +3.5255e-01
6 0 +1.272066288e+00 -3.310979337e+02 -3.310979337e+02 +1.6506e+00 -1.6044e+00
54 0 +2.065571368e-01 -3.321634429e+02 -3.321634429e+02 +8.6679e-02 -3.2040e+00
322 0 +1.801496614e-01 -3.321898503e+02 -3.321898503e+02 +1.1418e+00 -2.9086e+00
587 0 +6.318089500e-03 -3.323636819e+02 -3.323636819e+02 +2.6592e-01 -3.2324e+00
3145 0 +6.318089500e-03 -3.323636819e+02 -3.323636819e+02 +2.6592e-01 -3.2324e+00
% f evaluations | g evaluations | best noise-free fitness - Fopt (-1.231300000000e+02) + sum g_i+ | measured fitness | best measured fitness or single-digit g-values | x1 | x2...
1 0 +6.686803771e+00 -1.164431962e+02 -1.164431962e+02 +0.0000e+00 +0.0000e+00
4 0 +4.909531587e-01 -1.226390468e+02 -1.226390468e+02 +1.4478e+00 -1.2876e+00
1761 0 +4.909531587e-01 -1.226390468e+02 -1.226390468e+02 +1.4478e+00 -1.2876e+00
% f evaluations | g evaluations | best noise-free fitness - Fopt (-1.537900000000e+02) + sum g_i+ | measured fitness | best measured fitness or single-digit g-values | x1 | x2...
1 0 +1.812579695e+01 -1.356642030e+02 -1.356642030e+02 +0.0000e+00 +0.0000e+00
3 0 +9.620502306e+00 -1.441694977e+02 -1.441694977e+02 -1.0205e+00 +1.1910e+00
6 0 +1.857285028e+00 -1.519327150e+02 -1.519327150e+02 -4.2939e-02 -1.5247e+00
32 0 +5.645558792e-01 -1.532254441e+02 -1.532254441e+02 -9.6502e-01 +1.7182e+00
1929 0 +5.645558792e-01 -1.532254441e+02 -1.532254441e+02 -9.6502e-01 +1.7182e+00
% f evaluations | g evaluations | best noise-free fitness - Fopt (-4.860000000000e+01) + sum g_i+ | measured fitness | best measured fitness or single-digit g-values | x1 | x2...
1 0 +7.194803576e+00 -4.140519642e+01 -4.140519642e+01 +0.0000e+00 +0.0000e+00
2 0 +3.014460112e+00 -4.558553989e+01 -4.558553989e+01 -1.5998e+00 +8.5023e-01
12 0 +2.096612187e+00 -4.650338781e+01 -4.650338781e+01 -1.3650e+00 +6.5734e-01
46 0 +2.023491683e+00 -4.657650832e+01 -4.657650832e+01 -4.5303e-01 -1.9974e+00
74 0 +1.050613640e-02 -4.858949386e+01 -4.858949386e+01 -2.5428e+00 -1.4129e+00
111 0 +3.640266997e-03 -4.859635973e+01 -4.859635973e+01 -1.8560e+00 -1.5839e+00
114 0 +2.956207349e-05 -4.859997044e+01 -4.859997044e+01 -2.1155e+00 -1.4852e+00
297 0 +2.786829414e-05 -4.859997213e+01 -4.859997213e+01 -2.1127e+00 -1.4881e+00
435 0 +1.670242717e-06 -4.859999833e+01 -4.859999833e+01 -2.1701e+00 -1.4713e+00
480 0 +1.005622252e-07 -4.859999990e+01 -4.859999990e+01 -2.2236e+00 -1.4647e+00
614 0 +4.773073670e-08 -4.859999995e+01 -4.859999995e+01 -2.2021e+00 -1.4642e+00
624 0 +1.555164886e-09 -4.860000000e+01 -4.860000000e+01 -2.2131e+00 -1.4635e+00
1010 0 +7.105427358e-15 -4.860000000e+01 -4.860000000e+01 -2.2057e+00 -1.4670e+00
1327 0 +0.000000000e+00 -4.860000000e+01 -4.860000000e+01 -2.2064e+00 -1.4668e+00
20001 0 +0.000000000e+00 -4.860000000e+01 -4.860000000e+01 -2.2064e+00 -1.4668e+00
% f evaluations | g evaluations | best noise-free fitness - Fopt (2.770000000000e+01) + sum g_i+ | measured fitness | best measured fitness or single-digit g-values | x1 | x2...
1 0 +3.257740059e+00 +3.095774006e+01 +3.095774006e+01 +0.0000e+00 +0.0000e+00
2 0 +2.022202097e+00 +2.972220210e+01 +2.972220210e+01 +9.1007e-02 -1.5958e+00
232 0 +1.832561337e+00 +2.953256134e+01 +2.953256134e+01 -3.4200e+00 +1.6026e+00
279 0 +1.728986621e+00 +2.942898662e+01 +2.942898662e+01 -3.2763e+00 +1.6226e+00
441 0 +1.293131065e+00 +2.899313107e+01 +2.899313107e+01 -1.0104e+00 +4.1600e+00
1009 0 +1.276129247e+00 +2.897612925e+01 +2.897612925e+01 -1.1367e+00 +4.1921e+00
1212 0 +1.243317879e+00 +2.894331788e+01 +2.894331788e+01 +4.3162e+00 +3.8798e+00
1224 0 +1.003935041e+00 +2.870393504e+01 +2.870393504e+01 +4.3531e+00 +4.0070e+00
2969 0 +1.003935041e+00 +2.870393504e+01 +2.870393504e+01 +4.3531e+00 +4.0070e+00
% f evaluations | g evaluations | best noise-free fitness - Fopt (2.993000000000e+01) + sum g_i+ | measured fitness | best measured fitness or single-digit g-values | x1 | x2...
1 0 +1.230141773e+01 +4.223141773e+01 +4.223141773e+01 +0.0000e+00 +0.0000e+00
5 0 +9.497607788e+00 +3.942760779e+01 +3.942760779e+01 +1.3189e+00 +1.4903e+00
6 0 +2.088488606e+00 +3.201848861e+01 +3.201848861e+01 +1.4672e+00 +8.6832e-02
17 0 +2.039824812e+00 +3.196982481e+01 +3.196982481e+01 +1.2066e+00 +8.2270e-01
31 0 +1.541342125e+00 +3.147134213e+01 +3.147134213e+01 +1.0585e+00 +1.5081e+00
120 0 +1.063818296e-01 +3.003638183e+01 +3.003638183e+01 -1.2477e+00 +2.3876e+00
159 0 +7.353380643e-02 +3.000353381e+01 +3.000353381e+01 -9.5203e-01 +1.1592e+00
210 0 +1.396629074e-02 +2.994396629e+01 +2.994396629e+01 -1.0143e+00 +1.4753e+00
294 0 +9.012884927e-04 +2.993090129e+01 +2.993090129e+01 -9.2165e-01 +1.4468e+00
394 0 +8.267660021e-04 +2.993082677e+01 +2.993082677e+01 -1.0029e+00 +1.8789e+00
397 0 +2.088369086e-04 +2.993020884e+01 +2.993020884e+01 -9.7063e-01 +1.7556e+00
474 0 +2.395618403e-05 +2.993002396e+01 +2.993002396e+01 -1.0091e+00 +1.7968e+00
490 0 +3.408636481e-06 +2.993000341e+01 +2.993000341e+01 -9.9417e-01 +1.7513e+00
528 0 +2.028852116e-06 +2.993000203e+01 +2.993000203e+01 -9.7334e-01 +1.6429e+00
537 0 +9.488122110e-07 +2.993000095e+01 +2.993000095e+01 -1.0002e+00 +1.7445e+00
579 0 +4.762019046e-08 +2.993000005e+01 +2.993000005e+01 -9.8933e-01 +1.7162e+00
728 0 +3.682648853e-08 +2.993000004e+01 +2.993000004e+01 -9.8282e-01 +1.6934e+00
756 0 +3.994973241e-09 +2.993000000e+01 +2.993000000e+01 -9.8418e-01 +1.6901e+00
762 0 +2.629008122e-13 +2.993000000e+01 +2.993000000e+01 -9.8822e-01 +1.7005e+00
1190 0 +0.000000000e+00 +2.993000000e+01 +2.993000000e+01 -9.8793e-01 +1.7001e+00
20001 0 +0.000000000e+00 +2.993000000e+01 +2.993000000e+01 -9.8793e-01 +1.7001e+00
% f evaluations | g evaluations | best noise-free fitness - Fopt (-1.983000000000e+01) + sum g_i+ | measured fitness | best measured fitness or single-digit g-values | x1 | x2...
1 0 +1.078302559e+01 -9.046974410e+00 -9.046974410e+00 +0.0000e+00 +0.0000e+00
2 0 +8.194548043e+00 -1.163545196e+01 -1.163545196e+01 +4.1926e-01 -9.4422e-01
3 0 +6.789347689e+00 -1.304065231e+01 -1.304065231e+01 -2.3422e-02 -5.4984e-01
5 0 +2.021173151e+00 -1.780882685e+01 -1.780882685e+01 +9.3429e-01 -3.3350e-01
15 0 +1.967506605e+00 -1.786249339e+01 -1.786249339e+01 +1.2077e-01 -6.7272e-01
46 0 +3.941501759e-01 -1.943584982e+01 -1.943584982e+01 -7.4169e-01 +1.6800e+00
71 0 +2.321656805e-01 -1.959783432e+01 -1.959783432e+01 +3.0035e-01 +1.6640e+00
87 0 +5.825867264e-02 -1.977174133e+01 -1.977174133e+01 -3.5848e-01 +1.5783e+00
105 0 +4.259247459e-02 -1.978740753e+01 -1.978740753e+01 +7.9492e-02 +1.3973e+00
137 0 +2.996193360e-02 -1.980003807e+01 -1.980003807e+01 +9.6357e-01 +1.4064e+00
141 0 +2.189125977e-02 -1.980810874e+01 -1.980810874e+01 +8.5717e-01 +1.3290e+00
149 0 +3.515947034e-03 -1.982648405e+01 -1.982648405e+01 +7.1244e-01 +1.4265e+00
255 0 +7.029481615e-06 -1.982999297e+01 -1.982999297e+01 +4.5299e-01 +1.4482e+00
373 0 +5.410684029e-06 -1.982999459e+01 -1.982999459e+01 +3.1646e-01 +1.4778e+00
395 0 +4.713057677e-08 -1.982999995e+01 -1.982999995e+01 +3.9433e-01 +1.4606e+00
468 0 +2.128856735e-08 -1.982999998e+01 -1.982999998e+01 +3.9219e-01 +1.4592e+00
561 0 +3.042579522e-09 -1.983000000e+01 -1.983000000e+01 +3.8471e-01 +1.4614e+00
766 0 +9.912071164e-13 -1.983000000e+01 -1.983000000e+01 +3.7268e-01 +1.4626e+00
871 0 +0.000000000e+00 -1.983000000e+01 -1.983000000e+01 +3.7416e-01 +1.4623e+00
20001 0 +0.000000000e+00 -1.983000000e+01 -1.983000000e+01 +3.7416e-01 +1.4623e+00
