% f evaluations | g evaluations | best noise-free fitness - Fopt (-5.465000000000e+02) + sum g_i+ | measured fitness | best measured fitness or single-digit g-values | x1 | x2...
1 0 +3.449670211e+04 +3.395020211e+04 +3.395020211e+04
43 0 +2.950673062e+04 +2.896023062e+04 +2.896023062e+04
1512 0 +2.214136257e+04 +2.159486257e+04 +2.159486257e+04
2191 0 +1.934445246e+04 +1.879795246e+04 +1.879795246e+04
2319 0 +1.832257546e+04 +1.777607546e+04 +1.777607546e+04
2412 0 +1.673685642e+04 +1.619035642e+04 +1.619035642e+04
2474 0 +1.538462618e+04 +1.483812618e+04 +1.483812618e+04
2568 0 +1.076993271e+04 +1.022343271e+04 +1.022343271e+04
2960 0 +8.202401233e+03 +7.655901233e+03 +7.655901233e+03
3017 0 +6.494856887e+03 +5.948356887e+03 +5.948356887e+03
3443 0 +6.190410083e+03 +5.643910083e+03 +5.643910083e+03
3574 0 +4.918089947e+03 +4.371589947e+03 +4.371589947e+03
3609 0 +3.846260037e+03 +3.299760037e+03 +3.299760037e+03
4061 0 +2.713601766e+03 +2.167101766e+03 +2.167101766e+03
4312 0 +2.681478648e+03 +2.134978648e+03 +2.134978648e+03
4324 0 +2.309786787e+03 +1.763286787e+03 +1.763286787e+03
4419 0 +2.241162040e+03 +1.694662040e+03 +1.694662040e+03
4480 0 +1.986304911e+03 +1.439804911e+03 +1.439804911e+03
4523 0 +1.096920589e+03 +5.504205885e+02 +5.504205885e+02
4547 0 +5.675608780e+02 +2.106087799e+01 +2.106087799e+01
4663 0 +2.818744874e+02 -2.646255126e+02 -2.646255126e+02
4788 0 +1.496095710e+02 -3.968904290e+02 -3.968904290e+02
4808 0 +9.261356089e+01 -4.538864391e+02 -4.538864391e+02
5300 0 +7.286131871e+01 -4.736386813e+02 -4.736386813e+02
5698 0 +3.743301977e+01 -5.090669802e+02 -5.090669802e+02
5918 0 +5.142493491e+00 -5.413575065e+02 -5.413575065e+02
6415 0 +4.140601846e+00 -5.423593982e+02 -5.423593982e+02
6643 0 +4.039716476e+00 -5.424602835e+02 -5.424602835e+02
6708 0 +3.861486613e+00 -5.426385134e+02 -5.426385134e+02
7098 0 +3.542632496e+00 -5.429573675e+02 -5.429573675e+02
7148 0 +3.404090155e+00 -5.430959098e+02 -5.430959098e+02
8073 0 +3.368277561e+00 -5.431317224e+02 -5.431317224e+02
8232 0 +3.225710799e+00 -5.432742892e+02 -5.432742892e+02
33388 0 +3.098454593e+00 -5.434015454e+02 -5.434015454e+02
34104 0 +3.056350884e+00 -5.434436491e+02 -5.434436491e+02
39387 0 +2.906207065e+00 -5.435937929e+02 -5.435937929e+02
40180 0 +2.862527079e+00 -5.436374729e+02 -5.436374729e+02
49934 0 +2.664544310e+00 -5.438354557e+02 -5.438354557e+02
52446 0 +2.457316710e+00 -5.440426833e+02 -5.440426833e+02
57205 0 +2.429201128e+00 -5.440707989e+02 -5.440707989e+02
58400 0 +2.296987163e+00 -5.442030128e+02 -5.442030128e+02
60191 0 +2.194335362e+00 -5.443056646e+02 -5.443056646e+02
62384 0 +2.156042599e+00 -5.443439574e+02 -5.443439574e+02
62710 0 +2.110231584e+00 -5.443897684e+02 -5.443897684e+02
63669 0 +1.956391032e+00 -5.445436090e+02 -5.445436090e+02
65147 0 +1.931705021e+00 -5.445682950e+02 -5.445682950e+02
65737 0 +1.903363662e+00 -5.445966363e+02 -5.445966363e+02
66312 0 +1.838861729e+00 -5.446611383e+02 -5.446611383e+02
66741 0 +1.775878360e+00 -5.447241216e+02 -5.447241216e+02
67004 0 +1.716482308e+00 -5.447835177e+02 -5.447835177e+02
68450 0 +1.689269998e+00 -5.448107300e+02 -5.448107300e+02
69744 0 +1.637598122e+00 -5.448624019e+02 -5.448624019e+02
70503 0 +1.543145090e+00 -5.449568549e+02 -5.449568549e+02
70815 0 +1.509868167e+00 -5.449901318e+02 -5.449901318e+02
73029 0 +1.459134325e+00 -5.450408657e+02 -5.450408657e+02
73276 0 +1.352121295e+00 -5.451478787e+02 -5.451478787e+02
73298 0 +1.308435816e+00 -5.451915642e+02 -5.451915642e+02
74148 0 +1.230818759e+00 -5.452691812e+02 -5.452691812e+02
74155 0 +1.223796515e+00 -5.452762035e+02 -5.452762035e+02
74733 0 +1.140547422e+00 -5.453594526e+02 -5.453594526e+02
75684 0 +1.032658762e+00 -5.454673412e+02 -5.454673412e+02
76897 0 +1.012562142e+00 -5.454874379e+02 -5.454874379e+02
77257 0 +9.866144407e-01 -5.455133856e+02 -5.455133856e+02
77990 0 +9.549457093e-01 -5.455450543e+02 -5.455450543e+02
78049 0 +9.245427522e-01 -5.455754572e+02 -5.455754572e+02
78217 0 +8.831399811e-01 -5.456168600e+02 -5.456168600e+02
78349 0 +8.532840809e-01 -5.456467159e+02 -5.456467159e+02
79268 0 +8.373400599e-01 -5.456626599e+02 -5.456626599e+02
79616 0 +8.123175044e-01 -5.456876825e+02 -5.456876825e+02
79856 0 +7.278037236e-01 -5.457721963e+02 -5.457721963e+02
80255 0 +7.008620730e-01 -5.457991379e+02 -5.457991379e+02
80818 0 +6.791043328e-01 -5.458208957e+02 -5.458208957e+02
81276 0 +6.687162799e-01 -5.458312837e+02 -5.458312837e+02
81552 0 +6.599995518e-01 -5.458400004e+02 -5.458400004e+02
81628 0 +6.453245895e-01 -5.458546754e+02 -5.458546754e+02
81713 0 +6.235848031e-01 -5.458764152e+02 -5.458764152e+02
82224 0 +6.123834743e-01 -5.458876165e+02 -5.458876165e+02
82551 0 +6.023743329e-01 -5.458976257e+02 -5.458976257e+02
82749 0 +5.842710746e-01 -5.459157289e+02 -5.459157289e+02
83886 0 +5.754163741e-01 -5.459245836e+02 -5.459245836e+02
84392 0 +5.617571607e-01 -5.459382428e+02 -5.459382428e+02
86510 0 +5.495145144e-01 -5.459504855e+02 -5.459504855e+02
115954 0 +5.428539925e-01 -5.459571460e+02 -5.459571460e+02
% f evaluations | g evaluations | best noise-free fitness - Fopt (1.000000000000e+03) + sum g_i+ | measured fitness | best measured fitness or single-digit g-values | x1 | x2...
1 0 +3.449670211e+04 +3.549670211e+04 +3.549670211e+04
2956 0 +3.200017057e+04 +3.300017057e+04 +3.300017057e+04
2998 0 +2.587718402e+04 +2.687718402e+04 +2.687718402e+04
3041 0 +2.476456527e+04 +2.576456527e+04 +2.576456527e+04
3262 0 +2.304591530e+04 +2.404591530e+04 +2.404591530e+04
3305 0 +2.169157698e+04 +2.269157698e+04 +2.269157698e+04
3315 0 +1.879964330e+04 +1.979964330e+04 +1.979964330e+04
3329 0 +1.406345186e+04 +1.506345186e+04 +1.506345186e+04
3448 0 +1.306496535e+04 +1.406496535e+04 +1.406496535e+04
3481 0 +1.048811263e+04 +1.148811263e+04 +1.148811263e+04
4211 0 +1.015189770e+04 +1.115189770e+04 +1.115189770e+04
4379 0 +9.561945414e+03 +1.056194541e+04 +1.056194541e+04
4402 0 +7.708313036e+03 +8.708313036e+03 +8.708313036e+03
4690 0 +7.206755372e+03 +8.206755372e+03 +8.206755372e+03
4709 0 +5.272355760e+03 +6.272355760e+03 +6.272355760e+03
4818 0 +4.486722132e+03 +5.486722132e+03 +5.486722132e+03
4889 0 +3.999117750e+03 +4.999117750e+03 +4.999117750e+03
4931 0 +2.766799441e+03 +3.766799441e+03 +3.766799441e+03
4979 0 +9.941912781e+02 +1.994191278e+03 +1.994191278e+03
5621 0 +9.466887489e+02 +1.946688749e+03 +1.946688749e+03
5734 0 +8.116356809e+02 +1.811635681e+03 +1.811635681e+03
5741 0 +6.519500636e+02 +1.651950064e+03 +1.651950064e+03
5913 0 +4.993352190e+02 +1.499335219e+03 +1.499335219e+03
5951 0 +3.056866446e+02 +1.305686645e+03 +1.305686645e+03
5985 0 +2.034679348e+02 +1.203467935e+03 +1.203467935e+03
5993 0 +2.698070685e+01 +1.026980707e+03 +1.026980707e+03
6055 0 +3.888917209e+00 +1.003888917e+03 +1.003888917e+03
8657 0 +3.403119589e+00 +1.003403120e+03 +1.003403120e+03
10600 0 +3.336743105e+00 +1.003336743e+03 +1.003336743e+03
14559 0 +3.301038772e+00 +1.003301039e+03 +1.003301039e+03
33987 0 +3.171759599e+00 +1.003171760e+03 +1.003171760e+03
34599 0 +3.102919099e+00 +1.003102919e+03 +1.003102919e+03
37594 0 +3.011524425e+00 +1.003011524e+03 +1.003011524e+03
44028 0 +2.890157589e+00 +1.002890158e+03 +1.002890158e+03
45251 0 +2.861458868e+00 +1.002861459e+03 +1.002861459e+03
46339 0 +2.732199563e+00 +1.002732200e+03 +1.002732200e+03
48619 0 +2.398152180e+00 +1.002398152e+03 +1.002398152e+03
67622 0 +2.304564132e+00 +1.002304564e+03 +1.002304564e+03
69582 0 +2.282876868e+00 +1.002282877e+03 +1.002282877e+03
72147 0 +2.189991221e+00 +1.002189991e+03 +1.002189991e+03
72454 0 +2.117364386e+00 +1.002117364e+03 +1.002117364e+03
79302 0 +2.062313740e+00 +1.002062314e+03 +1.002062314e+03
82171 0 +1.970456847e+00 +1.001970457e+03 +1.001970457e+03
84197 0 +1.891816306e+00 +1.001891816e+03 +1.001891816e+03
84474 0 +1.857928576e+00 +1.001857929e+03 +1.001857929e+03
84666 0 +1.805496533e+00 +1.001805497e+03 +1.001805497e+03
84678 0 +1.720462168e+00 +1.001720462e+03 +1.001720462e+03
84723 0 +1.689890785e+00 +1.001689891e+03 +1.001689891e+03
86509 0 +1.556823178e+00 +1.001556823e+03 +1.001556823e+03
87707 0 +1.508439079e+00 +1.001508439e+03 +1.001508439e+03
88381 0 +1.432628084e+00 +1.001432628e+03 +1.001432628e+03
88469 0 +1.400336207e+00 +1.001400336e+03 +1.001400336e+03
88694 0 +1.231414255e+00 +1.001231414e+03 +1.001231414e+03
91237 0 +1.129951390e+00 +1.001129951e+03 +1.001129951e+03
91804 0 +1.109917969e+00 +1.001109918e+03 +1.001109918e+03
93585 0 +9.895993441e-01 +1.000989599e+03 +1.000989599e+03
93698 0 +9.458070448e-01 +1.000945807e+03 +1.000945807e+03
94150 0 +9.090054523e-01 +1.000909005e+03 +1.000909005e+03
95406 0 +8.606315200e-01 +1.000860632e+03 +1.000860632e+03
95819 0 +8.474029368e-01 +1.000847403e+03 +1.000847403e+03
96114 0 +8.113072964e-01 +1.000811307e+03 +1.000811307e+03
96647 0 +7.877963441e-01 +1.000787796e+03 +1.000787796e+03
97339 0 +7.467955631e-01 +1.000746796e+03 +1.000746796e+03
97522 0 +6.848071787e-01 +1.000684807e+03 +1.000684807e+03
98889 0 +6.712494686e-01 +1.000671249e+03 +1.000671249e+03
99144 0 +6.578513604e-01 +1.000657851e+03 +1.000657851e+03
99170 0 +6.362584533e-01 +1.000636258e+03 +1.000636258e+03
99777 0 +6.282715641e-01 +1.000628272e+03 +1.000628272e+03
99800 0 +6.095777260e-01 +1.000609578e+03 +1.000609578e+03
99864 0 +5.960759826e-01 +1.000596076e+03 +1.000596076e+03
100325 0 +5.817782725e-01 +1.000581778e+03 +1.000581778e+03
100513 0 +5.651994439e-01 +1.000565199e+03 +1.000565199e+03
100677 0 +5.612134154e-01 +1.000561213e+03 +1.000561213e+03
101778 0 +5.452978904e-01 +1.000545298e+03 +1.000545298e+03
102327 0 +5.327436968e-01 +1.000532744e+03 +1.000532744e+03
102817 0 +5.241486543e-01 +1.000524149e+03 +1.000524149e+03
104778 0 +5.123748044e-01 +1.000512375e+03 +1.000512375e+03
134821 0 +5.083019334e-01 +1.000508302e+03 +1.000508302e+03
% f evaluations | g evaluations | best noise-free fitness - Fopt (2.083800000000e+02) + sum g_i+ | measured fitness | best measured fitness or single-digit g-values | x1 | x2...
1 0 +3.449670211e+04 +3.470508211e+04 +3.470508211e+04
3094 0 +3.171131331e+04 +3.191969331e+04 +3.191969331e+04
3137 0 +3.033280668e+04 +3.054118668e+04 +3.054118668e+04
3141 0 +1.919492788e+04 +1.940330788e+04 +1.940330788e+04
3153 0 +1.880880920e+04 +1.901718920e+04 +1.901718920e+04
3155 0 +1.794581449e+04 +1.815419449e+04 +1.815419449e+04
3383 0 +1.393631554e+04 +1.414469554e+04 +1.414469554e+04
3581 0 +1.297677888e+04 +1.318515888e+04 +1.318515888e+04
3613 0 +1.172861221e+04 +1.193699221e+04 +1.193699221e+04
4051 0 +1.120754970e+04 +1.141592970e+04 +1.141592970e+04
4052 0 +9.134819079e+03 +9.343199079e+03 +9.343199079e+03
4408 0 +6.745360418e+03 +6.953740418e+03 +6.953740418e+03
4802 0 +6.579612783e+03 +6.787992783e+03 +6.787992783e+03
4856 0 +5.223871217e+03 +5.432251217e+03 +5.432251217e+03
4926 0 +3.239255869e+03 +3.447635869e+03 +3.447635869e+03
5110 0 +2.960083560e+03 +3.168463560e+03 +3.168463560e+03
5130 0 +2.676878982e+03 +2.885258982e+03 +2.885258982e+03
5184 0 +2.067871347e+03 +2.276251347e+03 +2.276251347e+03
5211 0 +1.943070315e+03 +2.151450315e+03 +2.151450315e+03
5237 0 +1.605713248e+03 +1.814093248e+03 +1.814093248e+03
5262 0 +1.529252960e+03 +1.737632960e+03 +1.737632960e+03
5309 0 +6.604990152e+02 +8.688790152e+02 +8.688790152e+02
5709 0 +3.976831475e+02 +6.060631475e+02 +6.060631475e+02
5749 0 +2.881474660e+02 +4.965274660e+02 +4.965274660e+02
5834 0 +2.255240385e+02 +4.339040385e+02 +4.339040385e+02
5992 0 +1.050018398e+02 +3.133818398e+02 +3.133818398e+02
6658 0 +9.409073900e+01 +3.024707390e+02 +3.024707390e+02
7178 0 +4.545677298e+01 +2.538367730e+02 +2.538367730e+02
7196 0 +3.324899647e+01 +2.416289965e+02 +2.416289965e+02
7299 0 +2.109398327e+01 +2.294739833e+02 +2.294739833e+02
7330 0 +4.146968631e+00 +2.125269686e+02 +2.125269686e+02
7404 0 +3.974562954e+00 +2.123545630e+02 +2.123545630e+02
8211 0 +3.719990646e+00 +2.120999906e+02 +2.120999906e+02
8851 0 +3.610553109e+00 +2.119905531e+02 +2.119905531e+02
9017 0 +3.477863935e+00 +2.118578639e+02 +2.118578639e+02
9228 0 +3.428872974e+00 +2.118088730e+02 +2.118088730e+02
12760 0 +3.326427654e+00 +2.117064277e+02 +2.117064277e+02
17883 0 +3.309851783e+00 +2.116898518e+02 +2.116898518e+02
18976 0 +3.054671641e+00 +2.114346716e+02 +2.114346716e+02
21510 0 +2.873396856e+00 +2.112533969e+02 +2.112533969e+02
51800 0 +2.786430963e+00 +2.111664310e+02 +2.111664310e+02
51861 0 +2.604832924e+00 +2.109848329e+02 +2.109848329e+02
52273 0 +2.566389903e+00 +2.109463899e+02 +2.109463899e+02
52351 0 +2.479283777e+00 +2.108592838e+02 +2.108592838e+02
56618 0 +2.254940506e+00 +2.106349405e+02 +2.106349405e+02
68523 0 +2.064251552e+00 +2.104442516e+02 +2.104442516e+02
70962 0 +1.995065773e+00 +2.103750658e+02 +2.103750658e+02
71955 0 +1.926505253e+00 +2.103065053e+02 +2.103065053e+02
75324 0 +1.865104189e+00 +2.102451042e+02 +2.102451042e+02
75834 0 +1.861139219e+00 +2.102411392e+02 +2.102411392e+02
77382 0 +1.616378899e+00 +2.099963789e+02 +2.099963789e+02
78558 0 +1.510477490e+00 +2.098904775e+02 +2.098904775e+02
78624 0 +1.451057402e+00 +2.098310574e+02 +2.098310574e+02
78636 0 +1.434675546e+00 +2.098146755e+02 +2.098146755e+02
79028 0 +1.342933516e+00 +2.097229335e+02 +2.097229335e+02
79665 0 +1.264518005e+00 +2.096445180e+02 +2.096445180e+02
80233 0 +1.258773364e+00 +2.096387734e+02 +2.096387734e+02
82042 0 +1.222396908e+00 +2.096023969e+02 +2.096023969e+02
82221 0 +1.113512121e+00 +2.094935121e+02 +2.094935121e+02
82813 0 +1.084836797e+00 +2.094648368e+02 +2.094648368e+02
82929 0 +1.054751826e+00 +2.094347518e+02 +2.094347518e+02
83286 0 +1.033933700e+00 +2.094139337e+02 +2.094139337e+02
83500 0 +1.002659891e+00 +2.093826599e+02 +2.093826599e+02
83694 0 +9.863076223e-01 +2.093663076e+02 +2.093663076e+02
84189 0 +9.513500536e-01 +2.093313501e+02 +2.093313501e+02
84291 0 +9.325533830e-01 +2.093125534e+02 +2.093125534e+02
84532 0 +8.917648028e-01 +2.092717648e+02 +2.092717648e+02
84623 0 +8.895833366e-01 +2.092695833e+02 +2.092695833e+02
84971 0 +8.540873031e-01 +2.092340873e+02 +2.092340873e+02
85502 0 +7.924378753e-01 +2.091724379e+02 +2.091724379e+02
85912 0 +7.679266831e-01 +2.091479267e+02 +2.091479267e+02
86346 0 +7.294782656e-01 +2.091094783e+02 +2.091094783e+02
87223 0 +7.236245896e-01 +2.091036246e+02 +2.091036246e+02
88004 0 +7.078989744e-01 +2.090878990e+02 +2.090878990e+02
90204 0 +6.898487474e-01 +2.090698487e+02 +2.090698487e+02
123862 0 +6.812227798e-01 +2.090612228e+02 +2.090612228e+02
% f evaluations | g evaluations | best noise-free fitness - Fopt (-1.449600000000e+02) + sum g_i+ | measured fitness | best measured fitness or single-digit g-values | x1 | x2...
1 0 +3.449670211e+04 +3.435174211e+04 +3.435174211e+04
4619 0 +2.246552977e+04 +2.232056977e+04 +2.232056977e+04
5004 0 +2.113110314e+04 +2.098614314e+04 +2.098614314e+04
5072 0 +1.976363779e+04 +1.961867779e+04 +1.961867779e+04
5390 0 +1.888997869e+04 +1.874501869e+04 +1.874501869e+04
5486 0 +1.463965939e+04 +1.449469939e+04 +1.449469939e+04
5753 0 +1.086906770e+04 +1.072410770e+04 +1.072410770e+04
5954 0 +9.674433932e+03 +9.529473932e+03 +9.529473932e+03
5963 0 +9.117444823e+03 +8.972484823e+03 +8.972484823e+03
6003 0 +6.537810752e+03 +6.392850752e+03 +6.392850752e+03
6027 0 +5.954402603e+03 +5.809442603e+03 +5.809442603e+03
6094 0 +5.308943464e+03 +5.163983464e+03 +5.163983464e+03
6154 0 +3.126680791e+03 +2.981720791e+03 +2.981720791e+03
6210 0 +1.125652995e+03 +9.806929951e+02 +9.806929951e+02
7239 0 +4.956498596e+02 +3.506898596e+02 +3.506898596e+02
7623 0 +4.676789368e+02 +3.227189368e+02 +3.227189368e+02
7654 0 +2.953789677e+02 +1.504189677e+02 +1.504189677e+02
7770 0 +2.837334653e+02 +1.387734653e+02 +1.387734653e+02
7774 0 +1.683889886e+02 +2.342898858e+01 +2.342898858e+01
7996 0 +5.749660330e+01 -8.746339670e+01 -8.746339670e+01
8325 0 +2.506577277e+01 -1.198942272e+02 -1.198942272e+02
8446 0 +7.055524843e+00 -1.379044752e+02 -1.379044752e+02
8644 0 +4.307948065e+00 -1.406520519e+02 -1.406520519e+02
8690 0 +4.041793893e+00 -1.409182061e+02 -1.409182061e+02
9155 0 +3.900832692e+00 -1.410591673e+02 -1.410591673e+02
9164 0 +3.850555513e+00 -1.411094445e+02 -1.411094445e+02
9889 0 +3.684866485e+00 -1.412751335e+02 -1.412751335e+02
11013 0 +3.399237618e+00 -1.415607624e+02 -1.415607624e+02
16081 0 +3.323878500e+00 -1.416361215e+02 -1.416361215e+02
16350 0 +3.303077517e+00 -1.416569225e+02 -1.416569225e+02
21332 0 +3.163202616e+00 -1.417967974e+02 -1.417967974e+02
21983 0 +3.085073496e+00 -1.418749265e+02 -1.418749265e+02
23374 0 +2.991437654e+00 -1.419685623e+02 -1.419685623e+02
27780 0 +2.950749178e+00 -1.420092508e+02 -1.420092508e+02
55169 0 +2.818171568e+00 -1.421418284e+02 -1.421418284e+02
63652 0 +2.705632095e+00 -1.422543679e+02 -1.422543679e+02
63715 0 +2.602207689e+00 -1.423577923e+02 -1.423577923e+02
76569 0 +2.567059744e+00 -1.423929403e+02 -1.423929403e+02
77981 0 +2.461781520e+00 -1.424982185e+02 -1.424982185e+02
80330 0 +2.433900314e+00 -1.425260997e+02 -1.425260997e+02
80698 0 +2.379687049e+00 -1.425803130e+02 -1.425803130e+02
81979 0 +2.285167883e+00 -1.426748321e+02 -1.426748321e+02
84726 0 +2.132289624e+00 -1.428277104e+02 -1.428277104e+02
91161 0 +1.982541139e+00 -1.429774589e+02 -1.429774589e+02
94116 0 +1.912502626e+00 -1.430474974e+02 -1.430474974e+02
94160 0 +1.880575725e+00 -1.430794243e+02 -1.430794243e+02
94233 0 +1.830004971e+00 -1.431299950e+02 -1.431299950e+02
94245 0 +1.641251461e+00 -1.433187485e+02 -1.433187485e+02
95642 0 +1.620830612e+00 -1.433391694e+02 -1.433391694e+02
98366 0 +1.447333233e+00 -1.435126668e+02 -1.435126668e+02
100567 0 +1.422725018e+00 -1.435372750e+02 -1.435372750e+02
100939 0 +1.401616093e+00 -1.435583839e+02 -1.435583839e+02
101403 0 +1.376470103e+00 -1.435835299e+02 -1.435835299e+02
101420 0 +1.244199707e+00 -1.437158003e+02 -1.437158003e+02
103529 0 +1.223851543e+00 -1.437361485e+02 -1.437361485e+02
104817 0 +1.194185974e+00 -1.437658140e+02 -1.437658140e+02
105003 0 +1.135723558e+00 -1.438242764e+02 -1.438242764e+02
105457 0 +1.110228448e+00 -1.438497716e+02 -1.438497716e+02
106365 0 +1.093799660e+00 -1.438662003e+02 -1.438662003e+02
106391 0 +1.063605328e+00 -1.438963947e+02 -1.438963947e+02
107054 0 +9.716426772e-01 -1.439883573e+02 -1.439883573e+02
107609 0 +9.166451488e-01 -1.440433549e+02 -1.440433549e+02
108829 0 +9.039631646e-01 -1.440560368e+02 -1.440560368e+02
109609 0 +8.841119413e-01 -1.440758881e+02 -1.440758881e+02
110528 0 +8.570152698e-01 -1.441029847e+02 -1.441029847e+02
111372 0 +8.505951298e-01 -1.441094049e+02 -1.441094049e+02
111966 0 +8.219557706e-01 -1.441380442e+02 -1.441380442e+02
112418 0 +8.081309032e-01 -1.441518691e+02 -1.441518691e+02
114159 0 +7.780177273e-01 -1.441819823e+02 -1.441819823e+02
114194 0 +7.686749743e-01 -1.441913250e+02 -1.441913250e+02
114551 0 +7.309871467e-01 -1.442290129e+02 -1.442290129e+02
116526 0 +7.223371657e-01 -1.442376628e+02 -1.442376628e+02
117324 0 +7.042583474e-01 -1.442557417e+02 -1.442557417e+02
119226 0 +6.900081625e-01 -1.442699918e+02 -1.442699918e+02
148280 0 +6.810299467e-01 -1.442789701e+02 -1.442789701e+02
% f evaluations | g evaluations | best noise-free fitness - Fopt (-6.300000000000e+00) + sum g_i+ | measured fitness | best measured fitness or single-digit g-values | x1 | x2...
1 0 +3.449670211e+04 +3.449040211e+04 +3.449040211e+04
5371 0 +3.317566914e+04 +3.316936914e+04 +3.316936914e+04
5498 0 +3.185682222e+04 +3.185052222e+04 +3.185052222e+04
5505 0 +2.681513723e+04 +2.680883723e+04 +2.680883723e+04
5551 0 +1.932561094e+04 +1.931931094e+04 +1.931931094e+04
5561 0 +1.288863154e+04 +1.288233154e+04 +1.288233154e+04
5922 0 +1.127694736e+04 +1.127064736e+04 +1.127064736e+04
5986 0 +9.126914968e+03 +9.120614968e+03 +9.120614968e+03
6090 0 +8.094781849e+03 +8.088481849e+03 +8.088481849e+03
6400 0 +7.798412947e+03 +7.792112947e+03 +7.792112947e+03
6420 0 +4.544092889e+03 +4.537792889e+03 +4.537792889e+03
6450 0 +4.126202176e+03 +4.119902176e+03 +4.119902176e+03
6670 0 +2.730853048e+03 +2.724553048e+03 +2.724553048e+03
6774 0 +1.844221494e+03 +1.837921494e+03 +1.837921494e+03
6860 0 +8.831836327e+02 +8.768836327e+02 +8.768836327e+02
7089 0 +4.031906732e+02 +3.968906732e+02 +3.968906732e+02
7130 0 +2.598784966e+02 +2.535784966e+02 +2.535784966e+02
7732 0 +5.188525950e+01 +4.558525950e+01 +4.558525950e+01
7834 0 +2.784322717e+01 +2.154322717e+01 +2.154322717e+01
8009 0 +5.109456685e+00 -1.190543315e+00 -1.190543315e+00
8245 0 +3.635633540e+00 -2.664366460e+00 -2.664366460e+00
9263 0 +3.412767958e+00 -2.887232042e+00 -2.887232042e+00
14949 0 +3.378899770e+00 -2.921100230e+00 -2.921100230e+00
15767 0 +3.307894611e+00 -2.992105389e+00 -2.992105389e+00
18041 0 +3.147155422e+00 -3.152844578e+00 -3.152844578e+00
40942 0 +3.043772012e+00 -3.256227988e+00 -3.256227988e+00
42181 0 +2.714851190e+00 -3.585148810e+00 -3.585148810e+00
93737 0 +2.677805791e+00 -3.622194209e+00 -3.622194209e+00
95889 0 +2.612379667e+00 -3.687620333e+00 -3.687620333e+00
97443 0 +2.522722252e+00 -3.777277748e+00 -3.777277748e+00
97519 0 +2.435702698e+00 -3.864297302e+00 -3.864297302e+00
97594 0 +2.361491455e+00 -3.938508545e+00 -3.938508545e+00
101893 0 +2.290142496e+00 -4.009857504e+00 -4.009857504e+00
106660 0 +2.194191448e+00 -4.105808552e+00 -4.105808552e+00
107291 0 +2.057312100e+00 -4.242687900e+00 -4.242687900e+00
108230 0 +1.675448072e+00 -4.624551928e+00 -4.624551928e+00
114056 0 +1.650819079e+00 -4.649180921e+00 -4.649180921e+00
114252 0 +1.571823917e+00 -4.728176083e+00 -4.728176083e+00
114653 0 +1.527812772e+00 -4.772187228e+00 -4.772187228e+00
114796 0 +1.477578995e+00 -4.822421005e+00 -4.822421005e+00
115023 0 +1.343974768e+00 -4.956025232e+00 -4.956025232e+00
116720 0 +1.302100881e+00 -4.997899119e+00 -4.997899119e+00
117154 0 +1.288098668e+00 -5.011901332e+00 -5.011901332e+00
117167 0 +1.195511754e+00 -5.104488246e+00 -5.104488246e+00
119381 0 +1.072833720e+00 -5.227166280e+00 -5.227166280e+00
120665 0 +1.062241476e+00 -5.237758524e+00 -5.237758524e+00
120700 0 +1.028051468e+00 -5.271948532e+00 -5.271948532e+00
120829 0 +1.015153332e+00 -5.284846668e+00 -5.284846668e+00
121289 0 +9.416231590e-01 -5.358376841e+00 -5.358376841e+00
121312 0 +9.061759737e-01 -5.393824026e+00 -5.393824026e+00
121512 0 +8.880116937e-01 -5.411988306e+00 -5.411988306e+00
121780 0 +8.701881151e-01 -5.429811885e+00 -5.429811885e+00
121788 0 +8.453294632e-01 -5.454670537e+00 -5.454670537e+00
122634 0 +8.193332955e-01 -5.480666705e+00 -5.480666705e+00
123216 0 +8.124533789e-01 -5.487546621e+00 -5.487546621e+00
123527 0 +7.780626710e-01 -5.521937329e+00 -5.521937329e+00
123588 0 +7.593281534e-01 -5.540671847e+00 -5.540671847e+00
123616 0 +7.511035496e-01 -5.548896450e+00 -5.548896450e+00
123762 0 +7.354940061e-01 -5.564505994e+00 -5.564505994e+00
124660 0 +7.128753361e-01 -5.587124664e+00 -5.587124664e+00
125002 0 +7.011851129e-01 -5.598814887e+00 -5.598814887e+00
125527 0 +6.899450969e-01 -5.610054903e+00 -5.610054903e+00
126371 0 +6.725914502e-01 -5.627408550e+00 -5.627408550e+00
127642 0 +6.605112164e-01 -5.639488784e+00 -5.639488784e+00
158371 0 +6.514156018e-01 -5.648584398e+00 -5.648584398e+00
% f evaluations | g evaluations | best noise-free fitness - Fopt (-1.367600000000e+02) + sum g_i+ | measured fitness | best measured fitness or single-digit g-values | x1 | x2...
1 0 +3.449670211e+04 +3.435994211e+04 +3.435994211e+04
2529 0 +2.869766511e+04 +2.856090511e+04 +2.856090511e+04
2581 0 +2.743727650e+04 +2.730051650e+04 +2.730051650e+04
2705 0 +2.153953621e+04 +2.140277621e+04 +2.140277621e+04
2771 0 +1.876373387e+04 +1.862697387e+04 +1.862697387e+04
3067 0 +1.491766720e+04 +1.478090720e+04 +1.478090720e+04
3109 0 +1.001549438e+04 +9.878734384e+03 +9.878734384e+03
3343 0 +9.455309846e+03 +9.318549846e+03 +9.318549846e+03
3372 0 +9.230214091e+03 +9.093454091e+03 +9.093454091e+03
3724 0 +5.077817433e+03 +4.941057433e+03 +4.941057433e+03
3731 0 +4.692378341e+03 +4.555618341e+03 +4.555618341e+03
3822 0 +4.232095211e+03 +4.095335211e+03 +4.095335211e+03
3938 0 +1.667248831e+03 +1.530488831e+03 +1.530488831e+03
4156 0 +1.427361934e+03 +1.290601934e+03 +1.290601934e+03
4168 0 +1.006452490e+03 +8.696924900e+02 +8.696924900e+02
4482 0 +7.714213645e+02 +6.346613645e+02 +6.346613645e+02
4519 0 +4.717425536e+02 +3.349825536e+02 +3.349825536e+02
4625 0 +3.014861833e+02 +1.647261833e+02 +1.647261833e+02
4983 0 +2.399956806e+02 +1.032356806e+02 +1.032356806e+02
5050 0 +2.204376926e+02 +8.367769257e+01 +8.367769257e+01
5053 0 +1.256602925e+02 -1.109970753e+01 -1.109970753e+01
5144 0 +1.050122218e+02 -3.174777819e+01 -3.174777819e+01
5205 0 +3.226128871e+01 -1.044987113e+02 -1.044987113e+02
5736 0 +1.723795558e+01 -1.195220444e+02 -1.195220444e+02
5745 0 +9.328420069e+00 -1.274315799e+02 -1.274315799e+02
5761 0 +4.440551441e+00 -1.323194486e+02 -1.323194486e+02
5802 0 +4.010564022e+00 -1.327494360e+02 -1.327494360e+02
6697 0 +3.965529350e+00 -1.327944707e+02 -1.327944707e+02
6818 0 +3.779979172e+00 -1.329800208e+02 -1.329800208e+02
6859 0 +3.583744463e+00 -1.331762555e+02 -1.331762555e+02
7970 0 +3.383141738e+00 -1.333768583e+02 -1.333768583e+02
13230 0 +3.310854946e+00 -1.334491451e+02 -1.334491451e+02
18613 0 +3.185621269e+00 -1.335743787e+02 -1.335743787e+02
20956 0 +3.071170393e+00 -1.336888296e+02 -1.336888296e+02
26318 0 +3.010107025e+00 -1.337498930e+02 -1.337498930e+02
28010 0 +2.946049752e+00 -1.338139502e+02 -1.338139502e+02
29466 0 +2.768683263e+00 -1.339913167e+02 -1.339913167e+02
38844 0 +2.671915304e+00 -1.340880847e+02 -1.340880847e+02
51370 0 +2.560545396e+00 -1.341994546e+02 -1.341994546e+02
54530 0 +2.503588916e+00 -1.342564111e+02 -1.342564111e+02
56149 0 +2.449220991e+00 -1.343107790e+02 -1.343107790e+02
64493 0 +2.383839726e+00 -1.343761603e+02 -1.343761603e+02
67442 0 +2.322384458e+00 -1.344376155e+02 -1.344376155e+02
67804 0 +2.256049617e+00 -1.345039504e+02 -1.345039504e+02
68224 0 +2.213201359e+00 -1.345467986e+02 -1.345467986e+02
69140 0 +2.067115126e+00 -1.346928849e+02 -1.346928849e+02
72918 0 +2.035239344e+00 -1.347247607e+02 -1.347247607e+02
74848 0 +1.962221365e+00 -1.347977786e+02 -1.347977786e+02
75086 0 +1.927008586e+00 -1.348329914e+02 -1.348329914e+02
75095 0 +1.877055743e+00 -1.348829443e+02 -1.348829443e+02
78383 0 +1.749579552e+00 -1.350104204e+02 -1.350104204e+02
79392 0 +1.712725573e+00 -1.350472744e+02 -1.350472744e+02
80971 0 +1.557967994e+00 -1.352020320e+02 -1.352020320e+02
82106 0 +1.510102536e+00 -1.352498975e+02 -1.352498975e+02
82965 0 +1.470355440e+00 -1.352896446e+02 -1.352896446e+02
83251 0 +1.444729130e+00 -1.353152709e+02 -1.353152709e+02
83343 0 +1.350240082e+00 -1.354097599e+02 -1.354097599e+02
83476 0 +1.346926576e+00 -1.354130734e+02 -1.354130734e+02
83561 0 +1.282798685e+00 -1.354772013e+02 -1.354772013e+02
85189 0 +1.243280639e+00 -1.355167194e+02 -1.355167194e+02
85533 0 +1.212291141e+00 -1.355477089e+02 -1.355477089e+02
85710 0 +1.163413413e+00 -1.355965866e+02 -1.355965866e+02
86704 0 +1.107490218e+00 -1.356525098e+02 -1.356525098e+02
86868 0 +1.032187703e+00 -1.357278123e+02 -1.357278123e+02
87090 0 +9.760504108e-01 -1.357839496e+02 -1.357839496e+02
87384 0 +9.239656253e-01 -1.358360344e+02 -1.358360344e+02
88593 0 +9.020264886e-01 -1.358579735e+02 -1.358579735e+02
88970 0 +8.861012464e-01 -1.358738988e+02 -1.358738988e+02
89267 0 +8.699604918e-01 -1.358900395e+02 -1.358900395e+02
89330 0 +8.286888269e-01 -1.359313112e+02 -1.359313112e+02
90540 0 +8.126595213e-01 -1.359473405e+02 -1.359473405e+02
90794 0 +7.535886943e-01 -1.360064113e+02 -1.360064113e+02
91037 0 +7.255653353e-01 -1.360344347e+02 -1.360344347e+02
92505 0 +7.223113197e-01 -1.360376887e+02 -1.360376887e+02
93243 0 +7.034347124e-01 -1.360565653e+02 -1.360565653e+02
93355 0 +6.889649726e-01 -1.360710350e+02 -1.360710350e+02
93726 0 +6.758504290e-01 -1.360841496e+02 -1.360841496e+02
94021 0 +6.606224026e-01 -1.360993776e+02 -1.360993776e+02
94816 0 +6.439526908e-01 -1.361160473e+02 -1.361160473e+02
95641 0 +6.304419161e-01 -1.361295581e+02 -1.361295581e+02
126060 0 +6.168724455e-01 -1.361431276e+02 -1.361431276e+02
% f evaluations | g evaluations | best noise-free fitness - Fopt (3.667500000000e+02) + sum g_i+ | measured fitness | best measured fitness or single-digit g-values | x1 | x2...
1 0 +3.449670211e+04 +3.486345211e+04 +3.486345211e+04
4229 0 +3.095579338e+04 +3.132254338e+04 +3.132254338e+04
4253 0 +2.976228184e+04 +3.012903184e+04 +3.012903184e+04
4433 0 +2.911045817e+04 +2.947720817e+04 +2.947720817e+04
4468 0 +2.786165941e+04 +2.822840941e+04 +2.822840941e+04
4490 0 +2.421698214e+04 +2.458373214e+04 +2.458373214e+04
4508 0 +2.219971094e+04 +2.256646094e+04 +2.256646094e+04
4546 0 +1.955606174e+04 +1.992281174e+04 +1.992281174e+04
4555 0 +1.216204571e+04 +1.252879571e+04 +1.252879571e+04
4644 0 +1.088621389e+04 +1.125296389e+04 +1.125296389e+04
4810 0 +6.741672966e+03 +7.108422966e+03 +7.108422966e+03
5062 0 +4.354394332e+03 +4.721144332e+03 +4.721144332e+03
5074 0 +3.070289870e+03 +3.437039870e+03 +3.437039870e+03
5373 0 +1.228370477e+03 +1.595120477e+03 +1.595120477e+03
5455 0 +1.180796492e+03 +1.547546492e+03 +1.547546492e+03
5603 0 +7.222058923e+02 +1.088955892e+03 +1.088955892e+03
5604 0 +6.838492124e+02 +1.050599212e+03 +1.050599212e+03
5674 0 +4.282707621e+02 +7.950207621e+02 +7.950207621e+02
5726 0 +2.060952176e+02 +5.728452176e+02 +5.728452176e+02
5769 0 +1.667716140e+02 +5.335216140e+02 +5.335216140e+02
5911 0 +3.453048601e+01 +4.012804860e+02 +4.012804860e+02
5958 0 +3.035430222e+01 +3.971043022e+02 +3.971043022e+02
6345 0 +4.112662229e+00 +3.708626622e+02 +3.708626622e+02
6691 0 +4.013394043e+00 +3.707633940e+02 +3.707633940e+02
8149 0 +3.913368789e+00 +3.706633688e+02 +3.706633688e+02
8221 0 +3.402251836e+00 +3.701522518e+02 +3.701522518e+02
13631 0 +3.144862307e+00 +3.698948623e+02 +3.698948623e+02
29106 0 +3.063095365e+00 +3.698130954e+02 +3.698130954e+02
34755 0 +2.865194538e+00 +3.696151945e+02 +3.696151945e+02
35148 0 +2.750304697e+00 +3.695003047e+02 +3.695003047e+02
48567 0 +2.655646157e+00 +3.694056462e+02 +3.694056462e+02
53448 0 +2.614910419e+00 +3.693649104e+02 +3.693649104e+02
53833 0 +2.525452908e+00 +3.692754529e+02 +3.692754529e+02
58317 0 +2.484981311e+00 +3.692349813e+02 +3.692349813e+02
60824 0 +2.366886051e+00 +3.691168861e+02 +3.691168861e+02
62499 0 +2.192870833e+00 +3.689428708e+02 +3.689428708e+02
64771 0 +2.179647516e+00 +3.689296475e+02 +3.689296475e+02
65649 0 +2.090226447e+00 +3.688402264e+02 +3.688402264e+02
66746 0 +1.961331941e+00 +3.687113319e+02 +3.687113319e+02
66769 0 +1.937042570e+00 +3.686870426e+02 +3.686870426e+02
67979 0 +1.895716623e+00 +3.686457166e+02 +3.686457166e+02
68594 0 +1.859277880e+00 +3.686092779e+02 +3.686092779e+02
69098 0 +1.807831298e+00 +3.685578313e+02 +3.685578313e+02
69408 0 +1.682166290e+00 +3.684321663e+02 +3.684321663e+02
70840 0 +1.611201128e+00 +3.683612011e+02 +3.683612011e+02
73177 0 +1.570639926e+00 +3.683206399e+02 +3.683206399e+02
73734 0 +1.547411563e+00 +3.682974116e+02 +3.682974116e+02
74300 0 +1.509901943e+00 +3.682599019e+02 +3.682599019e+02
74403 0 +1.441886143e+00 +3.681918861e+02 +3.681918861e+02
74473 0 +1.401402998e+00 +3.681514030e+02 +3.681514030e+02
75134 0 +1.322273787e+00 +3.680722738e+02 +3.680722738e+02
79155 0 +1.286546951e+00 +3.680365470e+02 +3.680365470e+02
80455 0 +1.258076913e+00 +3.680080769e+02 +3.680080769e+02
81280 0 +1.223233414e+00 +3.679732334e+02 +3.679732334e+02
82007 0 +1.193901506e+00 +3.679439015e+02 +3.679439015e+02
82990 0 +1.162379479e+00 +3.679123795e+02 +3.679123795e+02
83672 0 +1.142692662e+00 +3.678926927e+02 +3.678926927e+02
83845 0 +1.098160105e+00 +3.678481601e+02 +3.678481601e+02
84656 0 +1.093419801e+00 +3.678434198e+02 +3.678434198e+02
85895 0 +1.067370577e+00 +3.678173706e+02 +3.678173706e+02
88266 0 +1.046964393e+00 +3.677969644e+02 +3.677969644e+02
117755 0 +1.036353176e+00 +3.677863532e+02 +3.677863532e+02
% f evaluations | g evaluations | best noise-free fitness - Fopt (-2.486900000000e+02) + sum g_i+ | measured fitness | best measured fitness or single-digit g-values | x1 | x2...
1 0 +3.449670211e+04 +3.424801211e+04 +3.424801211e+04
3121 0 +1.690855650e+04 +1.665986650e+04 +1.665986650e+04
3637 0 +1.501916949e+04 +1.477047949e+04 +1.477047949e+04
3709 0 +1.302636904e+04 +1.277767904e+04 +1.277767904e+04
3723 0 +1.263184012e+04 +1.238315012e+04 +1.238315012e+04
4275 0 +1.228693170e+04 +1.203824170e+04 +1.203824170e+04
4278 0 +1.182853112e+04 +1.157984112e+04 +1.157984112e+04
4337 0 +7.807069049e+03 +7.558379049e+03 +7.558379049e+03
4371 0 +5.897209394e+03 +5.648519394e+03 +5.648519394e+03
4414 0 +5.210309537e+03 +4.961619537e+03 +4.961619537e+03
4507 0 +4.328017772e+03 +4.079327772e+03 +4.079327772e+03
4645 0 +3.178528758e+03 +2.929838758e+03 +2.929838758e+03
4786 0 +2.959904178e+03 +2.711214178e+03 +2.711214178e+03
4807 0 +2.126591153e+03 +1.877901153e+03 +1.877901153e+03
5032 0 +1.771957345e+03 +1.523267345e+03 +1.523267345e+03
5315 0 +9.697955500e+02 +7.211055500e+02 +7.211055500e+02
5375 0 +6.396268739e+02 +3.909368739e+02 +3.909368739e+02
5563 0 +2.960809884e+02 +4.739098840e+01 +4.739098840e+01
5871 0 +2.218720616e+02 -2.681793836e+01 -2.681793836e+01
5897 0 +3.236738451e+01 -2.163226155e+02 -2.163226155e+02
6364 0 +1.271197648e+01 -2.359780235e+02 -2.359780235e+02
6556 0 +7.923160826e+00 -2.407668392e+02 -2.407668392e+02
6655 0 +4.277554532e+00 -2.444124455e+02 -2.444124455e+02
7100 0 +4.227555257e+00 -2.444624447e+02 -2.444624447e+02
7140 0 +4.125745219e+00 -2.445642548e+02 -2.445642548e+02
7143 0 +3.846444488e+00 -2.448435555e+02 -2.448435555e+02
7391 0 +3.748754038e+00 -2.449412460e+02 -2.449412460e+02
7636 0 +3.646546782e+00 -2.450434532e+02 -2.450434532e+02
7664 0 +3.624268521e+00 -2.450657315e+02 -2.450657315e+02
8655 0 +3.502964884e+00 -2.451870351e+02 -2.451870351e+02
9937 0 +3.462315485e+00 -2.452276845e+02 -2.452276845e+02
13622 0 +3.379981564e+00 -2.453100184e+02 -2.453100184e+02
19502 0 +3.207819372e+00 -2.454821806e+02 -2.454821806e+02
20890 0 +3.044025081e+00 -2.456459749e+02 -2.456459749e+02
23007 0 +3.013635658e+00 -2.456763643e+02 -2.456763643e+02
42561 0 +2.919233807e+00 -2.457707662e+02 -2.457707662e+02
47550 0 +2.842649982e+00 -2.458473500e+02 -2.458473500e+02
52211 0 +2.763695760e+00 -2.459263042e+02 -2.459263042e+02
52688 0 +2.716650132e+00 -2.459733499e+02 -2.459733499e+02
52711 0 +2.665051900e+00 -2.460249481e+02 -2.460249481e+02
53244 0 +2.606454045e+00 -2.460835460e+02 -2.460835460e+02
54811 0 +2.445402387e+00 -2.462445976e+02 -2.462445976e+02
59473 0 +2.380214883e+00 -2.463097851e+02 -2.463097851e+02
60706 0 +2.311070567e+00 -2.463789294e+02 -2.463789294e+02
60911 0 +2.221618892e+00 -2.464683811e+02 -2.464683811e+02
64961 0 +2.155427949e+00 -2.465345721e+02 -2.465345721e+02
65623 0 +2.103790711e+00 -2.465862093e+02 -2.465862093e+02
66086 0 +2.034103109e+00 -2.466558969e+02 -2.466558969e+02
66948 0 +1.956103340e+00 -2.467338967e+02 -2.467338967e+02
66965 0 +1.922160359e+00 -2.467678396e+02 -2.467678396e+02
67010 0 +1.841448466e+00 -2.468485515e+02 -2.468485515e+02
67149 0 +1.809218507e+00 -2.468807815e+02 -2.468807815e+02
67882 0 +1.766562481e+00 -2.469234375e+02 -2.469234375e+02
68192 0 +1.695353786e+00 -2.469946462e+02 -2.469946462e+02
68551 0 +1.593265524e+00 -2.470967345e+02 -2.470967345e+02
69285 0 +1.583423713e+00 -2.471065763e+02 -2.471065763e+02
69761 0 +1.493090041e+00 -2.471969100e+02 -2.471969100e+02
70161 0 +1.466994182e+00 -2.472230058e+02 -2.472230058e+02
70394 0 +1.388899233e+00 -2.473011008e+02 -2.473011008e+02
72413 0 +1.361138266e+00 -2.473288617e+02 -2.473288617e+02
72457 0 +1.247142254e+00 -2.474428577e+02 -2.474428577e+02
73397 0 +1.137831584e+00 -2.475521684e+02 -2.475521684e+02
73869 0 +1.028053062e+00 -2.476619469e+02 -2.476619469e+02
74872 0 +9.909048572e-01 -2.476990951e+02 -2.476990951e+02
75017 0 +9.771438242e-01 -2.477128562e+02 -2.477128562e+02
75354 0 +9.480009803e-01 -2.477419990e+02 -2.477419990e+02
75380 0 +9.228486039e-01 -2.477671514e+02 -2.477671514e+02
75620 0 +8.228076623e-01 -2.478671923e+02 -2.478671923e+02
76607 0 +7.970707098e-01 -2.478929293e+02 -2.478929293e+02
76819 0 +7.918237950e-01 -2.478981762e+02 -2.478981762e+02
77383 0 +7.614282726e-01 -2.479285717e+02 -2.479285717e+02
77493 0 +7.510825251e-01 -2.479389175e+02 -2.479389175e+02
77690 0 +7.292482379e-01 -2.479607518e+02 -2.479607518e+02
77749 0 +7.237555959e-01 -2.479662444e+02 -2.479662444e+02
77786 0 +6.780787207e-01 -2.480119213e+02 -2.480119213e+02
78133 0 +6.726875552e-01 -2.480173124e+02 -2.480173124e+02
78215 0 +6.401083411e-01 -2.480498917e+02 -2.480498917e+02
78837 0 +6.199525716e-01 -2.480700474e+02 -2.480700474e+02
78990 0 +6.156745624e-01 -2.480743254e+02 -2.480743254e+02
79655 0 +5.999483678e-01 -2.480900516e+02 -2.480900516e+02
80197 0 +5.854196631e-01 -2.481045803e+02 -2.481045803e+02
81753 0 +5.745383057e-01 -2.481154617e+02 -2.481154617e+02
112621 0 +5.625868508e-01 -2.481274131e+02 -2.481274131e+02
% f evaluations | g evaluations | best noise-free fitness - Fopt (-6.786000000000e+01) + sum g_i+ | measured fitness | best measured fitness or single-digit g-values | x1 | x2...
1 0 +3.449670211e+04 +3.442884211e+04 +3.442884211e+04
50 0 +3.235107579e+04 +3.228321579e+04 +3.228321579e+04
3432 0 +3.145793457e+04 +3.139007457e+04 +3.139007457e+04
3572 0 +2.725472997e+04 +2.718686997e+04 +2.718686997e+04
3637 0 +2.227628969e+04 +2.220842969e+04 +2.220842969e+04
3639 0 +1.807834664e+04 +1.801048664e+04 +1.801048664e+04
3648 0 +1.479299652e+04 +1.472513652e+04 +1.472513652e+04
3954 0 +1.427679515e+04 +1.420893515e+04 +1.420893515e+04
4187 0 +1.141332663e+04 +1.134546663e+04 +1.134546663e+04
4240 0 +1.076546138e+04 +1.069760138e+04 +1.069760138e+04
4388 0 +6.475237416e+03 +6.407377416e+03 +6.407377416e+03
4492 0 +6.130694341e+03 +6.062834341e+03 +6.062834341e+03
4529 0 +4.837347605e+03 +4.769487605e+03 +4.769487605e+03
4649 0 +3.822056832e+03 +3.754196832e+03 +3.754196832e+03
4766 0 +3.351778126e+03 +3.283918126e+03 +3.283918126e+03
4802 0 +2.420380080e+03 +2.352520080e+03 +2.352520080e+03
4817 0 +1.558203682e+03 +1.490343682e+03 +1.490343682e+03
4858 0 +7.111388158e+02 +6.432788158e+02 +6.432788158e+02
4937 0 +4.412946782e+02 +3.734346782e+02 +3.734346782e+02
6306 0 +3.628433545e+02 +2.949833545e+02 +2.949833545e+02
6582 0 +1.603263624e+02 +9.246636241e+01 +9.246636241e+01
6597 0 +1.412016411e+01 -5.373983589e+01 -5.373983589e+01
7028 0 +5.659932435e+00 -6.220006756e+01 -6.220006756e+01
7430 0 +3.905228067e+00 -6.395477193e+01 -6.395477193e+01
7855 0 +3.874617016e+00 -6.398538298e+01 -6.398538298e+01
7986 0 +3.683197424e+00 -6.417680258e+01 -6.417680258e+01
9692 0 +3.490959953e+00 -6.436904005e+01 -6.436904005e+01
10467 0 +3.330574710e+00 -6.452942529e+01 -6.452942529e+01
12642 0 +3.309639359e+00 -6.455036064e+01 -6.455036064e+01
17293 0 +3.226516984e+00 -6.463348302e+01 -6.463348302e+01
20820 0 +3.130182696e+00 -6.472981730e+01 -6.472981730e+01
33967 0 +3.006968397e+00 -6.485303160e+01 -6.485303160e+01
40039 0 +2.949639389e+00 -6.491036061e+01 -6.491036061e+01
41494 0 +2.840874283e+00 -6.501912572e+01 -6.501912572e+01
41510 0 +2.706930185e+00 -6.515306982e+01 -6.515306982e+01
48880 0 +2.675321558e+00 -6.518467844e+01 -6.518467844e+01
49012 0 +2.580999566e+00 -6.527900043e+01 -6.527900043e+01
51722 0 +2.567881649e+00 -6.529211835e+01 -6.529211835e+01
56831 0 +2.419234579e+00 -6.544076542e+01 -6.544076542e+01
56908 0 +2.381310234e+00 -6.547868977e+01 -6.547868977e+01
57066 0 +2.328554038e+00 -6.553144596e+01 -6.553144596e+01
59011 0 +2.288520831e+00 -6.557147917e+01 -6.557147917e+01
59560 0 +2.232878351e+00 -6.562712165e+01 -6.562712165e+01
62052 0 +2.132366660e+00 -6.572763334e+01 -6.572763334e+01
63038 0 +2.086317151e+00 -6.577368285e+01 -6.577368285e+01
63430 0 +2.021745573e+00 -6.583825443e+01 -6.583825443e+01
63772 0 +1.994562884e+00 -6.586543712e+01 -6.586543712e+01
64681 0 +1.942656865e+00 -6.591734313e+01 -6.591734313e+01
66455 0 +1.899632721e+00 -6.596036728e+01 -6.596036728e+01
68059 0 +1.861378125e+00 -6.599862187e+01 -6.599862187e+01
68448 0 +1.780918854e+00 -6.607908115e+01 -6.607908115e+01
68476 0 +1.773965946e+00 -6.608603405e+01 -6.608603405e+01
69493 0 +1.631260152e+00 -6.622873985e+01 -6.622873985e+01
70232 0 +1.554494472e+00 -6.630550553e+01 -6.630550553e+01
70491 0 +1.503825151e+00 -6.635617485e+01 -6.635617485e+01
71724 0 +1.441162952e+00 -6.641883705e+01 -6.641883705e+01
72223 0 +1.338177704e+00 -6.652182230e+01 -6.652182230e+01
73015 0 +1.283046692e+00 -6.657695331e+01 -6.657695331e+01
73113 0 +1.211624370e+00 -6.664837563e+01 -6.664837563e+01
73915 0 +1.189989364e+00 -6.667001064e+01 -6.667001064e+01
75281 0 +1.136961970e+00 -6.672303803e+01 -6.672303803e+01
76752 0 +1.079205845e+00 -6.678079415e+01 -6.678079415e+01
78665 0 +1.030217110e+00 -6.682978289e+01 -6.682978289e+01
84084 0 +1.002463050e+00 -6.685753695e+01 -6.685753695e+01
84112 0 +9.903032535e-01 -6.686969675e+01 -6.686969675e+01
84115 0 +9.754823828e-01 -6.688451762e+01 -6.688451762e+01
84544 0 +9.414030048e-01 -6.691859700e+01 -6.691859700e+01
86173 0 +9.247690071e-01 -6.693523099e+01 -6.693523099e+01
87813 0 +9.119927454e-01 -6.694800725e+01 -6.694800725e+01
118501 0 +8.932624772e-01 -6.696673752e+01 -6.696673752e+01
% f evaluations | g evaluations | best noise-free fitness - Fopt (-2.329000000000e+01) + sum g_i+ | measured fitness | best measured fitness or single-digit g-values | x1 | x2...
1 0 +3.449670211e+04 +3.447341211e+04 +3.447341211e+04
4289 0 +3.193145921e+04 +3.190816921e+04 +3.190816921e+04
4304 0 +3.030857402e+04 +3.028528402e+04 +3.028528402e+04
4419 0 +1.972297853e+04 +1.969968853e+04 +1.969968853e+04
4472 0 +1.490619938e+04 +1.488290938e+04 +1.488290938e+04
4921 0 +1.336968930e+04 +1.334639930e+04 +1.334639930e+04
4995 0 +1.292502558e+04 +1.290173558e+04 +1.290173558e+04
5030 0 +8.837724916e+03 +8.814434916e+03 +8.814434916e+03
5093 0 +5.590207985e+03 +5.566917985e+03 +5.566917985e+03
5355 0 +4.453514498e+03 +4.430224498e+03 +4.430224498e+03
5632 0 +4.245118789e+03 +4.221828789e+03 +4.221828789e+03
5640 0 +3.138675893e+03 +3.115385893e+03 +3.115385893e+03
5659 0 +2.462367815e+03 +2.439077815e+03 +2.439077815e+03
5891 0 +1.470784778e+03 +1.447494778e+03 +1.447494778e+03
5918 0 +1.359470286e+03 +1.336180286e+03 +1.336180286e+03
5985 0 +4.921015940e+02 +4.688115940e+02 +4.688115940e+02
6564 0 +3.463947994e+02 +3.231047994e+02 +3.231047994e+02
6593 0 +1.863005127e+02 +1.630105127e+02 +1.630105127e+02
7026 0 +1.132004714e+02 +8.991047139e+01 +8.991047139e+01
7212 0 +6.098178403e+01 +3.769178403e+01 +3.769178403e+01
7230 0 +3.316948552e+01 +9.879485524e+00 +9.879485524e+00
7443 0 +2.174255583e+01 -1.547444168e+00 -1.547444168e+00
7451 0 +6.164008101e+00 -1.712599190e+01 -1.712599190e+01
7545 0 +4.515426854e+00 -1.877457315e+01 -1.877457315e+01
7566 0 +4.343177205e+00 -1.894682279e+01 -1.894682279e+01
7612 0 +4.113200560e+00 -1.917679944e+01 -1.917679944e+01
7949 0 +3.863431536e+00 -1.942656846e+01 -1.942656846e+01
8077 0 +3.539654725e+00 -1.975034527e+01 -1.975034527e+01
9405 0 +3.463269138e+00 -1.982673086e+01 -1.982673086e+01
10949 0 +3.202031806e+00 -2.008796819e+01 -2.008796819e+01
18181 0 +3.131822906e+00 -2.015817709e+01 -2.015817709e+01
24524 0 +3.081106778e+00 -2.020889322e+01 -2.020889322e+01
25174 0 +2.979152632e+00 -2.031084737e+01 -2.031084737e+01
25306 0 +2.925804859e+00 -2.036419514e+01 -2.036419514e+01
31053 0 +2.723925957e+00 -2.056607404e+01 -2.056607404e+01
34056 0 +2.671893166e+00 -2.061810683e+01 -2.061810683e+01
34756 0 +2.626282026e+00 -2.066371797e+01 -2.066371797e+01
36612 0 +2.519021430e+00 -2.077097857e+01 -2.077097857e+01
36866 0 +2.381532184e+00 -2.090846782e+01 -2.090846782e+01
40025 0 +2.278201264e+00 -2.101179874e+01 -2.101179874e+01
41166 0 +2.170848650e+00 -2.111915135e+01 -2.111915135e+01
42244 0 +2.111949322e+00 -2.117805068e+01 -2.117805068e+01
43656 0 +2.028559609e+00 -2.126144039e+01 -2.126144039e+01
45332 0 +1.922063897e+00 -2.136793610e+01 -2.136793610e+01
45781 0 +1.858638804e+00 -2.143136120e+01 -2.143136120e+01
45919 0 +1.813433568e+00 -2.147656643e+01 -2.147656643e+01
48744 0 +1.686666245e+00 -2.160333376e+01 -2.160333376e+01
49344 0 +1.626675197e+00 -2.166332480e+01 -2.166332480e+01
49504 0 +1.583281681e+00 -2.170671832e+01 -2.170671832e+01
49885 0 +1.494952620e+00 -2.179504738e+01 -2.179504738e+01
50128 0 +1.453477292e+00 -2.183652271e+01 -2.183652271e+01
51008 0 +1.413306182e+00 -2.187669382e+01 -2.187669382e+01
51011 0 +1.296107754e+00 -2.199389225e+01 -2.199389225e+01
51103 0 +1.229899944e+00 -2.206010006e+01 -2.206010006e+01
51452 0 +1.151363425e+00 -2.213863658e+01 -2.213863658e+01
52833 0 +1.118485540e+00 -2.217151446e+01 -2.217151446e+01
53904 0 +1.044549399e+00 -2.224545060e+01 -2.224545060e+01
54330 0 +9.844597465e-01 -2.230554025e+01 -2.230554025e+01
54581 0 +9.414400378e-01 -2.234855996e+01 -2.234855996e+01
55048 0 +9.150988477e-01 -2.237490115e+01 -2.237490115e+01
55052 0 +9.101977338e-01 -2.237980227e+01 -2.237980227e+01
55062 0 +8.378107157e-01 -2.245218928e+01 -2.245218928e+01
55689 0 +8.139790155e-01 -2.247602098e+01 -2.247602098e+01
55702 0 +7.802781443e-01 -2.250972186e+01 -2.250972186e+01
55734 0 +7.675019665e-01 -2.252249803e+01 -2.252249803e+01
56323 0 +7.553728420e-01 -2.253462716e+01 -2.253462716e+01
56551 0 +7.294364956e-01 -2.256056350e+01 -2.256056350e+01
56606 0 +7.221657450e-01 -2.256783426e+01 -2.256783426e+01
56717 0 +6.645403524e-01 -2.262545965e+01 -2.262545965e+01
57025 0 +6.530686744e-01 -2.263693133e+01 -2.263693133e+01
57101 0 +6.450987357e-01 -2.264490126e+01 -2.264490126e+01
57347 0 +6.210600480e-01 -2.266893995e+01 -2.266893995e+01
57572 0 +6.153427348e-01 -2.267465727e+01 -2.267465727e+01
57640 0 +5.851594387e-01 -2.270484056e+01 -2.270484056e+01
58410 0 +5.737728951e-01 -2.271622710e+01 -2.271622710e+01
58716 0 +5.578215620e-01 -2.273217844e+01 -2.273217844e+01
58745 0 +5.492978703e-01 -2.274070213e+01 -2.274070213e+01
59553 0 +5.360910514e-01 -2.275390895e+01 -2.275390895e+01
61223 0 +5.244666498e-01 -2.276553335e+01 -2.276553335e+01
90399 0 +5.181704335e-01 -2.277182957e+01 -2.277182957e+01
% f evaluations | g evaluations | best noise-free fitness - Fopt (-1.028000000000e+01) + sum g_i+ | measured fitness | best measured fitness or single-digit g-values | x1 | x2...
1 0 +3.449670211e+04 +3.448642211e+04 +3.448642211e+04
2871 0 +3.246715815e+04 +3.245687815e+04 +3.245687815e+04
3217 0 +2.765972658e+04 +2.764944658e+04 +2.764944658e+04
3250 0 +1.873379224e+04 +1.872351224e+04 +1.872351224e+04
3340 0 +1.783623207e+04 +1.782595207e+04 +1.782595207e+04
3415 0 +1.610843139e+04 +1.609815139e+04 +1.609815139e+04
3592 0 +1.218802861e+04 +1.217774861e+04 +1.217774861e+04
3666 0 +1.196284375e+04 +1.195256375e+04 +1.195256375e+04
3672 0 +1.108572788e+04 +1.107544788e+04 +1.107544788e+04
3722 0 +9.371426599e+03 +9.361146599e+03 +9.361146599e+03
3771 0 +8.550679879e+03 +8.540399879e+03 +8.540399879e+03
3853 0 +5.094652633e+03 +5.084372633e+03 +5.084372633e+03
3914 0 +4.104139641e+03 +4.093859641e+03 +4.093859641e+03
3923 0 +2.361850838e+03 +2.351570838e+03 +2.351570838e+03
4345 0 +2.038101134e+03 +2.027821134e+03 +2.027821134e+03
4346 0 +1.571687830e+03 +1.561407830e+03 +1.561407830e+03
4564 0 +1.185856211e+03 +1.175576211e+03 +1.175576211e+03
4691 0 +8.615132691e+02 +8.512332691e+02 +8.512332691e+02
4704 0 +7.323828006e+02 +7.221028006e+02 +7.221028006e+02
4887 0 +6.327430540e+02 +6.224630540e+02 +6.224630540e+02
4956 0 +6.283877222e+02 +6.181077222e+02 +6.181077222e+02
5062 0 +3.429031628e+02 +3.326231628e+02 +3.326231628e+02
5072 0 +9.206423592e+01 +8.178423592e+01 +8.178423592e+01
5200 0 +1.945465089e+01 +9.174650892e+00 +9.174650892e+00
6490 0 +1.240099224e+01 +2.120992236e+00 +2.120992236e+00
7223 0 +4.372792555e+00 -5.907207445e+00 -5.907207445e+00
7237 0 +4.043342544e+00 -6.236657456e+00 -6.236657456e+00
7359 0 +3.693196736e+00 -6.586803264e+00 -6.586803264e+00
8253 0 +3.588574094e+00 -6.691425906e+00 -6.691425906e+00
9399 0 +3.359052474e+00 -6.920947526e+00 -6.920947526e+00
14951 0 +3.087269640e+00 -7.192730360e+00 -7.192730360e+00
24704 0 +2.814797249e+00 -7.465202751e+00 -7.465202751e+00
73460 0 +2.729866363e+00 -7.550133637e+00 -7.550133637e+00
80720 0 +2.673733701e+00 -7.606266299e+00 -7.606266299e+00
81378 0 +2.404404353e+00 -7.875595647e+00 -7.875595647e+00
85807 0 +2.383140210e+00 -7.896859790e+00 -7.896859790e+00
87063 0 +2.143402428e+00 -8.136597572e+00 -8.136597572e+00
91971 0 +2.062381570e+00 -8.217618430e+00 -8.217618430e+00
102110 0 +2.035139864e+00 -8.244860136e+00 -8.244860136e+00
103084 0 +1.926721262e+00 -8.353278738e+00 -8.353278738e+00
103496 0 +1.807603725e+00 -8.472396275e+00 -8.472396275e+00
103514 0 +1.777533143e+00 -8.502466857e+00 -8.502466857e+00
105664 0 +1.717987494e+00 -8.562012506e+00 -8.562012506e+00
105818 0 +1.694590797e+00 -8.585409203e+00 -8.585409203e+00
106167 0 +1.512973274e+00 -8.767026726e+00 -8.767026726e+00
108354 0 +1.467415347e+00 -8.812584653e+00 -8.812584653e+00
110255 0 +1.393345164e+00 -8.886654836e+00 -8.886654836e+00
110679 0 +1.311462488e+00 -8.968537512e+00 -8.968537512e+00
111477 0 +1.281985201e+00 -8.998014799e+00 -8.998014799e+00
111791 0 +1.201905173e+00 -9.078094827e+00 -9.078094827e+00
112155 0 +1.169471226e+00 -9.110528774e+00 -9.110528774e+00
112164 0 +1.111613228e+00 -9.168386772e+00 -9.168386772e+00
113057 0 +1.094022666e+00 -9.185977334e+00 -9.185977334e+00
114142 0 +1.053904795e+00 -9.226095205e+00 -9.226095205e+00
114612 0 +1.045452737e+00 -9.234547263e+00 -9.234547263e+00
116595 0 +1.006118122e+00 -9.273881878e+00 -9.273881878e+00
118037 0 +9.800696527e-01 -9.299930347e+00 -9.299930347e+00
118562 0 +9.615032942e-01 -9.318496706e+00 -9.318496706e+00
119381 0 +9.546927383e-01 -9.325307262e+00 -9.325307262e+00
120442 0 +9.329046515e-01 -9.347095348e+00 -9.347095348e+00
123429 0 +9.118422996e-01 -9.368157700e+00 -9.368157700e+00
150301 0 +9.080387934e-01 -9.371961207e+00 -9.371961207e+00
% f evaluations | g evaluations | best noise-free fitness - Fopt (1.799700000000e+02) + sum g_i+ | measured fitness | best measured fitness or single-digit g-values | x1 | x2...
1 0 +3.449670211e+04 +3.467667211e+04 +3.467667211e+04
3314 0 +2.590357676e+04 +2.608354676e+04 +2.608354676e+04
3319 0 +1.753110305e+04 +1.771107305e+04 +1.771107305e+04
3855 0 +8.657651199e+03 +8.837621199e+03 +8.837621199e+03
4263 0 +7.864584135e+03 +8.044554135e+03 +8.044554135e+03
4356 0 +6.392787002e+03 +6.572757002e+03 +6.572757002e+03
4433 0 +4.722638675e+03 +4.902608675e+03 +4.902608675e+03
4478 0 +4.321014635e+03 +4.500984635e+03 +4.500984635e+03
4542 0 +3.891992768e+03 +4.071962768e+03 +4.071962768e+03
4569 0 +2.562995523e+03 +2.742965523e+03 +2.742965523e+03
4708 0 +2.067079387e+03 +2.247049387e+03 +2.247049387e+03
4732 0 +1.691326680e+03 +1.871296680e+03 +1.871296680e+03
5005 0 +1.485705420e+03 +1.665675420e+03 +1.665675420e+03
5190 0 +1.586435355e+02 +3.386135355e+02 +3.386135355e+02
6283 0 +1.430507141e+02 +3.230207141e+02 +3.230207141e+02
6306 0 +1.108437133e+02 +2.908137133e+02 +2.908137133e+02
6450 0 +1.040435658e+02 +2.840135658e+02 +2.840135658e+02
7233 0 +3.741719297e+01 +2.173871930e+02 +2.173871930e+02
7333 0 +1.774726106e+01 +1.977172611e+02 +1.977172611e+02
7377 0 +4.032626508e+00 +1.840026265e+02 +1.840026265e+02
7733 0 +3.827638037e+00 +1.837976380e+02 +1.837976380e+02
8241 0 +3.800097899e+00 +1.837700979e+02 +1.837700979e+02
8358 0 +3.256318377e+00 +1.832263184e+02 +1.832263184e+02
12921 0 +3.162234579e+00 +1.831322346e+02 +1.831322346e+02
17619 0 +3.024467973e+00 +1.829944680e+02 +1.829944680e+02
24656 0 +2.959314249e+00 +1.829293142e+02 +1.829293142e+02
26549 0 +2.795985951e+00 +1.827659860e+02 +1.827659860e+02
29981 0 +2.735143233e+00 +1.827051432e+02 +1.827051432e+02
32706 0 +2.557355704e+00 +1.825273557e+02 +1.825273557e+02
44839 0 +2.492248205e+00 +1.824622482e+02 +1.824622482e+02
45075 0 +2.322411853e+00 +1.822924119e+02 +1.822924119e+02
47742 0 +2.171666013e+00 +1.821416660e+02 +1.821416660e+02
53549 0 +1.963734193e+00 +1.819337342e+02 +1.819337342e+02
57425 0 +1.945818751e+00 +1.819158188e+02 +1.819158188e+02
57522 0 +1.892713245e+00 +1.818627132e+02 +1.818627132e+02
57602 0 +1.811984777e+00 +1.817819848e+02 +1.817819848e+02
58863 0 +1.770555592e+00 +1.817405556e+02 +1.817405556e+02
59460 0 +1.653627167e+00 +1.816236272e+02 +1.816236272e+02
61401 0 +1.576138898e+00 +1.815461389e+02 +1.815461389e+02
61533 0 +1.474867171e+00 +1.814448672e+02 +1.814448672e+02
62554 0 +1.429943038e+00 +1.813999430e+02 +1.813999430e+02
62593 0 +1.347734137e+00 +1.813177341e+02 +1.813177341e+02
64240 0 +1.312583155e+00 +1.812825832e+02 +1.812825832e+02
64426 0 +1.271252295e+00 +1.812412523e+02 +1.812412523e+02
64939 0 +1.246795598e+00 +1.812167956e+02 +1.812167956e+02
65219 0 +1.211411890e+00 +1.811814119e+02 +1.811814119e+02
65248 0 +1.191875869e+00 +1.811618759e+02 +1.811618759e+02
65266 0 +1.170016438e+00 +1.811400164e+02 +1.811400164e+02
65648 0 +1.121464417e+00 +1.810914644e+02 +1.810914644e+02
67959 0 +1.059741208e+00 +1.810297412e+02 +1.810297412e+02
67975 0 +9.902224145e-01 +1.809602224e+02 +1.809602224e+02
69155 0 +9.667140978e-01 +1.809367141e+02 +1.809367141e+02
69172 0 +9.509532944e-01 +1.809209533e+02 +1.809209533e+02
69218 0 +8.514615199e-01 +1.808214615e+02 +1.808214615e+02
70951 0 +8.199044173e-01 +1.807899044e+02 +1.807899044e+02
71081 0 +8.003818976e-01 +1.807703819e+02 +1.807703819e+02
71511 0 +7.508207293e-01 +1.807208207e+02 +1.807208207e+02
72567 0 +6.956477209e-01 +1.806656477e+02 +1.806656477e+02
73498 0 +6.778234120e-01 +1.806478234e+02 +1.806478234e+02
73623 0 +6.720607854e-01 +1.806420608e+02 +1.806420608e+02
74710 0 +6.535807741e-01 +1.806235808e+02 +1.806235808e+02
74762 0 +6.362546573e-01 +1.806062547e+02 +1.806062547e+02
74903 0 +6.233408562e-01 +1.805933409e+02 +1.805933409e+02
74977 0 +6.093130953e-01 +1.805793131e+02 +1.805793131e+02
75366 0 +5.989205811e-01 +1.805689206e+02 +1.805689206e+02
75605 0 +5.869295030e-01 +1.805569295e+02 +1.805569295e+02
75837 0 +5.747015554e-01 +1.805447016e+02 +1.805447016e+02
76072 0 +5.596745859e-01 +1.805296746e+02 +1.805296746e+02
77331 0 +5.471493069e-01 +1.805171493e+02 +1.805171493e+02
78310 0 +5.369499802e-01 +1.805069500e+02 +1.805069500e+02
81744 0 +5.244483152e-01 +1.804944483e+02 +1.804944483e+02
110044 0 +5.231094446e-01 +1.804931094e+02 +1.804931094e+02
% f evaluations | g evaluations | best noise-free fitness - Fopt (8.376000000000e+01) + sum g_i+ | measured fitness | best measured fitness or single-digit g-values | x1 | x2...
1 0 +3.449670211e+04 +3.458046211e+04 +3.458046211e+04
1991 0 +3.439471534e+04 +3.447847534e+04 +3.447847534e+04
1998 0 +3.376300373e+04 +3.384676373e+04 +3.384676373e+04
2032 0 +3.160375927e+04 +3.168751927e+04 +3.168751927e+04
2267 0 +2.362013898e+04 +2.370389898e+04 +2.370389898e+04
3138 0 +1.946569016e+04 +1.954945016e+04 +1.954945016e+04
3215 0 +1.539380467e+04 +1.547756467e+04 +1.547756467e+04
3343 0 +1.466065506e+04 +1.474441506e+04 +1.474441506e+04
3594 0 +1.024103503e+04 +1.032479503e+04 +1.032479503e+04
3605 0 +6.718779734e+03 +6.802539734e+03 +6.802539734e+03
4032 0 +4.647284155e+03 +4.731044155e+03 +4.731044155e+03
4612 0 +3.964814209e+03 +4.048574209e+03 +4.048574209e+03
4685 0 +3.425105929e+03 +3.508865929e+03 +3.508865929e+03
4712 0 +3.232187622e+03 +3.315947622e+03 +3.315947622e+03
4716 0 +2.462104225e+03 +2.545864225e+03 +2.545864225e+03
4750 0 +1.569306761e+03 +1.653066761e+03 +1.653066761e+03
5164 0 +1.430465222e+03 +1.514225222e+03 +1.514225222e+03
5175 0 +5.603342870e+02 +6.440942870e+02 +6.440942870e+02
5873 0 +5.296305225e+02 +6.133905225e+02 +6.133905225e+02
5876 0 +1.211076867e+01 +9.587076867e+01 +9.587076867e+01
6493 0 +3.700423206e+00 +8.746042321e+01 +8.746042321e+01
8893 0 +3.412937881e+00 +8.717293788e+01 +8.717293788e+01
9206 0 +3.172439749e+00 +8.693243975e+01 +8.693243975e+01
16985 0 +2.939196116e+00 +8.669919612e+01 +8.669919612e+01
21947 0 +2.852717274e+00 +8.661271727e+01 +8.661271727e+01
24010 0 +2.747685261e+00 +8.650768526e+01 +8.650768526e+01
29077 0 +2.553102186e+00 +8.631310219e+01 +8.631310219e+01
31817 0 +2.502431943e+00 +8.626243194e+01 +8.626243194e+01
32302 0 +2.445017716e+00 +8.620501772e+01 +8.620501772e+01
32331 0 +2.290823069e+00 +8.605082307e+01 +8.605082307e+01
34693 0 +2.117992763e+00 +8.587799276e+01 +8.587799276e+01
36726 0 +1.947824326e+00 +8.570782433e+01 +8.570782433e+01
40308 0 +1.887807912e+00 +8.564780791e+01 +8.564780791e+01
40380 0 +1.818936030e+00 +8.557893603e+01 +8.557893603e+01
40381 0 +1.732453703e+00 +8.549245370e+01 +8.549245370e+01
41072 0 +1.655892631e+00 +8.541589263e+01 +8.541589263e+01
42844 0 +1.461112174e+00 +8.522111217e+01 +8.522111217e+01
43891 0 +1.421088997e+00 +8.518108900e+01 +8.518108900e+01
44521 0 +1.346428756e+00 +8.510642876e+01 +8.510642876e+01
45121 0 +1.302641632e+00 +8.506264163e+01 +8.506264163e+01
45337 0 +1.264763642e+00 +8.502476364e+01 +8.502476364e+01
45739 0 +1.224955177e+00 +8.498495518e+01 +8.498495518e+01
46661 0 +1.202087639e+00 +8.496208764e+01 +8.496208764e+01
46681 0 +1.149805473e+00 +8.490980547e+01 +8.490980547e+01
46695 0 +1.087275709e+00 +8.484727571e+01 +8.484727571e+01
47157 0 +1.022799249e+00 +8.478279925e+01 +8.478279925e+01
47816 0 +9.931114579e-01 +8.475311146e+01 +8.475311146e+01
47950 0 +9.737313387e-01 +8.473373134e+01 +8.473373134e+01
47952 0 +9.492450710e-01 +8.470924507e+01 +8.470924507e+01
48825 0 +9.308673373e-01 +8.469086734e+01 +8.469086734e+01
49094 0 +9.084764626e-01 +8.466847646e+01 +8.466847646e+01
49501 0 +8.698077182e-01 +8.462980772e+01 +8.462980772e+01
49545 0 +8.401821820e-01 +8.460018218e+01 +8.460018218e+01
49838 0 +8.257721543e-01 +8.458577215e+01 +8.458577215e+01
50066 0 +8.093015802e-01 +8.456930158e+01 +8.456930158e+01
50713 0 +7.915692172e-01 +8.455156922e+01 +8.455156922e+01
50850 0 +7.571379309e-01 +8.451713793e+01 +8.451713793e+01
51672 0 +7.286471859e-01 +8.448864719e+01 +8.448864719e+01
52661 0 +7.226716069e-01 +8.448267161e+01 +8.448267161e+01
53279 0 +7.053891006e-01 +8.446538910e+01 +8.446538910e+01
55083 0 +6.905803556e-01 +8.445058036e+01 +8.445058036e+01
83810 0 +6.859641966e-01 +8.444596420e+01 +8.444596420e+01
% f evaluations | g evaluations | best noise-free fitness - Fopt (-3.890100000000e+02) + sum g_i+ | measured fitness | best measured fitness or single-digit g-values | x1 | x2...
1 0 +3.449670211e+04 +3.410769211e+04 +3.410769211e+04
1779 0 +2.072024645e+04 +2.033123645e+04 +2.033123645e+04
2772 0 +1.978546259e+04 +1.939645259e+04 +1.939645259e+04
2810 0 +1.857315486e+04 +1.818414486e+04 +1.818414486e+04
2820 0 +1.126234093e+04 +1.087333093e+04 +1.087333093e+04
3059 0 +7.799595061e+03 +7.410585061e+03 +7.410585061e+03
3135 0 +5.899335546e+03 +5.510325546e+03 +5.510325546e+03
3141 0 +1.422731981e+03 +1.033721981e+03 +1.033721981e+03
3885 0 +1.179561759e+03 +7.905517592e+02 +7.905517592e+02
4531 0 +1.151510072e+03 +7.625000725e+02 +7.625000725e+02
4619 0 +9.252028196e+02 +5.361928196e+02 +5.361928196e+02
4692 0 +4.580449057e+02 +6.903490568e+01 +6.903490568e+01
4749 0 +3.809619129e+02 -8.048087059e+00 -8.048087059e+00
4839 0 +3.440574252e+01 -3.546042575e+02 -3.546042575e+02
5553 0 +1.874975014e+01 -3.702602499e+02 -3.702602499e+02
5642 0 +6.462286795e+00 -3.825477132e+02 -3.825477132e+02
5865 0 +4.578660012e+00 -3.844313400e+02 -3.844313400e+02
5917 0 +4.051767044e+00 -3.849582330e+02 -3.849582330e+02
6471 0 +3.809914271e+00 -3.852000857e+02 -3.852000857e+02
6956 0 +3.373661723e+00 -3.856363383e+02 -3.856363383e+02
12559 0 +3.300811991e+00 -3.857091880e+02 -3.857091880e+02
18699 0 +3.223038593e+00 -3.857869614e+02 -3.857869614e+02
22234 0 +2.952846251e+00 -3.860571537e+02 -3.860571537e+02
35823 0 +2.754044965e+00 -3.862559550e+02 -3.862559550e+02
47323 0 +2.582962785e+00 -3.864270372e+02 -3.864270372e+02
54821 0 +2.530783163e+00 -3.864792168e+02 -3.864792168e+02
56378 0 +2.479673668e+00 -3.865303263e+02 -3.865303263e+02
58229 0 +2.362739194e+00 -3.866472608e+02 -3.866472608e+02
59610 0 +2.276873664e+00 -3.867331263e+02 -3.867331263e+02
61631 0 +2.077856738e+00 -3.869321433e+02 -3.869321433e+02
62813 0 +2.009235975e+00 -3.870007640e+02 -3.870007640e+02
64186 0 +1.957312964e+00 -3.870526870e+02 -3.870526870e+02
64701 0 +1.874447741e+00 -3.871355523e+02 -3.871355523e+02
64729 0 +1.861786196e+00 -3.871482138e+02 -3.871482138e+02
65582 0 +1.797643835e+00 -3.872123562e+02 -3.872123562e+02
66097 0 +1.509255336e+00 -3.875007447e+02 -3.875007447e+02
69365 0 +1.473927758e+00 -3.875360722e+02 -3.875360722e+02
69658 0 +1.435197117e+00 -3.875748029e+02 -3.875748029e+02
70002 0 +1.393561991e+00 -3.876164380e+02 -3.876164380e+02
70046 0 +1.371567180e+00 -3.876384328e+02 -3.876384328e+02
70510 0 +1.277582715e+00 -3.877324173e+02 -3.877324173e+02
71331 0 +1.251609369e+00 -3.877583906e+02 -3.877583906e+02
72857 0 +1.230191023e+00 -3.877798090e+02 -3.877798090e+02
73018 0 +1.166991001e+00 -3.878430090e+02 -3.878430090e+02
73461 0 +1.106633927e+00 -3.879033661e+02 -3.879033661e+02
74317 0 +1.065159067e+00 -3.879448409e+02 -3.879448409e+02
75351 0 +1.033479435e+00 -3.879765206e+02 -3.879765206e+02
75928 0 +9.734810446e-01 -3.880365190e+02 -3.880365190e+02
76030 0 +9.027451538e-01 -3.881072548e+02 -3.881072548e+02
77122 0 +8.429543933e-01 -3.881670456e+02 -3.881670456e+02
77400 0 +7.875912587e-01 -3.882224087e+02 -3.882224087e+02
78373 0 +7.526711014e-01 -3.882573289e+02 -3.882573289e+02
78985 0 +7.246757614e-01 -3.882853242e+02 -3.882853242e+02
78994 0 +7.137376017e-01 -3.882962624e+02 -3.882962624e+02
79162 0 +6.756542126e-01 -3.883343458e+02 -3.883343458e+02
79442 0 +6.566783310e-01 -3.883533217e+02 -3.883533217e+02
79558 0 +6.355729959e-01 -3.883744270e+02 -3.883744270e+02
79839 0 +6.303357753e-01 -3.883796642e+02 -3.883796642e+02
80372 0 +6.137584258e-01 -3.883962416e+02 -3.883962416e+02
81169 0 +5.936036886e-01 -3.884163963e+02 -3.884163963e+02
81848 0 +5.879500873e-01 -3.884220499e+02 -3.884220499e+02
82119 0 +5.747179351e-01 -3.884352821e+02 -3.884352821e+02
83653 0 +5.622081263e-01 -3.884477919e+02 -3.884477919e+02
113327 0 +5.527135897e-01 -3.884572864e+02 -3.884572864e+02
% f evaluations | g evaluations | best noise-free fitness - Fopt (-1.455800000000e+02) + sum g_i+ | measured fitness | best measured fitness or single-digit g-values | x1 | x2...
1 0 +3.449670211e+04 +3.435112211e+04 +3.435112211e+04
3832 0 +3.067788561e+04 +3.053230561e+04 +3.053230561e+04
3865 0 +2.974282779e+04 +2.959724779e+04 +2.959724779e+04
3905 0 +2.566351104e+04 +2.551793104e+04 +2.551793104e+04
3915 0 +1.355693823e+04 +1.341135823e+04 +1.341135823e+04
3947 0 +9.500662690e+03 +9.355082690e+03 +9.355082690e+03
4128 0 +7.821909731e+03 +7.676329731e+03 +7.676329731e+03
4208 0 +7.373255318e+03 +7.227675318e+03 +7.227675318e+03
4223 0 +6.941825339e+03 +6.796245339e+03 +6.796245339e+03
4734 0 +6.868590049e+03 +6.723010049e+03 +6.723010049e+03
4809 0 +5.855641518e+03 +5.710061518e+03 +5.710061518e+03
4836 0 +4.206159835e+03 +4.060579835e+03 +4.060579835e+03
4931 0 +3.450872100e+03 +3.305292100e+03 +3.305292100e+03
5073 0 +2.639469045e+03 +2.493889045e+03 +2.493889045e+03
5141 0 +1.746236994e+03 +1.600656994e+03 +1.600656994e+03
5206 0 +1.610122385e+03 +1.464542385e+03 +1.464542385e+03
5245 0 +3.071940891e+02 +1.616140891e+02 +1.616140891e+02
5360 0 +9.026426652e+01 -5.531573348e+01 -5.531573348e+01
6404 0 +5.001504581e+00 -1.405784954e+02 -1.405784954e+02
6902 0 +3.810510507e+00 -1.417694895e+02 -1.417694895e+02
7132 0 +3.791138141e+00 -1.417888619e+02 -1.417888619e+02
7670 0 +3.523300431e+00 -1.420566996e+02 -1.420566996e+02
12018 0 +3.458689041e+00 -1.421213110e+02 -1.421213110e+02
15445 0 +3.129072161e+00 -1.424509278e+02 -1.424509278e+02
20210 0 +2.961229810e+00 -1.426187702e+02 -1.426187702e+02
32268 0 +2.927084802e+00 -1.426529152e+02 -1.426529152e+02
42366 0 +2.799598260e+00 -1.427804017e+02 -1.427804017e+02
43997 0 +2.733311120e+00 -1.428466889e+02 -1.428466889e+02
50347 0 +2.675702532e+00 -1.429042975e+02 -1.429042975e+02
53624 0 +2.489873754e+00 -1.430901262e+02 -1.430901262e+02
57541 0 +2.443073014e+00 -1.431369270e+02 -1.431369270e+02
63736 0 +2.374829106e+00 -1.432051709e+02 -1.432051709e+02
67814 0 +2.254276178e+00 -1.433257238e+02 -1.433257238e+02
69015 0 +2.205640070e+00 -1.433743599e+02 -1.433743599e+02
70629 0 +2.133669408e+00 -1.434463306e+02 -1.434463306e+02
72938 0 +1.898889547e+00 -1.436811105e+02 -1.436811105e+02
74354 0 +1.842504254e+00 -1.437374957e+02 -1.437374957e+02
74884 0 +1.642555979e+00 -1.439374440e+02 -1.439374440e+02
76021 0 +1.483023438e+00 -1.440969766e+02 -1.440969766e+02
76592 0 +1.422219511e+00 -1.441577805e+02 -1.441577805e+02
77683 0 +1.376018920e+00 -1.442039811e+02 -1.442039811e+02
77717 0 +1.336940968e+00 -1.442430590e+02 -1.442430590e+02
78018 0 +1.296355820e+00 -1.442836442e+02 -1.442836442e+02
78158 0 +1.224306117e+00 -1.443556939e+02 -1.443556939e+02
78674 0 +1.196528249e+00 -1.443834718e+02 -1.443834718e+02
78842 0 +1.113340093e+00 -1.444666599e+02 -1.444666599e+02
78899 0 +1.068036926e+00 -1.445119631e+02 -1.445119631e+02
79610 0 +1.041735486e+00 -1.445382645e+02 -1.445382645e+02
79696 0 +9.895073685e-01 -1.445904926e+02 -1.445904926e+02
79714 0 +9.453475964e-01 -1.446346524e+02 -1.446346524e+02
80904 0 +9.086911832e-01 -1.446713088e+02 -1.446713088e+02
81286 0 +8.910157756e-01 -1.446889842e+02 -1.446889842e+02
82313 0 +8.366538561e-01 -1.447433461e+02 -1.447433461e+02
83602 0 +8.140387889e-01 -1.447659612e+02 -1.447659612e+02
83629 0 +7.980906299e-01 -1.447819094e+02 -1.447819094e+02
83677 0 +7.736610789e-01 -1.448063389e+02 -1.448063389e+02
84066 0 +7.517900276e-01 -1.448282100e+02 -1.448282100e+02
84091 0 +7.334002991e-01 -1.448465997e+02 -1.448465997e+02
84113 0 +7.210031361e-01 -1.448589969e+02 -1.448589969e+02
84270 0 +7.057226002e-01 -1.448742774e+02 -1.448742774e+02
84982 0 +6.890288570e-01 -1.448909711e+02 -1.448909711e+02
85187 0 +6.651639939e-01 -1.449148360e+02 -1.449148360e+02
85237 0 +6.548802131e-01 -1.449251198e+02 -1.449251198e+02
86026 0 +6.413924245e-01 -1.449386076e+02 -1.449386076e+02
86447 0 +6.195148867e-01 -1.449604851e+02 -1.449604851e+02
86758 0 +6.128819677e-01 -1.449671180e+02 -1.449671180e+02
87896 0 +6.024687667e-01 -1.449775312e+02 -1.449775312e+02
92340 0 +5.884631035e-01 -1.449915369e+02 -1.449915369e+02
118546 0 +5.872628619e-01 -1.449927371e+02 -1.449927371e+02
