% f evaluations | g evaluations | best noise-free fitness - Fopt (-5.465000000000e+02) + sum g_i+ | measured fitness | best measured fitness or single-digit g-values | x1 | x2...
1 0 +6.592654473e+03 +6.046154473e+03 +6.046154473e+03 +0.0000e+00 +0.0000e+00 +0.0000e+00 +0.0000e+00 +0.0000e+00
14 0 +1.355115659e+03 +8.086156590e+02 +8.086156590e+02 -1.1140e+00 +3.6081e+00 +1.1384e+00 +1.5211e-01 +1.4261e+00
35 0 +4.329869782e+02 -1.135130218e+02 -1.135130218e+02 +2.0429e+00 +3.0109e+00 -9.8465e-01 -1.4474e+00 +2.6840e+00
77 0 +3.487618161e+01 -5.116238184e+02 -5.116238184e+02 -4.1758e-01 +1.6287e+00 -5.2682e-01 -8.1118e-01 +1.3171e+00
125 0 +4.894493175e+00 -5.416055068e+02 -5.416055068e+02 -7.8474e-01 +1.7885e+00 -3.1179e-01 -9.4556e-01 +1.2224e+00
140 0 +3.450381075e+00 -5.430496189e+02 -5.430496189e+02 +2.8882e-02 +2.3680e+00 +1.0515e+00 -1.8168e+00 +2.2108e+00
247 0 +3.141371056e+00 -5.433586289e+02 -5.433586289e+02 -6.2189e-01 +2.5434e+00 +8.6887e-01 -9.2356e-01 +1.8669e+00
313 0 +2.552882438e+00 -5.439471176e+02 -5.439471176e+02 -2.0490e+00 +5.5351e-01 +1.6518e+00 -2.2690e+00 +8.7126e-01
460 0 +2.483043131e+00 -5.440169569e+02 -5.440169569e+02 -6.3781e-03 +2.5872e+00 +1.8251e+00 -1.3670e+00 +2.2570e+00
882 0 +2.151969108e+00 -5.443480309e+02 -5.443480309e+02 +6.0370e-01 +2.0219e+00 +9.0364e-02 -1.4512e+00 +1.1255e+00
1089 0 +2.087837221e+00 -5.444121628e+02 -5.444121628e+02 -7.6847e-01 +2.4875e+00 +1.5166e-02 -1.4546e+00 +1.1127e+00
2720 0 +1.867845278e+00 -5.446321547e+02 -5.446321547e+02 -2.2690e+00 +2.1739e+00 +2.0670e+00 -1.6223e+00 +1.5965e+00
2838 0 +1.552609805e+00 -5.449473902e+02 -5.449473902e+02 -2.0297e+00 +1.3612e+00 +2.2669e+00 -2.0877e+00 +1.3392e+00
2978 0 +1.515795995e+00 -5.449842040e+02 -5.449842040e+02 -1.9713e+00 -4.3441e-01 +2.8682e+00 -1.9483e+00 +1.0086e+00
3433 0 +1.113818939e+00 -5.453861811e+02 -5.453861811e+02 -2.2341e+00 +1.9697e+00 +2.1714e+00 -2.1555e+00 +1.7257e+00
7657 0 +8.510669925e-01 -5.456489330e+02 -5.456489330e+02 -9.9407e-01 +2.3307e+00 +7.2441e-02 -2.6005e+00 +1.9922e+00
7861 0 +7.779305773e-01 -5.457220694e+02 -5.457220694e+02 -1.0467e+00 +2.3238e+00 +1.9534e+00 -2.1624e+00 +2.0898e+00
7877 0 +6.884618905e-01 -5.458115381e+02 -5.458115381e+02 -1.0536e+00 +2.3866e+00 +2.0007e+00 -2.1445e+00 +2.0505e+00
8416 0 +5.324659675e-01 -5.459675340e+02 -5.459675340e+02 -1.0605e+00 +2.3241e+00 +2.0339e+00 -2.1314e+00 +2.0790e+00
8561 0 +5.191831555e-01 -5.459808168e+02 -5.459808168e+02 -1.0194e+00 +2.3716e+00 +1.9986e+00 -2.1428e+00 +2.0786e+00
8820 0 +4.720612802e-01 -5.460279387e+02 -5.460279387e+02 -1.0036e+00 +2.3771e+00 +2.0638e+00 -2.1292e+00 +2.1014e+00
8996 0 +4.628999735e-01 -5.460371000e+02 -5.460371000e+02 -9.7948e-01 +2.3987e+00 +2.0155e+00 -2.1295e+00 +2.1027e+00
9071 0 +4.442927186e-01 -5.460557073e+02 -5.460557073e+02 -1.0165e+00 +2.3613e+00 +2.0483e+00 -2.1177e+00 +2.1076e+00
9356 0 +4.359207496e-01 -5.460640793e+02 -5.460640793e+02 -1.0164e+00 +2.3719e+00 +2.0369e+00 -2.1177e+00 +2.1026e+00
12008 0 +4.342793388e-01 -5.460657207e+02 -5.460657207e+02 -1.0191e+00 +2.3763e+00 +2.0370e+00 -2.1218e+00 +2.1006e+00
% f evaluations | g evaluations | best noise-free fitness - Fopt (1.000000000000e+03) + sum g_i+ | measured fitness | best measured fitness or single-digit g-values | x1 | x2...
1 0 +6.592654473e+03 +7.592654473e+03 +7.592654473e+03 +0.0000e+00 +0.0000e+00 +0.0000e+00 +0.0000e+00 +0.0000e+00
2 0 +5.168968580e+03 +6.168968580e+03 +6.168968580e+03 +7.1910e-01 +2.2217e-01 -1.4499e+00 -3.9505e+00 -1.1269e+00
8 0 +6.737027298e+02 +1.673702730e+03 +1.673702730e+03 -2.4286e+00 -1.9576e+00 -3.5724e+00 -2.3285e+00 -1.1423e+00
17 0 +6.236226940e+00 +1.006236227e+03 +1.006236227e+03 -2.5777e+00 +4.0905e-01 -2.4450e+00 -1.5376e+00 -1.9662e+00
128 0 +4.198280517e+00 +1.004198281e+03 +1.004198281e+03 -7.5957e-01 -7.4211e-02 -1.4545e-01 -6.5974e-01 -1.8676e+00
180 0 +3.577369130e+00 +1.003577369e+03 +1.003577369e+03 -7.9859e-01 +2.4519e+00 -6.0242e-01 -1.7849e+00 -1.1465e+00
189 0 +3.085028438e+00 +1.003085028e+03 +1.003085028e+03 -5.4702e-01 +2.4144e+00 -3.8621e-01 -2.0317e+00 -1.7527e+00
267 0 +2.627254817e+00 +1.002627255e+03 +1.002627255e+03 +7.1765e-01 +2.9097e+00 -1.9202e+00 -1.8498e+00 -1.0749e+00
406 0 +2.348684649e+00 +1.002348685e+03 +1.002348685e+03 +2.4496e+00 +3.2143e+00 -1.5798e+00 -2.2085e+00 -2.0146e+00
934 0 +2.306095283e+00 +1.002306095e+03 +1.002306095e+03 +1.5332e+00 +3.0802e+00 -8.5617e-01 -1.9660e+00 -1.4729e+00
992 0 +1.587607001e+00 +1.001587607e+03 +1.001587607e+03 -2.2393e+00 +2.0061e+00 -2.2705e+00 -2.0484e+00 -1.5765e+00
4775 0 +1.403500435e+00 +1.001403500e+03 +1.001403500e+03 -2.3553e+00 +2.1048e+00 -2.1253e+00 -2.1496e+00 -1.2172e+00
4977 0 +1.216278918e+00 +1.001216279e+03 +1.001216279e+03 -1.9045e+00 +1.2891e+00 -2.3558e+00 -2.0265e+00 -9.5868e-01
5602 0 +1.063205406e+00 +1.001063205e+03 +1.001063205e+03 -1.9240e+00 +1.3498e+00 -2.2838e+00 -2.0621e+00 -1.0004e+00
6021 0 +9.742323048e-01 +1.000974232e+03 +1.000974232e+03 -2.2357e+00 +1.2250e+00 -2.3762e+00 -2.0134e+00 -9.8496e-01
6152 0 +6.519435496e-01 +1.000651944e+03 +1.000651944e+03 -2.0962e+00 +2.0169e+00 -2.2006e+00 -2.0522e+00 -9.9832e-01
10997 0 +6.519435496e-01 +1.000651944e+03 +1.000651944e+03 -2.0962e+00 +2.0169e+00 -2.2006e+00 -2.0522e+00 -9.9832e-01
% f evaluations | g evaluations | best noise-free fitness - Fopt (2.083800000000e+02) + sum g_i+ | measured fitness | best measured fitness or single-digit g-values | x1 | x2...
1 0 +6.592654473e+03 +6.801034473e+03 +6.801034473e+03 +0.0000e+00 +0.0000e+00 +0.0000e+00 +0.0000e+00 +0.0000e+00
3 0 +5.256857954e+03 +5.465237954e+03 +5.465237954e+03 +3.7679e+00 +2.7148e+00 -2.1860e+00 +2.8326e+00 +2.6745e+00
12 0 +2.128470459e+03 +2.336850459e+03 +2.336850459e+03 +3.4004e+00 +9.3885e-01 -1.3172e+00 +3.0306e+00 +2.2239e+00
16 0 +1.516103694e+03 +1.724483694e+03 +1.724483694e+03 +3.7241e+00 +2.5421e+00 -1.3534e+00 +3.4196e+00 +1.0992e+00
28 0 +3.256275378e+02 +5.340075378e+02 +5.340075378e+02 +3.2991e+00 +1.0567e+00 -3.4407e-01 +3.0281e+00 +1.8273e+00
50 0 +1.268540503e+02 +3.352340503e+02 +3.352340503e+02 +3.0529e+00 +1.1216e-01 +1.5151e-01 +2.7101e+00 +1.3849e+00
62 0 +5.350213013e+00 +2.137302130e+02 +2.137302130e+02 +2.1054e+00 +3.2022e+00 -7.7779e-01 +2.5713e+00 +1.7864e+00
73 0 +4.447232279e+00 +2.128272323e+02 +2.128272323e+02 +1.7250e+00 +2.4228e+00 -3.9494e-01 +2.6330e+00 +1.4490e+00
88 0 +3.530717102e+00 +2.119107171e+02 +2.119107171e+02 +1.6063e+00 +2.3148e+00 +1.7048e+00 +2.2849e+00 +1.3969e+00
156 0 +3.230092544e+00 +2.116100925e+02 +2.116100925e+02 +1.6734e+00 +1.7957e+00 +5.5576e-01 +2.5124e+00 +1.5454e+00
182 0 +2.043759437e+00 +2.104237594e+02 +2.104237594e+02 +2.4704e+00 +3.3156e+00 +1.8335e+00 +1.5297e+00 +1.1205e+00
551 0 +1.904475915e+00 +2.102844759e+02 +2.102844759e+02 +3.3676e-01 +8.2519e-02 +2.6184e+00 +2.0202e+00 +1.0339e+00
1482 0 +1.463680530e+00 +2.098436805e+02 +2.098436805e+02 +1.5118e+00 +2.2706e-01 +2.5964e+00 +1.9748e+00 +1.6201e+00
4933 0 +1.419519955e+00 +2.097995200e+02 +2.097995200e+02 -2.0497e+00 -5.4066e-01 +2.7588e+00 +1.9502e+00 +1.1170e+00
4951 0 +9.878485574e-01 +2.093678486e+02 +2.093678486e+02 -2.2188e+00 -6.9920e-01 +2.7651e+00 +1.9185e+00 +1.0582e+00
5026 0 +8.474496489e-01 +2.092274496e+02 +2.092274496e+02 -2.2703e+00 -6.0431e-01 +2.7554e+00 +1.9669e+00 +1.0078e+00
5075 0 +6.584668819e-01 +2.090384669e+02 +2.090384669e+02 -2.1279e+00 -5.5850e-01 +2.7432e+00 +1.9023e+00 +1.0125e+00
5348 0 +5.698231964e-01 +2.089498232e+02 +2.089498232e+02 -2.1523e+00 -5.5530e-01 +2.7720e+00 +1.9366e+00 +2.0968e+00
6606 0 +3.852017083e-01 +2.087652017e+02 +2.087652017e+02 -2.0697e+00 -6.6894e-01 +2.8362e+00 +1.9282e+00 +2.1453e+00
6777 0 +3.157426040e-01 +2.086957426e+02 +2.086957426e+02 -2.0562e+00 -5.6290e-01 +2.8018e+00 +1.9407e+00 +2.1497e+00
7542 0 +3.089197853e-01 +2.086889198e+02 +2.086889198e+02 -2.0997e+00 -5.6538e-01 +2.8014e+00 +1.9145e+00 +2.1527e+00
7986 0 +2.737772141e-01 +2.086537772e+02 +2.086537772e+02 -2.0596e+00 -5.6817e-01 +2.7672e+00 +1.9423e+00 +2.1474e+00
10552 0 +2.592852824e-01 +2.086392853e+02 +2.086392853e+02 -2.0912e+00 -5.9212e-01 +2.7996e+00 +1.9223e+00 +2.1504e+00
10768 0 +2.415973224e-01 +2.086215973e+02 +2.086215973e+02 -2.1064e+00 -6.0942e-01 +2.7917e+00 +1.9346e+00 +2.1522e+00
10855 0 +2.388873408e-01 +2.086188873e+02 +2.086188873e+02 -2.1091e+00 -5.9932e-01 +2.7819e+00 +1.9356e+00 +2.1483e+00
13775 0 +2.368766692e-01 +2.086168767e+02 +2.086168767e+02 -2.1048e+00 -6.0787e-01 +2.7830e+00 +1.9353e+00 +2.1472e+00
% f evaluations | g evaluations | best noise-free fitness - Fopt (-1.449600000000e+02) + sum g_i+ | measured fitness | best measured fitness or single-digit g-values | x1 | x2...
1 0 +6.592654473e+03 +6.447694473e+03 +6.447694473e+03 +0.0000e+00 +0.0000e+00 +0.0000e+00 +0.0000e+00 +0.0000e+00
3 0 +1.988736217e+03 +1.843776217e+03 +1.843776217e+03 +9.2463e-01 -4.0714e+00 +9.7237e-01 -8.2479e-01 -3.8348e-01
4 0 +2.658869459e+00 -1.423011305e+02 -1.423011305e+02 -1.9479e+00 -6.6689e-01 -5.5466e-01 -2.4384e+00 -1.7343e+00
306 0 +1.647241795e+00 -1.433127582e+02 -1.433127582e+02 -3.8082e-01 +3.0152e-01 -2.6910e+00 -4.0007e-01 -2.5629e+00
1049 0 +1.552567522e+00 -1.434074325e+02 -1.434074325e+02 -3.7232e-01 -2.5625e+00 -2.0322e+00 -2.2136e+00 -9.0457e-01
4295 0 +1.301568076e+00 -1.436584319e+02 -1.436584319e+02 -2.0286e+00 -2.2696e+00 -1.3776e+00 -2.2961e+00 -8.9250e-01
4841 0 +1.004852342e+00 -1.439551477e+02 -1.439551477e+02 -2.1433e+00 -2.1629e+00 -1.3930e+00 -2.2640e+00 -9.2781e-01
6881 0 +6.538107833e-01 -1.443061892e+02 -1.443061892e+02 -2.0837e+00 -2.0430e+00 -1.4932e+00 -2.2097e+00 -2.0813e+00
8645 0 +5.601791498e-01 -1.443998209e+02 -1.443998209e+02 -2.0132e+00 -2.0942e+00 -1.5131e+00 -2.2676e+00 -2.0596e+00
8646 0 +5.243680692e-01 -1.444356319e+02 -1.444356319e+02 -2.0929e+00 -2.0787e+00 -1.5271e+00 -2.2762e+00 -2.0721e+00
8663 0 +4.519825971e-01 -1.445080174e+02 -1.445080174e+02 -2.1200e+00 -2.0759e+00 -1.5083e+00 -2.2537e+00 -2.0626e+00
10845 0 +4.400115973e-01 -1.445199884e+02 -1.445199884e+02 -2.1089e+00 -2.0904e+00 -1.4930e+00 -2.2626e+00 -2.0670e+00
11024 0 +4.364610353e-01 -1.445235390e+02 -1.445235390e+02 -2.1078e+00 -2.1114e+00 -1.4930e+00 -2.2547e+00 -2.0698e+00
14006 0 +4.342793388e-01 -1.445257207e+02 -1.445257207e+02 -2.1048e+00 -2.1048e+00 -1.4943e+00 -2.2575e+00 -2.0667e+00
% f evaluations | g evaluations | best noise-free fitness - Fopt (-6.300000000000e+00) + sum g_i+ | measured fitness | best measured fitness or single-digit g-values | x1 | x2...
1 0 +6.592654473e+03 +6.586354473e+03 +6.586354473e+03 +0.0000e+00 +0.0000e+00 +0.0000e+00 +0.0000e+00 +0.0000e+00
10 0 +4.004269767e+00 -2.295730233e+00 -2.295730233e+00 -1.4616e+00 -6.9941e-01 -1.1803e+00 +8.8807e-01 -2.1700e+00
56 0 +3.011084097e+00 -3.288915903e+00 -3.288915903e+00 -1.6764e+00 -2.0310e-01 -2.4586e+00 +4.0957e-01 -2.0253e+00
246 0 +2.179792967e+00 -4.120207033e+00 -4.120207033e+00 -1.5389e+00 -4.3917e-01 -1.9040e+00 +2.1603e+00 -1.3202e+00
1933 0 +1.889013779e+00 -4.410986221e+00 -4.410986221e+00 +1.9585e+00 +5.1055e-01 -2.6900e+00 +1.5185e+00 -1.3428e+00
2749 0 +1.788161737e+00 -4.511838263e+00 -4.511838263e+00 -1.4262e+00 -1.0248e+00 -1.8694e+00 +2.1484e+00 -2.0863e+00
2811 0 +1.294371045e+00 -5.005628955e+00 -5.005628955e+00 +2.2853e+00 -2.0983e+00 -2.0183e+00 +2.0313e+00 -2.1759e+00
7852 0 +1.277432454e+00 -5.022567546e+00 -5.022567546e+00 -1.3578e+00 -3.1400e-01 -2.4713e+00 +2.0634e+00 -2.1587e+00
7888 0 +9.303906973e-01 -5.369609303e+00 -5.369609303e+00 -1.4603e+00 -2.2624e-01 -2.5048e+00 +1.9472e+00 -2.1237e+00
7931 0 +8.092890841e-01 -5.490710916e+00 -5.490710916e+00 -1.4365e+00 -1.6364e-01 -2.5606e+00 +2.0033e+00 -2.1164e+00
8066 0 +7.390230482e-01 -5.560976952e+00 -5.560976952e+00 -1.4261e+00 -1.9443e-01 -2.6272e+00 +1.9884e+00 -2.1289e+00
8288 0 +5.902828013e-01 -5.709717199e+00 -5.709717199e+00 -1.4776e+00 -3.2359e-01 -2.5245e+00 +2.0265e+00 -2.1102e+00
8318 0 +5.612766988e-01 -5.738723301e+00 -5.738723301e+00 -1.5329e+00 -2.5362e-01 -2.5517e+00 +2.0095e+00 -2.1150e+00
8454 0 +5.272339659e-01 -5.772766034e+00 -5.772766034e+00 -1.5479e+00 -2.9375e-01 -2.5446e+00 +2.0056e+00 -2.1134e+00
8505 0 +5.142876172e-01 -5.785712383e+00 -5.785712383e+00 -1.5037e+00 -3.0538e-01 -2.5374e+00 +1.9976e+00 -2.1149e+00
8523 0 +5.069769996e-01 -5.793023000e+00 -5.793023000e+00 -1.5133e+00 -2.8118e-01 -2.5577e+00 +1.9897e+00 -2.1504e+00
8622 0 +4.993338358e-01 -5.800666164e+00 -5.800666164e+00 -1.5375e+00 -2.9953e-01 -2.5556e+00 +1.9849e+00 -2.1475e+00
8681 0 +4.827271965e-01 -5.817272804e+00 -5.817272804e+00 -1.5282e+00 -2.9043e-01 -2.5673e+00 +1.9858e+00 -2.1385e+00
8828 0 +4.785730690e-01 -5.821426931e+00 -5.821426931e+00 -1.5004e+00 -3.0171e-01 -2.5541e+00 +1.9923e+00 -2.1285e+00
11473 0 +4.737533385e-01 -5.826246662e+00 -5.826246662e+00 -1.5126e+00 -2.9649e-01 -2.5569e+00 +1.9918e+00 -2.1331e+00
% f evaluations | g evaluations | best noise-free fitness - Fopt (-1.367600000000e+02) + sum g_i+ | measured fitness | best measured fitness or single-digit g-values | x1 | x2...
1 0 +6.592654473e+03 +6.455894473e+03 +6.455894473e+03 +0.0000e+00 +0.0000e+00 +0.0000e+00 +0.0000e+00 +0.0000e+00
16 0 +4.667131862e+03 +4.530371862e+03 +4.530371862e+03 -2.6883e+00 -1.5153e+00 +2.2545e+00 +2.6903e+00 -1.3237e+00
25 0 +3.293507905e+03 +3.156747905e+03 +3.156747905e+03 -2.0472e+00 -2.1909e+00 +1.8384e+00 +4.6741e-01 -1.5650e+00
35 0 +1.768279791e+03 +1.631519791e+03 +1.631519791e+03 -1.4857e+00 -1.6866e+00 -3.4535e+00 +2.3783e+00 -1.8013e+00
36 0 +1.614544878e+03 +1.477784878e+03 +1.477784878e+03 +1.0644e+00 -1.0025e+00 -9.2344e-01 +3.3655e+00 -2.1235e+00
43 0 +1.240674069e+03 +1.103914069e+03 +1.103914069e+03 -1.2415e+00 -6.7230e-01 +1.8126e-01 +3.3821e+00 -2.2918e+00
49 0 +8.741622424e+02 +7.374022424e+02 +7.374022424e+02 -1.0894e+00 -6.9979e-01 -3.5073e+00 +1.9329e+00 -2.2210e+00
50 0 +4.595537903e+00 -1.321644621e+02 -1.321644621e+02 +3.9347e-01 -9.0986e-01 -2.2125e+00 +1.0627e+00 -1.1102e+00
56 0 +4.431495224e+00 -1.323285048e+02 -1.323285048e+02 -1.7557e+00 -4.3925e-01 -2.2180e+00 +1.1422e+00 -1.3944e+00
115 0 +4.056022553e+00 -1.327039774e+02 -1.327039774e+02 +1.2558e+00 +1.8635e-01 -2.4525e+00 +2.0992e+00 -1.3042e+00
176 0 +3.603866426e+00 -1.331561336e+02 -1.331561336e+02 -2.2784e-01 -5.4890e-01 -2.4243e+00 +1.8038e+00 -2.1095e+00
181 0 +2.987294707e+00 -1.337727053e+02 -1.337727053e+02 +8.2496e-01 +3.0214e-01 -7.6390e-01 +4.9042e-01 -1.5752e+00
223 0 +2.428617373e+00 -1.343313826e+02 -1.343313826e+02 +1.8340e+00 -2.2470e+00 -1.3356e+00 +1.1212e+00 -1.2254e+00
256 0 +2.348439573e+00 -1.344115604e+02 -1.344115604e+02 +2.0094e+00 -4.6657e-01 -1.8899e+00 +1.4412e+00 -1.1405e+00
470 0 +1.684934952e+00 -1.350750650e+02 -1.350750650e+02 -1.5950e+00 -3.0338e+00 -3.4304e-01 +1.7607e+00 -2.2019e+00
1535 0 +1.417752778e+00 -1.353422472e+02 -1.353422472e+02 +2.0372e+00 +4.9191e-01 -2.7367e+00 +7.4843e-01 -1.3082e+00
2390 0 +1.320143302e+00 -1.354398567e+02 -1.354398567e+02 -1.4304e+00 -2.5193e-01 -2.5139e+00 +4.6968e-01 -2.1765e+00
3063 0 +1.317095402e+00 -1.354429046e+02 -1.354429046e+02 +2.0855e+00 +5.3993e-01 -2.6741e+00 +4.8563e-01 -1.3262e+00
3155 0 +1.114506558e+00 -1.356454934e+02 -1.356454934e+02 +1.9561e+00 +5.7365e-01 -2.6896e+00 +4.8798e-01 -2.4861e+00
3709 0 +9.535175367e-01 -1.358064825e+02 -1.358064825e+02 +2.0550e+00 +5.4340e-01 -2.7446e+00 +4.2948e-01 -1.4192e+00
3732 0 +8.844606709e-01 -1.358755393e+02 -1.358755393e+02 +2.0018e+00 +5.8775e-01 -2.8067e+00 +4.3160e-01 -1.3791e+00
3955 0 +7.717490707e-01 -1.359882509e+02 -1.359882509e+02 +2.1613e+00 +6.0814e-01 -2.7823e+00 +4.0954e-01 -1.3688e+00
4170 0 +7.455406937e-01 -1.360144593e+02 -1.360144593e+02 +2.1320e+00 +5.9476e-01 -2.7896e+00 +4.2555e-01 -1.3821e+00
4225 0 +7.365948515e-01 -1.360234051e+02 -1.360234051e+02 +2.1003e+00 +6.0482e-01 -2.7931e+00 +4.2439e-01 -1.3737e+00
4447 0 +7.205555441e-01 -1.360394445e+02 -1.360394445e+02 +2.1067e+00 +5.8967e-01 -2.7890e+00 +4.0940e-01 -1.3848e+00
7703 0 +7.106300077e-01 -1.360493700e+02 -1.360493700e+02 +2.1048e+00 +6.0787e-01 -2.7830e+00 +4.0983e-01 -1.3847e+00
% f evaluations | g evaluations | best noise-free fitness - Fopt (3.667500000000e+02) + sum g_i+ | measured fitness | best measured fitness or single-digit g-values | x1 | x2...
1 0 +6.592654473e+03 +6.959404473e+03 +6.959404473e+03 +0.0000e+00 +0.0000e+00 +0.0000e+00 +0.0000e+00 +0.0000e+00
10 0 +6.195566715e+03 +6.562316715e+03 +6.562316715e+03 -1.8744e+00 -3.1054e+00 +9.9945e-01 -1.1798e+00 +2.4393e+00
18 0 +1.931767045e+03 +2.298517045e+03 +2.298517045e+03 +4.5053e-01 -8.4454e-01 +2.5574e-01 -2.7197e-01 +2.9957e+00
31 0 +3.295966875e+00 +3.700459669e+02 +3.700459669e+02 +9.3844e-01 -6.8085e-01 +1.4088e+00 +7.7357e-01 +2.3940e+00
91 0 +2.790513476e+00 +3.695405135e+02 +3.695405135e+02 -1.2051e+00 +3.3918e-01 +6.8526e-01 +1.5423e+00 +1.6837e+00
288 0 +2.161822661e+00 +3.689118227e+02 +3.689118227e+02 -2.2864e+00 -2.2143e+00 +2.0509e+00 +1.1631e+00 +1.4607e+00
736 0 +1.975138598e+00 +3.687251386e+02 +3.687251386e+02 +1.5305e+00 -3.3815e-01 +9.9435e-01 +1.4974e+00 +2.2755e+00
2300 0 +1.757334337e+00 +3.685073343e+02 +3.685073343e+02 -2.3085e-01 -2.8770e-02 +2.7198e+00 +1.9651e+00 +2.1490e+00
4966 0 +1.470905127e+00 +3.682209051e+02 +3.682209051e+02 -2.1085e+00 +6.2540e-01 +2.1364e+00 +1.5599e+00 +2.2522e+00
7994 0 +1.416410697e+00 +3.681664107e+02 +3.681664107e+02 -2.0387e+00 -2.0956e+00 +6.2229e-01 +2.4921e+00 +1.6118e+00
8010 0 +1.215225384e+00 +3.679652254e+02 +3.679652254e+02 -2.0352e+00 -2.0874e+00 +6.2410e-01 +2.5655e+00 +2.0114e+00
8723 0 +1.006876847e+00 +3.677568768e+02 +3.677568768e+02 -2.1446e+00 -2.0795e+00 -6.0688e-05 +1.1351e+00 +1.2245e+00
8991 0 +3.420861932e-01 +3.670920862e+02 +3.670920862e+02 -2.1264e+00 -2.0980e+00 +5.9745e-02 +2.6228e+00 +1.9446e+00
12616 0 +1.432153911e-01 +3.668932154e+02 +3.668932154e+02 -2.1391e+00 -2.1165e+00 +2.0527e+00 +2.1080e+00 +2.0833e+00
18256 0 +1.432153911e-01 +3.668932154e+02 +3.668932154e+02 -2.1391e+00 -2.1165e+00 +2.0527e+00 +2.1080e+00 +2.0833e+00
% f evaluations | g evaluations | best noise-free fitness - Fopt (-2.486900000000e+02) + sum g_i+ | measured fitness | best measured fitness or single-digit g-values | x1 | x2...
1 0 +6.592654473e+03 +6.343964473e+03 +6.343964473e+03 +0.0000e+00 +0.0000e+00 +0.0000e+00 +0.0000e+00 +0.0000e+00
25 0 +3.399853277e+03 +3.151163277e+03 +3.151163277e+03 +5.9345e-01 +3.4920e-01 -6.0490e-01 +1.3356e+00 -3.2460e+00
29 0 +8.820453370e+02 +6.333553370e+02 +6.333553370e+02 +1.9435e+00 -2.9550e+00 -1.1663e+00 +2.1764e+00 -2.5334e+00
38 0 +7.037969422e+02 +4.551069422e+02 +4.551069422e+02 +3.2204e+00 +2.1514e+00 +9.5214e-02 +1.8469e+00 -2.1312e+00
65 0 +4.632464890e+02 +2.145564890e+02 +2.145564890e+02 +3.1712e+00 +2.1050e+00 +2.7774e-01 +8.5072e-01 -9.3781e-01
93 0 +4.509481246e+02 +2.022581246e+02 +2.022581246e+02 +3.1224e+00 +1.9566e+00 +9.4347e-01 +1.5312e-01 -1.6287e+00
96 0 +3.387147718e+02 +9.002477183e+01 +9.002477183e+01 +3.0017e+00 +2.1445e+00 +1.7226e+00 +7.3991e-01 -1.4887e+00
111 0 +2.781113774e+02 +2.942137735e+01 +2.942137735e+01 +1.2524e+00 -2.5619e+00 +1.0834e+00 +6.9550e-02 -2.6408e+00
123 0 +1.422857377e+02 -1.064042623e+02 -1.064042623e+02 +7.0073e-02 -3.3482e+00 +9.3663e-01 +5.8109e-01 -1.7369e+00
131 0 +4.015029143e+00 -2.446749709e+02 -2.446749709e+02 +2.2587e+00 -9.7417e-01 +1.4352e+00 +9.0559e-01 -1.7155e+00
133 0 +2.833867065e+00 -2.458561329e+02 -2.458561329e+02 +2.1831e+00 -2.7997e-02 +2.6166e+00 +6.4279e-01 -1.6894e+00
161 0 +2.410327034e+00 -2.462796730e+02 -2.462796730e+02 +2.1346e+00 -1.9902e+00 +3.7402e-02 +1.9750e+00 -1.4363e+00
490 0 +2.149426124e+00 -2.465405739e+02 -2.465405739e+02 +2.2978e-01 -2.5769e+00 +1.9767e+00 +1.4964e+00 -1.1345e+00
602 0 +1.839528534e+00 -2.468504715e+02 -2.468504715e+02 +1.8533e+00 -1.2814e+00 +2.2958e+00 +1.9809e+00 -1.7771e+00
1227 0 +1.483112389e+00 -2.472068876e+02 -2.472068876e+02 +2.1628e+00 +6.7099e-01 +2.1135e+00 +2.1334e+00 -1.7836e+00
2120 0 +1.250726694e+00 -2.474392733e+02 -2.474392733e+02 +1.9357e+00 -2.1037e+00 +9.1000e-01 +2.4310e+00 -1.9985e+00
3899 0 +1.077786079e+00 -2.476122139e+02 -2.476122139e+02 -1.3770e+00 -3.0990e+00 +1.8608e+00 +2.1225e+00 -2.0437e+00
4009 0 +6.548605808e-01 -2.480351394e+02 -2.480351394e+02 +2.1853e+00 -2.1226e+00 +2.0336e+00 +2.0940e+00 -2.1710e+00
4729 0 +3.571692086e-01 -2.483328308e+02 -2.483328308e+02 +2.1865e+00 -2.0278e+00 +2.0905e+00 +2.0811e+00 -2.1506e+00
21192 0 +3.571692086e-01 -2.483328308e+02 -2.483328308e+02 +2.1865e+00 -2.0278e+00 +2.0905e+00 +2.0811e+00 -2.1506e+00
% f evaluations | g evaluations | best noise-free fitness - Fopt (-6.786000000000e+01) + sum g_i+ | measured fitness | best measured fitness or single-digit g-values | x1 | x2...
1 0 +6.592654473e+03 +6.524794473e+03 +6.524794473e+03 +0.0000e+00 +0.0000e+00 +0.0000e+00 +0.0000e+00 +0.0000e+00
20 0 +4.320545629e+00 -6.353945437e+01 -6.353945437e+01 -1.4408e+00 +1.5986e+00 +1.1022e+00 +1.9208e+00 -1.4674e+00
136 0 +3.605035784e+00 -6.425496422e+01 -6.425496422e+01 +6.8364e-01 +1.6154e+00 +6.6248e-02 +2.1080e+00 -1.8177e+00
142 0 +2.440333852e+00 -6.541966615e+01 -6.541966615e+01 +5.1940e-01 +2.7291e+00 -9.2662e-02 +2.2452e+00 -1.1439e+00
320 0 +2.372178047e+00 -6.548782195e+01 -6.548782195e+01 -3.4607e-01 +2.4851e+00 +1.8433e+00 +1.7002e+00 -1.8570e+00
762 0 +1.907066826e+00 -6.595293317e+01 -6.595293317e+01 -2.1356e+00 +2.0101e+00 +1.5211e+00 +1.5627e+00 -1.9024e+00
909 0 +1.873398136e+00 -6.598660186e+01 -6.598660186e+01 -2.0208e+00 +2.1702e+00 +2.0292e+00 +1.1159e+00 -1.7859e+00
964 0 +1.636872150e+00 -6.622312785e+01 -6.622312785e+01 -2.5128e-01 +2.4372e+00 +1.9674e+00 +6.7635e-01 -2.4845e+00
1005 0 +1.529065036e+00 -6.633093496e+01 -6.633093496e+01 -2.0725e+00 +2.1406e+00 +2.1675e+00 +1.3124e+00 -1.4430e+00
1736 0 +1.439395846e+00 -6.642060415e+01 -6.642060415e+01 -2.1793e+00 +2.1690e+00 +2.2204e+00 +1.5794e+00 -1.0989e+00
3080 0 +1.367214708e+00 -6.649278529e+01 -6.649278529e+01 -2.3433e+00 +2.0711e+00 +2.0629e+00 +6.8937e-01 -2.4359e+00
3082 0 +9.904052485e-01 -6.686959475e+01 -6.686959475e+01 -2.0760e+00 +1.9179e+00 +2.1333e+00 +5.8268e-01 -2.4455e+00
3295 0 +9.387204700e-01 -6.692127953e+01 -6.692127953e+01 -2.2596e+00 +2.0864e+00 +2.1397e+00 +9.2231e-01 -2.4218e+00
3323 0 +7.323426591e-01 -6.712765734e+01 -6.712765734e+01 -2.1599e+00 +2.0305e+00 +2.0934e+00 +6.6794e-01 -2.4540e+00
3344 0 +7.079230661e-01 -6.715207693e+01 -6.715207693e+01 -2.2395e+00 +2.1018e+00 +2.1812e+00 +6.0255e-01 -2.4821e+00
3346 0 +3.772431211e-01 -6.748275688e+01 -6.748275688e+01 -2.1510e+00 +2.1557e+00 +2.0868e+00 +6.1222e-01 -2.4841e+00
4663 0 +8.636168611e-02 -6.777363831e+01 -6.777363831e+01 -2.0621e+00 +2.1083e+00 +2.0989e+00 +2.1162e+00 -2.1266e+00
4708 0 +7.406612940e-02 -6.778593387e+01 -6.778593387e+01 -2.0822e+00 +2.1057e+00 +2.0848e+00 +2.0798e+00 -2.1184e+00
4857 0 +2.303556790e-02 -6.783696443e+01 -6.783696443e+01 -2.0871e+00 +2.0972e+00 +2.0959e+00 +2.0991e+00 -2.1161e+00
4935 0 +1.007048347e-02 -6.784992952e+01 -6.784992952e+01 -2.1166e+00 +2.0893e+00 +2.1026e+00 +2.1008e+00 -2.1117e+00
5287 0 +8.135499121e-03 -6.785186450e+01 -6.785186450e+01 -2.1017e+00 +2.1129e+00 +2.1159e+00 +2.1063e+00 -2.1020e+00
5290 0 +3.436285395e-03 -6.785656371e+01 -6.785656371e+01 -2.1087e+00 +2.1124e+00 +2.1062e+00 +2.1099e+00 -2.1031e+00
5412 0 +1.631153335e-03 -6.785836885e+01 -6.785836885e+01 -2.0964e+00 +2.1107e+00 +2.1020e+00 +2.1086e+00 -2.1030e+00
5528 0 +8.753849029e-04 -6.785912462e+01 -6.785912462e+01 -2.1107e+00 +2.1058e+00 +2.1077e+00 +2.1027e+00 -2.1053e+00
5622 0 +7.257831354e-04 -6.785927422e+01 -6.785927422e+01 -2.1035e+00 +2.1026e+00 +2.1060e+00 +2.1072e+00 -2.1056e+00
5640 0 +6.416363869e-04 -6.785935836e+01 -6.785935836e+01 -2.1020e+00 +2.1036e+00 +2.1055e+00 +2.1071e+00 -2.1055e+00
5742 0 +4.271806051e-04 -6.785957282e+01 -6.785957282e+01 -2.0998e+00 +2.1036e+00 +2.1051e+00 +2.1056e+00 -2.1050e+00
5771 0 +2.112704795e-04 -6.785978873e+01 -6.785978873e+01 -2.1034e+00 +2.1054e+00 +2.1060e+00 +2.1031e+00 -2.1058e+00
5803 0 +1.873210381e-04 -6.785981268e+01 -6.785981268e+01 -2.1080e+00 +2.1054e+00 +2.1059e+00 +2.1045e+00 -2.1050e+00
5875 0 +1.324025555e-04 -6.785986760e+01 -6.785986760e+01 -2.1077e+00 +2.1038e+00 +2.1044e+00 +2.1051e+00 -2.1053e+00
5884 0 +1.207777994e-04 -6.785987922e+01 -6.785987922e+01 -2.1048e+00 +2.1032e+00 +2.1040e+00 +2.1046e+00 -2.1045e+00
5886 0 +5.240253446e-05 -6.785994760e+01 -6.785994760e+01 -2.1048e+00 +2.1050e+00 +2.1042e+00 +2.1044e+00 -2.1045e+00
5992 0 +1.548402672e-05 -6.785998452e+01 -6.785998452e+01 -2.1049e+00 +2.1053e+00 +2.1044e+00 +2.1052e+00 -2.1050e+00
6202 0 +1.418076909e-05 -6.785998582e+01 -6.785998582e+01 -2.1045e+00 +2.1042e+00 +2.1048e+00 +2.1050e+00 -2.1047e+00
6221 0 +9.650042372e-06 -6.785999035e+01 -6.785999035e+01 -2.1055e+00 +2.1050e+00 +2.1047e+00 +2.1049e+00 -2.1046e+00
6266 0 +8.087806137e-06 -6.785999191e+01 -6.785999191e+01 -2.1053e+00 +2.1052e+00 +2.1050e+00 +2.1048e+00 -2.1049e+00
6268 0 +5.907457222e-06 -6.785999409e+01 -6.785999409e+01 -2.1048e+00 +2.1050e+00 +2.1050e+00 +2.1050e+00 -2.1050e+00
6294 0 +5.336575342e-06 -6.785999466e+01 -6.785999466e+01 -2.1052e+00 +2.1051e+00 +2.1048e+00 +2.1050e+00 -2.1048e+00
6369 0 +2.109718622e-06 -6.785999789e+01 -6.785999789e+01 -2.1047e+00 +2.1051e+00 +2.1047e+00 +2.1048e+00 -2.1049e+00
6443 0 +1.673317399e-06 -6.785999833e+01 -6.785999833e+01 -2.1051e+00 +2.1049e+00 +2.1048e+00 +2.1047e+00 -2.1049e+00
6468 0 +9.018304752e-07 -6.785999910e+01 -6.785999910e+01 -2.1051e+00 +2.1047e+00 +2.1049e+00 +2.1048e+00 -2.1048e+00
6575 0 +4.516340937e-07 -6.785999955e+01 -6.785999955e+01 -2.1048e+00 +2.1048e+00 +2.1048e+00 +2.1048e+00 -2.1049e+00
6597 0 +3.390610033e-07 -6.785999966e+01 -6.785999966e+01 -2.1049e+00 +2.1049e+00 +2.1049e+00 +2.1048e+00 -2.1048e+00
6769 0 +2.603226505e-07 -6.785999974e+01 -6.785999974e+01 -2.1048e+00 +2.1048e+00 +2.1048e+00 +2.1049e+00 -2.1048e+00
6774 0 +1.600119361e-07 -6.785999984e+01 -6.785999984e+01 -2.1049e+00 +2.1048e+00 +2.1049e+00 +2.1048e+00 -2.1048e+00
6776 0 +1.542968846e-07 -6.785999985e+01 -6.785999985e+01 -2.1049e+00 +2.1048e+00 +2.1049e+00 +2.1048e+00 -2.1049e+00
6826 0 +8.299485899e-08 -6.785999992e+01 -6.785999992e+01 -2.1048e+00 +2.1048e+00 +2.1049e+00 +2.1048e+00 -2.1048e+00
6852 0 +6.556979315e-08 -6.785999993e+01 -6.785999993e+01 -2.1049e+00 +2.1049e+00 +2.1049e+00 +2.1048e+00 -2.1048e+00
6871 0 +6.262533248e-08 -6.785999994e+01 -6.785999994e+01 -2.1048e+00 +2.1048e+00 +2.1049e+00 +2.1048e+00 -2.1049e+00
6917 0 +5.062810260e-08 -6.785999995e+01 -6.785999995e+01 -2.1048e+00 +2.1048e+00 +2.1048e+00 +2.1048e+00 -2.1049e+00
6930 0 +5.011729343e-08 -6.785999995e+01 -6.785999995e+01 -2.1048e+00 +2.1049e+00 +2.1049e+00 +2.1048e+00 -2.1048e+00
7033 0 +2.045511849e-08 -6.785999998e+01 -6.785999998e+01 -2.1048e+00 +2.1048e+00 +2.1048e+00 +2.1049e+00 -2.1048e+00
7143 0 +1.954511220e-08 -6.785999998e+01 -6.785999998e+01 -2.1049e+00 +2.1048e+00 +2.1048e+00 +2.1048e+00 -2.1048e+00
7162 0 +1.346768386e-08 -6.785999999e+01 -6.785999999e+01 -2.1049e+00 +2.1048e+00 +2.1048e+00 +2.1049e+00 -2.1048e+00
7195 0 +1.269565075e-08 -6.785999999e+01 -6.785999999e+01 -2.1048e+00 +2.1048e+00 +2.1048e+00 +2.1049e+00 -2.1048e+00
7215 0 +7.204278063e-09 -6.785999999e+01 -6.785999999e+01 -2.1049e+00 +2.1049e+00 +2.1048e+00 +2.1049e+00 -2.1048e+00
8138 0 +3.372235824e-11 -6.786000000e+01 -6.786000000e+01 -2.1048e+00 +2.1048e+00 +2.1048e+00 +2.1048e+00 -2.1048e+00
% f evaluations | g evaluations | best noise-free fitness - Fopt (-2.329000000000e+01) + sum g_i+ | measured fitness | best measured fitness or single-digit g-values | x1 | x2...
1 0 +6.592654473e+03 +6.569364473e+03 +6.569364473e+03 +0.0000e+00 +0.0000e+00 +0.0000e+00 +0.0000e+00 +0.0000e+00
8 0 +3.508103601e+00 -1.978189640e+01 -1.978189640e+01 +1.0520e+00 +6.2834e-02 +4.7526e-01 -2.1975e+00 -2.0574e+00
21 0 +3.160546215e+00 -2.012945378e+01 -2.012945378e+01 -1.2481e+00 -1.5975e-01 +2.5866e+00 -1.9344e+00 -2.0816e+00
42 0 +2.877331666e+00 -2.041266833e+01 -2.041266833e+01 +2.5817e-01 +1.4925e+00 +2.0802e+00 -2.1072e+00 -9.4269e-01
168 0 +2.776811578e+00 -2.051318842e+01 -2.051318842e+01 +2.0370e+00 +2.7059e-01 +1.0693e+00 -1.2309e+00 -2.2456e+00
222 0 +2.286391306e+00 -2.100360869e+01 -2.100360869e+01 -1.3959e+00 +2.7808e+00 +1.8587e+00 -1.1064e+00 -1.2065e+00
301 0 +2.140107499e+00 -2.114989250e+01 -2.114989250e+01 +1.3510e-01 +1.7516e+00 +1.9560e-01 -6.3933e-01 -2.4945e+00
780 0 +1.848623481e+00 -2.144137652e+01 -2.144137652e+01 +2.0984e+00 -5.5817e-01 +2.8690e+00 -1.4402e+00 -1.4631e+00
1772 0 +1.387874206e+00 -2.190212579e+01 -2.190212579e+01 +2.1928e+00 -5.9845e-01 +1.5642e+00 -2.1752e+00 -2.0892e+00
3607 0 +1.005283773e+00 -2.228471623e+01 -2.228471623e+01 +2.0954e+00 -6.4166e-01 +8.8128e-01 -2.3716e+00 -2.0464e+00
4346 0 +8.372612158e-01 -2.245273878e+01 -2.245273878e+01 +2.0288e+00 -5.5508e-01 +7.6684e-01 -2.4250e+00 -8.8887e-01
5031 0 +6.199937818e-01 -2.267000622e+01 -2.267000622e+01 +2.1400e+00 -6.0631e-01 +2.7524e+00 -1.9758e+00 -1.0138e+00
5075 0 +5.883170133e-01 -2.270168299e+01 -2.270168299e+01 +2.1498e+00 -5.7659e-01 +2.8055e+00 -1.9082e+00 -1.0183e+00
5554 0 +5.058452827e-01 -2.278415472e+01 -2.278415472e+01 +2.1465e+00 -6.0871e-01 +2.7693e+00 -1.9426e+00 -9.9384e-01
5646 0 +4.988521648e-01 -2.279114784e+01 -2.279114784e+01 +2.0916e+00 -5.7774e-01 +2.7787e+00 -1.9485e+00 -9.9575e-01
5725 0 +4.836288142e-01 -2.280637119e+01 -2.280637119e+01 +2.1057e+00 -6.1725e-01 +2.7806e+00 -1.9261e+00 -1.0102e+00
6016 0 +4.761872146e-01 -2.281381279e+01 -2.281381279e+01 +2.1093e+00 -6.0968e-01 +2.7808e+00 -1.9303e+00 -1.0062e+00
8767 0 +4.737533385e-01 -2.281624666e+01 -2.281624666e+01 +2.1048e+00 -6.0788e-01 +2.7830e+00 -1.9353e+00 -1.0033e+00
% f evaluations | g evaluations | best noise-free fitness - Fopt (-1.028000000000e+01) + sum g_i+ | measured fitness | best measured fitness or single-digit g-values | x1 | x2...
1 0 +6.592654473e+03 +6.582374473e+03 +6.582374473e+03 +0.0000e+00 +0.0000e+00 +0.0000e+00 +0.0000e+00 +0.0000e+00
27 0 +6.580419215e+03 +6.570139215e+03 +6.570139215e+03 +3.7010e+00 +3.7986e-01 +7.7584e-01 -2.3199e+00 -3.4006e+00
37 0 +4.404725225e+03 +4.394445225e+03 +4.394445225e+03 +5.6534e+00 +2.7016e-01 +2.4132e-01 -1.5950e+00 -2.6834e+00
39 0 +3.599633168e+03 +3.589353168e+03 +3.589353168e+03 -1.1628e+00 +1.3695e+00 +6.8822e-01 +7.4674e-01 -2.1619e+00
59 0 +1.296401143e+03 +1.286121143e+03 +1.286121143e+03 +1.1615e+00 +3.5039e+00 +1.8135e+00 +3.4433e-01 -2.8620e+00
84 0 +1.839744815e+02 +1.736944815e+02 +1.736944815e+02 +9.3727e-01 -7.2533e-01 -1.5447e-01 -1.5324e+00 -2.2042e+00
86 0 +1.109873882e+01 +8.187388184e-01 +8.187388184e-01 +1.5302e+00 +2.1033e+00 +1.3465e+00 -2.9592e-01 -1.5496e+00
118 0 +3.911223601e+00 -6.368776399e+00 -6.368776399e+00 -5.0177e-01 -5.7628e-01 +6.0524e-01 -1.0530e+00 -1.1644e+00
122 0 +2.546950639e+00 -7.733049361e+00 -7.733049361e+00 +1.0479e+00 -5.0513e-01 +8.9718e-01 -2.3830e+00 -8.4109e-01
369 0 +2.380502087e+00 -7.899497913e+00 -7.899497913e+00 -1.7836e+00 +3.1803e+00 -2.1179e-01 -7.5631e-01 -1.2497e+00
578 0 +2.057749340e+00 -8.222250660e+00 -8.222250660e+00 -2.0179e-02 +2.7807e+00 +3.9265e-01 -2.5443e+00 -8.3719e-01
1159 0 +1.653977873e+00 -8.626022127e+00 -8.626022127e+00 +2.1388e+00 +2.1201e+00 +1.0750e+00 -2.3942e+00 -1.3533e+00
3609 0 +1.485977101e+00 -8.794022899e+00 -8.794022899e+00 +1.9966e+00 +2.1327e+00 +1.4584e+00 -7.9790e-01 -1.3415e+00
4270 0 +1.363812380e+00 -8.916187620e+00 -8.916187620e+00 +2.0268e+00 -7.2736e-01 +2.8104e+00 -1.3979e+00 -2.2588e+00
4696 0 +1.318888615e+00 -8.961111385e+00 -8.961111385e+00 +2.1454e+00 -7.2164e-01 +2.7942e+00 -1.9841e+00 -1.3100e+00
4698 0 +1.305329865e+00 -8.974670135e+00 -8.974670135e+00 +2.1274e+00 -5.3911e-01 +2.8451e+00 -1.8385e+00 -1.0729e+00
4699 0 +1.087072694e+00 -9.192927306e+00 -9.192927306e+00 +2.1682e+00 -5.4529e-01 +2.8451e+00 -1.8924e+00 -9.6439e-01
4803 0 +8.546074489e-01 -9.425392551e+00 -9.425392551e+00 +2.0494e+00 -6.9674e-01 +2.8557e+00 -1.9128e+00 -1.0384e+00
4835 0 +7.496745238e-01 -9.530325476e+00 -9.530325476e+00 +1.9593e+00 -5.6324e-01 +2.7827e+00 -1.9004e+00 -1.0136e+00
5025 0 +6.871372834e-01 -9.592862717e+00 -9.592862717e+00 +2.0202e+00 -6.2210e-01 +2.7664e+00 -1.9069e+00 -9.8853e-01
5588 0 +6.071226666e-01 -9.672877333e+00 -9.672877333e+00 +2.0291e+00 -6.5121e-01 +2.8066e+00 -1.9347e+00 -1.0012e+00
5625 0 +5.862951891e-01 -9.693704811e+00 -9.693704811e+00 +2.1494e+00 -5.9728e-01 +2.7713e+00 -1.9107e+00 -9.8979e-01
6055 0 +5.332053217e-01 -9.746794678e+00 -9.746794678e+00 +2.1149e+00 -6.3214e-01 +2.7791e+00 -1.9265e+00 -1.0259e+00
6346 0 +5.138673172e-01 -9.766132683e+00 -9.766132683e+00 +2.0904e+00 -6.2038e-01 +2.7881e+00 -1.9145e+00 -9.9776e-01
6447 0 +5.032646501e-01 -9.776735350e+00 -9.776735350e+00 +2.0953e+00 -5.7445e-01 +2.7701e+00 -1.9489e+00 -9.9311e-01
6502 0 +4.828676030e-01 -9.797132397e+00 -9.797132397e+00 +2.1071e+00 -5.9289e-01 +2.7766e+00 -1.9363e+00 -1.0097e+00
6668 0 +4.755911582e-01 -9.804408842e+00 -9.804408842e+00 +2.1133e+00 -6.0937e-01 +2.7818e+00 -1.9316e+00 -1.0031e+00
9273 0 +4.737533385e-01 -9.806246662e+00 -9.806246662e+00 +2.1048e+00 -6.0788e-01 +2.7830e+00 -1.9353e+00 -1.0033e+00
% f evaluations | g evaluations | best noise-free fitness - Fopt (1.799700000000e+02) + sum g_i+ | measured fitness | best measured fitness or single-digit g-values | x1 | x2...
1 0 +6.592654473e+03 +6.772624473e+03 +6.772624473e+03 +0.0000e+00 +0.0000e+00 +0.0000e+00 +0.0000e+00 +0.0000e+00
3 0 +5.894966252e+03 +6.074936252e+03 +6.074936252e+03 -4.2243e+00 +3.4083e+00 -2.1934e-01 +1.1272e+00 +2.4536e-02
12 0 +1.295886548e+03 +1.475856548e+03 +1.475856548e+03 -3.2459e+00 +2.0702e-01 -5.5150e-02 +5.9271e-02 +9.7556e-01
18 0 +7.160541251e+02 +8.960241251e+02 +8.960241251e+02 -5.6048e-01 +1.0804e+00 -9.0267e-01 +6.6913e-01 +1.8427e+00
23 0 +3.349006810e+01 +2.134600681e+02 +2.134600681e+02 -1.7313e+00 +1.9364e-01 -1.6197e-01 +8.0818e-01 +2.0878e+00
29 0 +9.242022086e+00 +1.892120221e+02 +1.892120221e+02 -2.5220e+00 +7.2505e-01 -2.0689e-01 +1.4571e+00 +1.1626e+00
46 0 +4.550436542e+00 +1.845204365e+02 +1.845204365e+02 -7.0046e-01 +2.1576e+00 +1.9112e-01 +6.5883e-01 +1.9884e+00
61 0 +4.057851901e+00 +1.840278519e+02 +1.840278519e+02 +4.0578e-01 +1.1170e+00 -1.0067e-01 +1.7995e+00 +2.1722e+00
87 0 +2.551809658e+00 +1.825218097e+02 +1.825218097e+02 -1.8477e-01 +2.5547e+00 +7.3700e-02 +1.4410e+00 +1.9115e+00
430 0 +2.397660866e+00 +1.823676609e+02 +1.823676609e+02 +6.4713e-01 +1.2694e-01 +6.1053e-01 +9.9823e-01 +1.4617e+00
638 0 +2.109122756e+00 +1.820791228e+02 +1.820791228e+02 +5.2022e-01 +1.9791e+00 +2.1208e+00 +2.1062e+00 +1.3252e+00
700 0 +2.032569099e+00 +1.820025691e+02 +1.820025691e+02 -1.0984e+00 +1.5921e+00 +1.6654e+00 +2.2191e+00 +9.9280e-01
1579 0 +1.840887119e+00 +1.818108871e+02 +1.818108871e+02 -1.9922e+00 -6.0191e-01 +6.4302e-01 +2.4915e+00 +1.3855e+00
1639 0 +1.760452215e+00 +1.817304522e+02 +1.817304522e+02 -2.1209e+00 -5.2576e-01 +8.2673e-01 +1.9013e+00 +2.1064e+00
2248 0 +1.451067687e+00 +1.814210677e+02 +1.814210677e+02 -2.0581e+00 +2.1496e+00 +2.2202e+00 +1.5519e+00 +1.0773e+00
4009 0 +1.363207468e+00 +1.813332075e+02 +1.813332075e+02 -1.9922e+00 +2.0688e+00 +1.9853e+00 +5.8945e-01 +1.3868e+00
4181 0 +1.150185057e+00 +1.811201851e+02 +1.811201851e+02 -1.9968e+00 +1.9878e+00 +2.2053e+00 +5.7486e-01 +1.3233e+00
4204 0 +1.113879639e+00 +1.810838796e+02 +1.810838796e+02 -1.9818e+00 +2.0437e+00 +2.1196e+00 +6.4943e-01 +1.2983e+00
6675 0 +1.094682137e+00 +1.810646821e+02 +1.810646821e+02 -2.0873e+00 -6.1811e-01 +2.7857e+00 +7.6506e-01 +1.2921e+00
6950 0 +1.070765889e+00 +1.810407659e+02 +1.810407659e+02 -2.0997e+00 -6.0685e-01 +2.7911e+00 +7.8860e-01 +1.2913e+00
9619 0 +1.065966766e+00 +1.810359668e+02 +1.810359668e+02 -2.1048e+00 -6.0788e-01 +2.7830e+00 +7.8449e-01 +1.2910e+00
% f evaluations | g evaluations | best noise-free fitness - Fopt (8.376000000000e+01) + sum g_i+ | measured fitness | best measured fitness or single-digit g-values | x1 | x2...
1 0 +6.592654473e+03 +6.676414473e+03 +6.676414473e+03 +0.0000e+00 +0.0000e+00 +0.0000e+00 +0.0000e+00 +0.0000e+00
3 0 +1.219872540e+03 +1.303632540e+03 +1.303632540e+03 -2.2260e+00 -2.0285e+00 +6.0988e-01 +5.6113e-02 -1.0127e+00
22 0 +6.090382812e+02 +6.927982812e+02 +6.927982812e+02 -1.4482e-01 -1.7797e+00 +1.2062e+00 -6.7610e-01 -1.2908e+00
94 0 +4.524874119e+02 +5.362474119e+02 +5.362474119e+02 -1.2628e+00 -1.7102e+00 +3.6938e+00 -5.0034e-01 -1.3729e+00
124 0 +4.241447538e+02 +5.079047538e+02 +5.079047538e+02 -1.2787e+00 +3.3213e-01 +2.7774e+00 -4.1080e-01 -7.4864e-01
147 0 +1.894931120e+02 +2.732531120e+02 +2.732531120e+02 -1.4319e+00 +1.9276e-02 +1.1167e+00 -1.7369e+00 -5.2594e-01
186 0 +1.508333955e+02 +2.345933955e+02 +2.345933955e+02 -5.1936e-01 +5.7726e-01 +2.6982e+00 -6.1769e-01 -8.2931e-01
192 0 +4.513795342e+00 +8.827379534e+01 +8.827379534e+01 +1.8636e+00 +8.5970e-01 +1.6573e+00 -3.3830e-01 -1.3987e+00
201 0 +2.949678107e+00 +8.670967811e+01 +8.670967811e+01 +3.9439e-01 +1.2924e+00 +2.3416e+00 -8.8095e-01 -1.3251e+00
272 0 +2.653318723e+00 +8.641331872e+01 +8.641331872e+01 -1.2537e+00 -3.0667e-01 +1.4410e+00 -8.2827e-01 -2.4336e+00
309 0 +2.324976208e+00 +8.608497621e+01 +8.608497621e+01 +1.2967e+00 +2.0395e-01 +2.4639e+00 -1.3041e+00 -1.1688e+00
451 0 +1.969295128e+00 +8.572929513e+01 +8.572929513e+01 +1.2829e+00 +8.2370e-02 +2.5802e+00 -8.1691e-01 -2.4361e+00
533 0 +1.650067777e+00 +8.541006778e+01 +8.541006778e+01 -2.2734e+00 -5.9815e-01 +2.6871e+00 -1.9555e+00 -1.4849e+00
1421 0 +1.514137008e+00 +8.527413701e+01 +8.527413701e+01 -2.1906e+00 +2.1865e+00 +2.0590e+00 -1.1453e+00 -1.1606e+00
1657 0 +1.438734322e+00 +8.519873432e+01 +8.519873432e+01 -1.1300e+00 +2.3938e+00 +2.0245e+00 -6.7790e-01 -2.4051e+00
1733 0 +1.345046757e+00 +8.510504676e+01 +8.510504676e+01 -2.1140e+00 +2.1600e+00 +1.5101e+00 -8.0809e-01 -2.3759e+00
1763 0 +1.315156903e+00 +8.507515690e+01 +8.507515690e+01 -1.9042e+00 +2.1438e+00 +2.0831e+00 -6.5399e-01 -2.1389e+00
2832 0 +1.034252035e+00 +8.479425204e+01 +8.479425204e+01 -1.0123e+00 +2.4114e+00 +2.0488e+00 -6.3036e-01 -1.3167e+00
4438 0 +9.120981995e-01 +8.467209820e+01 +8.467209820e+01 +1.5251e+00 +3.0439e+00 +1.8522e+00 -6.8510e-01 -2.5165e+00
4460 0 +8.457909896e-01 +8.460579099e+01 +8.460579099e+01 +1.6529e+00 +2.9846e+00 +1.8463e+00 -6.7834e-01 -2.4541e+00
4468 0 +7.808618143e-01 +8.454086181e+01 +8.454086181e+01 +1.4228e+00 +3.0068e+00 +1.8722e+00 -6.4866e-01 -2.4217e+00
4551 0 +7.133615098e-01 +8.447336151e+01 +8.447336151e+01 +1.4902e+00 +3.0913e+00 +1.9117e+00 -6.1628e-01 -2.4733e+00
4698 0 +6.727630712e-01 +8.443276307e+01 +8.443276307e+01 +1.6086e+00 +3.0397e+00 +1.9063e+00 -6.2340e-01 -2.5007e+00
4716 0 +6.347858808e-01 +8.439478588e+01 +8.439478588e+01 +1.4248e+00 +2.9722e+00 +1.9119e+00 -5.9610e-01 -2.4737e+00
4790 0 +5.659595572e-01 +8.432595956e+01 +8.432595956e+01 +1.5196e+00 +3.0385e+00 +1.8983e+00 -6.5505e-01 -2.4823e+00
5030 0 +5.017625813e-01 +8.426176258e+01 +8.426176258e+01 +1.5556e+00 +3.0018e+00 +1.8812e+00 -6.4170e-01 -2.4738e+00
5075 0 +4.802752232e-01 +8.424027522e+01 +8.424027522e+01 +1.5221e+00 +3.0261e+00 +1.8722e+00 -6.3579e-01 -2.4759e+00
5507 0 +4.779602709e-01 +8.423796027e+01 +8.423796027e+01 +1.4930e+00 +3.0031e+00 +1.8802e+00 -6.3482e-01 -2.4708e+00
8597 0 +4.737533385e-01 +8.423375334e+01 +8.423375334e+01 +1.5126e+00 +3.0092e+00 +1.8788e+00 -6.3589e-01 -2.4721e+00
% f evaluations | g evaluations | best noise-free fitness - Fopt (-3.890100000000e+02) + sum g_i+ | measured fitness | best measured fitness or single-digit g-values | x1 | x2...
1 0 +6.592654473e+03 +6.203644473e+03 +6.203644473e+03 +0.0000e+00 +0.0000e+00 +0.0000e+00 +0.0000e+00 +0.0000e+00
8 0 +6.365135229e+03 +5.976125229e+03 +5.976125229e+03 -2.4114e-04 +6.1383e-01 -9.8060e-02 -1.9901e+00 -3.5181e+00
11 0 +3.804877818e+03 +3.415867818e+03 +3.415867818e+03 +1.0515e+00 +2.1811e+00 -3.7612e+00 -2.1644e+00 -1.0408e-02
20 0 +2.157842550e+03 +1.768832550e+03 +1.768832550e+03 -3.0018e+00 +2.0201e+00 -2.3111e-01 -3.5061e-01 -4.5299e-01
28 0 +1.254535945e+03 +8.655259454e+02 +8.655259454e+02 +6.6717e-01 +1.9819e+00 -1.3647e+00 -2.3707e+00 -1.5454e+00
32 0 +1.070455241e+03 +6.814452406e+02 +6.814452406e+02 -3.4736e+00 +2.2553e+00 -6.2406e-01 -1.5665e+00 -2.7045e+00
36 0 +3.666957682e+02 -2.231423176e+01 -2.231423176e+01 -5.8711e-01 +1.2701e-02 -1.9564e+00 -1.9169e+00 -2.5781e+00
45 0 +5.711476912e+00 -3.832985231e+02 -3.832985231e+02 -2.5120e+00 +1.2348e+00 -2.2259e+00 -7.6525e-01 -1.7005e+00
64 0 +5.094679875e+00 -3.839153201e+02 -3.839153201e+02 +4.4632e-01 -1.2436e+00 -1.8570e+00 -3.4139e-01 -2.0236e+00
147 0 +4.195702789e+00 -3.848142972e+02 -3.848142972e+02 +2.5082e+00 -8.0198e-01 -1.3230e+00 -1.7850e+00 -1.1802e+00
154 0 +3.458320662e+00 -3.855516793e+02 -3.855516793e+02 +1.7741e+00 -1.7678e+00 -1.3903e+00 -1.3562e+00 -2.2681e+00
175 0 +2.279755794e+00 -3.867302442e+02 -3.867302442e+02 +5.7532e-01 -7.2466e-01 -2.3812e+00 -1.3299e+00 -2.2646e+00
603 0 +2.236228269e+00 -3.867737717e+02 -3.867737717e+02 +6.6497e-01 -4.6716e-02 -1.9002e+00 -2.0748e+00 -9.8880e-01
1850 0 +1.947989748e+00 -3.870620103e+02 -3.870620103e+02 +1.4877e+00 -1.1200e+00 -3.1739e-01 -2.6412e+00 -1.9325e+00
2743 0 +1.820069973e+00 -3.871899300e+02 -3.871899300e+02 -2.1238e+00 -1.9722e+00 -6.1806e-01 -1.0227e+00 -2.0417e+00
2876 0 +1.681375787e+00 -3.873286242e+02 -3.873286242e+02 -2.0747e+00 -2.0713e+00 -1.0998e+00 -2.3268e+00 -1.4336e+00
2967 0 +1.506351445e+00 -3.875036486e+02 -3.875036486e+02 -2.0611e+00 -2.2369e+00 -2.0040e+00 -1.6381e+00 -1.3536e+00
4191 0 +1.448824669e+00 -3.875611753e+02 -3.875611753e+02 -2.2387e+00 +6.3397e-01 -1.4248e+00 -2.2572e+00 -2.0438e+00
4544 0 +1.443137292e+00 -3.875668627e+02 -3.875668627e+02 -2.1219e+00 +6.2516e-01 -7.0390e-01 -2.4941e+00 -1.4130e+00
5082 0 +1.402686457e+00 -3.876073135e+02 -3.876073135e+02 -2.0973e+00 +5.8407e-01 -2.7440e+00 -4.5672e-01 -1.8241e+00
5337 0 +1.353276514e+00 -3.876567235e+02 -3.876567235e+02 -2.0108e+00 +6.9793e-01 -2.8281e+00 -1.1987e+00 -2.3097e+00
5752 0 +1.304483865e+00 -3.877055161e+02 -3.877055161e+02 -2.1033e+00 +6.0128e-01 -2.8484e+00 -2.0098e+00 -1.7611e+00
5869 0 +1.266477094e+00 -3.877435229e+02 -3.877435229e+02 -2.1164e+00 +6.9554e-01 -1.7091e+00 -2.2136e+00 -2.0911e+00
5891 0 +1.196656161e+00 -3.878133438e+02 -3.878133438e+02 -2.1769e+00 +6.5561e-01 -8.1801e-01 -1.9261e+00 -2.1642e+00
6337 0 +1.136284435e+00 -3.878737156e+02 -3.878737156e+02 -2.1172e+00 +5.8094e-01 -7.6156e-01 -1.2845e+00 -2.2902e+00
7373 0 +1.114842076e+00 -3.878951579e+02 -3.878951579e+02 -2.1151e+00 +6.0309e-01 -2.1731e+00 -1.6293e+00 -2.2153e+00
10218 0 +1.105435347e+00 -3.879045647e+02 -3.879045647e+02 -2.1048e+00 +6.0788e-01 -2.1724e+00 -1.6301e+00 -2.2235e+00
% f evaluations | g evaluations | best noise-free fitness - Fopt (-1.455800000000e+02) + sum g_i+ | measured fitness | best measured fitness or single-digit g-values | x1 | x2...
1 0 +6.592654473e+03 +6.447074473e+03 +6.447074473e+03 +0.0000e+00 +0.0000e+00 +0.0000e+00 +0.0000e+00 +0.0000e+00
11 0 +6.420380890e+03 +6.274800890e+03 +6.274800890e+03 -9.8148e-01 +3.2282e+00 +4.5012e+00 -2.1158e+00 -5.0356e-01
22 0 +5.037330178e+03 +4.891750178e+03 +4.891750178e+03 +2.9729e+00 +3.4874e+00 -4.1599e-01 -1.5087e+00 -6.5619e-01
28 0 +4.898111733e+03 +4.752531733e+03 +4.752531733e+03 +2.0676e+00 +3.1692e+00 -5.7538e-01 -2.3176e+00 -1.5104e+00
31 0 +3.257089243e+03 +3.111509243e+03 +3.111509243e+03 +9.1565e-01 +1.8369e+00 +1.6124e-01 -2.7889e+00 +3.3831e-01
52 0 +2.369894901e+03 +2.224314901e+03 +2.224314901e+03 +2.6612e+00 +3.3030e+00 +7.7236e-01 -2.0281e+00 -2.0632e+00
70 0 +5.114405561e+02 +3.658605561e+02 +3.658605561e+02 +2.2565e+00 +1.6542e+00 +2.9626e-01 -3.1437e+00 -2.9864e-01
92 0 +1.015134207e+02 -4.406657933e+01 -4.406657933e+01 +2.6987e+00 +1.7126e+00 +2.7152e-01 -1.8569e+00 -1.5856e+00
164 0 +5.075665623e+00 -1.405043344e+02 -1.405043344e+02 +1.2439e+00 +1.9934e-01 +2.2166e+00 -7.6466e-01 -1.4347e+00
216 0 +4.257765121e+00 -1.413222349e+02 -1.413222349e+02 +9.4572e-01 +1.0514e+00 +3.1093e+00 -1.1287e+00 -2.1897e+00
242 0 +3.799468167e+00 -1.417805318e+02 -1.417805318e+02 +7.5171e-01 +4.5261e-01 +2.7439e+00 -2.6399e-01 -1.5132e+00
255 0 +3.580934781e+00 -1.419990652e+02 -1.419990652e+02 +1.1527e+00 +3.6856e-02 +1.6584e+00 -5.8697e-01 -1.3244e+00
259 0 +2.600647146e+00 -1.429793529e+02 -1.429793529e+02 +6.2436e-01 -1.4966e+00 +2.1790e+00 -5.3172e-01 -1.3534e+00
362 0 +2.373432973e+00 -1.432065670e+02 -1.432065670e+02 -1.5410e+00 -4.0703e-01 +3.1261e-01 -2.4545e+00 -2.0581e+00
527 0 +2.316561286e+00 -1.432634387e+02 -1.432634387e+02 +2.1307e+00 -1.3065e+00 +1.7872e-01 -2.2112e+00 -1.2098e+00
785 0 +2.276609289e+00 -1.433033907e+02 -1.433033907e+02 -1.3416e+00 -2.1525e-01 +7.3384e-01 -9.4039e-01 -1.2496e+00
974 0 +2.181322579e+00 -1.433986774e+02 -1.433986774e+02 -4.8576e-01 -2.0026e+00 +7.9118e-02 -1.0423e+00 -1.1964e+00
1417 0 +2.071775476e+00 -1.435082245e+02 -1.435082245e+02 +9.9204e-01 -2.3509e+00 +3.8434e-02 -2.1636e+00 -1.1656e+00
1625 0 +1.234206824e+00 -1.443457932e+02 -1.443457932e+02 +2.1558e+00 -1.9731e+00 +1.3588e-01 -2.5791e+00 -1.1542e+00
20114 0 +1.234206824e+00 -1.443457932e+02 -1.443457932e+02 +2.1558e+00 -1.9731e+00 +1.3588e-01 -2.5791e+00 -1.1542e+00
