% f evaluations | g evaluations | best noise-free fitness - Fopt (-5.465000000000e+02) + sum g_i+ | measured fitness | best measured fitness or single-digit g-values | x1 | x2...
1 0 +1.033747614e+04 +9.790976136e+03 +9.790976136e+03 +0.0000e+00 +0.0000e+00 +0.0000e+00 +0.0000e+00 +0.0000e+00 +0.0000e+00 +0.0000e+00 +0.0000e+00 +0.0000e+00 +0.0000e+00
63 0 +9.377049682e+03 +8.830549682e+03 +8.830549682e+03 +2.3211e-01 -1.1449e+00 +3.9729e+00 -2.1873e+00 -3.0704e+00 -4.9395e+00 -6.5306e-01 +1.9140e+00 -1.3541e+00 +1.6918e+00
74 0 +4.337116841e+03 +3.790616841e+03 +3.790616841e+03 +1.9725e+00 -1.0593e-01 +3.8988e+00 +6.7003e-01 -7.6238e-02 -3.8549e+00 +1.5346e-01 +3.1849e+00 -2.7818e+00 +1.8016e+00
174 0 +6.684902962e+02 +1.219902962e+02 +1.219902962e+02 +1.3496e+00 +7.3414e-01 -1.4464e+00 -1.6487e+00 -9.1116e-01 -2.4589e+00 -1.4235e+00 +2.6298e+00 -1.1196e+00 +2.7726e+00
329 0 +3.843327848e+02 -1.621672152e+02 -1.621672152e+02 -8.1122e-01 -1.1823e+00 +6.4132e-01 +1.3132e+00 +4.0361e-01 -2.2346e+00 -7.1241e-01 +7.8569e-01 -2.6515e+00 +7.9433e-01
356 0 +8.942998369e+01 -4.570700163e+02 -4.570700163e+02 -1.3276e+00 -1.2203e+00 +1.7820e+00 +1.2649e+00 +2.0076e+00 +1.6588e-01 -1.5614e+00 +1.6823e+00 -1.7767e+00 +7.9442e-01
441 0 +6.782068270e+00 -5.397179317e+02 -5.397179317e+02 -5.8663e-01 -1.6357e+00 +7.6302e-01 +3.4332e-01 +6.4746e-01 -2.0337e+00 -2.1943e+00 +4.3588e-01 -1.7429e+00 +1.2421e+00
442 0 +4.430455644e+00 -5.420695444e+02 -5.420695444e+02 +4.1823e-01 -9.3945e-01 +9.9131e-02 +3.3841e-02 +3.1217e-01 -1.8060e-01 -1.6807e+00 +1.9086e+00 -1.8875e+00 +2.1919e+00
468 0 +4.220693284e+00 -5.422793067e+02 -5.422793067e+02 -1.8562e+00 -7.4878e-01 +3.8362e-01 -6.3624e-01 +8.0962e-01 -2.0297e+00 -1.2671e+00 +1.1277e+00 -1.3820e+00 +1.3374e+00
483 0 +3.764337377e+00 -5.427356626e+02 -5.427356626e+02 +1.0933e+00 +5.3316e-01 -1.9509e-01 -3.5845e-01 +1.9444e+00 -8.6519e-01 -1.5642e+00 +1.3699e+00 -1.0685e+00 +1.9293e+00
538 0 +3.086503716e+00 -5.434134963e+02 -5.434134963e+02 -2.0660e+00 +7.6274e-01 -2.2122e-01 -1.9144e-01 +2.1467e+00 -1.9339e+00 -9.6550e-01 +1.5495e+00 -2.2653e+00 +1.9813e+00
881 0 +3.002442711e+00 -5.434975573e+02 -5.434975573e+02 +2.2451e+00 +2.2847e+00 -8.1333e-01 -1.2456e+00 +2.3276e+00 -8.7899e-01 -6.9103e-01 +1.4349e+00 -9.8057e-01 +1.5210e+00
1463 0 +2.871806819e+00 -5.436281932e+02 -5.436281932e+02 +1.5564e+00 -2.5929e-01 +2.1519e+00 -2.0760e+00 +1.7308e+00 -3.0002e-01 -2.0786e+00 +1.4371e+00 -1.3331e+00 +2.3301e+00
2969 0 +2.455157534e+00 -5.440448425e+02 -5.440448425e+02 +5.9307e-01 +1.6337e+00 +2.1560e+00 -1.2673e+00 +2.2897e+00 -1.2279e-01 -1.3623e+00 +1.3861e+00 -9.4257e-01 +1.8587e+00
6947 0 +2.454368681e+00 -5.440456313e+02 -5.440456313e+02 -2.2003e+00 +7.8911e-01 +1.0549e+00 -2.2223e+00 +2.1516e+00 -1.1727e+00 -1.8416e+00 +2.0613e+00 -7.6197e-01 +1.2988e+00
7024 0 +2.268629334e+00 -5.442313707e+02 -5.442313707e+02 -2.0991e+00 +1.3512e+00 +1.1956e-02 -1.9679e+00 +2.1587e+00 -2.1676e+00 -2.1231e+00 +2.0347e+00 -9.1344e-01 +1.7969e+00
7036 0 +2.113368675e+00 -5.443866313e+02 -5.443866313e+02 -1.9844e+00 +1.2607e+00 +1.2312e-01 -1.7470e+00 +2.2320e+00 -2.0326e+00 -2.2189e+00 +2.0697e+00 -9.1180e-01 +1.6023e+00
7332 0 +1.836970664e+00 -5.446630293e+02 -5.446630293e+02 -2.2226e+00 +1.1831e+00 +6.5124e-01 -1.2911e+00 +2.3029e+00 -2.0935e+00 -2.1269e+00 +2.0338e+00 -1.3038e+00 +2.3672e+00
9024 0 +1.728693478e+00 -5.447713065e+02 -5.447713065e+02 -2.1654e+00 +1.2643e+00 -5.3254e-01 -2.0587e+00 +2.1556e+00 -7.0439e-02 -1.4031e+00 +2.2998e+00 -1.6556e+00 +2.2563e+00
9134 0 +1.689652511e+00 -5.448103475e+02 -5.448103475e+02 -2.0065e+00 +2.0281e+00 +3.2810e-02 -2.6027e+00 +2.1563e+00 -8.5192e-01 -1.4297e+00 +2.2493e+00 -2.0658e+00 +2.1051e+00
11137 0 +1.595424933e+00 -5.449045751e+02 -5.449045751e+02 -2.1900e+00 +1.0879e+00 +8.7800e-01 -1.6777e+00 +2.1217e+00 -1.6996e-01 -2.5731e+00 +1.9715e+00 -8.3933e-01 +2.0288e+00
11595 0 +1.513289695e+00 -5.449867103e+02 -5.449867103e+02 -2.1494e+00 +2.1326e+00 -5.3551e-01 -1.8824e+00 +2.1488e+00 -1.7695e-01 -2.5640e+00 +1.9059e+00 -1.3105e+00 +2.2953e+00
11630 0 +1.369702685e+00 -5.451302973e+02 -5.451302973e+02 -2.1541e+00 +2.0915e+00 -6.1485e-01 -2.0629e+00 +2.0944e+00 -2.8947e-01 -2.5664e+00 +1.9696e+00 -1.5734e+00 +2.1719e+00
11669 0 +1.096969881e+00 -5.454030301e+02 -5.454030301e+02 -2.2035e+00 +1.9691e+00 +3.4511e-02 -1.9619e+00 +2.1390e+00 -1.6667e-01 -2.6098e+00 +1.9662e+00 -1.7205e+00 +2.1958e+00
12493 0 +1.027813131e+00 -5.454721869e+02 -5.454721869e+02 -1.9386e+00 +1.9894e+00 -7.0991e-01 -2.0673e+00 +2.1332e+00 -1.4508e-01 -2.5877e+00 +2.0059e+00 -8.6990e-01 +2.4435e+00
12657 0 +8.183262195e-01 -5.456816738e+02 -5.456816738e+02 -2.1133e+00 +2.1192e+00 -5.9455e-01 -2.0069e+00 +2.0603e+00 -1.9853e-01 -2.5851e+00 +2.0145e+00 -8.5685e-01 +2.3974e+00
12733 0 +7.309772926e-01 -5.457690227e+02 -5.457690227e+02 -2.0773e+00 +2.1566e+00 -7.6285e-01 -2.0083e+00 +2.0929e+00 -2.1265e-01 -2.5733e+00 +1.9595e+00 -8.2202e-01 +2.4195e+00
12930 0 +6.818955001e-01 -5.458181045e+02 -5.458181045e+02 -2.0681e+00 +2.1273e+00 -7.3972e-01 -2.0843e+00 +2.0921e+00 -1.9640e-01 -2.5437e+00 +2.0162e+00 -8.1684e-01 +2.4524e+00
13241 0 +6.712637014e-01 -5.458287363e+02 -5.458287363e+02 -2.0369e+00 +2.1274e+00 -7.1771e-01 -2.0836e+00 +2.1035e+00 -2.1046e-01 -2.5688e+00 +1.9744e+00 -8.7490e-01 +2.4010e+00
13429 0 +6.477429223e-01 -5.458522571e+02 -5.458522571e+02 -2.1053e+00 +2.0858e+00 -6.7930e-01 -2.0897e+00 +2.1282e+00 -2.2427e-01 -2.5948e+00 +1.9707e+00 -8.6048e-01 +2.4261e+00
13464 0 +6.317636584e-01 -5.458682363e+02 -5.458682363e+02 -2.1364e+00 +2.0599e+00 -6.9928e-01 -2.0203e+00 +2.1276e+00 -2.1448e-01 -2.5825e+00 +1.9692e+00 -8.4653e-01 +2.4171e+00
13595 0 +6.246001242e-01 -5.458753999e+02 -5.458753999e+02 -2.1246e+00 +2.0871e+00 -6.7603e-01 -2.0759e+00 +2.1320e+00 -1.9323e-01 -2.5898e+00 +1.9637e+00 -8.5932e-01 +2.4311e+00
13762 0 +6.038596818e-01 -5.458961403e+02 -5.458961403e+02 -2.0810e+00 +2.0843e+00 -7.1888e-01 -2.0739e+00 +2.1384e+00 -1.8904e-01 -2.5784e+00 +1.9876e+00 -8.3989e-01 +2.4102e+00
13792 0 +5.896741991e-01 -5.459103258e+02 -5.459103258e+02 -2.0916e+00 +2.0753e+00 -6.9516e-01 -2.0604e+00 +2.1366e+00 -1.8877e-01 -2.5885e+00 +1.9895e+00 -8.3902e-01 +2.4195e+00
14188 0 +5.783508224e-01 -5.459216492e+02 -5.459216492e+02 -2.0933e+00 +2.1049e+00 -6.9973e-01 -2.0673e+00 +2.1289e+00 -1.8128e-01 -2.5851e+00 +1.9884e+00 -8.3329e-01 +2.4229e+00
14648 0 +5.753149696e-01 -5.459246850e+02 -5.459246850e+02 -2.1096e+00 +2.1138e+00 -6.9440e-01 -2.0719e+00 +2.1112e+00 -1.9692e-01 -2.5817e+00 +1.9800e+00 -8.3531e-01 +2.4197e+00
21094 0 +5.724546733e-01 -5.459275453e+02 -5.459275453e+02 -2.1048e+00 +2.1048e+00 -6.9603e-01 -2.0653e+00 +2.1147e+00 -1.9416e-01 -2.5825e+00 +1.9854e+00 -8.3465e-01 +2.4224e+00
% f evaluations | g evaluations | best noise-free fitness - Fopt (1.000000000000e+03) + sum g_i+ | measured fitness | best measured fitness or single-digit g-values | x1 | x2...
1 0 +1.033747614e+04 +1.133747614e+04 +1.133747614e+04 +0.0000e+00 +0.0000e+00 +0.0000e+00 +0.0000e+00 +0.0000e+00 +0.0000e+00 +0.0000e+00 +0.0000e+00 +0.0000e+00 +0.0000e+00
24 0 +8.528867626e+03 +9.528867626e+03 +9.528867626e+03 +1.6662e+00 -5.0902e-01 +4.6479e-01 -6.3164e-01 +4.1538e-01 +5.8637e-01 -6.2602e-01 +3.3183e+00 -1.9636e+00 +6.7509e-01
27 0 +8.084451959e+03 +9.084451959e+03 +9.084451959e+03 -1.5145e+00 +2.8871e+00 -1.6101e+00 +2.0880e+00 -3.1085e+00 +2.4309e+00 -1.7568e+00 -2.4613e-02 -2.5582e+00 +7.2706e-01
30 0 +6.654753450e+03 +7.654753450e+03 +7.654753450e+03 +7.5706e-01 +1.7322e-01 +8.7651e-01 +1.9186e+00 -1.7305e-01 -1.1578e+00 -1.5022e-01 +4.0978e-02 -2.7968e+00 -5.5622e-01
57 0 +1.841133665e+03 +2.841133665e+03 +2.841133665e+03 +8.9978e-01 +1.9134e+00 +1.2042e+00 +1.0110e+00 -8.2747e-01 +2.7580e+00 -4.8497e-01 +2.3725e+00 -2.7922e+00 -3.2521e-01
132 0 +1.274573008e+03 +2.274573008e+03 +2.274573008e+03 +9.5522e-02 +9.3926e-01 -1.6048e+00 +1.6614e+00 -2.3566e+00 +1.0997e-01 +1.8181e-01 +1.9437e+00 -1.8547e+00 -8.4658e-01
178 0 +1.031596305e+03 +2.031596305e+03 +2.031596305e+03 +5.3508e-01 -1.4784e+00 -4.0047e+00 +1.7018e+00 -9.2987e-01 +1.8156e+00 +4.1091e-01 +1.1544e+00 -8.7867e-01 -6.9327e-01
262 0 +6.875274301e+01 +1.068752743e+03 +1.068752743e+03 +1.5779e+00 +1.1544e+00 -1.0815e+00 -5.6158e-01 -2.9075e+00 +1.6861e-01 -2.5925e+00 +1.1538e-01 -9.2855e-01 -8.5831e-01
266 0 +5.576560346e+01 +1.055765603e+03 +1.055765603e+03 +6.7544e-01 +8.8281e-01 +5.4890e-02 -2.9668e-01 -2.0323e+00 -1.8099e-01 -7.3796e-01 +1.5750e+00 -2.1796e+00 -5.1617e-01
295 0 +4.885135509e+00 +1.004885136e+03 +1.004885136e+03 +1.9922e+00 +2.7643e+00 -9.4401e-01 +3.1198e-01 -1.3449e+00 +1.2855e+00 -1.8263e+00 +3.8020e-01 -1.8083e+00 -1.1200e+00
436 0 +4.783552441e+00 +1.004783552e+03 +1.004783552e+03 +2.0311e-01 +2.4952e+00 -1.7651e+00 +6.6594e-01 -7.4338e-01 +1.3493e+00 -8.5689e-01 +2.2484e+00 -1.3551e+00 -8.9119e-01
494 0 +3.552486582e+00 +1.003552487e+03 +1.003552487e+03 +8.5712e-01 +2.7911e+00 -1.9417e+00 -4.5834e-01 -2.2910e-01 +2.1270e+00 -2.7122e-03 +1.2150e+00 -1.2589e+00 -1.3293e+00
644 0 +3.526330708e+00 +1.003526331e+03 +1.003526331e+03 -1.7471e+00 +2.0260e+00 -5.9364e-02 -1.0935e+00 -1.3794e+00 +2.1027e+00 -1.4966e+00 +1.2908e+00 -2.2863e+00 -8.3905e-01
664 0 +3.406308123e+00 +1.003406308e+03 +1.003406308e+03 -9.1146e-01 +2.4652e+00 -1.0031e+00 -6.8614e-01 -1.2400e+00 +9.2249e-01 -1.3880e+00 +1.6758e+00 -1.7955e+00 -9.7811e-01
667 0 +3.272864826e+00 +1.003272865e+03 +1.003272865e+03 +1.4569e+00 +1.4967e+00 -1.9625e+00 -1.4631e+00 -1.4522e+00 +5.3438e-01 -1.6549e+00 +2.1416e+00 -1.4546e+00 -1.1451e+00
692 0 +3.053145474e+00 +1.003053145e+03 +1.003053145e+03 +1.4841e+00 +1.4342e+00 -1.2226e+00 -8.1810e-01 -1.8205e+00 +4.8488e-01 -1.6750e+00 +1.7887e+00 -8.5953e-01 -1.2474e+00
829 0 +2.940650791e+00 +1.002940651e+03 +1.002940651e+03 +6.0014e-01 +4.3370e-01 -2.5440e+00 -1.2439e+00 -1.5777e+00 -8.5299e-02 -2.0674e+00 +1.6804e+00 -1.4638e+00 -1.1406e+00
1006 0 +2.782727453e+00 +1.002782727e+03 +1.002782727e+03 +1.2935e+00 +3.1781e+00 +8.2711e-01 -2.2018e+00 -1.2687e+00 +4.6565e-01 -2.4947e+00 +1.5219e+00 -1.8376e+00 -1.2568e+00
1243 0 +2.753505534e+00 +1.002753506e+03 +1.002753506e+03 -2.0540e+00 +3.2120e-01 -7.5964e-01 +1.2851e-01 -1.0014e+00 +1.2479e+00 -2.3548e+00 +1.0671e+00 -2.3901e+00 -1.4382e+00
1478 0 +2.175079962e+00 +1.002175080e+03 +1.002175080e+03 -1.1103e+00 -1.7675e-02 -2.6077e+00 +5.3302e-01 -1.3986e+00 +2.3346e+00 -1.5574e+00 +1.4848e+00 -1.6559e+00 -2.2090e+00
4455 0 +2.078974717e+00 +1.002078975e+03 +1.002078975e+03 -1.9606e+00 +2.1346e+00 +1.1418e-01 -2.5649e+00 -5.9915e-01 +2.5114e+00 -2.6604e-01 +2.0666e+00 -9.0713e-01 -1.2236e+00
6774 0 +2.028607477e+00 +1.002028607e+03 +1.002028607e+03 -2.0812e+00 +2.1235e+00 -6.9294e-02 -2.4377e-01 -1.8620e+00 +2.0376e+00 -1.0919e+00 +1.5939e+00 -2.2638e+00 -9.1425e-01
7071 0 +1.861585291e+00 +1.001861585e+03 +1.001861585e+03 -2.1341e+00 +2.0144e+00 -1.1616e+00 -1.0143e+00 -7.9055e-01 +2.3750e+00 -2.0937e+00 +7.3306e-01 -2.4861e+00 -8.9032e-01
7106 0 +1.625986358e+00 +1.001625986e+03 +1.001625986e+03 -2.0279e+00 +2.0395e+00 -2.1848e+00 -1.9306e+00 -1.4819e+00 +1.7823e+00 -2.0220e+00 +6.5579e-01 -2.4697e+00 -8.7553e-01
9759 0 +1.400332262e+00 +1.001400332e+03 +1.001400332e+03 -2.1604e+00 +2.0235e+00 -5.4563e-02 -9.1440e-02 -3.2992e-01 +2.5205e+00 -1.9911e+00 +9.9492e-01 -2.4304e+00 -8.4099e-01
10148 0 +1.367497591e+00 +1.001367498e+03 +1.001367498e+03 -2.0778e+00 +2.0995e+00 -2.1171e-01 -2.6470e+00 -8.9773e-01 +2.4179e+00 -2.0072e+00 +9.8102e-01 -2.3776e+00 -9.0826e-01
10263 0 +1.339987534e+00 +1.001339988e+03 +1.001339988e+03 -2.0317e+00 +2.0330e+00 -1.2292e+00 -3.7831e-01 -3.3651e-01 +2.5998e+00 -1.9826e+00 +1.0612e+00 -2.3651e+00 -8.8455e-01
10653 0 +1.224908532e+00 +1.001224909e+03 +1.001224909e+03 -2.1698e+00 +2.1097e+00 -2.1776e+00 -1.4243e+00 -1.2152e+00 +2.3338e+00 -2.0809e+00 +9.7245e-01 -2.3985e+00 -8.5395e-01
10792 0 +1.199519300e+00 +1.001199519e+03 +1.001199519e+03 -2.1249e+00 +2.0126e+00 -2.1201e+00 -8.8748e-01 -1.8367e+00 +2.2260e+00 -2.0560e+00 +9.8860e-01 -2.3748e+00 -8.8006e-01
10969 0 +1.116257208e+00 +1.001116257e+03 +1.001116257e+03 -2.0876e+00 +2.0267e+00 -2.0312e+00 -1.3705e+00 -1.6681e+00 +2.2741e+00 -2.0821e+00 +1.0202e+00 -2.4099e+00 -8.7837e-01
11446 0 +9.837636850e-01 +1.000983764e+03 +1.000983764e+03 -2.1951e+00 +2.1249e+00 +7.6393e-01 -3.5965e-01 -1.9010e+00 +2.1276e+00 -2.0911e+00 +9.7746e-01 -2.3966e+00 -8.8883e-01
12266 0 +7.188590779e-01 +1.000718859e+03 +1.000718859e+03 -2.2245e+00 +2.0856e+00 -2.1796e+00 -1.9705e+00 -2.1329e+00 +2.1054e+00 -2.1502e+00 +9.8115e-01 -2.3722e+00 -8.9463e-01
23276 0 +7.188590779e-01 +1.000718859e+03 +1.000718859e+03 -2.2245e+00 +2.0856e+00 -2.1796e+00 -1.9705e+00 -2.1329e+00 +2.1054e+00 -2.1502e+00 +9.8115e-01 -2.3722e+00 -8.9463e-01
% f evaluations | g evaluations | best noise-free fitness - Fopt (2.083800000000e+02) + sum g_i+ | measured fitness | best measured fitness or single-digit g-values | x1 | x2...
1 0 +1.033747614e+04 +1.054585614e+04 +1.054585614e+04 +0.0000e+00 +0.0000e+00 +0.0000e+00 +0.0000e+00 +0.0000e+00 +0.0000e+00 +0.0000e+00 +0.0000e+00 +0.0000e+00 +0.0000e+00
39 0 +9.066457074e+03 +9.274837074e+03 +9.274837074e+03 +5.8061e+00 -1.7966e+00 -1.6093e+00 -1.5514e+00 +2.0836e+00 +2.7886e+00 +2.0993e+00 +1.3580e+00 -1.3855e+00 +1.6838e+00
109 0 +2.134880110e+03 +2.343260110e+03 +2.343260110e+03 +8.3783e-01 +1.4984e+00 -1.1632e-01 +1.6045e+00 +3.2857e+00 -8.3122e-01 +1.0764e+00 -2.1632e-01 -8.0706e-01 +1.8301e+00
220 0 +6.397243160e+02 +8.481043160e+02 +8.481043160e+02 -2.8974e-01 +1.6480e+00 +1.3937e+00 -1.2825e+00 +3.2666e-01 +2.6978e+00 +1.0612e+00 +6.9273e-01 -5.5206e-01 +7.7127e-01
269 0 +4.345377641e+02 +6.429177641e+02 +6.429177641e+02 +2.0491e+00 -5.2962e-01 +3.3249e+00 -2.0053e+00 +7.3183e-01 +8.7894e-01 +2.4308e+00 +1.0591e+00 -1.2704e+00 +1.3331e+00
408 0 +6.160156836e+00 +2.145401568e+02 +2.145401568e+02 -4.7954e-01 +5.6919e-01 +1.1361e+00 -8.4678e-01 +1.2740e+00 +1.8426e+00 +1.6299e+00 +1.1111e+00 -2.0523e+00 +1.5658e+00
433 0 +4.906573365e+00 +2.132865734e+02 +2.132865734e+02 -2.8387e-02 -7.6227e-01 +2.0083e+00 +1.2116e+00 +1.8088e+00 +1.7520e+00 +1.9509e+00 +3.8361e-01 -2.1681e+00 +7.8986e-01
648 0 +3.795688393e+00 +2.121756884e+02 +2.121756884e+02 +6.0858e-01 +1.4775e+00 +1.2867e-01 +1.3851e+00 +5.1527e-01 +1.5179e+00 +8.7671e-01 +1.5744e+00 -9.1850e-01 +1.8301e+00
929 0 +3.349133887e+00 +2.117291339e+02 +2.117291339e+02 -1.6931e+00 +5.6687e-01 -3.4634e-02 +1.8610e-01 +8.8805e-01 +1.2746e+00 +2.3130e+00 +7.9183e-01 -2.4951e+00 +1.6603e+00
938 0 +2.817189205e+00 +2.111971892e+02 +2.111971892e+02 -9.2448e-01 +1.5174e+00 -2.7082e-02 +2.6779e+00 +2.0468e+00 +1.3380e+00 +2.2259e+00 +1.4585e+00 -1.7718e+00 +2.1639e+00
1619 0 +2.635182106e+00 +2.110151821e+02 +2.110151821e+02 +1.5219e+00 -6.0891e-02 +2.6487e+00 +1.5288e+00 +1.3293e-01 +2.6184e+00 +8.8952e-01 +1.7346e+00 -1.8257e+00 +9.5940e-01
1908 0 +2.625205535e+00 +2.110052055e+02 +2.110052055e+02 -3.5880e-01 -5.6943e-01 +3.2747e-02 +1.8875e+00 +9.0136e-01 +2.4234e+00 +1.6546e+00 +1.4270e+00 -9.2372e-01 +1.2349e+00
2546 0 +2.196483195e+00 +2.105764832e+02 +2.105764832e+02 +1.4988e+00 +1.2151e-02 +1.7377e+00 +1.5586e+00 +2.9347e-02 +2.5926e+00 +7.5864e-01 +9.4133e-01 -1.7110e+00 +1.0348e+00
7515 0 +1.933655834e+00 +2.103136558e+02 +2.103136558e+02 +1.6955e+00 +3.0996e+00 +1.9084e+00 +2.8757e-01 +1.9149e+00 +2.3777e-01 +2.5867e+00 +4.5578e-01 -2.0948e+00 +1.6534e+00
8664 0 +1.617388050e+00 +2.099973880e+02 +2.099973880e+02 +1.3792e+00 +2.9017e+00 +1.0487e+00 -1.4680e-01 +2.7035e+00 +1.4368e-01 +2.6245e+00 +5.0808e-01 -1.6840e+00 +1.1008e+00
9129 0 +1.288629364e+00 +2.096686294e+02 +2.096686294e+02 +1.3868e+00 +3.0385e+00 +1.9098e+00 +2.0958e+00 +2.1786e+00 +1.1227e-01 +2.5772e+00 +1.2444e+00 -1.7033e+00 +2.1974e+00
13741 0 +1.244099941e+00 +2.096240999e+02 +2.096240999e+02 +1.5322e+00 +2.9958e+00 +1.8346e+00 -3.4273e-01 +2.6985e+00 -9.3950e-03 +2.6541e+00 +2.0046e+00 -9.4166e-01 +2.3193e+00
13745 0 +9.668210858e-01 +2.093468211e+02 +2.093468211e+02 +1.4940e+00 +3.0049e+00 +1.7943e+00 -1.8244e-01 +2.7064e+00 +8.2070e-02 +2.6606e+00 +1.9419e+00 -8.2830e-01 +1.2368e+00
14143 0 +8.452118061e-01 +2.092252118e+02 +2.092252118e+02 +1.5043e+00 +3.0398e+00 +1.9144e+00 -2.9399e-01 +2.6933e+00 +3.9725e-03 +2.6328e+00 +1.9353e+00 -8.1264e-01 +2.0811e+00
14471 0 +7.612734458e-01 +2.091412734e+02 +2.091412734e+02 +1.4469e+00 +3.0173e+00 +1.9228e+00 -3.2330e-01 +2.6734e+00 +6.1261e-02 +2.5782e+00 +1.9585e+00 -8.0671e-01 +1.2804e+00
14894 0 +7.033657583e-01 +2.090833658e+02 +2.090833658e+02 +1.6137e+00 +2.9936e+00 +1.9460e+00 -2.9554e-01 +2.7010e+00 -2.0259e-02 +2.5745e+00 +1.9980e+00 -2.1089e+00 +2.1376e+00
18691 0 +6.809871492e-01 +2.090609871e+02 +2.090609871e+02 +1.5326e+00 +3.0404e+00 +1.8400e+00 -3.3699e-01 +2.7183e+00 +5.4242e-02 +2.6368e+00 +1.9875e+00 -2.1100e+00 +1.7344e+00
18803 0 +6.574148436e-01 +2.090374148e+02 +2.090374148e+02 +1.5135e+00 +3.0236e+00 +1.8101e+00 -3.5569e-01 +2.7410e+00 +1.0284e-02 +2.6212e+00 +1.9760e+00 -2.2012e+00 +2.1090e+00
18837 0 +4.763881135e-01 +2.088563881e+02 +2.088563881e+02 +1.5635e+00 +3.0632e+00 +1.8517e+00 -3.2808e-01 +2.7019e+00 -1.1180e-02 +2.6081e+00 +1.9764e+00 -2.1316e+00 +2.0883e+00
32592 0 +4.737533385e-01 +2.088537533e+02 +2.088537533e+02 +1.5126e+00 +3.0092e+00 +1.8788e+00 -3.0319e-01 +2.7069e+00 +4.6129e-02 +2.6195e+00 +1.9762e+00 -2.1370e+00 +9.5286e-01
% f evaluations | g evaluations | best noise-free fitness - Fopt (-1.449600000000e+02) + sum g_i+ | measured fitness | best measured fitness or single-digit g-values | x1 | x2...
1 0 +1.033747614e+04 +1.019251614e+04 +1.019251614e+04 +0.0000e+00 +0.0000e+00 +0.0000e+00 +0.0000e+00 +0.0000e+00 +0.0000e+00 +0.0000e+00 +0.0000e+00 +0.0000e+00 +0.0000e+00
36 0 +1.025309548e+04 +1.010813548e+04 +1.010813548e+04 -2.3834e+00 +9.2202e-01 +5.3311e-02 -7.0801e-01 +1.6365e+00 +1.2840e+00 -1.3614e+00 -1.9241e-01 -4.3680e+00 +1.1702e+00
37 0 +4.277266492e+03 +4.132306492e+03 +4.132306492e+03 +5.3585e-01 -1.2286e+00 -1.7562e+00 -1.7949e+00 +2.1264e+00 +1.9742e+00 -1.2892e+00 +1.7704e+00 -1.9304e+00 +5.8794e-02
60 0 +9.288196310e+02 +7.838596310e+02 +7.838596310e+02 -5.8519e-01 -9.0688e-01 -2.7780e+00 -1.1877e+00 +6.1423e-01 -4.2201e-01 -6.9671e-01 +1.5041e+00 -1.6586e+00 +7.0176e-01
82 0 +5.364351870e+02 +3.914751870e+02 +3.914751870e+02 -4.0548e-01 -1.0674e+00 -1.3910e+00 +6.1604e-01 -9.7022e-01 +3.1972e+00 -2.1012e+00 +4.3260e-01 -2.0860e+00 +1.8435e+00
103 0 +4.508075336e+02 +3.058475336e+02 +3.058475336e+02 -2.0117e+00 +4.0152e-01 -6.9792e-01 +3.0721e-01 -6.6417e-01 +9.0201e-01 -3.3361e-01 +1.5953e+00 -2.1778e+00 +2.5461e+00
137 0 +7.436590712e+00 -1.375234093e+02 -1.375234093e+02 -2.0177e+00 +2.0132e+00 -8.1824e-01 -7.5607e-01 -1.9852e+00 +1.5379e+00 -2.2887e+00 +7.2220e-01 -2.2505e+00 +8.7070e-01
426 0 +3.243584738e+00 -1.417164153e+02 -1.417164153e+02 +5.9037e-01 +2.8585e-01 -2.5038e+00 -4.5306e-02 -2.6127e+00 +1.7952e+00 -1.2404e+00 +1.1387e+00 -1.9996e+00 +1.3801e+00
516 0 +2.882305474e+00 -1.420776945e+02 -1.420776945e+02 +1.5626e+00 -6.9844e-01 -2.5837e+00 -1.9173e+00 -9.3098e-02 +1.2887e+00 -1.5783e+00 +1.0264e+00 -1.9685e+00 +1.8301e+00
1126 0 +2.703889777e+00 -1.422561102e+02 -1.422561102e+02 -1.9322e+00 -2.2132e+00 -1.3761e-02 -1.3058e+00 -1.2520e+00 +1.1054e+00 -1.8748e+00 +6.8541e-01 -1.5996e+00 +1.1248e+00
1594 0 +2.578131261e+00 -1.423818687e+02 -1.423818687e+02 -1.9722e+00 -1.1109e+00 +4.2595e-01 -1.9964e+00 -4.0013e-01 +1.5339e+00 -2.2353e+00 +2.1876e+00 -1.2233e+00 +1.2357e+00
1925 0 +2.532817042e+00 -1.424271830e+02 -1.424271830e+02 +1.7536e+00 -2.9789e+00 -6.1281e-01 -1.6567e+00 -1.5721e+00 +2.1166e+00 -8.1577e-01 +9.7145e-01 -1.3804e+00 +2.2250e+00
2393 0 +2.309780182e+00 -1.426502198e+02 -1.426502198e+02 +6.4680e-01 -2.7286e+00 -1.1858e+00 -2.3018e+00 -2.0773e+00 +7.9931e-01 -7.8640e-01 +2.0747e+00 -1.7587e+00 +1.5068e+00
9649 0 +2.209189086e+00 -1.427508109e+02 -1.427508109e+02 -1.9104e+00 -2.1193e+00 -3.0243e-01 -5.5159e-01 -2.4572e+00 +2.0191e+00 -1.6718e+00 +8.4958e-01 -2.3961e+00 +1.2153e+00
11572 0 +2.165248823e+00 -1.427947512e+02 -1.427947512e+02 +1.5702e+00 +2.3252e-01 -2.8272e+00 -6.3323e-01 -2.4370e+00 +1.0550e+00 -6.5472e-01 +1.4019e+00 -1.4536e+00 +2.2626e+00
11895 0 +1.728156916e+00 -1.432318431e+02 -1.432318431e+02 +1.6275e+00 +1.0449e-01 +2.0683e-01 -8.4683e-01 -2.4138e+00 +1.0694e+00 -7.0838e-01 +1.3250e+00 -2.2704e+00 +2.0107e+00
13676 0 +1.619030848e+00 -1.433409692e+02 -1.433409692e+02 +1.4931e+00 +2.2523e-01 -5.6907e-02 -1.0822e-01 -2.5689e+00 +1.4227e+00 -5.6567e-01 +1.0538e+00 -2.3490e+00 +1.9526e+00
14148 0 +1.560873541e+00 -1.433991265e+02 -1.433991265e+02 +1.5318e+00 +1.8252e-01 -1.8720e+00 -3.6599e-01 -2.5721e+00 +1.4216e+00 -5.6834e-01 +1.0111e+00 -2.3900e+00 +1.7208e+00
14471 0 +1.478363491e+00 -1.434816365e+02 -1.434816365e+02 +1.4963e+00 +1.4993e-01 -1.7961e+00 -3.4772e-01 -2.5508e+00 +1.4003e+00 -5.8942e-01 +9.6201e-01 -2.3960e+00 +9.2429e-01
15469 0 +1.444440488e+00 -1.435155595e+02 -1.435155595e+02 +1.4663e+00 +1.8250e-01 -2.6442e+00 -7.2634e-01 -2.5009e+00 +1.4075e+00 -6.0458e-01 +1.1003e+00 -2.3913e+00 +2.0079e+00
17046 0 +1.363514490e+00 -1.435964855e+02 -1.435964855e+02 +1.5017e+00 +1.4394e-01 -2.5987e+00 -4.2847e-01 -2.5645e+00 +1.3620e+00 -6.2615e-01 +9.9491e-01 -2.3851e+00 +8.7033e-01
18518 0 +1.280721101e+00 -1.436792789e+02 -1.436792789e+02 +1.5605e+00 +9.6044e-02 -2.6206e+00 +4.9452e-01 -2.7784e+00 +1.3895e+00 -6.2750e-01 +9.8357e-01 -2.3743e+00 +1.4973e+00
19584 0 +1.201345234e+00 -1.437586548e+02 -1.437586548e+02 +1.4744e+00 +1.9425e-01 -1.8550e+00 +2.4687e-01 -2.6698e+00 +1.3928e+00 -6.0082e-01 +9.9384e-01 -2.3818e+00 +9.0479e-01
20777 0 +1.165239325e+00 -1.437947607e+02 -1.437947607e+02 +1.4897e+00 +1.9254e-01 -1.8419e+00 +2.9690e-01 -2.7058e+00 +1.3588e+00 -6.1883e-01 +9.8888e-01 -2.3918e+00 +8.8688e-01
21926 0 +1.147697103e+00 -1.438123029e+02 -1.438123029e+02 +1.5230e+00 +1.8293e-01 -1.8374e+00 +2.9265e-01 -2.7059e+00 +1.3759e+00 -6.0772e-01 +1.0027e+00 -2.3812e+00 +8.9523e-01
27959 0 +1.144909347e+00 -1.438150907e+02 -1.438150907e+02 +1.5126e+00 +1.7388e-01 -1.8339e+00 +2.9196e-01 -2.7040e+00 +1.3823e+00 -6.0640e-01 +1.0020e+00 -2.3806e+00 +8.9197e-01
% f evaluations | g evaluations | best noise-free fitness - Fopt (-6.300000000000e+00) + sum g_i+ | measured fitness | best measured fitness or single-digit g-values | x1 | x2...
1 0 +1.033747614e+04 +1.033117614e+04 +1.033117614e+04 +0.0000e+00 +0.0000e+00 +0.0000e+00 +0.0000e+00 +0.0000e+00 +0.0000e+00 +0.0000e+00 +0.0000e+00 +0.0000e+00 +0.0000e+00
51 0 +7.669096397e+03 +7.662796397e+03 +7.662796397e+03 +3.9797e-01 -8.4277e-01 -1.9328e+00 +3.5906e+00 +5.6185e-01 -2.5277e-01 -1.4350e+00 -1.0565e+00 +1.9205e+00 +1.4453e+00
101 0 +5.442689784e+03 +5.436389784e+03 +5.436389784e+03 -3.0462e+00 -9.3946e-01 -2.3916e+00 +2.1610e+00 +1.1840e+00 -9.2286e-02 -1.0776e+00 -2.1884e+00 +2.1255e+00 +2.5157e+00
102 0 +4.126086785e+03 +4.119786785e+03 +4.119786785e+03 +2.0958e+00 +1.4422e+00 -2.6835e+00 +2.3206e+00 +8.5585e-01 -3.9749e+00 -1.6274e+00 -1.4231e+00 +2.8235e+00 +7.1839e-01
115 0 +5.462445478e+01 +4.832445478e+01 +4.832445478e+01 +1.1767e+00 +1.9717e+00 -3.5146e+00 +1.4151e+00 -8.8627e-02 -2.2440e+00 +1.4796e+00 -3.0842e-01 +1.2118e+00 +1.6678e+00
457 0 +4.104691836e+01 +3.474691836e+01 +3.474691836e+01 -2.3699e+00 -8.7402e-01 -2.9503e+00 -8.4991e-01 -8.9673e-01 -1.3102e+00 +2.0853e+00 -3.1784e-01 +2.6327e+00 +1.9118e+00
607 0 +3.755402557e+00 -2.544597443e+00 -2.544597443e+00 -1.4154e+00 -3.0419e-01 -1.3045e+00 +2.5833e+00 -1.3084e+00 -1.5579e+00 +8.2429e-01 -2.5016e+00 +1.6062e+00 +2.1827e+00
864 0 +3.436458803e+00 -2.863541197e+00 -2.863541197e+00 +1.0848e+00 +7.1038e-01 -1.2641e+00 -9.3903e-03 -2.2329e+00 -2.0095e+00 +5.5458e-01 -1.4425e+00 +1.4445e+00 +2.1783e+00
901 0 +3.226050273e+00 -3.073949727e+00 -3.073949727e+00 +4.5525e-01 -1.7472e+00 -2.0217e+00 +1.1010e+00 -1.8554e+00 -1.6190e+00 +1.6025e+00 -7.8673e-01 +1.4339e+00 +2.2698e+00
977 0 +2.899487937e+00 -3.400512063e+00 -3.400512063e+00 -3.7535e-01 -1.6706e+00 -2.1454e+00 +2.1479e+00 -1.8622e+00 -1.2569e+00 +6.5622e-01 -9.5799e-01 +1.2278e+00 +1.7655e+00
1060 0 +2.346551275e+00 -3.953448725e+00 -3.953448725e+00 +2.1203e+00 -2.0718e+00 -1.1948e+00 +2.3967e+00 -1.7733e+00 -1.3461e+00 +2.3046e+00 -2.0280e+00 +5.0389e-01 +2.0733e+00
2650 0 +2.301906252e+00 -3.998093748e+00 -3.998093748e+00 +8.7015e-01 -1.4798e+00 -2.2977e+00 +1.3487e+00 -2.3160e+00 -1.1536e+00 +2.3504e+00 -1.2448e+00 +1.7134e+00 +1.3454e+00
3486 0 +2.278201592e+00 -4.021798408e+00 -4.021798408e+00 +1.1198e+00 -9.8150e-01 -2.2982e+00 -3.7738e-01 -2.5472e+00 -8.5853e-01 +7.1843e-01 -2.4748e+00 +1.9444e+00 +1.8061e+00
3522 0 +2.234013000e+00 -4.065987000e+00 -4.065987000e+00 +1.2630e+00 -1.3105e+00 -2.3721e+00 +3.1789e-01 -2.6365e+00 -7.3080e-01 +2.4015e+00 -2.0503e+00 +2.0892e+00 +1.4201e+00
4064 0 +2.070575253e+00 -4.229424747e+00 -4.229424747e+00 +2.2557e+00 -7.4270e-01 -2.4593e+00 +3.4939e-02 -2.7138e+00 -7.3477e-01 +2.4198e+00 -1.6429e+00 +2.2526e+00 +2.1046e+00
4285 0 +1.649273667e+00 -4.650726333e+00 -4.650726333e+00 +1.9754e+00 -1.0129e+00 -2.3258e+00 +1.6188e-01 -2.6019e+00 -1.9735e+00 +1.6704e+00 -1.1807e+00 +2.3433e+00 +2.1066e+00
4589 0 +1.542735393e+00 -4.757264607e+00 -4.757264607e+00 +2.1959e+00 -1.0293e+00 -2.3869e+00 -4.4211e-01 -2.8157e+00 -8.4562e-01 +1.5944e+00 -7.8221e-01 +2.4873e+00 +2.0237e+00
5899 0 +1.430039127e+00 -4.869960873e+00 -4.869960873e+00 +2.0245e+00 +1.5637e-01 -2.6861e+00 -4.5147e-01 -2.7184e+00 -1.2907e+00 +5.7402e-01 -9.8257e-01 +2.4094e+00 +9.1755e-01
6187 0 +1.410394329e+00 -4.889605671e+00 -4.889605671e+00 +2.0585e+00 +2.0708e-01 -2.7044e+00 -4.0888e-01 -2.7444e+00 -1.9701e+00 +1.1259e+00 -8.7018e-01 +2.4013e+00 +1.1680e+00
6668 0 +1.357189557e+00 -4.942810443e+00 -4.942810443e+00 +2.1110e+00 +2.9049e-01 -2.7030e+00 -4.6896e-01 -2.7429e+00 -2.0297e+00 +1.6445e+00 -8.0606e-01 +2.4073e+00 +1.9422e+00
7406 0 +1.340936567e+00 -4.959063433e+00 -4.959063433e+00 +2.0087e+00 +1.5975e-01 -2.7135e+00 -5.5140e-01 -2.8754e+00 -1.3513e+00 +2.2690e+00 -5.3480e-01 +2.4599e+00 +8.9374e-01
7428 0 +1.263761154e+00 -5.036238846e+00 -5.036238846e+00 +2.0361e+00 +1.0174e-01 -2.6917e+00 -5.0061e-01 -2.8058e+00 -9.6964e-01 +2.3632e+00 -5.5478e-01 +2.5142e+00 +8.5376e-01
8220 0 +1.027693692e+00 -5.272306308e+00 -5.272306308e+00 +2.1210e+00 -3.3248e-01 -2.6128e+00 -4.4852e-01 -2.7312e+00 -5.2983e-02 +2.6571e+00 -4.7535e-01 +2.5337e+00 +8.5263e-01
9021 0 +1.017730856e+00 -5.282269144e+00 -5.282269144e+00 +2.1365e+00 -2.1497e-01 -2.5905e+00 -4.7144e-01 -2.7491e+00 -3.2492e-02 +2.6379e+00 -4.4049e-01 +2.5433e+00 +8.4174e-01
9463 0 +9.954595728e-01 -5.304540427e+00 -5.304540427e+00 +2.2404e+00 -5.7702e-01 -2.4795e+00 -4.8076e-01 -2.7763e+00 -4.2974e-02 +2.6335e+00 -5.0199e-01 +2.5094e+00 +8.4134e-01
9594 0 +9.080477294e-01 -5.391952271e+00 -5.391952271e+00 +2.0609e+00 -5.6024e-01 -2.4631e+00 -4.4859e-01 -2.7473e+00 -2.6463e-02 +2.6512e+00 -5.1895e-01 +2.4840e+00 +2.0612e+00
9672 0 +8.693175488e-01 -5.430682451e+00 -5.430682451e+00 +2.0954e+00 -4.9620e-01 -2.5780e+00 -4.5308e-01 -2.7670e+00 -1.8040e-02 +2.6550e+00 -4.6642e-01 +2.5031e+00 +1.9753e+00
9710 0 +7.789022282e-01 -5.521097772e+00 -5.521097772e+00 +2.1159e+00 -5.4748e-01 -2.5121e+00 -4.3347e-01 -2.7707e+00 +9.2405e-04 +2.6371e+00 -4.8339e-01 +2.5086e+00 +1.9839e+00
17981 0 +7.789022282e-01 -5.521097772e+00 -5.521097772e+00 +2.1159e+00 -5.4748e-01 -2.5121e+00 -4.3347e-01 -2.7707e+00 +9.2405e-04 +2.6371e+00 -4.8339e-01 +2.5086e+00 +1.9839e+00
% f evaluations | g evaluations | best noise-free fitness - Fopt (-1.367600000000e+02) + sum g_i+ | measured fitness | best measured fitness or single-digit g-values | x1 | x2...
1 0 +1.033747614e+04 +1.020071614e+04 +1.020071614e+04 +0.0000e+00 +0.0000e+00 +0.0000e+00 +0.0000e+00 +0.0000e+00 +0.0000e+00 +0.0000e+00 +0.0000e+00 +0.0000e+00 +0.0000e+00
48 0 +6.704753985e+03 +6.567993985e+03 +6.567993985e+03 +1.0795e+00 +4.9101e+00 -2.3869e+00 +2.7033e+00 +1.8479e+00 +6.9746e-01 -1.4965e+00 +1.1462e+00 +2.0044e+00 -1.3024e+00
56 0 +1.092527235e+03 +9.557672350e+02 +9.557672350e+02 +1.2463e+00 +1.0441e+00 -9.8665e-01 +3.9436e-02 -1.1716e-01 +9.1294e-01 +1.5117e-01 +2.5909e+00 -1.6860e-01 -1.7599e+00
77 0 +3.844752814e+00 -1.329152472e+02 -1.329152472e+02 +3.6413e-01 -1.8160e+00 -2.0061e+00 +2.1729e+00 -8.3269e-01 +3.7078e-01 -1.3997e+00 +1.8810e+00 +1.8854e+00 -9.0869e-01
570 0 +3.692582800e+00 -1.330674172e+02 -1.330674172e+02 -3.6733e-01 -1.1711e-02 -2.5999e+00 -5.6870e-01 -2.8112e+00 +9.7753e-01 -1.2938e+00 +1.4210e+00 +1.5686e+00 -2.0432e+00
677 0 +3.596449087e+00 -1.331635509e+02 -1.331635509e+02 -1.3989e+00 -9.4507e-02 -2.5707e+00 +4.4777e-01 -5.2158e-01 +6.2255e-01 -1.7880e+00 +2.0071e+00 +1.8761e+00 -1.0377e+00
723 0 +3.239690556e+00 -1.335203094e+02 -1.335203094e+02 -1.9896e+00 -1.3040e+00 -2.2914e+00 -4.7293e-01 -2.5676e+00 +1.8066e+00 -1.6030e+00 +2.2355e+00 +1.1647e+00 -1.9560e+00
809 0 +2.590392224e+00 -1.341696078e+02 -1.341696078e+02 -1.0315e-01 -9.7402e-02 -1.6214e+00 +1.3888e-01 -2.0193e+00 +2.1334e+00 -4.9791e-01 +2.0431e+00 +2.1022e+00 -2.1124e+00
1541 0 +2.485316363e+00 -1.342746836e+02 -1.342746836e+02 +9.9053e-01 -1.5885e+00 -2.1462e+00 +2.3769e-01 -4.3964e-01 +1.9240e+00 -5.7098e-01 +1.6599e+00 +1.8710e+00 -1.0050e+00
1683 0 +2.410448698e+00 -1.343495513e+02 -1.343495513e+02 +1.1133e-01 -1.7362e+00 -2.2106e+00 +3.5852e-01 -4.2378e-01 +1.9444e+00 -1.6222e+00 +7.2248e-01 +1.1347e+00 -1.7551e+00
7751 0 +2.209020641e+00 -1.345509794e+02 -1.345509794e+02 +1.0579e+00 -2.3453e+00 -1.0309e-01 +2.6292e+00 -1.1784e+00 +2.2531e+00 -7.4138e-01 +1.0272e+00 +2.2978e+00 -9.4668e-01
8996 0 +1.626160679e+00 -1.351338393e+02 -1.351338393e+02 -1.4317e+00 -2.8590e+00 -8.2168e-01 +2.3940e+00 +7.5343e-02 +2.6302e+00 -1.5037e+00 +7.6903e-01 +2.0635e+00 -2.0758e+00
9769 0 +1.329545857e+00 -1.354304541e+02 -1.354304541e+02 -1.6287e+00 -3.1387e+00 -1.6175e+00 +2.2525e+00 +9.9027e-02 +2.6768e+00 -7.0408e-01 +2.4164e+00 +2.0421e+00 -1.7977e+00
11089 0 +1.112822156e+00 -1.356471778e+02 -1.356471778e+02 -1.4720e+00 -2.9735e+00 -1.1013e+00 +2.3555e+00 +1.1636e-01 +2.6061e+00 -2.0113e+00 +6.8878e-01 +1.1551e+00 -2.0300e+00
11293 0 +1.083922697e+00 -1.356760773e+02 -1.356760773e+02 -1.5977e+00 -2.9450e+00 -1.0891e+00 +2.2824e+00 +1.1470e-01 +2.6500e+00 -1.9623e+00 +7.5400e-01 +1.1581e+00 -2.3243e+00
11510 0 +1.037379683e+00 -1.357226203e+02 -1.357226203e+02 -1.5925e+00 -2.9503e+00 -9.5535e-01 +2.4764e+00 +1.6196e-01 +2.7062e+00 -1.9437e+00 +2.1621e+00 +8.3885e-01 -2.3700e+00
11736 0 +9.495012113e-01 -1.358104988e+02 -1.358104988e+02 -1.5486e+00 -2.9713e+00 -1.0142e+00 +2.3111e+00 +5.5732e-02 +2.6595e+00 -1.9753e+00 +1.7153e+00 +8.9394e-01 -2.3918e+00
12166 0 +8.290065003e-01 -1.359309935e+02 -1.359309935e+02 -1.4154e+00 -2.9252e+00 -1.1079e+00 +2.4083e+00 +8.1715e-02 +2.6406e+00 -1.9507e+00 +2.1019e+00 +8.2790e-01 -2.4110e+00
12324 0 +7.857338367e-01 -1.359742662e+02 -1.359742662e+02 -1.4907e+00 -3.0172e+00 -1.0470e+00 +2.4064e+00 +1.7122e-01 +2.6715e+00 -1.9007e+00 +2.1964e+00 +8.1425e-01 -2.4198e+00
12410 0 +7.677175379e-01 -1.359922825e+02 -1.359922825e+02 -1.5015e+00 -3.0151e+00 -1.0385e+00 +2.3755e+00 +1.7391e-01 +2.7224e+00 -1.8862e+00 +2.1879e+00 +7.8524e-01 -2.4198e+00
21001 0 +7.677175379e-01 -1.359922825e+02 -1.359922825e+02 -1.5015e+00 -3.0151e+00 -1.0385e+00 +2.3755e+00 +1.7391e-01 +2.7224e+00 -1.8862e+00 +2.1879e+00 +7.8524e-01 -2.4198e+00
% f evaluations | g evaluations | best noise-free fitness - Fopt (3.667500000000e+02) + sum g_i+ | measured fitness | best measured fitness or single-digit g-values | x1 | x2...
1 0 +1.033747614e+04 +1.070422614e+04 +1.070422614e+04 +0.0000e+00 +0.0000e+00 +0.0000e+00 +0.0000e+00 +0.0000e+00 +0.0000e+00 +0.0000e+00 +0.0000e+00 +0.0000e+00 +0.0000e+00
41 0 +6.029459246e+03 +6.396209246e+03 +6.396209246e+03 +1.8385e+00 +2.6534e+00 +1.2864e+00 +1.4525e+00 +4.5805e-01 +1.6879e+00 +2.8789e+00 +1.0788e+00 -6.3476e-01 +2.4041e+00
72 0 +5.548135269e+03 +5.914885269e+03 +5.914885269e+03 -2.8497e-01 +1.1110e+00 -1.0524e+00 -5.2027e-01 -7.8855e-02 +1.0380e+00 -5.3603e-01 +2.7378e+00 -1.4984e+00 +2.2198e+00
100 0 +5.194206586e+03 +5.560956586e+03 +5.560956586e+03 -2.9615e+00 -4.0727e+00 -1.9315e+00 -1.1270e+00 +2.5372e+00 +1.5443e+00 +2.0748e+00 +2.7480e+00 -3.5377e-01 +1.1387e+00
128 0 +8.401059324e+02 +1.206855932e+03 +1.206855932e+03 +1.5281e+00 -7.6955e-02 -8.6203e-02 +1.5206e+00 -7.5874e-01 -1.2864e+00 -2.5992e-02 +2.2235e+00 -3.5954e-01 +6.7141e-01
134 0 +5.198545680e+02 +8.866045680e+02 +8.866045680e+02 -1.2711e-01 +1.8996e-02 +1.3154e-01 -5.2053e-01 -4.3452e-02 -3.0246e+00 +1.3685e+00 +2.8932e+00 -3.3436e-01 +2.2390e+00
226 0 +4.678088570e+02 +8.345588570e+02 +8.345588570e+02 +1.2326e-01 -1.2352e+00 +5.2777e-01 -7.7758e-01 +1.1597e+00 -3.8246e-01 +1.1812e+00 +5.8411e-02 -8.1088e-01 +1.7876e+00
333 0 +2.678889912e+02 +6.346389912e+02 +6.346389912e+02 -2.2199e+00 -2.6916e+00 -3.4720e-01 -8.6454e-01 -1.3913e-01 -1.5569e+00 +2.2561e+00 +1.5624e+00 -1.2782e+00 +1.7803e+00
380 0 +4.501906765e+00 +3.712519068e+02 +3.712519068e+02 +2.0698e+00 -1.0965e+00 +9.5120e-01 +4.9914e-01 -4.6280e-02 -1.3178e+00 +2.3789e+00 +2.0533e+00 -1.5808e+00 +2.0991e+00
461 0 +3.879559744e+00 +3.706295597e+02 +3.706295597e+02 -7.5748e-02 -1.9400e+00 +9.8507e-01 +1.4701e+00 +1.5775e-01 -1.4448e+00 +1.1506e+00 +2.1991e+00 -2.0899e+00 +1.0373e+00
572 0 +3.782520244e+00 +3.705325202e+02 +3.705325202e+02 -2.1805e+00 +1.6960e+00 +4.6576e-01 +1.1918e+00 +2.4005e+00 -2.2394e+00 +2.1814e+00 +5.7031e-01 -2.5830e+00 +7.0554e-01
585 0 +3.096719984e+00 +3.698467200e+02 +3.698467200e+02 -1.1612e-01 -2.7284e-01 +5.1364e-01 +1.8554e+00 +1.4659e+00 -2.1188e+00 +1.0851e+00 +8.5644e-01 -2.3650e+00 +1.2594e+00
599 0 +2.508375803e+00 +3.692583758e+02 +3.692583758e+02 +2.6550e-01 +6.7941e-01 +2.9668e+00 -6.6902e-01 +1.9029e+00 -2.2233e+00 +2.1878e+00 +1.9929e+00 -2.1645e+00 +9.3429e-01
2033 0 +2.268650980e+00 +3.690186510e+02 +3.690186510e+02 -8.8878e-01 -2.2479e+00 +2.2635e+00 +1.9999e+00 +8.8536e-01 -1.7876e+00 +2.2630e+00 +2.0222e+00 -2.1705e+00 +1.6132e+00
3825 0 +2.202600693e+00 +3.689526007e+02 +3.689526007e+02 +1.5427e+00 +2.6488e-01 +2.3707e+00 +2.0209e+00 +7.7864e-01 -5.1226e-01 +8.9307e-01 +2.4044e+00 -8.1390e-01 +2.0976e+00
5078 0 +2.152016302e+00 +3.689020163e+02 +3.689020163e+02 +1.5943e+00 +1.6408e-02 +2.6292e+00 +8.3230e-01 +1.3380e+00 -2.2816e+00 +1.3079e+00 +2.3342e+00 -1.4876e+00 +2.2641e+00
5161 0 +2.094471503e+00 +3.688444715e+02 +3.688444715e+02 +7.4462e-01 +3.2224e-01 +1.7025e+00 +2.2889e+00 +3.5892e-01 -2.5610e+00 +8.2959e-01 +2.3927e+00 -1.6359e+00 +2.2554e+00
5508 0 +2.051548034e+00 +3.688015480e+02 +3.688015480e+02 +1.7228e+00 +2.4035e-01 +2.6174e+00 +4.4112e-01 +1.7386e+00 -2.1805e+00 +3.9856e-01 +2.4738e+00 -1.3462e+00 +2.3326e+00
5913 0 +2.019414396e+00 +3.687694144e+02 +3.687694144e+02 +1.3824e+00 +3.8762e-02 -1.3372e-01 +1.1438e+00 +1.8674e-01 -7.3893e-01 +8.3069e-01 +2.3667e+00 -1.2902e+00 +2.3064e+00
6047 0 +1.960424474e+00 +3.687104245e+02 +3.687104245e+02 +1.6453e+00 +2.6805e-01 -3.8707e-02 +1.5273e+00 +1.4287e-01 -7.2859e-01 +7.6562e-01 +2.3507e+00 -7.1559e-01 +2.3977e+00
6051 0 +1.879543752e+00 +3.686295438e+02 +3.686295438e+02 +1.5596e+00 +1.8099e-01 -2.6105e-01 +1.5631e+00 +1.0599e-01 -6.8553e-01 +7.6826e-01 +2.3965e+00 -8.5605e-01 +2.4148e+00
6305 0 +1.786461577e+00 +3.685364616e+02 +3.685364616e+02 +1.5349e+00 +6.0781e-02 +4.5531e-01 +1.0428e-02 +3.5736e-01 -6.2794e-01 +7.6983e-01 +2.4048e+00 -1.2997e+00 +2.3259e+00
6389 0 +1.705356131e+00 +3.684553561e+02 +3.684553561e+02 +1.4085e+00 +9.0720e-02 +1.8762e+00 -2.4595e-01 +6.3498e-01 -6.1903e-01 +7.6333e-01 +2.4663e+00 -1.0232e+00 +2.3508e+00
6627 0 +1.669655249e+00 +3.684196552e+02 +3.684196552e+02 +1.5853e+00 +2.0937e-01 -7.6176e-02 +8.7195e-01 +1.8845e-01 -5.9380e-01 +8.0267e-01 +2.4407e+00 -1.0880e+00 +2.3510e+00
6836 0 +1.576166353e+00 +3.683261664e+02 +3.683261664e+02 +1.4491e+00 +2.5255e-01 -1.3588e-01 +1.7999e+00 -1.0333e-02 -6.9383e-01 +8.0393e-01 +2.4408e+00 -1.1005e+00 +2.3526e+00
7177 0 +1.517267530e+00 +3.682672675e+02 +3.682672675e+02 +1.4768e+00 +5.2535e-02 +1.7745e+00 +2.2077e+00 +4.6457e-02 -7.3521e-01 +7.7962e-01 +2.4241e+00 -1.0301e+00 +2.3423e+00
7197 0 +1.317341299e+00 +3.680673413e+02 +3.680673413e+02 +1.4599e+00 +7.1303e-02 +2.7229e+00 +1.9529e+00 +4.0486e-02 -6.9097e-01 +7.7176e-01 +2.3991e+00 -1.1834e+00 +2.3508e+00
7222 0 +1.214830287e+00 +3.679648303e+02 +3.679648303e+02 +1.4893e+00 +2.8677e-01 +2.7277e+00 +1.9964e+00 -6.3528e-02 -6.6522e-01 +7.6015e-01 +2.3986e+00 -1.0177e+00 +2.3882e+00
7342 0 +1.157723410e+00 +3.679077234e+02 +3.679077234e+02 +1.5008e+00 +3.1607e-01 +2.5994e+00 +2.0042e+00 -2.4173e-02 -7.0473e-01 +7.8674e-01 +2.3733e+00 -7.6709e-01 +2.4023e+00
7822 0 +1.144723597e+00 +3.678947236e+02 +3.678947236e+02 +1.5880e+00 +1.0479e-01 -2.3102e-01 +2.6486e+00 -2.4764e-01 -7.8629e-01 +7.6890e-01 +2.4620e+00 -6.8740e-01 +2.4118e+00
7836 0 +1.080776380e+00 +3.678307764e+02 +3.678307764e+02 +1.4208e+00 +2.6196e-01 -1.5105e-01 +2.6099e+00 -2.0824e-01 -7.8728e-01 +7.3733e-01 +2.4762e+00 -6.7370e-01 +2.4379e+00
8094 0 +1.036667697e+00 +3.677866677e+02 +3.677866677e+02 +1.5773e+00 +1.2169e-01 -6.5250e-03 +2.6410e+00 -2.0313e-01 -7.6250e-01 +7.6209e-01 +2.4638e+00 -7.3909e-01 +2.4402e+00
8253 0 +1.022363947e+00 +3.677723639e+02 +3.677723639e+02 +1.5538e+00 +1.3839e-01 -2.1227e-01 +2.6123e+00 -1.9802e-01 -7.6488e-01 +7.2324e-01 +2.4289e+00 -6.9920e-01 +2.4663e+00
8293 0 +9.404691771e-01 +3.676904692e+02 +3.676904692e+02 +1.4742e+00 +1.9105e-01 -2.0383e-01 +2.6545e+00 -1.7693e-01 -7.3860e-01 +7.8707e-01 +2.4217e+00 -7.3186e-01 +2.4538e+00
8565 0 +8.964496890e-01 +3.676464497e+02 +3.676464497e+02 +1.4458e+00 +2.2879e-01 -9.6811e-02 +2.6259e+00 -1.6803e-01 -7.4906e-01 +7.4900e-01 +2.4366e+00 -7.2423e-01 +2.4427e+00
8711 0 +8.873101171e-01 +3.676373101e+02 +3.676373101e+02 +1.5201e+00 +2.0218e-01 -1.3160e-01 +2.6259e+00 -2.0127e-01 -7.5810e-01 +7.9462e-01 +2.4454e+00 -7.1964e-01 +2.4564e+00
8793 0 +8.540311224e-01 +3.676040311e+02 +3.676040311e+02 +1.4910e+00 +2.0523e-01 -1.0730e-01 +2.6378e+00 -1.8857e-01 -7.5251e-01 +7.5265e-01 +2.4445e+00 -7.1355e-01 +2.4470e+00
9032 0 +8.463303724e-01 +3.675963304e+02 +3.675963304e+02 +1.5027e+00 +1.5082e-01 -1.4171e-01 +2.6840e+00 -2.2131e-01 -7.8087e-01 +7.5561e-01 +2.4441e+00 -7.2500e-01 +2.4400e+00
9677 0 +8.313153554e-01 +3.675813154e+02 +3.675813154e+02 +1.5102e+00 +1.8966e-01 -1.2404e-01 +2.6611e+00 -2.0157e-01 -7.7538e-01 +7.5816e-01 +2.4405e+00 -7.2374e-01 +2.4480e+00
16299 0 +8.290683424e-01 +3.675790683e+02 +3.675790683e+02 +1.5126e+00 +1.7388e-01 -1.2635e-01 +2.6626e+00 -2.0322e-01 -7.7365e-01 +7.5856e-01 +2.4414e+00 -7.2065e-01 +2.4509e+00
% f evaluations | g evaluations | best noise-free fitness - Fopt (-2.486900000000e+02) + sum g_i+ | measured fitness | best measured fitness or single-digit g-values | x1 | x2...
1 0 +1.033747614e+04 +1.008878614e+04 +1.008878614e+04 +0.0000e+00 +0.0000e+00 +0.0000e+00 +0.0000e+00 +0.0000e+00 +0.0000e+00 +0.0000e+00 +0.0000e+00 +0.0000e+00 +0.0000e+00
12 0 +7.864692302e+03 +7.616002302e+03 +7.616002302e+03 +3.1697e+00 -2.2599e+00 -2.3716e+00 -2.6497e-01 -1.1933e-02 +1.8817e+00 -1.7644e+00 -4.0674e+00 -8.7808e-01 +1.0830e+00
13 0 +7.400424523e+03 +7.151734523e+03 +7.151734523e+03 +4.2522e+00 -3.8114e+00 +7.4664e-01 +2.7396e+00 -7.4653e-01 -4.1987e-02 -3.1202e+00 -2.1481e-01 -1.5791e-01 +3.4803e+00
67 0 +4.961254458e+03 +4.712564458e+03 +4.712564458e+03 -1.2599e+00 +2.2577e+00 -2.8996e+00 +6.5188e-01 -2.5001e+00 +3.4710e-01 -1.9097e+00 -1.9791e+00 -2.2890e+00 +8.5740e-01
84 0 +4.139315518e+03 +3.890625518e+03 +3.890625518e+03 +2.0897e+00 -3.5138e+00 -8.0449e-01 -1.0291e-02 -1.9134e+00 +2.2585e+00 -2.3236e+00 -2.5071e+00 -5.4268e-01 +1.2583e-01
116 0 +2.475060365e+03 +2.226370365e+03 +2.226370365e+03 +6.4158e-01 +1.0129e+00 -2.4612e+00 +1.8250e+00 -1.7861e+00 +2.8038e-01 -4.9021e-01 -8.2819e-01 -7.7509e-01 +6.8288e-01
134 0 +2.380201994e+03 +2.131511994e+03 +2.131511994e+03 +1.5147e-01 -1.2379e+00 -3.1115e+00 +3.2485e-02 -3.6852e-01 +6.0537e-01 -1.1023e+00 -1.0142e+00 -1.0787e+00 +1.4117e+00
161 0 +2.277037453e+03 +2.028347453e+03 +2.028347453e+03 +2.8243e+00 -1.5629e+00 -7.9527e-01 +1.8053e+00 +1.1003e+00 +1.6410e+00 -1.1096e+00 -1.2224e+00 +1.1875e-01 +1.6817e+00
183 0 +2.171301038e+03 +1.922611038e+03 +1.922611038e+03 +3.3535e+00 +2.6907e+00 +2.6961e-01 -6.7830e-01 -3.1179e+00 +1.4837e+00 -1.1915e-01 -3.5907e+00 +1.1690e-01 +1.1880e+00
228 0 +1.963062620e+03 +1.714372620e+03 +1.714372620e+03 +2.0277e+00 +1.0628e+00 +1.9749e+00 -7.3840e-02 +1.5476e-01 +2.6226e-01 -4.3845e-01 -2.3399e+00 +3.5899e-01 +1.0325e+00
240 0 +3.423869060e+02 +9.369690600e+01 +9.369690600e+01 -1.7164e+00 +6.0893e-01 +3.8502e-01 -9.8848e-01 -6.3199e-01 +1.5773e+00 -2.2804e-02 -1.7508e+00 -2.8497e-01 +1.5611e+00
256 0 +2.021516219e+02 -4.653837815e+01 -4.653837815e+01 -2.2943e+00 +6.9313e-01 -7.4647e-01 -6.3159e-01 -2.3557e+00 +2.6073e-01 -2.9972e+00 -4.6261e-01 -2.2637e+00 +2.0425e+00
436 0 +4.760814083e+00 -2.439291859e+02 -2.439291859e+02 +1.5754e+00 -1.8764e-01 +1.9276e+00 -3.9494e-01 +6.0531e-02 +1.8656e+00 -2.1009e+00 -1.0718e+00 -1.5761e+00 +1.6484e+00
474 0 +3.813650311e+00 -2.448763497e+02 -2.448763497e+02 -8.1024e-01 -1.6647e-01 +2.7132e+00 -6.3229e-01 -1.7859e+00 +9.0850e-01 -1.3800e+00 -4.1529e-01 -1.8788e+00 +1.4142e+00
645 0 +2.795378508e+00 -2.458946215e+02 -2.458946215e+02 -1.5101e+00 +1.2482e-01 -2.2214e-01 -3.5055e-01 -2.7568e+00 +1.5883e-01 -1.5733e+00 -3.6146e-01 -1.3393e+00 +1.7260e+00
1171 0 +2.373364857e+00 -2.463166351e+02 -2.463166351e+02 -1.0878e+00 +2.8356e-01 +4.1923e-02 +6.3164e-01 -1.7331e+00 +1.0062e+00 -2.4776e+00 -2.0012e+00 -2.1425e+00 +2.1060e+00
5816 0 +2.327022749e+00 -2.463629773e+02 -2.463629773e+02 -1.6389e+00 -3.4990e-02 +1.2422e+00 +1.0805e+00 -1.2940e+00 +1.7128e+00 -1.6765e+00 -1.7754e+00 -2.2106e+00 +2.1142e+00
5981 0 +2.269631319e+00 -2.464203687e+02 -2.464203687e+02 -1.5100e+00 +3.5455e-01 +1.9604e+00 +2.4331e-01 -5.2923e-01 +2.3829e+00 -1.9697e+00 -1.7211e+00 -2.1542e+00 +2.1755e+00
6413 0 +2.190312848e+00 -2.464996872e+02 -2.464996872e+02 -1.5654e+00 -1.4261e+00 +2.8501e-01 +4.2351e-02 -4.2806e-01 +6.7376e-01 -2.4954e+00 -1.5317e+00 -2.2002e+00 +1.1490e+00
6721 0 +2.052352996e+00 -2.466376470e+02 -2.466376470e+02 -1.5716e+00 -2.9159e+00 +1.9275e+00 +9.0777e-01 -1.1867e+00 +1.7204e+00 -2.1557e+00 -1.5482e+00 -2.2593e+00 +1.2133e+00
7063 0 +1.939690676e+00 -2.467503093e+02 -2.467503093e+02 -1.4428e+00 -2.9768e+00 +1.8915e+00 -1.3741e-03 -2.0480e+00 +2.0114e+00 -2.0805e+00 -1.5499e+00 -2.2404e+00 +8.9236e-01
7539 0 +1.869699948e+00 -2.468203001e+02 -2.468203001e+02 -1.3562e+00 +9.6606e-02 +5.2000e-01 -1.1166e-02 -1.0454e+00 +2.3665e+00 -2.0724e+00 -1.6793e+00 -2.2067e+00 +1.4304e+00
7769 0 +1.773021573e+00 -2.469169784e+02 -2.469169784e+02 -1.6223e+00 -1.0186e+00 -4.4972e-01 +3.9907e-01 -3.6804e-01 +2.4925e+00 -1.9986e+00 -1.6297e+00 -2.1919e+00 +1.7000e+00
7803 0 +1.689936673e+00 -2.470000633e+02 -2.470000633e+02 -1.3861e+00 -1.0648e+00 -2.8526e-01 +1.7781e-01 -4.5731e-01 +2.4769e+00 -2.0045e+00 -1.6759e+00 -2.1827e+00 +1.7427e+00
8162 0 +1.546222470e+00 -2.471437775e+02 -2.471437775e+02 -1.5693e+00 -2.9727e+00 -6.7241e-01 +3.8877e-01 -9.5152e-01 +2.3223e+00 -2.0300e+00 -1.6485e+00 -2.2621e+00 +2.0414e+00
10803 0 +1.465154545e+00 -2.472248455e+02 -2.472248455e+02 -1.5146e+00 -6.6763e-01 -2.8121e-01 +1.5636e-01 -9.1528e-01 +2.3784e+00 -2.0227e+00 -1.6957e+00 -2.2262e+00 +9.4276e-01
10806 0 +1.355224775e+00 -2.473347752e+02 -2.473347752e+02 -1.4234e+00 +2.0409e-01 -1.7691e-01 +1.4594e-01 -9.6396e-01 +2.3941e+00 -2.0526e+00 -1.7000e+00 -2.2219e+00 +9.7715e-01
11674 0 +1.144790706e+00 -2.475452093e+02 -2.475452093e+02 -1.5868e+00 -2.9899e+00 -9.0889e-01 +3.5122e-01 -9.4306e-01 +2.3857e+00 -2.0904e+00 -1.6719e+00 -2.2276e+00 +9.2870e-01
12113 0 +1.101128369e+00 -2.475888716e+02 -2.475888716e+02 -1.4562e+00 -3.0573e+00 -9.0393e-01 +4.2746e-01 -8.7443e-01 +2.3764e+00 -2.0212e+00 -1.7020e+00 -2.2205e+00 +9.3055e-01
12140 0 +1.033004045e+00 -2.476569960e+02 -2.476569960e+02 -1.4971e+00 -3.0392e+00 -9.6070e-01 +3.7334e-01 -9.1424e-01 +2.3820e+00 -2.0340e+00 -1.6861e+00 -2.2216e+00 +9.3085e-01
12515 0 +1.014178732e+00 -2.476758213e+02 -2.476758213e+02 -1.5139e+00 -3.0366e+00 -9.1132e-01 +3.9529e-01 -9.0163e-01 +2.4169e+00 -2.0185e+00 -1.6782e+00 -2.1924e+00 +9.3567e-01
12699 0 +9.981756428e-01 -2.476918244e+02 -2.476918244e+02 -1.5173e+00 -2.9975e+00 -9.1682e-01 +3.7934e-01 -9.0580e-01 +2.3934e+00 -2.0380e+00 -1.6814e+00 -2.2088e+00 +9.4284e-01
19480 0 +9.869997217e-01 -2.477030003e+02 -2.477030003e+02 -1.5126e+00 -3.0092e+00 -9.2212e-01 +3.9703e-01 -8.9581e-01 +2.4071e+00 -2.0293e+00 -1.6803e+00 -2.2110e+00 +9.3436e-01
% f evaluations | g evaluations | best noise-free fitness - Fopt (-6.786000000000e+01) + sum g_i+ | measured fitness | best measured fitness or single-digit g-values | x1 | x2...
1 0 +1.033747614e+04 +1.026961614e+04 +1.026961614e+04 +0.0000e+00 +0.0000e+00 +0.0000e+00 +0.0000e+00 +0.0000e+00 +0.0000e+00 +0.0000e+00 +0.0000e+00 +0.0000e+00 +0.0000e+00
37 0 +8.499800447e+03 +8.431940447e+03 +8.431940447e+03 +1.5390e+00 +2.2661e+00 +1.2958e-01 +4.5459e-01 +7.5170e-01 -1.0575e+00 +1.3329e+00 -1.2782e+00 -4.6437e-01 +3.6367e-01
73 0 +2.756582339e+03 +2.688722339e+03 +2.688722339e+03 -4.2654e+00 -2.0850e+00 -9.5872e-01 +8.1142e-01 -1.0143e+00 +1.2359e-01 +2.3309e-01 -3.4014e+00 -4.1699e-01 -2.7866e+00
180 0 +1.007201455e+03 +9.393414555e+02 +9.393414555e+02 +1.2298e+00 -1.1365e+00 +2.9251e+00 -7.7609e-01 +3.8459e-01 -9.1817e-01 +1.3653e+00 +2.4577e-03 -2.8998e+00 -2.3151e+00
187 0 +5.676844740e+02 +4.998244740e+02 +4.998244740e+02 +4.6779e-01 -7.1933e-01 +2.5963e-01 +8.7556e-01 +9.0585e-01 -2.3905e+00 -3.9004e-01 -3.0543e+00 -1.4734e+00 -1.9530e+00
297 0 +4.791082016e+02 +4.112482016e+02 +4.112482016e+02 +5.9010e-01 +2.4658e-01 +2.8132e+00 +2.0869e-01 +3.0002e-01 -1.6105e-01 +6.6288e-01 -1.4435e+00 -2.7897e+00 -8.5712e-01
347 0 +3.749531343e+00 -6.411046866e+01 -6.411046866e+01 +2.5329e+00 +1.2575e+00 +2.1566e+00 +1.6168e+00 -1.3261e+00 -3.8158e-01 +9.0518e-01 -1.0490e+00 -1.3841e+00 -1.4345e+00
507 0 +3.390691253e+00 -6.446930875e+01 -6.446930875e+01 -1.7738e+00 +2.3103e-01 +5.7991e-01 +1.8415e-01 -2.6276e+00 -5.8022e-01 +1.9337e+00 -1.2053e+00 -1.7861e+00 -1.0912e+00
830 0 +3.251915769e+00 -6.460808423e+01 -6.460808423e+01 -1.9682e+00 +4.4768e-01 +2.4977e+00 -3.7158e-02 -6.8132e-01 -1.0593e+00 +1.3254e+00 -1.5770e+00 -1.6830e+00 -2.2462e+00
1134 0 +2.955173840e+00 -6.490482616e+01 -6.490482616e+01 -7.0135e-01 +1.0563e-01 +1.4142e+00 +5.9658e-01 -2.4242e+00 -1.7367e-01 +7.9653e-01 -9.5021e-01 -2.0417e+00 -9.9679e-01
1199 0 +2.902699261e+00 -6.495730074e+01 -6.495730074e+01 -9.8616e-01 +1.4529e+00 -6.2715e-01 +1.1984e+00 -8.6934e-01 -5.5374e-01 +1.2056e+00 -9.9960e-01 -1.3903e+00 -2.3134e+00
2082 0 +2.520191649e+00 -6.533980835e+01 -6.533980835e+01 +1.4847e+00 +1.3284e+00 -5.8855e-01 +3.0354e-01 -1.5267e+00 -1.6142e+00 +1.7758e+00 -8.4499e-01 -2.3970e+00 -1.6742e+00
3103 0 +2.341991010e+00 -6.551800899e+01 -6.551800899e+01 +7.0491e-01 +1.8777e+00 +1.3447e+00 +3.4124e-01 -2.5590e+00 -2.0172e+00 +1.6557e+00 -2.1351e+00 -1.5868e+00 -2.1644e+00
3558 0 +2.039303152e+00 -6.582069685e+01 -6.582069685e+01 +1.4679e+00 +3.0431e+00 +3.8487e-01 -5.8999e-01 -2.1230e+00 -2.0535e+00 +8.6108e-01 -2.3839e+00 -2.0733e+00 -1.8641e+00
5814 0 +1.983661446e+00 -6.587633855e+01 -6.587633855e+01 -1.9614e+00 -1.1287e+00 +1.0127e-02 +6.1704e-01 -3.1584e-01 -2.4631e+00 +1.0049e+00 -9.5846e-01 -1.1207e+00 -2.3516e+00
7266 0 +1.919459201e+00 -6.594054080e+01 -6.594054080e+01 +1.3729e+00 +3.6163e-02 +1.6797e+00 +2.0697e+00 +3.8697e-02 -2.5948e+00 +1.3849e+00 -8.3103e-01 -1.1231e+00 -2.3570e+00
7359 0 +1.839085447e+00 -6.602091455e+01 -6.602091455e+01 +7.5812e-01 +1.2318e+00 +8.7854e-01 +2.2479e+00 +1.5371e-01 -2.6908e+00 +1.9848e+00 -6.2838e-01 -1.1590e+00 -2.3385e+00
7367 0 +1.815750978e+00 -6.604424902e+01 -6.604424902e+01 +4.1896e-01 +1.1664e+00 +1.3967e+00 +1.5351e+00 -8.8590e-03 -2.6160e+00 +1.9365e+00 -6.9511e-01 -1.1495e+00 -2.3244e+00
7401 0 +1.716033783e+00 -6.614396622e+01 -6.614396622e+01 +7.2095e-01 +1.3956e+00 +2.0368e+00 +2.1016e+00 +4.8535e-02 -2.5961e+00 +2.0338e+00 -6.7298e-01 -1.1834e+00 -2.3270e+00
8199 0 +1.541313991e+00 -6.631868601e+01 -6.631868601e+01 -9.4723e-01 +2.4932e+00 +2.1666e+00 +1.2005e+00 -6.7481e-01 -2.4362e+00 +1.9919e+00 -6.4775e-01 -1.1604e+00 -2.3075e+00
9694 0 +1.380977577e+00 -6.647902242e+01 -6.647902242e+01 -1.9571e+00 +2.0459e+00 -7.0298e-01 +2.7248e-01 -1.8989e+00 -2.2215e+00 +2.1764e+00 -5.7552e-01 -1.1801e+00 -2.2819e+00
10589 0 +1.203142635e+00 -6.665685737e+01 -6.665685737e+01 -2.1497e+00 +1.9913e+00 +2.2594e+00 +1.9660e-01 -1.2689e+00 -2.2721e+00 +2.0642e+00 -6.6647e-01 -1.1572e+00 -2.3362e+00
10595 0 +1.093842769e+00 -6.676615723e+01 -6.676615723e+01 -2.2113e+00 +2.1212e+00 +2.0844e+00 +5.8444e-01 -1.4186e+00 -2.2698e+00 +2.0893e+00 -6.2798e-01 -1.1638e+00 -2.3226e+00
11695 0 +1.068486099e+00 -6.679151390e+01 -6.679151390e+01 -2.2034e+00 +1.9997e+00 +2.2533e+00 +1.2607e+00 -1.7594e+00 -2.2108e+00 +2.0946e+00 -6.2705e-01 -1.1843e+00 -2.3450e+00
27607 0 +1.048870047e+00 -6.681112995e+01 -6.681112995e+01 -2.0129e+00 +2.1132e+00 +2.1263e+00 +1.1839e+00 -1.6787e+00 -2.2186e+00 +2.0612e+00 -5.9354e-01 -1.1840e+00 -2.3116e+00
% f evaluations | g evaluations | best noise-free fitness - Fopt (-2.329000000000e+01) + sum g_i+ | measured fitness | best measured fitness or single-digit g-values | x1 | x2...
1 0 +1.033747614e+04 +1.031418614e+04 +1.031418614e+04 +0.0000e+00 +0.0000e+00 +0.0000e+00 +0.0000e+00 +0.0000e+00 +0.0000e+00 +0.0000e+00 +0.0000e+00 +0.0000e+00 +0.0000e+00
13 0 +5.087268381e+03 +5.063978381e+03 +5.063978381e+03 -1.7519e+00 -3.0508e+00 +1.7891e+00 -9.5857e-01 +3.0291e-02 +1.8758e-01 -2.4876e+00 +3.2654e+00 +5.9874e-01 +2.0428e+00
41 0 +1.869767744e+03 +1.846477744e+03 +1.846477744e+03 -7.9621e-01 -1.3649e+00 +2.4491e+00 -2.1104e+00 -1.2676e+00 -1.0114e+00 -7.1420e-01 +2.7703e+00 +2.1054e+00 +2.6291e+00
63 0 +2.001972251e+02 +1.769072251e+02 +1.769072251e+02 -1.5803e+00 -1.6419e+00 +1.1981e+00 -7.4985e-01 -3.1354e-01 +1.2129e+00 -1.4923e+00 +2.4200e+00 +9.5252e-01 +2.4916e+00
103 0 +1.092480813e+02 +8.595808132e+01 +8.595808132e+01 +5.8353e-01 -1.6867e+00 +1.1459e+00 -8.7328e-02 -3.1253e+00 +1.2524e+00 -2.3886e+00 +8.4643e-02 +1.5131e+00 +2.0176e+00
255 0 +1.040529123e+02 +8.076291234e+01 +8.076291234e+01 -1.3255e+00 +2.4284e+00 +2.7127e+00 +2.2766e-01 -1.5899e+00 +3.5379e-02 -9.9064e-01 +1.5710e+00 +9.4076e-01 +2.5387e+00
258 0 +3.538022053e+01 +1.209022053e+01 +1.209022053e+01 +9.2678e-01 +1.8058e+00 +2.4542e+00 -3.3726e-01 -1.5818e+00 +6.4301e-01 -7.4373e-01 +2.7195e+00 +8.3972e-01 +2.4418e+00
297 0 +3.992375965e+00 -1.929762403e+01 -1.929762403e+01 -2.4319e+00 +1.3175e+00 +1.1053e-01 -1.1927e+00 -2.2636e+00 +5.3372e-01 -1.7990e+00 +1.3531e+00 +1.1705e+00 +1.5097e+00
344 0 +3.493770706e+00 -1.979622929e+01 -1.979622929e+01 +8.3858e-01 +1.7333e+00 +1.1926e+00 -5.6539e-01 -2.4286e+00 +7.9707e-01 -6.5114e-01 +1.3981e+00 +1.7304e+00 +2.1511e+00
552 0 +3.391644777e+00 -1.989835522e+01 -1.989835522e+01 +9.5441e-02 -5.5769e-01 +8.1206e-01 -2.1896e+00 -8.2058e-01 +2.5261e+00 -1.3704e+00 +1.8750e+00 +1.5579e+00 +1.0483e+00
566 0 +2.426240163e+00 -2.086375984e+01 -2.086375984e+01 -1.4349e-02 -5.7404e-01 +2.2396e-02 -2.5573e+00 -2.1035e+00 +1.6307e+00 -9.6204e-01 +1.2807e+00 +2.3965e+00 +1.1749e+00
4853 0 +2.255996234e+00 -2.103400377e+01 -2.103400377e+01 -6.0434e-02 +2.7205e+00 +2.0362e+00 -9.8397e-01 -1.2657e+00 +2.3598e+00 -6.7052e-01 +2.5352e+00 +1.6418e+00 +2.2182e+00
5123 0 +2.212742539e+00 -2.107725746e+01 -2.107725746e+01 +1.9032e-01 +2.5884e+00 +1.1481e+00 -2.2984e+00 -6.5468e-01 +6.3114e-01 -8.0729e-01 +2.3752e+00 +1.3899e+00 +1.3929e+00
5492 0 +2.175683858e+00 -2.111431614e+01 -2.111431614e+01 -8.1108e-01 +2.7874e+00 +1.1208e+00 -2.3700e+00 -8.2464e-01 +4.4762e-01 -8.9125e-01 +2.3209e+00 +1.0315e+00 +1.2292e+00
7258 0 +2.007967129e+00 -2.128203287e+01 -2.128203287e+01 -4.8091e-01 +2.8243e+00 +9.9696e-01 -1.5021e+00 -1.9273e-01 +1.1981e+00 -6.7383e-01 +2.4557e+00 +1.9740e+00 +9.9238e-01
8245 0 +1.886023398e+00 -2.140397660e+01 -2.140397660e+01 -1.5283e+00 +3.0255e+00 +8.5540e-01 -2.3954e+00 +1.3821e-01 +6.2513e-01 -8.7478e-01 +2.4368e+00 +1.1124e+00 +1.2179e+00
8361 0 +1.575220915e+00 -2.171477908e+01 -2.171477908e+01 -1.5022e+00 +2.9520e+00 +1.1980e+00 -2.1989e+00 +9.8691e-03 +6.9744e-01 -7.7055e-01 +2.3827e+00 +1.6553e+00 +1.0840e+00
8494 0 +1.387111731e+00 -2.190288827e+01 -2.190288827e+01 -1.5692e+00 +2.9885e+00 +5.0978e-01 -2.4827e+00 +1.5519e-01 +8.0584e-01 -7.6400e-01 +2.4221e+00 +7.2802e-01 +1.5492e+00
9850 0 +1.367499511e+00 -2.192250049e+01 -2.192250049e+01 -1.5655e+00 +2.9933e+00 -9.1617e-01 -2.8139e+00 +2.4346e-01 +8.1548e-01 -7.3472e-01 +2.4624e+00 +7.9429e-01 +1.8482e+00
9860 0 +1.292612703e+00 -2.199738730e+01 -2.199738730e+01 -1.6062e+00 +2.9771e+00 -9.2724e-01 -2.8080e+00 +2.6832e-01 +8.0207e-01 -7.1943e-01 +2.4893e+00 +7.7950e-01 +2.1097e+00
9886 0 +1.275561902e+00 -2.201443810e+01 -2.201443810e+01 -1.5377e+00 +3.0362e+00 -9.1649e-01 -2.7234e+00 +2.7020e-01 +7.8176e-01 -7.6038e-01 +2.4669e+00 +1.0954e+00 +2.3364e+00
10088 0 +1.171190439e+00 -2.211880956e+01 -2.211880956e+01 -1.5264e+00 +2.9144e+00 -8.8844e-01 -2.8376e+00 +2.3489e-01 +7.9628e-01 -7.0770e-01 +2.4182e+00 +1.0401e+00 +2.4217e+00
10096 0 +1.005148695e+00 -2.228485131e+01 -2.228485131e+01 -1.5455e+00 +3.0399e+00 -8.8919e-01 -2.8370e+00 +2.4802e-01 +7.8241e-01 -8.0016e-01 +2.4132e+00 +7.4571e-01 +2.5103e+00
11105 0 +9.196231101e-01 -2.237037689e+01 -2.237037689e+01 -1.5659e+00 +2.9036e+00 -8.5879e-01 -2.8276e+00 +2.4764e-01 +8.1036e-01 -7.2012e-01 +2.4472e+00 +7.5800e-01 +2.4492e+00
11124 0 +8.628153123e-01 -2.242718469e+01 -2.242718469e+01 -1.5667e+00 +2.9421e+00 -9.6806e-01 -2.8394e+00 +2.8151e-01 +8.0322e-01 -7.1920e-01 +2.4624e+00 +7.0796e-01 +2.4615e+00
11503 0 +7.915888604e-01 -2.249841114e+01 -2.249841114e+01 -1.5620e+00 +2.9788e+00 -9.2592e-01 -2.8913e+00 +2.4316e-01 +7.7360e-01 -7.6101e-01 +2.4199e+00 +6.9943e-01 +2.4562e+00
14562 0 +7.741512254e-01 -2.251584877e+01 -2.251584877e+01 -1.5216e+00 +3.0269e+00 -9.4499e-01 -2.8445e+00 +2.6397e-01 +7.9337e-01 -7.5496e-01 +2.4723e+00 +7.0430e-01 +2.4353e+00
31886 0 +7.682661234e-01 -2.252173388e+01 -2.252173388e+01 -1.5097e+00 +2.9640e+00 -9.0985e-01 -2.8769e+00 +2.5896e-01 +7.7449e-01 -7.7210e-01 +2.4074e+00 +7.2866e-01 +2.4594e+00
% f evaluations | g evaluations | best noise-free fitness - Fopt (-1.028000000000e+01) + sum g_i+ | measured fitness | best measured fitness or single-digit g-values | x1 | x2...
1 0 +1.033747614e+04 +1.032719614e+04 +1.032719614e+04 +0.0000e+00 +0.0000e+00 +0.0000e+00 +0.0000e+00 +0.0000e+00 +0.0000e+00 +0.0000e+00 +0.0000e+00 +0.0000e+00 +0.0000e+00
26 0 +7.690220481e+03 +7.679940481e+03 +7.679940481e+03 +1.2290e+00 +2.0933e+00 +1.4810e+00 +3.3714e-01 -1.8158e+00 -2.5055e+00 +3.4575e+00 +9.9862e-01 +3.9734e+00 -1.0042e+00
53 0 +6.575340474e+03 +6.565060474e+03 +6.565060474e+03 +5.1106e+00 +4.4144e+00 -1.6085e+00 +3.2981e-01 -2.6225e+00 -1.1060e+00 +2.0463e+00 -4.8072e-01 +2.5665e+00 -7.9470e-01
65 0 +2.280777609e+03 +2.270497609e+03 +2.270497609e+03 +4.2657e+00 -5.2054e-01 +1.7866e+00 +1.0928e+00 -1.4949e+00 -3.0663e-01 +3.4676e-01 -1.6475e-02 +1.8771e+00 -1.4842e+00
106 0 +1.676537988e+03 +1.666257988e+03 +1.666257988e+03 +2.0841e+00 +1.9460e+00 +3.5217e+00 +2.3387e+00 -7.7727e-01 -2.5943e+00 +2.0047e+00 -5.8407e-01 +2.8288e+00 -6.1269e-01
124 0 +5.221700574e+02 +5.118900574e+02 +5.118900574e+02 -1.3300e-01 +1.6413e+00 +2.2799e+00 +1.0841e+00 -1.7425e+00 -2.5587e+00 +2.3010e+00 +1.9339e-01 +1.6971e+00 -5.7187e-01
186 0 +3.009135572e+02 +2.906335572e+02 +2.906335572e+02 +3.2747e+00 -1.3138e+00 +2.2667e+00 +1.1788e+00 -3.3670e+00 -1.4388e+00 +1.5867e+00 -4.9788e-01 +1.8366e+00 -9.0067e-01
523 0 +9.213851152e+01 +8.185851152e+01 +8.185851152e+01 +1.3433e+00 -1.3637e+00 +6.5210e-01 -2.3678e+00 +1.0027e+00 -1.5710e+00 +1.7760e+00 -1.9712e+00 +1.5396e+00 -1.0620e+00
573 0 +5.603254227e+01 +4.575254227e+01 +4.575254227e+01 +2.1764e+00 +1.0389e+00 +1.8537e+00 -2.5099e+00 -1.3299e+00 -5.3320e-01 +1.9459e+00 -1.2220e-01 +1.4064e+00 -1.8906e+00
625 0 +1.139885568e+01 +1.118855680e+00 +1.118855680e+00 +4.6231e-01 +4.0897e-01 +2.1693e+00 +8.6633e-01 -1.9153e+00 -1.2411e+00 +2.5633e+00 -1.0738e+00 +1.7257e+00 -1.0669e+00
631 0 +6.367594172e+00 -3.912405828e+00 -3.912405828e+00 +4.9927e-01 +3.6035e-01 +1.1101e+00 -3.7397e-01 -1.3534e+00 +1.7115e-01 +2.4142e+00 -1.7755e+00 +9.5375e-01 -2.2530e+00
676 0 +5.183698827e+00 -5.096301173e+00 -5.096301173e+00 +4.4231e-01 -8.8069e-01 +1.1444e+00 +3.9306e-01 -1.6689e+00 -1.8301e+00 +2.3730e+00 -1.6383e+00 +1.7087e+00 -7.6588e-01
679 0 +4.562779901e+00 -5.717220099e+00 -5.717220099e+00 -6.9824e-01 +8.8934e-01 +4.6289e-01 +6.3999e-01 -4.2103e-01 -7.8717e-01 +9.0705e-01 -8.5823e-01 +1.8801e+00 -1.1979e+00
705 0 +4.421780131e+00 -5.858219869e+00 -5.858219869e+00 -1.2998e+00 +2.6614e+00 -1.4091e+00 -1.3023e+00 -8.5480e-01 -6.4835e-01 +1.4754e+00 -8.1781e-01 +1.6049e+00 -1.9943e+00
750 0 +3.954686719e+00 -6.325313281e+00 -6.325313281e+00 -1.0153e+00 -1.1050e-01 +1.3966e+00 -4.6890e-01 -1.1818e+00 -2.5151e+00 +1.4189e+00 -2.2123e+00 +1.2052e+00 -2.0573e+00
951 0 +3.277163174e+00 -7.002836826e+00 -7.002836826e+00 -2.0088e+00 +7.0818e-01 +1.4612e-01 -2.5557e+00 -1.8469e+00 -1.2580e+00 +6.1377e-01 -1.1010e+00 +2.2770e+00 -2.1434e+00
1203 0 +2.865982235e+00 -7.414017765e+00 -7.414017765e+00 -1.1871e+00 -1.1292e+00 +2.7482e-02 -2.5398e+00 -1.3961e+00 -1.8580e+00 +4.5054e-02 -1.2164e+00 +1.0166e+00 -1.6832e+00
1507 0 +2.738340707e+00 -7.541659293e+00 -7.541659293e+00 +1.0797e+00 +3.4153e-01 +2.5643e+00 -2.5164e-01 -2.6576e+00 +7.4243e-02 +8.9391e-01 -1.4275e+00 +1.4433e+00 -2.2544e+00
2010 0 +2.526778418e+00 -7.753221582e+00 -7.753221582e+00 +1.0148e+00 +7.6930e-01 +5.3985e-01 -1.5466e+00 -2.2573e+00 -3.1513e-01 +2.0551e+00 -2.1402e+00 +2.0398e+00 -9.4908e-01
2069 0 +2.314366995e+00 -7.965633005e+00 -7.965633005e+00 +1.1003e+00 +2.1105e+00 +7.8083e-01 -1.7125e+00 -2.2605e+00 -1.2052e-01 +2.1043e+00 -2.0565e+00 +2.0625e+00 -1.1655e+00
3974 0 +2.266146328e+00 -8.013853672e+00 -8.013853672e+00 +2.3713e+00 +2.4099e-01 +1.6580e+00 -9.7646e-01 -2.3183e+00 -2.5980e-01 +8.4296e-01 -9.4537e-01 +2.4110e+00 -1.6838e+00
4195 0 +2.164048031e+00 -8.115951969e+00 -8.115951969e+00 +1.9441e+00 +1.2101e+00 +2.3609e+00 -1.2302e+00 -2.3105e+00 -9.7659e-02 +1.0234e+00 -9.4028e-01 +1.9381e+00 -1.6816e+00
4372 0 +2.038613252e+00 -8.241386748e+00 -8.241386748e+00 +2.2159e+00 -4.8789e-01 +1.9214e+00 -1.3666e+00 -2.2988e+00 -2.0565e-01 +8.9108e-01 -9.0425e-01 +2.0018e+00 -1.2164e+00
4471 0 +1.955826728e+00 -8.324173272e+00 -8.324173272e+00 +2.1522e+00 +1.9043e+00 +2.2051e+00 -1.4281e+00 -2.4042e+00 -6.4060e-01 +7.8762e-01 -9.0069e-01 +1.1531e+00 -1.4543e+00
4679 0 +1.715772336e+00 -8.564227664e+00 -8.564227664e+00 +2.2713e+00 +1.9207e+00 +2.1952e+00 -1.2645e+00 -2.3190e+00 -5.0462e-01 +7.9160e-01 -9.8923e-01 +1.4595e+00 -2.2682e+00
4897 0 +1.604300276e+00 -8.675699724e+00 -8.675699724e+00 +2.1093e+00 +1.0927e+00 +2.4115e+00 -1.2921e+00 -2.3416e+00 -7.0525e-01 +7.1408e-01 -9.0517e-01 +2.0063e+00 -2.1244e+00
5116 0 +1.501646736e+00 -8.778353264e+00 -8.778353264e+00 +1.9044e+00 +1.2555e+00 +2.3987e+00 -1.2754e+00 -2.3209e+00 -8.4420e-01 +6.6750e-01 -9.6664e-01 +2.3658e+00 -2.0474e+00
5305 0 +1.373777224e+00 -8.906222776e+00 -8.906222776e+00 +2.0966e+00 +1.1870e+00 +2.4570e+00 -1.2728e+00 -2.2622e+00 -1.5420e+00 +6.0739e-01 -1.0090e+00 +1.9800e+00 -2.1180e+00
6055 0 +1.318119728e+00 -8.961880272e+00 -8.961880272e+00 +2.1341e+00 +1.0062e+00 +2.3458e+00 -1.3415e+00 -2.3021e+00 -1.9880e+00 +4.8398e-01 -1.0429e+00 +1.7076e+00 -2.1785e+00
6186 0 +1.283066123e+00 -8.996933877e+00 -8.996933877e+00 +2.1871e+00 +1.0903e+00 +2.3339e+00 -1.3054e+00 -2.3526e+00 -2.0015e+00 +4.1450e-01 -1.0203e+00 +1.6834e+00 -2.1948e+00
6281 0 +1.254777115e+00 -9.025222885e+00 -9.025222885e+00 +2.2469e+00 +1.1381e+00 +2.2580e+00 -1.3233e+00 -2.3136e+00 -2.0315e+00 +4.3916e-01 -1.0499e+00 +1.7169e+00 -2.1724e+00
6372 0 +1.226916983e+00 -9.053083017e+00 -9.053083017e+00 +2.2361e+00 +1.1487e+00 +2.3335e+00 -1.2707e+00 -2.3085e+00 -2.0726e+00 +4.4995e-01 -1.0629e+00 +1.5565e+00 -2.2196e+00
6473 0 +1.167996124e+00 -9.112003876e+00 -9.112003876e+00 +2.1962e+00 +1.1870e+00 +2.3735e+00 -1.3424e+00 -2.2914e+00 -2.0296e+00 +4.0574e-01 -1.0696e+00 +1.9319e+00 -2.1821e+00
6486 0 +1.143653127e+00 -9.136346873e+00 -9.136346873e+00 +2.2506e+00 +1.1510e+00 +2.3822e+00 -1.2799e+00 -2.3863e+00 -2.0248e+00 +4.0155e-01 -1.0530e+00 +1.9827e+00 -2.1388e+00
6688 0 +1.104565505e+00 -9.175434495e+00 -9.175434495e+00 +2.1752e+00 +1.1564e+00 +2.2682e+00 -1.2473e+00 -2.3309e+00 -2.0139e+00 +4.5423e-01 -1.0025e+00 +1.9859e+00 -2.1170e+00
6730 0 +1.089159607e+00 -9.190840393e+00 -9.190840393e+00 +2.1576e+00 +1.1396e+00 +2.3962e+00 -1.2255e+00 -2.4020e+00 -2.0474e+00 +4.4950e-01 -1.0547e+00 +1.9604e+00 -2.1243e+00
6769 0 +1.063450301e+00 -9.216549699e+00 -9.216549699e+00 +2.2339e+00 +1.1375e+00 +2.3781e+00 -1.2295e+00 -2.2950e+00 -2.0508e+00 +4.6284e-01 -1.0487e+00 +1.9761e+00 -2.1260e+00
6823 0 +1.046718607e+00 -9.233281393e+00 -9.233281393e+00 +2.1360e+00 +1.1050e+00 +2.4027e+00 -1.3194e+00 -2.3384e+00 -2.0399e+00 +4.2311e-01 -1.0125e+00 +1.9745e+00 -2.1076e+00
6846 0 +1.018845899e+00 -9.261154101e+00 -9.261154101e+00 +2.1829e+00 +1.1466e+00 +2.2529e+00 -1.3501e+00 -2.3080e+00 -2.0581e+00 +4.5266e-01 -1.0381e+00 +1.9739e+00 -2.1209e+00
6888 0 +9.777331049e-01 -9.302266895e+00 -9.302266895e+00 +2.0786e+00 +1.1477e+00 +2.3715e+00 -1.2723e+00 -2.2663e+00 -2.0376e+00 +4.2733e-01 -1.0231e+00 +1.9918e+00 -2.1427e+00
7042 0 +9.275715555e-01 -9.352428444e+00 -9.352428444e+00 +2.0837e+00 +1.1177e+00 +2.3637e+00 -1.3110e+00 -2.2903e+00 -2.0579e+00 +4.4223e-01 -1.0186e+00 +1.9951e+00 -2.1379e+00
7562 0 +9.082035680e-01 -9.371796432e+00 -9.371796432e+00 +2.1180e+00 +1.1833e+00 +2.3394e+00 -1.3111e+00 -2.2840e+00 -2.0495e+00 +4.4530e-01 -1.0442e+00 +1.9853e+00 -2.1322e+00
8193 0 +8.908320587e-01 -9.389167941e+00 -9.389167941e+00 +2.0908e+00 +1.1560e+00 +2.3453e+00 -1.3004e+00 -2.3105e+00 -2.0515e+00 +4.3389e-01 -1.0430e+00 +1.9801e+00 -2.1352e+00
14652 0 +8.882956775e-01 -9.391704323e+00 -9.391704323e+00 +2.1048e+00 +1.1494e+00 +2.3437e+00 -1.3054e+00 -2.3047e+00 -2.0549e+00 +4.3825e-01 -1.0440e+00 +1.9798e+00 -2.1361e+00
% f evaluations | g evaluations | best noise-free fitness - Fopt (1.799700000000e+02) + sum g_i+ | measured fitness | best measured fitness or single-digit g-values | x1 | x2...
1 0 +1.033747614e+04 +1.051744614e+04 +1.051744614e+04 +0.0000e+00 +0.0000e+00 +0.0000e+00 +0.0000e+00 +0.0000e+00 +0.0000e+00 +0.0000e+00 +0.0000e+00 +0.0000e+00 +0.0000e+00
28 0 +8.993365503e+03 +9.173335503e+03 +9.173335503e+03 -2.8749e+00 +3.0854e-01 +2.0246e+00 +2.9191e+00 -3.2096e+00 +2.2493e+00 +7.8538e-01 -2.9055e-01 -5.2837e-01 +2.5211e+00
29 0 +2.285099686e+03 +2.465069686e+03 +2.465069686e+03 -5.8827e-01 +3.5533e+00 -1.6949e-01 +3.5718e+00 -2.0630e+00 +1.5140e-01 +2.8294e+00 +4.5608e-01 -1.2906e+00 +1.8727e+00
192 0 +1.480846746e+03 +1.660816746e+03 +1.660816746e+03 -8.5738e-02 +3.7219e+00 -2.4644e+00 +3.9956e+00 -7.1606e-01 +1.3318e+00 +9.4789e-01 -4.0937e-02 -2.5075e+00 +1.3295e+00
675 0 +1.244403043e+03 +1.424373043e+03 +1.424373043e+03 -6.8587e-01 -4.4903e-01 +3.0822e+00 +2.2068e+00 +2.1042e+00 +2.5092e-01 +2.4706e+00 +2.3768e+00 +2.0206e-01 +1.0834e+00
723 0 +5.641778701e+02 +7.441478701e+02 +7.441478701e+02 +7.2372e-01 -1.3495e+00 +2.8722e+00 +1.7797e+00 +2.1847e+00 -2.0111e-01 +7.6761e-01 +1.9126e+00 -5.3399e-01 +6.6926e-01
802 0 +3.256424188e+01 +2.125342419e+02 +2.125342419e+02 +1.7088e-01 -5.5736e-01 +2.3686e+00 +2.1614e+00 +2.4823e+00 +7.3317e-01 +2.4045e+00 +3.8182e-01 -2.6979e+00 +1.3984e+00
959 0 +7.592301473e+00 +1.875623015e+02 +1.875623015e+02 +2.5804e+00 +8.8876e-01 -9.4703e-01 +1.9089e+00 +7.6439e-01 +9.4965e-01 +1.1310e+00 +2.5263e+00 -1.1138e+00 +1.4256e+00
1099 0 +5.709257889e+00 +1.856792579e+02 +1.856792579e+02 +1.5460e+00 +1.9981e+00 -2.0346e-02 +1.8884e+00 +1.4846e+00 +3.0430e-01 +1.8156e+00 +2.3685e+00 -9.2480e-01 +1.7551e+00
1145 0 +4.723133816e+00 +1.846931338e+02 +1.846931338e+02 +5.0196e-01 +2.1661e+00 +1.5825e+00 +1.5123e+00 +2.5062e+00 +1.5921e+00 +8.5534e-01 +2.4088e+00 -2.1200e+00 +1.4594e+00
1150 0 +4.469845557e+00 +1.844398456e+02 +1.844398456e+02 -2.1845e-02 +1.7689e+00 +2.3517e+00 +6.5293e-01 +2.2022e+00 +1.6129e+00 +7.8366e-01 +1.8719e+00 -2.0042e+00 +1.5292e+00
1159 0 +4.243799962e+00 +1.842138000e+02 +1.842138000e+02 -1.5414e+00 +1.5635e+00 +6.0299e-01 +1.5587e-01 +2.7160e+00 +1.7051e-01 +1.1336e+00 +1.3813e+00 -1.2293e+00 +1.1811e+00
1169 0 +3.543863033e+00 +1.835138630e+02 +1.835138630e+02 -1.1553e+00 +2.1816e+00 +3.7446e-01 +3.1025e-01 +1.1497e+00 +3.9666e-01 +1.5091e+00 +2.2006e+00 -1.8781e+00 +1.8771e+00
1375 0 +3.195029045e+00 +1.831650290e+02 +1.831650290e+02 +6.7508e-01 -5.3007e-01 +7.2351e-01 +1.9029e+00 +1.1535e+00 +2.1615e+00 +1.5275e+00 +1.7724e+00 -9.7705e-01 +2.3907e+00
1440 0 +2.875067336e+00 +1.828450673e+02 +1.828450673e+02 -4.2653e-01 +2.6491e+00 +1.7041e-01 +1.3170e+00 +2.3474e+00 +1.4382e+00 +1.3328e+00 +1.8675e+00 -1.7945e+00 +1.3688e+00
1505 0 +2.652108648e+00 +1.826221086e+02 +1.826221086e+02 +5.4976e-01 +2.0328e+00 +5.8147e-02 +1.1851e+00 +2.3285e+00 +2.1633e+00 +5.0581e-01 +1.0388e+00 -1.0663e+00 +1.7957e+00
2623 0 +2.575515515e+00 +1.825455155e+02 +1.825455155e+02 +2.4635e+00 +3.3472e+00 -2.0799e-01 +2.8691e+00 +1.1290e+00 +4.9943e-01 +2.6254e+00 +2.0015e+00 -2.1948e+00 +1.0258e+00
3520 0 +2.475662108e+00 +1.824456621e+02 +1.824456621e+02 +1.5730e+00 +3.0933e+00 -5.1625e-01 +2.0405e+00 -1.6334e-02 +1.6790e+00 +1.1759e+00 +2.4060e+00 -2.0124e+00 +1.2064e+00
6397 0 +2.373908419e+00 +1.823439084e+02 +1.823439084e+02 +1.4841e+00 -2.3003e-03 -5.3534e-02 +1.9443e+00 +2.1435e+00 +1.5654e+00 +5.0373e-01 +1.8200e+00 -1.7774e+00 +1.5447e+00
7281 0 +2.299858699e+00 +1.822698587e+02 +1.822698587e+02 +1.6056e+00 +2.0228e+00 -6.0979e-01 +7.6177e-01 +1.5207e+00 +1.6414e+00 +2.2193e+00 +2.1027e+00 -1.7461e+00 +1.0118e+00
7322 0 +2.128744132e+00 +1.820987441e+02 +1.820987441e+02 +1.7515e+00 +1.1398e+00 -4.7189e-01 +3.0915e-01 +2.4488e+00 +1.9446e+00 +1.6601e+00 +2.2158e+00 -1.3403e+00 +1.1991e+00
7857 0 +1.955905164e+00 +1.819259052e+02 +1.819259052e+02 +1.6155e+00 +7.1931e-02 -3.1683e-01 +1.2489e+00 +2.2560e+00 +2.0549e+00 +4.8240e-01 +2.4956e+00 -1.6868e+00 +1.0535e+00
8693 0 +1.834648074e+00 +1.818046481e+02 +1.818046481e+02 +1.5733e+00 -2.1874e-01 -1.0631e-01 +7.4567e-01 +2.3899e+00 +1.9699e+00 +5.5324e-01 +2.4123e+00 -2.0005e+00 +2.0141e+00
14065 0 +1.679034425e+00 +1.816490344e+02 +1.816490344e+02 +1.4702e+00 -2.3466e-01 -2.3351e-01 +1.1424e+00 +2.4012e+00 +5.5121e-01 +1.1677e+00 +2.3282e+00 -2.0333e+00 +2.1432e+00
15153 0 +1.642043962e+00 +1.816120440e+02 +1.816120440e+02 +1.6471e+00 -1.3749e-01 -2.1583e-01 +2.8086e-01 +1.4463e+00 +2.2489e+00 +1.5371e+00 +2.2396e+00 -2.0646e+00 +1.5510e+00
15254 0 +1.268248457e+00 +1.812382485e+02 +1.812382485e+02 +1.5390e+00 -2.4206e-01 -7.1137e-02 +2.5054e-01 +2.5173e+00 +1.9663e+00 +1.6832e+00 +2.1762e+00 -2.0768e+00 +1.2228e+00
33297 0 +1.268248457e+00 +1.812382485e+02 +1.812382485e+02 +1.5390e+00 -2.4206e-01 -7.1137e-02 +2.5054e-01 +2.5173e+00 +1.9663e+00 +1.6832e+00 +2.1762e+00 -2.0768e+00 +1.2228e+00
% f evaluations | g evaluations | best noise-free fitness - Fopt (8.376000000000e+01) + sum g_i+ | measured fitness | best measured fitness or single-digit g-values | x1 | x2...
1 0 +1.033747614e+04 +1.042123614e+04 +1.042123614e+04 +0.0000e+00 +0.0000e+00 +0.0000e+00 +0.0000e+00 +0.0000e+00 +0.0000e+00 +0.0000e+00 +0.0000e+00 +0.0000e+00 +0.0000e+00
62 0 +6.402712237e+03 +6.486472237e+03 +6.486472237e+03 -1.9315e+00 -8.7259e-01 +2.8525e+00 -2.8797e+00 -7.1085e-01 +2.1159e-01 +4.0294e+00 +2.3143e+00 -3.0622e+00 +1.3686e+00
111 0 +5.731336698e+03 +5.815096698e+03 +5.815096698e+03 +1.1198e-01 -1.7158e+00 +3.7956e+00 +1.6464e+00 -7.9744e-01 +1.1817e+00 +4.2431e+00 +7.3632e-01 -1.9888e+00 +1.3921e+00
134 0 +2.447563437e+03 +2.531323437e+03 +2.531323437e+03 +2.8006e+00 -2.3591e+00 +7.3584e-01 +1.3045e+00 -1.0170e+00 -3.1881e-01 +2.5649e+00 +2.6492e+00 -1.4696e+00 +1.0554e+00
145 0 +7.639872754e+02 +8.477472754e+02 +8.477472754e+02 +2.7688e+00 -1.5098e+00 +1.7187e+00 +1.9452e-01 +6.8811e-01 +5.9581e-01 +2.7149e+00 +1.4284e+00 -2.2660e+00 +1.1992e+00
377 0 +5.952972567e+02 +6.790572567e+02 +6.790572567e+02 -2.9694e+00 +1.4126e-01 +2.9502e+00 +1.5313e+00 -2.4383e+00 +4.9369e-01 +3.1036e+00 -5.1706e-02 -7.9785e-01 +2.2385e+00
379 0 +5.165045967e+02 +6.002645967e+02 +6.002645967e+02 -7.7357e-01 +1.3564e+00 +2.2898e+00 +1.2598e-01 -5.4795e-01 -2.7782e-01 +3.3007e+00 +1.6978e+00 -4.6642e-01 +1.5442e+00
479 0 +4.716472756e+02 +5.554072756e+02 +5.554072756e+02 +1.4218e+00 +2.8366e+00 +2.1088e+00 +1.3517e+00 -2.7876e+00 -1.4997e-01 +2.4506e+00 -2.5320e-01 -1.4969e+00 +7.4059e-01
483 0 +3.352610260e+02 +4.190210260e+02 +4.190210260e+02 -1.3735e+00 +1.3473e+00 +3.1323e+00 -5.2185e-01 -1.6219e+00 -5.1735e-01 +2.4146e+00 +1.7607e+00 -2.0426e+00 +2.0168e+00
512 0 +3.198166668e+02 +4.035766668e+02 +4.035766668e+02 -7.2518e-01 +1.2278e+00 +2.9780e+00 -1.9086e+00 -5.5240e-01 +2.9717e-01 +3.0955e+00 +1.8583e-01 -1.2267e+00 +9.0270e-01
535 0 +1.739249954e+02 +2.576849954e+02 +2.576849954e+02 +5.1099e-01 -4.4438e-01 +2.7041e+00 -1.7973e+00 +9.6936e-01 +5.5919e-01 +2.3544e+00 +1.4089e-01 -1.3894e+00 +1.6399e+00
552 0 +3.151370167e+01 +1.152737017e+02 +1.152737017e+02 +1.9571e+00 +9.9934e-03 +3.1218e+00 -1.4609e+00 -1.6193e-01 +1.1440e-01 +1.9064e+00 +8.3528e-01 -1.2814e+00 +1.5865e+00
575 0 +4.419177997e+00 +8.817917800e+01 +8.817917800e+01 +1.5732e+00 +5.4007e-01 +1.3913e+00 -9.0896e-01 -1.6678e+00 +6.1314e-01 +1.9408e+00 +8.7825e-01 -9.7800e-01 +1.3835e+00
737 0 +3.624384667e+00 +8.738438467e+01 +8.738438467e+01 +4.0142e-01 -7.3440e-01 +1.0580e+00 +1.1253e-01 -2.3117e+00 +2.0806e+00 +2.2187e+00 +1.0962e+00 -2.2170e+00 +9.1734e-01
762 0 +3.162766103e+00 +8.692276610e+01 +8.692276610e+01 +1.3892e+00 -1.2492e-01 +1.8103e+00 -1.7179e+00 -2.1014e+00 +1.6199e+00 +2.4035e+00 +1.0915e+00 -1.7694e+00 +2.1786e+00
931 0 +2.791249453e+00 +8.655124945e+01 +8.655124945e+01 +5.4589e-01 +1.8911e+00 +2.0151e+00 -1.2640e+00 -1.2137e+00 +4.0610e-01 +1.9611e+00 +1.7563e+00 -1.8099e+00 +1.3518e+00
1007 0 +2.745466412e+00 +8.650546641e+01 +8.650546641e+01 -1.9261e+00 +3.6830e-01 -3.4432e-01 -2.5793e+00 -3.9762e-01 +5.9437e-01 +1.4569e+00 +1.1106e+00 -1.4643e+00 +1.1099e+00
1723 0 +2.591764096e+00 +8.635176410e+01 +8.635176410e+01 -2.0543e+00 +2.1864e+00 +7.5371e-01 -4.1017e-02 -2.7280e+00 +1.1837e+00 +1.4210e+00 +2.2644e+00 -1.0137e+00 +1.7115e+00
2337 0 +2.548331072e+00 +8.630833107e+01 +8.630833107e+01 +1.4925e+00 -1.6304e-01 +6.0320e-01 -1.7396e+00 -1.4212e+00 +1.7688e+00 +5.4428e-01 +1.8053e+00 -8.9304e-01 +1.6746e+00
4541 0 +2.093580044e+00 +8.585358004e+01 +8.585358004e+01 +1.4941e+00 +2.9009e+00 +1.9241e+00 -1.3012e+00 -1.1297e+00 +2.3861e+00 +3.7068e-01 +1.8591e+00 -1.7831e+00 +1.2906e+00
5605 0 +2.030299874e+00 +8.579029987e+01 +8.579029987e+01 +1.4868e+00 +3.0445e+00 +1.8799e+00 -6.4780e-01 +2.1497e-01 +8.2850e-01 +7.4044e-01 +2.4470e+00 -1.1504e+00 +2.0019e+00
6811 0 +1.893543880e+00 +8.565354388e+01 +8.565354388e+01 +1.6485e+00 +3.0772e+00 +1.1687e+00 -1.6769e+00 -2.1094e+00 +6.6078e-01 +7.7783e-01 +2.3936e+00 -1.4298e+00 +2.2812e+00
6879 0 +1.854756787e+00 +8.561475679e+01 +8.561475679e+01 +1.4498e+00 +2.9830e+00 +1.7521e+00 -2.3351e+00 -2.0262e+00 +1.1135e+00 +7.8452e-01 +1.0360e+00 -1.1382e+00 +2.3207e+00
8043 0 +1.726714353e+00 +8.548671435e+01 +8.548671435e+01 +1.3530e+00 +3.0754e+00 -2.1861e-01 -2.9509e-01 -2.5033e+00 +5.5061e-01 +8.0838e-01 +2.5290e+00 -7.3668e-01 +2.4215e+00
8297 0 +1.687114182e+00 +8.544711418e+01 +8.544711418e+01 +1.4831e+00 +3.1275e+00 +1.9451e+00 -1.4920e+00 -6.3097e-01 +6.4691e-01 +7.9789e-01 +2.3498e+00 -7.8096e-01 +2.3923e+00
8388 0 +1.452272244e+00 +8.521227224e+01 +8.521227224e+01 +1.5205e+00 +2.9743e+00 +1.0760e+00 -2.4162e+00 -1.9620e+00 +1.4824e+00 +5.5665e-01 +2.5333e+00 -1.1112e+00 +2.3342e+00
10907 0 +1.340736061e+00 +8.510073606e+01 +8.510073606e+01 +1.6202e+00 +3.0775e+00 -9.9633e-01 -3.9557e-01 -1.6911e+00 +2.7733e-01 +8.9993e-01 +2.4089e+00 -7.3529e-01 +2.4460e+00
12098 0 +1.167728310e+00 +8.492772831e+01 +8.492772831e+01 +1.5207e+00 +2.9101e+00 -7.7178e-01 -2.8800e-01 -2.5485e+00 +1.9912e+00 +2.0135e+00 +2.1410e+00 -7.9294e-01 +2.4907e+00
12180 0 +9.992784478e-01 +8.475927845e+01 +8.475927845e+01 +1.4458e+00 +2.9792e+00 -2.5587e-01 -2.3847e-01 -2.5551e+00 +2.0041e+00 +2.0680e+00 +2.1122e+00 -7.4804e-01 +2.3956e+00
12962 0 +7.999866821e-01 +8.455998668e+01 +8.455998668e+01 +1.4355e+00 +2.9517e+00 -9.4844e-01 -2.8791e+00 -1.8815e+00 +2.1657e+00 +2.0206e+00 +2.1314e+00 -7.5713e-01 +2.3740e+00
12965 0 +6.971741648e-01 +8.445717416e+01 +8.445717416e+01 +1.4878e+00 +2.9635e+00 -1.0353e+00 -2.8794e+00 -1.9291e+00 +2.0866e+00 +2.1159e+00 +2.0726e+00 -7.6835e-01 +2.4629e+00
13013 0 +5.021687859e-01 +8.426216879e+01 +8.426216879e+01 +1.5392e+00 +3.0081e+00 -9.0079e-01 -2.9020e+00 -1.9040e+00 +2.1125e+00 +2.0587e+00 +2.1071e+00 -7.9589e-01 +2.4582e+00
13938 0 +4.921141792e-01 +8.425211418e+01 +8.425211418e+01 +1.5548e+00 +3.0371e+00 -8.8120e-01 -2.8914e+00 -1.9172e+00 +2.1491e+00 +2.0590e+00 +2.0755e+00 -7.9541e-01 +2.4352e+00
14067 0 +4.693014100e-01 +8.422930141e+01 +8.422930141e+01 +1.5277e+00 +2.9852e+00 -9.6554e-01 -2.9062e+00 -1.9143e+00 +2.1416e+00 +2.1158e+00 +2.0721e+00 -8.3105e-01 +2.4444e+00
14084 0 +4.359521059e-01 +8.419595211e+01 +8.419595211e+01 +1.5534e+00 +3.0268e+00 -9.1826e-01 -2.8331e+00 -1.9199e+00 +2.1527e+00 +2.0639e+00 +2.0907e+00 -8.3059e-01 +2.4119e+00
14100 0 +3.995082550e-01 +8.415950826e+01 +8.415950826e+01 +1.5245e+00 +3.0334e+00 -9.0013e-01 -2.8549e+00 -1.9107e+00 +2.1186e+00 +2.1138e+00 +2.0948e+00 -8.0285e-01 +2.4200e+00
14426 0 +3.967337502e-01 +8.415673375e+01 +8.415673375e+01 +1.5156e+00 +2.9976e+00 -9.4741e-01 -2.8564e+00 -1.9283e+00 +2.1354e+00 +2.0661e+00 +2.1119e+00 -8.1041e-01 +2.4216e+00
14485 0 +3.765353640e-01 +8.413653536e+01 +8.413653536e+01 +1.5263e+00 +3.0166e+00 -9.2371e-01 -2.8888e+00 -1.9271e+00 +2.1550e+00 +2.1045e+00 +2.1024e+00 -8.0496e-01 +2.4216e+00
14793 0 +3.693322818e-01 +8.412933228e+01 +8.412933228e+01 +1.5204e+00 +2.9977e+00 -9.1549e-01 -2.8580e+00 -1.9184e+00 +2.1628e+00 +2.1036e+00 +2.0992e+00 -8.1705e-01 +2.4287e+00
15128 0 +3.629997905e-01 +8.412299979e+01 +8.412299979e+01 +1.5237e+00 +3.0069e+00 -9.3591e-01 -2.8804e+00 -1.9214e+00 +2.1500e+00 +2.0969e+00 +2.1057e+00 -8.0842e-01 +2.4272e+00
21733 0 +3.553150039e-01 +8.411531500e+01 +8.411531500e+01 +1.5126e+00 +3.0092e+00 -9.2212e-01 -2.8616e+00 -1.9157e+00 +2.1521e+00 +2.0930e+00 +2.1078e+00 -8.0405e-01 +2.4300e+00
% f evaluations | g evaluations | best noise-free fitness - Fopt (-3.890100000000e+02) + sum g_i+ | measured fitness | best measured fitness or single-digit g-values | x1 | x2...
1 0 +1.033747614e+04 +9.948466136e+03 +9.948466136e+03 +0.0000e+00 +0.0000e+00 +0.0000e+00 +0.0000e+00 +0.0000e+00 +0.0000e+00 +0.0000e+00 +0.0000e+00 +0.0000e+00 +0.0000e+00
39 0 +5.011342183e+03 +4.622332183e+03 +4.622332183e+03 -1.3604e+00 +1.4431e+00 -1.2360e+00 -2.9911e+00 -1.5670e+00 -2.1176e+00 -3.1690e+00 -4.3024e-01 +2.3314e+00 -3.0472e+00
41 0 +3.844348047e+03 +3.455338047e+03 +3.455338047e+03 -3.1912e+00 +1.9452e+00 -8.5706e-01 +5.6452e-01 +9.8279e-02 -8.7118e-01 -3.7527e+00 +6.6326e-01 +2.1624e-01 -2.8258e+00
43 0 +3.767973481e+03 +3.378963481e+03 +3.378963481e+03 +6.9961e-01 +1.1467e+00 +1.6664e+00 +6.0096e-01 -5.3686e-01 -3.5205e+00 -2.0850e+00 +2.9966e+00 -2.0735e-01 -2.7092e+00
92 0 +2.046883397e+03 +1.657873397e+03 +1.657873397e+03 +1.2752e+00 +1.4917e+00 -1.2948e+00 +5.6864e-01 -3.9505e+00 -1.7409e+00 -2.9859e+00 +2.1118e+00 +1.4408e-01 -2.5681e+00
106 0 +1.223179574e+03 +8.341695736e+02 +8.341695736e+02 -1.0543e+00 +1.3465e+00 +2.7530e-01 -1.4504e-01 -1.2286e+00 -1.5330e+00 -1.8875e+00 +3.0233e+00 +1.1551e-01 -2.4531e+00
272 0 +1.195904059e+03 +8.068940589e+02 +8.068940589e+02 +1.4481e+00 +1.7765e+00 -2.6287e+00 +1.4784e+00 -1.6284e+00 -5.8743e-01 -1.3037e+00 -1.6728e-01 +1.5505e+00 -1.7916e+00
308 0 +2.662169639e+02 -1.227930361e+02 -1.227930361e+02 +1.6822e+00 -1.1202e+00 -3.2737e+00 +8.1074e-01 -1.7719e+00 +2.9039e-01 -2.4888e+00 +1.4883e+00 +1.1583e+00 -8.4721e-01
469 0 +8.016942807e+00 -3.809930572e+02 -3.809930572e+02 +1.1418e+00 -1.0351e+00 -1.3676e+00 +1.5797e-02 -1.4333e+00 -5.3129e-01 -2.7232e+00 +3.9903e-01 +2.3368e+00 -9.9258e-01
488 0 +5.282532722e+00 -3.837274673e+02 -3.837274673e+02 +2.5458e+00 -1.9283e-01 -2.2772e+00 +6.1420e-01 -2.2870e+00 -4.9473e-01 -1.5456e+00 +9.0203e-01 +2.1987e+00 -1.5633e+00
530 0 +4.281049420e+00 -3.847289506e+02 -3.847289506e+02 -3.8310e-01 +1.2426e+00 -1.6347e+00 +8.8929e-01 -9.8273e-01 -1.6687e+00 -2.3682e+00 +1.3311e+00 +9.4641e-01 -2.0782e+00
655 0 +3.937007576e+00 -3.850729924e+02 -3.850729924e+02 +4.1044e-01 -2.6962e+00 -7.6249e-01 +2.8914e-01 -2.0345e+00 -7.0439e-01 -1.7603e+00 +7.0684e-01 +9.1897e-01 -1.5274e+00
773 0 +3.404961302e+00 -3.856050387e+02 -3.856050387e+02 +1.0579e+00 +7.4439e-02 -6.3373e-01 -6.8241e-01 -3.7135e-01 -2.6403e+00 -1.5256e+00 +2.2724e+00 +1.4301e+00 -8.8382e-01
874 0 +2.679192826e+00 -3.863308072e+02 -3.863308072e+02 -2.2943e+00 -2.2403e+00 +7.0953e-02 -2.6481e+00 -7.0369e-01 -1.0918e+00 -2.2446e-01 +1.3543e+00 +1.8589e+00 -1.0226e+00
1192 0 +2.390942158e+00 -3.866190578e+02 -3.866190578e+02 -8.2974e-01 -1.3585e+00 -1.8589e-01 -1.6100e+00 -2.1837e+00 -1.9783e+00 -4.9231e-01 +6.3482e-01 +2.0617e+00 -2.0890e+00
1621 0 +2.289984490e+00 -3.867200155e+02 -3.867200155e+02 +1.5513e+00 -1.9424e+00 +5.2224e-01 -4.3534e-01 -1.5128e+00 -2.2630e+00 -1.2718e+00 +2.3725e+00 +1.3495e+00 -2.2991e+00
2827 0 +2.211034386e+00 -3.867989656e+02 -3.867989656e+02 -1.9600e+00 +4.5791e-02 -2.6954e+00 -8.4821e-01 -1.0824e-01 -2.0968e+00 -1.5396e+00 +2.2612e+00 +2.1173e+00 -2.1460e+00
2973 0 +2.177854378e+00 -3.868321456e+02 -3.868321456e+02 -2.1718e+00 -5.0682e-01 -1.6509e+00 -1.5751e+00 -7.1013e-01 -1.2555e+00 -6.4087e-01 +2.0409e+00 +2.0703e+00 -2.1017e+00
4222 0 +1.931916066e+00 -3.870780839e+02 -3.870780839e+02 -2.1676e+00 +1.0606e+00 -2.0721e+00 -1.3067e+00 -1.6888e+00 -2.3285e+00 -2.9781e-01 +1.3745e+00 +2.2198e+00 -2.0599e+00
5469 0 +1.882627362e+00 -3.871273726e+02 -3.871273726e+02 -2.2184e+00 -5.3826e-01 -2.5100e+00 -1.1904e+00 -9.2349e-02 -1.6896e+00 -1.4222e+00 +1.8586e+00 +2.1763e+00 -2.0864e+00
5512 0 +1.725094736e+00 -3.872849053e+02 -3.872849053e+02 -2.0701e+00 -1.0013e+00 -2.4712e+00 -1.2682e+00 -8.4499e-01 -2.3464e+00 -1.5223e+00 +1.7782e+00 +2.1640e+00 -2.1104e+00
5911 0 +1.628351517e+00 -3.873816485e+02 -3.873816485e+02 -2.1309e+00 +4.5926e-01 -2.8233e+00 -1.1614e+00 -2.5480e-01 -6.3677e-01 -1.9309e+00 +1.7451e+00 +2.2266e+00 -2.0982e+00
7429 0 +1.563307371e+00 -3.874466926e+02 -3.874466926e+02 -2.0250e+00 -2.2138e-01 -2.5055e+00 -2.0869e-01 -2.5510e+00 -1.3887e+00 -5.6265e-01 +2.0566e+00 +2.1023e+00 -2.0587e+00
7580 0 +1.434462369e+00 -3.875755376e+02 -3.875755376e+02 -2.1619e+00 -4.5544e-01 -2.4511e+00 -1.7609e-01 -1.9727e+00 -2.1010e+00 -4.9173e-01 +2.0553e+00 +2.1173e+00 -2.0908e+00
7953 0 +1.400615401e+00 -3.876093846e+02 -3.876093846e+02 -2.1876e+00 -1.2661e+00 -2.2904e+00 +4.3648e-01 -6.0378e-01 -1.2820e+00 -6.3021e-01 +2.0138e+00 +2.1041e+00 -2.1050e+00
9101 0 +1.138073567e+00 -3.878719264e+02 -3.878719264e+02 -2.0867e+00 +2.9131e-01 -2.7214e+00 -1.8784e+00 -2.1104e+00 -1.4711e+00 -5.9956e-01 +1.3745e+00 +2.3210e+00 -2.0593e+00
10456 0 +1.117569931e+00 -3.878924301e+02 -3.878924301e+02 -2.1264e+00 -9.1434e-01 -2.5341e+00 -2.0453e+00 -2.1455e+00 -2.3780e-01 -2.5856e+00 +1.5765e+00 +2.2765e+00 -2.0589e+00
10513 0 +1.053682980e+00 -3.879563170e+02 -3.879563170e+02 -2.2228e+00 -9.2060e-01 -2.4882e+00 -1.9918e+00 -2.1963e+00 -1.9519e-01 -2.5435e+00 +1.5342e+00 +2.2774e+00 -2.0843e+00
10531 0 +1.040510891e+00 -3.879694891e+02 -3.879694891e+02 -2.2190e+00 -2.6688e-01 -2.4302e+00 -2.0188e+00 -2.0910e+00 -2.1904e-01 -2.5852e+00 +1.5547e+00 +2.2766e+00 -2.0524e+00
10567 0 +9.661328540e-01 -3.880438671e+02 -3.880438671e+02 -2.2123e+00 -4.0559e-01 -2.4991e+00 -2.0372e+00 -2.0929e+00 -1.6223e-01 -2.5378e+00 +1.5187e+00 +2.2637e+00 -2.0655e+00
10591 0 +9.543992891e-01 -3.880556007e+02 -3.880556007e+02 -2.2203e+00 -1.1097e-01 -2.6116e+00 -1.9811e+00 -2.1610e+00 -2.0676e-01 -2.5111e+00 +1.5674e+00 +2.2674e+00 -2.0580e+00
10658 0 +9.235375013e-01 -3.880864625e+02 -3.880864625e+02 -2.1355e+00 -1.8605e-01 -2.5853e+00 -1.9782e+00 -2.1288e+00 -1.8309e-01 -2.5225e+00 +1.5106e+00 +2.2758e+00 -2.0617e+00
10692 0 +9.119195085e-01 -3.880980805e+02 -3.880980805e+02 -2.1880e+00 -4.3391e-01 -2.4865e+00 -2.0809e+00 -2.1190e+00 -1.9538e-01 -2.6023e+00 +1.5523e+00 +2.2081e+00 -2.0961e+00
10732 0 +8.879752907e-01 -3.881220247e+02 -3.881220247e+02 -2.0826e+00 -1.1957e+00 -2.3919e+00 -2.0246e+00 -2.1896e+00 -1.6134e-01 -2.6012e+00 +1.6198e+00 +2.2076e+00 -2.0538e+00
12155 0 +8.298625998e-01 -3.881801374e+02 -3.881801374e+02 -2.2062e+00 +3.3885e-01 -2.7448e+00 -1.9515e+00 -2.1461e+00 -1.7903e-01 -9.2379e-01 +1.9686e+00 +2.1372e+00 -2.0849e+00
12615 0 +8.082472490e-01 -3.882017528e+02 -3.882017528e+02 -2.0955e+00 +2.4860e-01 -2.6588e+00 -1.9320e+00 -2.1643e+00 -1.7057e-01 -8.9666e-01 +1.9501e+00 +2.1563e+00 -2.0903e+00
12795 0 +7.904167562e-01 -3.882195832e+02 -3.882195832e+02 -2.0926e+00 +3.0285e-01 -2.7039e+00 -1.9556e+00 -2.1343e+00 -1.7050e-01 -9.1792e-01 +1.9559e+00 +2.1654e+00 -2.1028e+00
12882 0 +7.676326674e-01 -3.882423673e+02 -3.882423673e+02 -2.1022e+00 +2.8365e-01 -2.6997e+00 -1.9382e+00 -2.1295e+00 -1.9429e-01 -9.1292e-01 +1.9725e+00 +2.1426e+00 -2.0983e+00
13474 0 +7.567643959e-01 -3.882532356e+02 -3.882532356e+02 -2.0950e+00 +2.8240e-01 -2.7017e+00 -1.9705e+00 -2.1389e+00 -1.8144e-01 -9.0051e-01 +1.9670e+00 +2.1378e+00 -2.0996e+00
19885 0 +7.501230525e-01 -3.882598769e+02 -3.882598769e+02 -2.1048e+00 +2.9646e-01 -2.7052e+00 -1.9548e+00 -2.1424e+00 -1.8725e-01 -9.0516e-01 +1.9613e+00 +2.1407e+00 -2.0959e+00
% f evaluations | g evaluations | best noise-free fitness - Fopt (-1.455800000000e+02) + sum g_i+ | measured fitness | best measured fitness or single-digit g-values | x1 | x2...
1 0 +1.033747614e+04 +1.019189614e+04 +1.019189614e+04 +0.0000e+00 +0.0000e+00 +0.0000e+00 +0.0000e+00 +0.0000e+00 +0.0000e+00 +0.0000e+00 +0.0000e+00 +0.0000e+00 +0.0000e+00
4 0 +5.985868349e+03 +5.840288349e+03 +5.840288349e+03 +3.0765e+00 +2.2452e+00 +1.8288e-01 -3.5774e+00 +1.5752e+00 -4.2955e+00 -9.7459e-02 +4.2908e-01 +1.3931e-01 -1.3780e+00
98 0 +2.450654072e+03 +2.305074072e+03 +2.305074072e+03 +2.8706e+00 +1.1461e+00 +8.5935e-02 -1.0292e+00 +9.0586e-01 -1.4751e+00 -9.3644e-01 +1.0558e+00 -1.1949e+00 -1.4693e+00
186 0 +1.774867507e+03 +1.629287507e+03 +1.629287507e+03 +3.5079e+00 +1.2484e+00 -3.8024e-01 -1.3050e+00 -2.3834e+00 -2.7855e+00 +5.4734e-01 +1.3071e+00 -2.9983e+00 -1.0045e+00
225 0 +1.056431937e+02 -3.993680625e+01 -3.993680625e+01 -1.9848e+00 +4.5583e-01 -1.2074e+00 -1.0783e-02 -6.6186e-01 -7.7202e-01 +1.3191e+00 +1.2049e+00 -8.2998e-01 -1.4491e+00
467 0 +8.515758347e+01 -6.042241653e+01 -6.042241653e+01 -2.8742e-01 -2.7714e+00 +8.0488e-01 -2.4536e+00 +1.0149e+00 -1.4948e+00 +1.0843e+00 +1.9076e+00 -8.8622e-01 -2.1737e+00
515 0 +2.898504424e+01 -1.165949558e+02 -1.165949558e+02 +2.5824e+00 -2.0730e+00 -1.1197e+00 -2.5576e+00 +1.7600e-01 -2.9023e+00 +1.7967e+00 +7.8947e-01 -6.9441e-01 -2.5136e+00
520 0 +5.233662580e+00 -1.403463374e+02 -1.403463374e+02 -1.5121e+00 -3.3220e+00 -3.1247e-01 -5.4677e-01 -8.3959e-01 -2.6574e+00 +1.8252e+00 +2.0565e+00 -8.8677e-01 -1.4536e+00
639 0 +4.529314215e+00 -1.410506858e+02 -1.410506858e+02 +1.1081e+00 -1.1259e+00 +1.2813e+00 -2.2467e-01 -9.3875e-01 -6.4434e-01 +1.3294e+00 +9.3330e-01 -2.0178e+00 -7.7614e-01
650 0 +4.463471054e+00 -1.411165289e+02 -1.411165289e+02 +2.0830e-01 -1.8075e+00 -2.5586e-01 -3.9119e-01 -1.0434e+00 -1.5235e+00 +1.4098e+00 +1.7799e+00 -2.2747e+00 -7.0046e-01
677 0 +3.486127801e+00 -1.420938722e+02 -1.420938722e+02 +1.0737e+00 -1.5099e+00 +1.3250e+00 +2.4693e-01 -3.1721e-01 -2.0995e+00 +8.1714e-01 +1.2926e+00 -1.8429e+00 -1.3943e+00
977 0 +3.275375035e+00 -1.423046250e+02 -1.423046250e+02 -7.7440e-01 -5.2417e-01 -3.1200e-01 -1.4559e+00 -7.8178e-01 -1.7719e+00 +9.0957e-01 +8.3237e-01 -1.1996e+00 -8.7341e-01
1118 0 +2.928760588e+00 -1.426512394e+02 -1.426512394e+02 -5.2602e-03 +3.9409e-01 +2.7243e+00 -3.2250e-01 -1.0059e+00 -2.3643e+00 +1.4088e+00 +1.5495e+00 -1.8898e+00 -1.7780e+00
1668 0 +2.623514921e+00 -1.429564851e+02 -1.429564851e+02 +9.3545e-01 +7.5951e-01 +2.0150e-01 -1.4018e-01 -5.0264e-01 -1.0672e+00 +1.0751e+00 +2.4273e+00 -1.0842e+00 -1.8623e+00
4241 0 +2.402247595e+00 -1.431777524e+02 -1.431777524e+02 +2.0853e+00 +3.5430e-01 +1.7079e+00 -2.2900e+00 -1.8903e+00 -1.5595e+00 +1.4241e+00 +2.2803e+00 -1.4718e+00 -1.8999e+00
5173 0 +2.388165770e+00 -1.431918342e+02 -1.431918342e+02 +2.2286e+00 +1.3513e+00 +2.8700e-01 -2.4428e+00 -1.9177e+00 -1.8719e-01 +1.3210e+00 +9.5313e-01 -1.1327e+00 -1.9821e+00
5238 0 +2.136068569e+00 -1.434439314e+02 -1.434439314e+02 +2.0325e+00 +1.1959e+00 +2.0560e-01 -2.4177e+00 -1.9792e+00 -2.1188e+00 +5.5874e-01 +6.2197e-01 -1.2344e+00 -1.8051e+00
5450 0 +1.868405466e+00 -1.437115945e+02 -1.437115945e+02 +1.9384e+00 +1.0618e+00 +8.3658e-01 -1.6297e+00 -2.2442e+00 -1.4565e+00 +6.5352e-01 +9.8169e-01 -1.1523e+00 -1.1605e+00
8279 0 +1.769544255e+00 -1.438104557e+02 -1.438104557e+02 +2.0975e+00 +1.0618e+00 +3.0225e+00 -1.2730e+00 -2.2586e+00 -1.5051e-01 +2.0508e+00 +2.1017e+00 -1.6938e+00 -1.4555e+00
9254 0 +1.704869769e+00 -1.438751302e+02 -1.438751302e+02 +2.0108e+00 +9.1618e-01 +2.8953e+00 -1.1329e+00 -2.3216e+00 -2.0357e+00 +1.2425e+00 +7.8167e-01 -1.1595e+00 -1.9311e+00
10546 0 +1.696856599e+00 -1.438831434e+02 -1.438831434e+02 +2.0962e+00 +1.0173e+00 +2.9349e+00 -3.0843e-01 -2.5970e+00 -2.0765e+00 +2.1418e+00 +2.2050e+00 -2.0286e+00 -1.3661e+00
11206 0 +1.640303790e+00 -1.439396962e+02 -1.439396962e+02 +2.0269e+00 +1.0486e+00 +2.9217e+00 -6.1404e-01 -2.4854e+00 -1.2443e-01 +1.2780e+00 +2.3014e+00 -2.1181e+00 -1.3653e+00
12362 0 +1.578956266e+00 -1.440010437e+02 -1.440010437e+02 +2.0703e+00 +1.0918e+00 +2.9454e+00 -1.0971e-01 -2.6245e+00 -1.3310e+00 +1.3491e+00 +2.2903e+00 -1.7053e+00 -2.2466e+00
12499 0 +1.499509080e+00 -1.440804909e+02 -1.440804909e+02 +1.9357e+00 +8.9981e-01 +2.8036e+00 -2.5169e-01 -2.5784e+00 -1.9387e+00 +1.2590e+00 +2.2897e+00 -2.0681e+00 -2.0579e+00
12606 0 +1.428092434e+00 -1.441519076e+02 -1.441519076e+02 +1.9621e+00 +1.0260e+00 +2.8398e+00 -6.3650e-01 -2.4530e+00 -1.3980e+00 +1.0381e+00 +2.3693e+00 -2.0878e+00 -2.1600e+00
12910 0 +1.283132384e+00 -1.442968676e+02 -1.442968676e+02 +1.9750e+00 +1.1697e+00 +2.8989e+00 -1.4435e-02 -2.6129e+00 -7.8904e-02 +9.3231e-01 +2.4008e+00 -1.2671e+00 -2.3280e+00
13400 0 +1.187968863e+00 -1.443920311e+02 -1.443920311e+02 +2.2274e+00 +1.0047e+00 +2.9871e+00 -6.8199e-01 -2.4772e+00 -9.7207e-02 +9.3374e-01 +2.3402e+00 -7.3705e-01 -2.4682e+00
14070 0 +1.090882494e+00 -1.444891175e+02 -1.444891175e+02 +2.0217e+00 +1.0738e+00 +2.8569e+00 +5.5651e-01 -2.7304e+00 -4.4417e-01 +8.1124e-01 +2.4331e+00 -6.8099e-01 -2.5028e+00
14289 0 +1.044379400e+00 -1.445356206e+02 -1.445356206e+02 +2.0738e+00 +1.1596e+00 +2.9646e+00 +5.8279e-01 -2.7654e+00 -5.8389e-01 +8.2596e-01 +2.4147e+00 -7.5525e-01 -2.4757e+00
14378 0 +9.872634917e-01 -1.445927365e+02 -1.445927365e+02 +2.0271e+00 +1.1623e+00 +2.9015e+00 +5.8048e-01 -2.7237e+00 -8.1106e-02 +8.5175e-01 +2.3848e+00 -7.1772e-01 -2.4790e+00
14417 0 +9.616321317e-01 -1.446183679e+02 -1.446183679e+02 +2.0653e+00 +1.1466e+00 +2.9024e+00 +4.8625e-01 -2.7374e+00 -1.1663e-01 +8.4570e-01 +2.4454e+00 -7.3112e-01 -2.4423e+00
14442 0 +8.659204782e-01 -1.447140795e+02 -1.447140795e+02 +2.1234e+00 +1.1377e+00 +2.9122e+00 +4.7960e-01 -2.7227e+00 -1.1584e-01 +8.9015e-01 +2.4202e+00 -7.5854e-01 -2.4557e+00
14444 0 +8.291599306e-01 -1.447508401e+02 -1.447508401e+02 +2.0745e+00 +1.0023e+00 +2.9130e+00 +5.0089e-01 -2.7569e+00 -2.9433e-02 +9.4212e-01 +2.4263e+00 -7.4264e-01 -2.3965e+00
14862 0 +7.609796147e-01 -1.448190204e+02 -1.448190204e+02 +2.1605e+00 +1.0932e+00 +2.9196e+00 +5.6919e-01 -2.7564e+00 -2.0514e-03 +9.3899e-01 +2.3842e+00 -7.2684e-01 -2.4986e+00
15120 0 +6.484842133e-01 -1.449315158e+02 -1.449315158e+02 +2.1087e+00 +1.0906e+00 +2.8972e+00 +5.7163e-01 -2.7506e+00 -6.7115e-02 +9.2180e-01 +2.4242e+00 -7.1568e-01 -2.4449e+00
15152 0 +6.343908306e-01 -1.449456092e+02 -1.449456092e+02 +2.1003e+00 +1.1002e+00 +2.9281e+00 +5.5774e-01 -2.7615e+00 -1.5203e-03 +9.6966e-01 +2.3861e+00 -7.2603e-01 -2.4592e+00
15278 0 +6.230162718e-01 -1.449569837e+02 -1.449569837e+02 +2.0715e+00 +1.0650e+00 +2.9080e+00 +5.3281e-01 -2.7760e+00 -3.6032e-02 +9.4560e-01 +2.4118e+00 -7.3247e-01 -2.4558e+00
15389 0 +6.064373645e-01 -1.449735626e+02 -1.449735626e+02 +2.0786e+00 +1.0804e+00 +2.8899e+00 +5.7360e-01 -2.7617e+00 -3.5032e-02 +9.5515e-01 +2.3937e+00 -7.3342e-01 -2.4476e+00
15815 0 +6.003733389e-01 -1.449796267e+02 -1.449796267e+02 +2.0917e+00 +1.0690e+00 +2.9212e+00 +5.6625e-01 -2.7796e+00 -3.1960e-02 +9.3820e-01 +2.3968e+00 -7.2727e-01 -2.4496e+00
22974 0 +5.921916731e-01 -1.449878083e+02 -1.449878083e+02 +2.1048e+00 +1.0782e+00 +2.9006e+00 +5.5865e-01 -2.7707e+00 -3.0161e-02 +9.4443e-01 +2.3949e+00 -7.3227e-01 -2.4480e+00
