% f evaluations | g evaluations | best noise-free fitness - Fopt (-5.465000000000e+02) + sum g_i+ | measured fitness | best measured fitness or single-digit g-values | x1 | x2...
1 0 +3.449670211e+04 +3.395020211e+04 +3.395020211e+04
4612 0 +3.238813833e+04 +3.184163833e+04 +3.184163833e+04
4684 0 +2.250273928e+04 +2.195623928e+04 +2.195623928e+04
4704 0 +1.784937977e+04 +1.730287977e+04 +1.730287977e+04
4722 0 +1.724611431e+04 +1.669961431e+04 +1.669961431e+04
4728 0 +1.668011054e+04 +1.613361054e+04 +1.613361054e+04
4769 0 +1.436412853e+04 +1.381762853e+04 +1.381762853e+04
4805 0 +9.261126508e+03 +8.714626508e+03 +8.714626508e+03
4839 0 +8.122402373e+03 +7.575902373e+03 +7.575902373e+03
4859 0 +7.820241253e+03 +7.273741253e+03 +7.273741253e+03
5056 0 +7.075957030e+03 +6.529457030e+03 +6.529457030e+03
5066 0 +4.561589699e+03 +4.015089699e+03 +4.015089699e+03
5169 0 +4.264544400e+03 +3.718044400e+03 +3.718044400e+03
5178 0 +3.847197327e+03 +3.300697327e+03 +3.300697327e+03
5227 0 +3.719580872e+03 +3.173080872e+03 +3.173080872e+03
5247 0 +1.512579615e+03 +9.660796152e+02 +9.660796152e+02
5482 0 +8.227002729e+02 +2.762002729e+02 +2.762002729e+02
5779 0 +4.460035012e+02 -1.004964988e+02 -1.004964988e+02
5843 0 +2.744155651e+02 -2.720844349e+02 -2.720844349e+02
5897 0 +1.371027405e+02 -4.093972595e+02 -4.093972595e+02
7741 0 +1.050125126e+02 -4.414874874e+02 -4.414874874e+02
7883 0 +1.587296576e+01 -5.306270342e+02 -5.306270342e+02
7940 0 +8.830277819e+00 -5.376697222e+02 -5.376697222e+02
8049 0 +6.102049021e+00 -5.403979510e+02 -5.403979510e+02
8065 0 +4.288337071e+00 -5.422116629e+02 -5.422116629e+02
8092 0 +4.158728181e+00 -5.423412718e+02 -5.423412718e+02
8318 0 +3.876502788e+00 -5.426234972e+02 -5.426234972e+02
8499 0 +3.754726808e+00 -5.427452732e+02 -5.427452732e+02
9106 0 +3.677019600e+00 -5.428229804e+02 -5.428229804e+02
9685 0 +3.589611603e+00 -5.429103884e+02 -5.429103884e+02
10158 0 +3.409922158e+00 -5.430900778e+02 -5.430900778e+02
13500 0 +3.334997910e+00 -5.431650021e+02 -5.431650021e+02
16092 0 +3.307573549e+00 -5.431924265e+02 -5.431924265e+02
22222 0 +3.173242687e+00 -5.433267573e+02 -5.433267573e+02
25649 0 +3.140226617e+00 -5.433597734e+02 -5.433597734e+02
40441 0 +3.060869902e+00 -5.434391301e+02 -5.434391301e+02
43054 0 +3.010552209e+00 -5.434894478e+02 -5.434894478e+02
47914 0 +2.896035837e+00 -5.436039642e+02 -5.436039642e+02
48829 0 +2.780557632e+00 -5.437194424e+02 -5.437194424e+02
52199 0 +2.745797687e+00 -5.437542023e+02 -5.437542023e+02
52335 0 +2.620178969e+00 -5.438798210e+02 -5.438798210e+02
58172 0 +2.530531928e+00 -5.439694681e+02 -5.439694681e+02
62355 0 +2.506410409e+00 -5.439935896e+02 -5.439935896e+02
63414 0 +2.451206916e+00 -5.440487931e+02 -5.440487931e+02
64183 0 +2.330727921e+00 -5.441692721e+02 -5.441692721e+02
67621 0 +2.278022007e+00 -5.442219780e+02 -5.442219780e+02
68838 0 +2.194648352e+00 -5.443053516e+02 -5.443053516e+02
69979 0 +2.025586395e+00 -5.444744136e+02 -5.444744136e+02
70810 0 +1.993799948e+00 -5.445062001e+02 -5.445062001e+02
72391 0 +1.944306093e+00 -5.445556939e+02 -5.445556939e+02
73079 0 +1.898479882e+00 -5.446015201e+02 -5.446015201e+02
73895 0 +1.854010443e+00 -5.446459896e+02 -5.446459896e+02
75491 0 +1.771177053e+00 -5.447288229e+02 -5.447288229e+02
76886 0 +1.730930544e+00 -5.447690695e+02 -5.447690695e+02
77072 0 +1.638733976e+00 -5.448612660e+02 -5.448612660e+02
77126 0 +1.607283323e+00 -5.448927167e+02 -5.448927167e+02
77537 0 +1.571275024e+00 -5.449287250e+02 -5.449287250e+02
77863 0 +1.459386561e+00 -5.450406134e+02 -5.450406134e+02
78206 0 +1.361209448e+00 -5.451387906e+02 -5.451387906e+02
78359 0 +1.311363870e+00 -5.451886361e+02 -5.451886361e+02
78573 0 +1.286609850e+00 -5.452133902e+02 -5.452133902e+02
80368 0 +1.247378250e+00 -5.452526218e+02 -5.452526218e+02
80387 0 +1.230055060e+00 -5.452699449e+02 -5.452699449e+02
80752 0 +1.181160185e+00 -5.453188398e+02 -5.453188398e+02
80963 0 +1.162319833e+00 -5.453376802e+02 -5.453376802e+02
81878 0 +1.031036385e+00 -5.454689636e+02 -5.454689636e+02
83511 0 +9.857323490e-01 -5.455142677e+02 -5.455142677e+02
84102 0 +9.644244718e-01 -5.455355755e+02 -5.455355755e+02
84259 0 +9.339682415e-01 -5.455660318e+02 -5.455660318e+02
85187 0 +8.718874242e-01 -5.456281126e+02 -5.456281126e+02
85582 0 +8.531252829e-01 -5.456468747e+02 -5.456468747e+02
85958 0 +8.475976792e-01 -5.456524023e+02 -5.456524023e+02
86003 0 +8.244951860e-01 -5.456755048e+02 -5.456755048e+02
86037 0 +8.029377537e-01 -5.456970622e+02 -5.456970622e+02
86670 0 +7.573740729e-01 -5.457426259e+02 -5.457426259e+02
87721 0 +7.387706686e-01 -5.457612293e+02 -5.457612293e+02
87912 0 +7.242151148e-01 -5.457757849e+02 -5.457757849e+02
88013 0 +7.031705210e-01 -5.457968295e+02 -5.457968295e+02
88096 0 +6.853428133e-01 -5.458146572e+02 -5.458146572e+02
88174 0 +6.709718152e-01 -5.458290282e+02 -5.458290282e+02
89206 0 +6.594440764e-01 -5.458405559e+02 -5.458405559e+02
89560 0 +6.435195268e-01 -5.458564805e+02 -5.458564805e+02
90134 0 +6.301253126e-01 -5.458698747e+02 -5.458698747e+02
91646 0 +6.154281390e-01 -5.458845719e+02 -5.458845719e+02
120946 0 +6.070039456e-01 -5.458929961e+02 -5.458929961e+02
% f evaluations | g evaluations | best noise-free fitness - Fopt (1.000000000000e+03) + sum g_i+ | measured fitness | best measured fitness or single-digit g-values | x1 | x2...
1 0 +3.449670211e+04 +3.549670211e+04 +3.549670211e+04
3021 0 +2.425824726e+04 +2.525824726e+04 +2.525824726e+04
3263 0 +2.236814430e+04 +2.336814430e+04 +2.336814430e+04
3345 0 +1.868517303e+04 +1.968517303e+04 +1.968517303e+04
3444 0 +1.143194295e+04 +1.243194295e+04 +1.243194295e+04
3798 0 +1.018737469e+04 +1.118737469e+04 +1.118737469e+04
3823 0 +4.940820260e+03 +5.940820260e+03 +5.940820260e+03
3983 0 +4.862593155e+03 +5.862593155e+03 +5.862593155e+03
4005 0 +4.030407581e+03 +5.030407581e+03 +5.030407581e+03
4025 0 +3.439008639e+03 +4.439008639e+03 +4.439008639e+03
4089 0 +2.140792566e+03 +3.140792566e+03 +3.140792566e+03
4238 0 +2.056578751e+03 +3.056578751e+03 +3.056578751e+03
4431 0 +1.137917216e+03 +2.137917216e+03 +2.137917216e+03
4692 0 +1.108778492e+03 +2.108778492e+03 +2.108778492e+03
4863 0 +4.169069716e+02 +1.416906972e+03 +1.416906972e+03
4944 0 +2.317125776e+02 +1.231712578e+03 +1.231712578e+03
5145 0 +1.600128290e+02 +1.160012829e+03 +1.160012829e+03
5193 0 +7.412736823e+01 +1.074127368e+03 +1.074127368e+03
5227 0 +1.083891724e+01 +1.010838917e+03 +1.010838917e+03
5715 0 +6.190581512e+00 +1.006190582e+03 +1.006190582e+03
6241 0 +4.425335890e+00 +1.004425336e+03 +1.004425336e+03
6398 0 +4.203971993e+00 +1.004203972e+03 +1.004203972e+03
6539 0 +3.923154086e+00 +1.003923154e+03 +1.003923154e+03
6565 0 +3.887856301e+00 +1.003887856e+03 +1.003887856e+03
7954 0 +3.715898302e+00 +1.003715898e+03 +1.003715898e+03
8037 0 +3.410907932e+00 +1.003410908e+03 +1.003410908e+03
16102 0 +3.379975691e+00 +1.003379976e+03 +1.003379976e+03
16614 0 +3.267741645e+00 +1.003267742e+03 +1.003267742e+03
19128 0 +3.212907659e+00 +1.003212908e+03 +1.003212908e+03
25347 0 +3.106357549e+00 +1.003106358e+03 +1.003106358e+03
25672 0 +2.900121160e+00 +1.002900121e+03 +1.002900121e+03
25714 0 +2.840361318e+00 +1.002840361e+03 +1.002840361e+03
57049 0 +2.727922260e+00 +1.002727922e+03 +1.002727922e+03
60157 0 +2.658714606e+00 +1.002658715e+03 +1.002658715e+03
60409 0 +2.563966934e+00 +1.002563967e+03 +1.002563967e+03
67129 0 +2.506286674e+00 +1.002506287e+03 +1.002506287e+03
69465 0 +2.414708349e+00 +1.002414708e+03 +1.002414708e+03
71746 0 +2.365411115e+00 +1.002365411e+03 +1.002365411e+03
72435 0 +2.240561525e+00 +1.002240562e+03 +1.002240562e+03
72988 0 +2.228557772e+00 +1.002228558e+03 +1.002228558e+03
77643 0 +2.063019063e+00 +1.002063019e+03 +1.002063019e+03
78901 0 +1.971660901e+00 +1.001971661e+03 +1.001971661e+03
79440 0 +1.942130499e+00 +1.001942130e+03 +1.001942130e+03
80706 0 +1.720809219e+00 +1.001720809e+03 +1.001720809e+03
82379 0 +1.649710224e+00 +1.001649710e+03 +1.001649710e+03
84419 0 +1.616729623e+00 +1.001616730e+03 +1.001616730e+03
84516 0 +1.564588495e+00 +1.001564588e+03 +1.001564588e+03
84954 0 +1.536393060e+00 +1.001536393e+03 +1.001536393e+03
85159 0 +1.452901190e+00 +1.001452901e+03 +1.001452901e+03
85978 0 +1.431912594e+00 +1.001431913e+03 +1.001431913e+03
86759 0 +1.323173599e+00 +1.001323174e+03 +1.001323174e+03
87239 0 +1.313135360e+00 +1.001313135e+03 +1.001313135e+03
87415 0 +1.237098001e+00 +1.001237098e+03 +1.001237098e+03
87925 0 +1.114189892e+00 +1.001114190e+03 +1.001114190e+03
88471 0 +1.079477350e+00 +1.001079477e+03 +1.001079477e+03
88559 0 +1.030596454e+00 +1.001030596e+03 +1.001030596e+03
88663 0 +1.001764557e+00 +1.001001765e+03 +1.001001765e+03
90223 0 +9.993293607e-01 +1.000999329e+03 +1.000999329e+03
90258 0 +9.458645730e-01 +1.000945865e+03 +1.000945865e+03
90526 0 +9.097382127e-01 +1.000909738e+03 +1.000909738e+03
92119 0 +8.800085832e-01 +1.000880009e+03 +1.000880009e+03
92389 0 +8.663831460e-01 +1.000866383e+03 +1.000866383e+03
92778 0 +8.505239024e-01 +1.000850524e+03 +1.000850524e+03
92831 0 +8.234906301e-01 +1.000823491e+03 +1.000823491e+03
92913 0 +7.971662422e-01 +1.000797166e+03 +1.000797166e+03
92946 0 +7.713476703e-01 +1.000771348e+03 +1.000771348e+03
93542 0 +7.521581509e-01 +1.000752158e+03 +1.000752158e+03
93559 0 +6.945276079e-01 +1.000694528e+03 +1.000694528e+03
94035 0 +6.792960803e-01 +1.000679296e+03 +1.000679296e+03
94046 0 +6.733049498e-01 +1.000673305e+03 +1.000673305e+03
94498 0 +6.549886968e-01 +1.000654989e+03 +1.000654989e+03
94601 0 +6.357245816e-01 +1.000635725e+03 +1.000635725e+03
95560 0 +6.294848292e-01 +1.000629485e+03 +1.000629485e+03
96705 0 +6.151918977e-01 +1.000615192e+03 +1.000615192e+03
98795 0 +6.024389293e-01 +1.000602439e+03 +1.000602439e+03
127676 0 +5.971306844e-01 +1.000597131e+03 +1.000597131e+03
% f evaluations | g evaluations | best noise-free fitness - Fopt (2.083800000000e+02) + sum g_i+ | measured fitness | best measured fitness or single-digit g-values | x1 | x2...
1 0 +3.449670211e+04 +3.470508211e+04 +3.470508211e+04
4390 0 +3.351023108e+04 +3.371861108e+04 +3.371861108e+04
4433 0 +2.807560045e+04 +2.828398045e+04 +2.828398045e+04
4448 0 +1.837014723e+04 +1.857852723e+04 +1.857852723e+04
4670 0 +1.510158174e+04 +1.530996174e+04 +1.530996174e+04
4721 0 +1.077686631e+04 +1.098524631e+04 +1.098524631e+04
4808 0 +9.826547487e+03 +1.003492749e+04 +1.003492749e+04
5452 0 +7.535351544e+03 +7.743731544e+03 +7.743731544e+03
5648 0 +5.992011311e+03 +6.200391311e+03 +6.200391311e+03
5749 0 +4.706286462e+03 +4.914666462e+03 +4.914666462e+03
5981 0 +4.291103189e+03 +4.499483189e+03 +4.499483189e+03
6032 0 +3.762834319e+03 +3.971214319e+03 +3.971214319e+03
6035 0 +3.710887258e+03 +3.919267258e+03 +3.919267258e+03
6036 0 +2.696044523e+03 +2.904424523e+03 +2.904424523e+03
6054 0 +2.601355336e+03 +2.809735336e+03 +2.809735336e+03
6075 0 +2.144870259e+03 +2.353250259e+03 +2.353250259e+03
6115 0 +1.876160455e+03 +2.084540455e+03 +2.084540455e+03
6123 0 +7.952097184e+02 +1.003589718e+03 +1.003589718e+03
6567 0 +6.939940544e+02 +9.023740544e+02 +9.023740544e+02
6605 0 +5.040883240e+02 +7.124683240e+02 +7.124683240e+02
6825 0 +8.408119470e+01 +2.924611947e+02 +2.924611947e+02
7436 0 +3.931629775e+01 +2.476962977e+02 +2.476962977e+02
7508 0 +1.263973788e+01 +2.210197379e+02 +2.210197379e+02
7513 0 +4.451745713e+00 +2.128317457e+02 +2.128317457e+02
7764 0 +4.144539505e+00 +2.125245395e+02 +2.125245395e+02
8856 0 +4.007818682e+00 +2.123878187e+02 +2.123878187e+02
9145 0 +3.917142194e+00 +2.122971422e+02 +2.122971422e+02
9175 0 +3.785325451e+00 +2.121653255e+02 +2.121653255e+02
9328 0 +3.628224801e+00 +2.120082248e+02 +2.120082248e+02
10037 0 +3.297504868e+00 +2.116775049e+02 +2.116775049e+02
31219 0 +3.141307261e+00 +2.115213073e+02 +2.115213073e+02
46944 0 +3.002721651e+00 +2.113827217e+02 +2.113827217e+02
47933 0 +2.822317367e+00 +2.112023174e+02 +2.112023174e+02
53326 0 +2.706954639e+00 +2.110869546e+02 +2.110869546e+02
56793 0 +2.690588781e+00 +2.110705888e+02 +2.110705888e+02
59590 0 +2.621470884e+00 +2.110014709e+02 +2.110014709e+02
66850 0 +2.458559754e+00 +2.108385598e+02 +2.108385598e+02
71131 0 +2.446150970e+00 +2.108261510e+02 +2.108261510e+02
73069 0 +2.369325811e+00 +2.107493258e+02 +2.107493258e+02
79690 0 +2.287103015e+00 +2.106671030e+02 +2.106671030e+02
81677 0 +2.238644485e+00 +2.106186445e+02 +2.106186445e+02
81702 0 +2.034853343e+00 +2.104148533e+02 +2.104148533e+02
83628 0 +1.976821843e+00 +2.103568218e+02 +2.103568218e+02
84243 0 +1.892982361e+00 +2.102729824e+02 +2.102729824e+02
84257 0 +1.728985043e+00 +2.101089850e+02 +2.101089850e+02
86248 0 +1.621260141e+00 +2.100012601e+02 +2.100012601e+02
86433 0 +1.576690012e+00 +2.099566900e+02 +2.099566900e+02
88181 0 +1.522425615e+00 +2.099024256e+02 +2.099024256e+02
88609 0 +1.430943250e+00 +2.098109433e+02 +2.098109433e+02
91173 0 +1.383428770e+00 +2.097634288e+02 +2.097634288e+02
91539 0 +1.355861858e+00 +2.097358619e+02 +2.097358619e+02
92186 0 +1.294153849e+00 +2.096741538e+02 +2.096741538e+02
92896 0 +1.279422892e+00 +2.096594229e+02 +2.096594229e+02
93492 0 +1.213279862e+00 +2.095932799e+02 +2.095932799e+02
94340 0 +1.158675823e+00 +2.095386758e+02 +2.095386758e+02
94552 0 +1.131821557e+00 +2.095118216e+02 +2.095118216e+02
95267 0 +1.100955706e+00 +2.094809557e+02 +2.094809557e+02
95497 0 +1.067546216e+00 +2.094475462e+02 +2.094475462e+02
96380 0 +1.014984751e+00 +2.093949848e+02 +2.093949848e+02
96427 0 +9.778160425e-01 +2.093578160e+02 +2.093578160e+02
96455 0 +8.970037894e-01 +2.092770038e+02 +2.092770038e+02
98785 0 +8.683219346e-01 +2.092483219e+02 +2.092483219e+02
99141 0 +8.496774414e-01 +2.092296774e+02 +2.092296774e+02
99296 0 +8.288092428e-01 +2.092088092e+02 +2.092088092e+02
99446 0 +7.882182686e-01 +2.091682183e+02 +2.091682183e+02
101149 0 +7.723908663e-01 +2.091523909e+02 +2.091523909e+02
101986 0 +7.582507169e-01 +2.091382507e+02 +2.091382507e+02
103150 0 +7.406858239e-01 +2.091206858e+02 +2.091206858e+02
132766 0 +7.303758528e-01 +2.091103759e+02 +2.091103759e+02
% f evaluations | g evaluations | best noise-free fitness - Fopt (-1.449600000000e+02) + sum g_i+ | measured fitness | best measured fitness or single-digit g-values | x1 | x2...
1 0 +3.449670211e+04 +3.435174211e+04 +3.435174211e+04
3058 0 +3.091619162e+04 +3.077123162e+04 +3.077123162e+04
3182 0 +2.456822992e+04 +2.442326992e+04 +2.442326992e+04
3232 0 +1.995536930e+04 +1.981040930e+04 +1.981040930e+04
3295 0 +1.835325724e+04 +1.820829724e+04 +1.820829724e+04
3371 0 +1.702721133e+04 +1.688225133e+04 +1.688225133e+04
3448 0 +1.341305121e+04 +1.326809121e+04 +1.326809121e+04
3762 0 +1.099385102e+04 +1.084889102e+04 +1.084889102e+04
3851 0 +8.833870442e+03 +8.688910442e+03 +8.688910442e+03
3929 0 +5.605397817e+03 +5.460437817e+03 +5.460437817e+03
4048 0 +2.061110014e+03 +1.916150014e+03 +1.916150014e+03
4846 0 +1.335151896e+03 +1.190191896e+03 +1.190191896e+03
4908 0 +1.259354047e+03 +1.114394047e+03 +1.114394047e+03
5067 0 +1.223193626e+03 +1.078233626e+03 +1.078233626e+03
5183 0 +1.071518919e+03 +9.265589188e+02 +9.265589188e+02
5313 0 +1.029651717e+03 +8.846917174e+02 +8.846917174e+02
5348 0 +2.299841990e+02 +8.502419896e+01 +8.502419896e+01
5622 0 +1.384291665e+02 -6.530833508e+00 -6.530833508e+00
5628 0 +6.902482406e+01 -7.593517594e+01 -7.593517594e+01
5688 0 +2.323127385e+01 -1.217287261e+02 -1.217287261e+02
5735 0 +1.691004223e+01 -1.280499578e+02 -1.280499578e+02
6010 0 +7.925044981e+00 -1.370349550e+02 -1.370349550e+02
6046 0 +4.203342515e+00 -1.407566575e+02 -1.407566575e+02
6328 0 +4.161086754e+00 -1.407989132e+02 -1.407989132e+02
6776 0 +3.692592596e+00 -1.412674074e+02 -1.412674074e+02
8363 0 +3.471755869e+00 -1.414882441e+02 -1.414882441e+02
8716 0 +3.291293011e+00 -1.416687070e+02 -1.416687070e+02
17219 0 +3.127313077e+00 -1.418326869e+02 -1.418326869e+02
21842 0 +2.879419269e+00 -1.420805807e+02 -1.420805807e+02
28791 0 +2.811021541e+00 -1.421489785e+02 -1.421489785e+02
28873 0 +2.719527184e+00 -1.422404728e+02 -1.422404728e+02
33495 0 +2.608450501e+00 -1.423515495e+02 -1.423515495e+02
35201 0 +2.532431231e+00 -1.424275688e+02 -1.424275688e+02
36966 0 +2.326662016e+00 -1.426333380e+02 -1.426333380e+02
40962 0 +2.255894924e+00 -1.427041051e+02 -1.427041051e+02
43034 0 +2.209938829e+00 -1.427500612e+02 -1.427500612e+02
47598 0 +2.184837451e+00 -1.427751625e+02 -1.427751625e+02
49071 0 +2.092774856e+00 -1.428672251e+02 -1.428672251e+02
49099 0 +2.073975200e+00 -1.428860248e+02 -1.428860248e+02
49110 0 +2.026929000e+00 -1.429330710e+02 -1.429330710e+02
49850 0 +1.930780407e+00 -1.430292196e+02 -1.430292196e+02
52389 0 +1.888407206e+00 -1.430715928e+02 -1.430715928e+02
53525 0 +1.786047489e+00 -1.431739525e+02 -1.431739525e+02
54571 0 +1.765761154e+00 -1.431942388e+02 -1.431942388e+02
54819 0 +1.736172567e+00 -1.432238274e+02 -1.432238274e+02
56519 0 +1.682882032e+00 -1.432771180e+02 -1.432771180e+02
56804 0 +1.649594516e+00 -1.433104055e+02 -1.433104055e+02
57349 0 +1.533590762e+00 -1.434264092e+02 -1.434264092e+02
57745 0 +1.488966086e+00 -1.434710339e+02 -1.434710339e+02
58196 0 +1.454786443e+00 -1.435052136e+02 -1.435052136e+02
58472 0 +1.444193263e+00 -1.435158067e+02 -1.435158067e+02
58514 0 +1.411763323e+00 -1.435482367e+02 -1.435482367e+02
58530 0 +1.356975153e+00 -1.436030248e+02 -1.436030248e+02
59752 0 +1.308485245e+00 -1.436515148e+02 -1.436515148e+02
60044 0 +1.259036116e+00 -1.437009639e+02 -1.437009639e+02
61049 0 +1.184429135e+00 -1.437755709e+02 -1.437755709e+02
62902 0 +1.154961310e+00 -1.438050387e+02 -1.438050387e+02
63025 0 +1.064780032e+00 -1.438952200e+02 -1.438952200e+02
63851 0 +1.022469109e+00 -1.439375309e+02 -1.439375309e+02
64438 0 +9.990389004e-01 -1.439609611e+02 -1.439609611e+02
65048 0 +9.575509253e-01 -1.440024491e+02 -1.440024491e+02
65708 0 +9.105681355e-01 -1.440494319e+02 -1.440494319e+02
66047 0 +8.871925271e-01 -1.440728075e+02 -1.440728075e+02
66535 0 +8.520735276e-01 -1.441079265e+02 -1.441079265e+02
67260 0 +8.406522130e-01 -1.441193478e+02 -1.441193478e+02
67341 0 +8.258657374e-01 -1.441341343e+02 -1.441341343e+02
67731 0 +8.102497114e-01 -1.441497503e+02 -1.441497503e+02
68066 0 +7.878029966e-01 -1.441721970e+02 -1.441721970e+02
69149 0 +7.668177150e-01 -1.441931823e+02 -1.441931823e+02
69508 0 +7.479736720e-01 -1.442120263e+02 -1.442120263e+02
69654 0 +7.255845638e-01 -1.442344154e+02 -1.442344154e+02
70251 0 +7.214846810e-01 -1.442385153e+02 -1.442385153e+02
70292 0 +7.069644190e-01 -1.442530356e+02 -1.442530356e+02
70409 0 +6.658702197e-01 -1.442941298e+02 -1.442941298e+02
71529 0 +6.576867274e-01 -1.443023133e+02 -1.443023133e+02
74870 0 +6.449265650e-01 -1.443150734e+02 -1.443150734e+02
75411 0 +6.300761275e-01 -1.443299239e+02 -1.443299239e+02
76731 0 +6.157467730e-01 -1.443442532e+02 -1.443442532e+02
108001 0 +6.070046229e-01 -1.443529954e+02 -1.443529954e+02
% f evaluations | g evaluations | best noise-free fitness - Fopt (-6.300000000000e+00) + sum g_i+ | measured fitness | best measured fitness or single-digit g-values | x1 | x2...
1 0 +3.449670211e+04 +3.449040211e+04 +3.449040211e+04
4715 0 +3.119224279e+04 +3.118594279e+04 +3.118594279e+04
4835 0 +3.036726263e+04 +3.036096263e+04 +3.036096263e+04
4890 0 +2.534916985e+04 +2.534286985e+04 +2.534286985e+04
4895 0 +2.400995938e+04 +2.400365938e+04 +2.400365938e+04
4914 0 +2.383748850e+04 +2.383118850e+04 +2.383118850e+04
5032 0 +1.946362211e+04 +1.945732211e+04 +1.945732211e+04
5105 0 +1.278277688e+04 +1.277647688e+04 +1.277647688e+04
5231 0 +1.146830885e+04 +1.146200885e+04 +1.146200885e+04
5330 0 +9.255286091e+03 +9.248986091e+03 +9.248986091e+03
5567 0 +9.059228292e+03 +9.052928292e+03 +9.052928292e+03
5594 0 +3.027444353e+03 +3.021144353e+03 +3.021144353e+03
5897 0 +2.786022953e+03 +2.779722953e+03 +2.779722953e+03
5925 0 +2.271544677e+03 +2.265244677e+03 +2.265244677e+03
5969 0 +1.562998748e+03 +1.556698748e+03 +1.556698748e+03
6820 0 +2.663832316e+02 +2.600832316e+02 +2.600832316e+02
7059 0 +1.908785905e+02 +1.845785905e+02 +1.845785905e+02
7109 0 +8.203375428e+01 +7.573375428e+01 +7.573375428e+01
7649 0 +7.511327736e+01 +6.881327736e+01 +6.881327736e+01
8163 0 +2.783051542e+01 +2.153051542e+01 +2.153051542e+01
8312 0 +2.414935882e+01 +1.784935882e+01 +1.784935882e+01
8346 0 +7.491391287e+00 +1.191391287e+00 +1.191391287e+00
8558 0 +3.565170514e+00 -2.734829486e+00 -2.734829486e+00
11179 0 +3.440581489e+00 -2.859418511e+00 -2.859418511e+00
17161 0 +3.387557662e+00 -2.912442338e+00 -2.912442338e+00
21269 0 +3.300523189e+00 -2.999476811e+00 -2.999476811e+00
29931 0 +3.155223662e+00 -3.144776338e+00 -3.144776338e+00
31821 0 +3.025394847e+00 -3.274605153e+00 -3.274605153e+00
39888 0 +2.932249035e+00 -3.367750965e+00 -3.367750965e+00
40199 0 +2.874303129e+00 -3.425696871e+00 -3.425696871e+00
49186 0 +2.717242194e+00 -3.582757806e+00 -3.582757806e+00
53911 0 +2.680307384e+00 -3.619692616e+00 -3.619692616e+00
61936 0 +2.611239523e+00 -3.688760477e+00 -3.688760477e+00
62215 0 +2.552073147e+00 -3.747926853e+00 -3.747926853e+00
63262 0 +2.466351764e+00 -3.833648236e+00 -3.833648236e+00
63833 0 +2.320428953e+00 -3.979571047e+00 -3.979571047e+00
65808 0 +2.279761102e+00 -4.020238898e+00 -4.020238898e+00
66237 0 +2.230450545e+00 -4.069549455e+00 -4.069549455e+00
70955 0 +2.161820679e+00 -4.138179321e+00 -4.138179321e+00
72864 0 +1.982251296e+00 -4.317748704e+00 -4.317748704e+00
75502 0 +1.936421404e+00 -4.363578596e+00 -4.363578596e+00
77996 0 +1.845762369e+00 -4.454237631e+00 -4.454237631e+00
78844 0 +1.794757271e+00 -4.505242729e+00 -4.505242729e+00
81562 0 +1.750728392e+00 -4.549271608e+00 -4.549271608e+00
81627 0 +1.600734069e+00 -4.699265931e+00 -4.699265931e+00
82618 0 +1.577725434e+00 -4.722274566e+00 -4.722274566e+00
83909 0 +1.461593308e+00 -4.838406692e+00 -4.838406692e+00
85009 0 +1.445112290e+00 -4.854887710e+00 -4.854887710e+00
86689 0 +1.369506684e+00 -4.930493316e+00 -4.930493316e+00
86779 0 +1.341433354e+00 -4.958566646e+00 -4.958566646e+00
87874 0 +1.256813171e+00 -5.043186829e+00 -5.043186829e+00
88757 0 +1.193200130e+00 -5.106799870e+00 -5.106799870e+00
89264 0 +1.154943507e+00 -5.145056493e+00 -5.145056493e+00
89564 0 +1.114988243e+00 -5.185011757e+00 -5.185011757e+00
91510 0 +1.041174682e+00 -5.258825318e+00 -5.258825318e+00
92395 0 +1.021222959e+00 -5.278777041e+00 -5.278777041e+00
94303 0 +9.897572475e-01 -5.310242753e+00 -5.310242753e+00
94639 0 +9.640874545e-01 -5.335912546e+00 -5.335912546e+00
95606 0 +9.504143062e-01 -5.349585694e+00 -5.349585694e+00
96114 0 +9.284130131e-01 -5.371586987e+00 -5.371586987e+00
96899 0 +9.077271733e-01 -5.392272827e+00 -5.392272827e+00
97064 0 +8.585945266e-01 -5.441405473e+00 -5.441405473e+00
97222 0 +8.435370249e-01 -5.456462975e+00 -5.456462975e+00
97965 0 +8.186403374e-01 -5.481359663e+00 -5.481359663e+00
98909 0 +8.119125183e-01 -5.488087482e+00 -5.488087482e+00
99590 0 +7.886085451e-01 -5.511391455e+00 -5.511391455e+00
101180 0 +7.749711136e-01 -5.525028886e+00 -5.525028886e+00
104195 0 +7.584908022e-01 -5.541509198e+00 -5.541509198e+00
132616 0 +7.550518639e-01 -5.544948136e+00 -5.544948136e+00
% f evaluations | g evaluations | best noise-free fitness - Fopt (-1.367600000000e+02) + sum g_i+ | measured fitness | best measured fitness or single-digit g-values | x1 | x2...
1 0 +3.449670211e+04 +3.435994211e+04 +3.435994211e+04
3482 0 +3.223301630e+04 +3.209625630e+04 +3.209625630e+04
3520 0 +2.967339764e+04 +2.953663764e+04 +2.953663764e+04
3527 0 +2.564930373e+04 +2.551254373e+04 +2.551254373e+04
3555 0 +1.932027025e+04 +1.918351025e+04 +1.918351025e+04
3558 0 +1.305974881e+04 +1.292298881e+04 +1.292298881e+04
4011 0 +1.191607542e+04 +1.177931542e+04 +1.177931542e+04
4063 0 +1.047815931e+04 +1.034139931e+04 +1.034139931e+04
4101 0 +7.812200748e+03 +7.675440748e+03 +7.675440748e+03
4312 0 +6.252239096e+03 +6.115479096e+03 +6.115479096e+03
4734 0 +4.227004162e+03 +4.090244162e+03 +4.090244162e+03
4802 0 +3.887185770e+03 +3.750425770e+03 +3.750425770e+03
4857 0 +2.532241302e+03 +2.395481302e+03 +2.395481302e+03
5324 0 +2.217449788e+03 +2.080689788e+03 +2.080689788e+03
5378 0 +2.127882160e+03 +1.991122160e+03 +1.991122160e+03
5391 0 +1.980865173e+03 +1.844105173e+03 +1.844105173e+03
5404 0 +1.637923365e+03 +1.501163365e+03 +1.501163365e+03
5437 0 +1.420616525e+03 +1.283856525e+03 +1.283856525e+03
5445 0 +1.039452575e+03 +9.026925750e+02 +9.026925750e+02
5632 0 +6.142993170e+02 +4.775393170e+02 +4.775393170e+02
5695 0 +3.315041793e+02 +1.947441793e+02 +1.947441793e+02
5867 0 +2.985639290e+02 +1.618039290e+02 +1.618039290e+02
5894 0 +1.117721564e+02 -2.498784361e+01 -2.498784361e+01
5992 0 +7.409015502e+01 -6.266984498e+01 -6.266984498e+01
6734 0 +1.882061051e+01 -1.179393895e+02 -1.179393895e+02
6960 0 +1.402870568e+01 -1.227312943e+02 -1.227312943e+02
7026 0 +3.368208500e+00 -1.333917915e+02 -1.333917915e+02
16075 0 +3.307752487e+00 -1.334522475e+02 -1.334522475e+02
17823 0 +3.189153517e+00 -1.335708465e+02 -1.335708465e+02
42782 0 +3.148374853e+00 -1.336116251e+02 -1.336116251e+02
44147 0 +3.036189346e+00 -1.337238107e+02 -1.337238107e+02
51426 0 +2.951328556e+00 -1.338086714e+02 -1.338086714e+02
51698 0 +2.932257041e+00 -1.338277430e+02 -1.338277430e+02
53335 0 +2.550399050e+00 -1.342096009e+02 -1.342096009e+02
63059 0 +2.469503763e+00 -1.342904962e+02 -1.342904962e+02
70413 0 +2.356393149e+00 -1.344036069e+02 -1.344036069e+02
71101 0 +2.258515219e+00 -1.345014848e+02 -1.345014848e+02
71479 0 +2.214572171e+00 -1.345454278e+02 -1.345454278e+02
72992 0 +2.160286778e+00 -1.345997132e+02 -1.345997132e+02
73875 0 +2.008715596e+00 -1.347512844e+02 -1.347512844e+02
76875 0 +1.971493288e+00 -1.347885067e+02 -1.347885067e+02
78084 0 +1.885348389e+00 -1.348746516e+02 -1.348746516e+02
78089 0 +1.831351106e+00 -1.349286489e+02 -1.349286489e+02
78902 0 +1.799520630e+00 -1.349604794e+02 -1.349604794e+02
79853 0 +1.674476840e+00 -1.350855232e+02 -1.350855232e+02
80199 0 +1.624449053e+00 -1.351355509e+02 -1.351355509e+02
80220 0 +1.578671520e+00 -1.351813285e+02 -1.351813285e+02
81274 0 +1.538916543e+00 -1.352210835e+02 -1.352210835e+02
81371 0 +1.490392683e+00 -1.352696073e+02 -1.352696073e+02
82158 0 +1.323316326e+00 -1.354366837e+02 -1.354366837e+02
82437 0 +1.280463113e+00 -1.354795369e+02 -1.354795369e+02
84649 0 +1.198858307e+00 -1.355611417e+02 -1.355611417e+02
86909 0 +1.162708222e+00 -1.355972918e+02 -1.355972918e+02
87419 0 +1.087797464e+00 -1.356722025e+02 -1.356722025e+02
88356 0 +1.068636895e+00 -1.356913631e+02 -1.356913631e+02
88647 0 +1.005791623e+00 -1.357542084e+02 -1.357542084e+02
88801 0 +9.689298829e-01 -1.357910701e+02 -1.357910701e+02
89001 0 +9.466311555e-01 -1.358133688e+02 -1.358133688e+02
89055 0 +9.218955060e-01 -1.358381045e+02 -1.358381045e+02
89348 0 +8.933425044e-01 -1.358666575e+02 -1.358666575e+02
89765 0 +8.825114331e-01 -1.358774886e+02 -1.358774886e+02
89974 0 +8.646722700e-01 -1.358953277e+02 -1.358953277e+02
90038 0 +8.422934831e-01 -1.359177065e+02 -1.359177065e+02
90140 0 +8.202397669e-01 -1.359397602e+02 -1.359397602e+02
90220 0 +8.110415230e-01 -1.359489585e+02 -1.359489585e+02
90222 0 +7.926189190e-01 -1.359673811e+02 -1.359673811e+02
90362 0 +7.655972598e-01 -1.359944027e+02 -1.359944027e+02
90369 0 +7.467780399e-01 -1.360132220e+02 -1.360132220e+02
91152 0 +7.394338690e-01 -1.360205661e+02 -1.360205661e+02
92021 0 +7.229931301e-01 -1.360370069e+02 -1.360370069e+02
92879 0 +7.020347585e-01 -1.360579652e+02 -1.360579652e+02
93971 0 +6.916367719e-01 -1.360683632e+02 -1.360683632e+02
124639 0 +6.810251855e-01 -1.360789748e+02 -1.360789748e+02
% f evaluations | g evaluations | best noise-free fitness - Fopt (3.667500000000e+02) + sum g_i+ | measured fitness | best measured fitness or single-digit g-values | x1 | x2...
1 0 +3.449670211e+04 +3.486345211e+04 +3.486345211e+04
2875 0 +2.316021339e+04 +2.352696339e+04 +2.352696339e+04
3005 0 +2.157901868e+04 +2.194576868e+04 +2.194576868e+04
3589 0 +1.860014224e+04 +1.896689224e+04 +1.896689224e+04
3598 0 +1.766387090e+04 +1.803062090e+04 +1.803062090e+04
3625 0 +1.548463857e+04 +1.585138857e+04 +1.585138857e+04
3642 0 +1.501305363e+04 +1.537980363e+04 +1.537980363e+04
3764 0 +1.065736250e+04 +1.102411250e+04 +1.102411250e+04
3811 0 +8.470455381e+03 +8.837205381e+03 +8.837205381e+03
4122 0 +6.080598688e+03 +6.447348688e+03 +6.447348688e+03
4223 0 +5.817088163e+03 +6.183838163e+03 +6.183838163e+03
4376 0 +4.299086513e+03 +4.665836513e+03 +4.665836513e+03
4430 0 +1.591924829e+03 +1.958674829e+03 +1.958674829e+03
4996 0 +1.563505943e+03 +1.930255943e+03 +1.930255943e+03
5005 0 +1.111419849e+03 +1.478169849e+03 +1.478169849e+03
5068 0 +6.770897174e+02 +1.043839717e+03 +1.043839717e+03
5104 0 +6.260891061e+02 +9.928391061e+02 +9.928391061e+02
5483 0 +4.199461933e+02 +7.866961933e+02 +7.866961933e+02
5548 0 +6.676457112e+00 +3.734264571e+02 +3.734264571e+02
5559 0 +4.179089496e+00 +3.709290895e+02 +3.709290895e+02
6599 0 +3.789573512e+00 +3.705395735e+02 +3.705395735e+02
7173 0 +3.633356975e+00 +3.703833570e+02 +3.703833570e+02
7201 0 +3.532423774e+00 +3.702824238e+02 +3.702824238e+02
8328 0 +3.409331359e+00 +3.701593314e+02 +3.701593314e+02
11430 0 +3.350555294e+00 +3.701005553e+02 +3.701005553e+02
16227 0 +3.280474584e+00 +3.700304746e+02 +3.700304746e+02
20683 0 +3.233565310e+00 +3.699835653e+02 +3.699835653e+02
22488 0 +3.138746810e+00 +3.698887468e+02 +3.698887468e+02
22612 0 +3.000363320e+00 +3.697503633e+02 +3.697503633e+02
31505 0 +2.933920565e+00 +3.696839206e+02 +3.696839206e+02
32662 0 +2.761464425e+00 +3.695114644e+02 +3.695114644e+02
38260 0 +2.753971870e+00 +3.695039719e+02 +3.695039719e+02
39563 0 +2.653834026e+00 +3.694038340e+02 +3.694038340e+02
39712 0 +2.622210004e+00 +3.693722100e+02 +3.693722100e+02
40859 0 +2.520310911e+00 +3.692703109e+02 +3.692703109e+02
42328 0 +2.417528653e+00 +3.691675287e+02 +3.691675287e+02
44801 0 +2.283923060e+00 +3.690339231e+02 +3.690339231e+02
48705 0 +2.215001578e+00 +3.689650016e+02 +3.689650016e+02
52719 0 +2.073694345e+00 +3.688236943e+02 +3.688236943e+02
54568 0 +2.003738607e+00 +3.687537386e+02 +3.687537386e+02
54609 0 +1.975027969e+00 +3.687250280e+02 +3.687250280e+02
55064 0 +1.912722936e+00 +3.686627229e+02 +3.686627229e+02
55548 0 +1.875635625e+00 +3.686256356e+02 +3.686256356e+02
56859 0 +1.777251337e+00 +3.685272513e+02 +3.685272513e+02
57412 0 +1.580327479e+00 +3.683303275e+02 +3.683303275e+02
59196 0 +1.519647441e+00 +3.682696474e+02 +3.682696474e+02
61447 0 +1.437206592e+00 +3.681872066e+02 +3.681872066e+02
61985 0 +1.383611624e+00 +3.681336116e+02 +3.681336116e+02
62660 0 +1.376500375e+00 +3.681265004e+02 +3.681265004e+02
63051 0 +1.309501337e+00 +3.680595013e+02 +3.680595013e+02
63476 0 +1.228702118e+00 +3.679787021e+02 +3.679787021e+02
63949 0 +1.159103040e+00 +3.679091030e+02 +3.679091030e+02
64097 0 +1.093269034e+00 +3.678432690e+02 +3.678432690e+02
65336 0 +1.063844723e+00 +3.678138447e+02 +3.678138447e+02
65386 0 +1.017839068e+00 +3.677678391e+02 +3.677678391e+02
65838 0 +9.946564075e-01 +3.677446564e+02 +3.677446564e+02
65844 0 +9.422008078e-01 +3.676922008e+02 +3.676922008e+02
65869 0 +8.960212735e-01 +3.676460213e+02 +3.676460213e+02
66249 0 +8.550854283e-01 +3.676050854e+02 +3.676050854e+02
67156 0 +8.453915338e-01 +3.675953915e+02 +3.675953915e+02
67984 0 +8.305652236e-01 +3.675805652e+02 +3.675805652e+02
68114 0 +8.009500816e-01 +3.675509501e+02 +3.675509501e+02
68457 0 +7.611000601e-01 +3.675111001e+02 +3.675111001e+02
68584 0 +7.584918792e-01 +3.675084919e+02 +3.675084919e+02
69679 0 +7.328603995e-01 +3.674828604e+02 +3.674828604e+02
70018 0 +7.205201958e-01 +3.674705202e+02 +3.674705202e+02
70053 0 +6.792883965e-01 +3.674292884e+02 +3.674292884e+02
73010 0 +6.478737390e-01 +3.673978737e+02 +3.673978737e+02
73805 0 +6.433881755e-01 +3.673933882e+02 +3.673933882e+02
78479 0 +6.240616180e-01 +3.673740616e+02 +3.673740616e+02
78735 0 +6.126084968e-01 +3.673626085e+02 +3.673626085e+02
79509 0 +6.014157600e-01 +3.673514158e+02 +3.673514158e+02
80352 0 +5.886451155e-01 +3.673386451e+02 +3.673386451e+02
109861 0 +5.773889233e-01 +3.673273889e+02 +3.673273889e+02
% f evaluations | g evaluations | best noise-free fitness - Fopt (-2.486900000000e+02) + sum g_i+ | measured fitness | best measured fitness or single-digit g-values | x1 | x2...
1 0 +3.449670211e+04 +3.424801211e+04 +3.424801211e+04
3479 0 +3.443344866e+04 +3.418475866e+04 +3.418475866e+04
3484 0 +2.303542597e+04 +2.278673597e+04 +2.278673597e+04
3646 0 +2.096392339e+04 +2.071523339e+04 +2.071523339e+04
3816 0 +1.940271789e+04 +1.915402789e+04 +1.915402789e+04
3818 0 +1.852051867e+04 +1.827182867e+04 +1.827182867e+04
3834 0 +7.775741699e+03 +7.527051699e+03 +7.527051699e+03
4344 0 +4.183418512e+03 +3.934728512e+03 +3.934728512e+03
4443 0 +1.250226245e+03 +1.001536245e+03 +1.001536245e+03
5192 0 +9.344813590e+02 +6.857913590e+02 +6.857913590e+02
5306 0 +7.169760217e+02 +4.682860217e+02 +4.682860217e+02
5355 0 +6.772644039e+02 +4.285744039e+02 +4.285744039e+02
5603 0 +4.612785685e+02 +2.125885685e+02 +2.125885685e+02
5761 0 +4.747253605e+00 -2.439427464e+02 -2.439427464e+02
6756 0 +4.590048023e+00 -2.440999520e+02 -2.440999520e+02
6765 0 +4.259274672e+00 -2.444307253e+02 -2.444307253e+02
7496 0 +3.668258553e+00 -2.450217414e+02 -2.450217414e+02
8738 0 +3.416744945e+00 -2.452732551e+02 -2.452732551e+02
12659 0 +3.260348236e+00 -2.454296518e+02 -2.454296518e+02
17622 0 +3.229676813e+00 -2.454603232e+02 -2.454603232e+02
20953 0 +3.155362278e+00 -2.455346377e+02 -2.455346377e+02
22223 0 +2.983743465e+00 -2.457062565e+02 -2.457062565e+02
22636 0 +2.870960986e+00 -2.458190390e+02 -2.458190390e+02
42962 0 +2.805257281e+00 -2.458847427e+02 -2.458847427e+02
43115 0 +2.713587541e+00 -2.459764125e+02 -2.459764125e+02
47471 0 +2.687457468e+00 -2.460025425e+02 -2.460025425e+02
53986 0 +2.603244102e+00 -2.460867559e+02 -2.460867559e+02
57133 0 +2.568817339e+00 -2.461211827e+02 -2.461211827e+02
58157 0 +2.448194326e+00 -2.462418057e+02 -2.462418057e+02
59482 0 +2.289380055e+00 -2.464006199e+02 -2.464006199e+02
63289 0 +2.202504924e+00 -2.464874951e+02 -2.464874951e+02
65148 0 +2.110031081e+00 -2.465799689e+02 -2.465799689e+02
65798 0 +2.028404688e+00 -2.466615953e+02 -2.466615953e+02
71566 0 +1.959811443e+00 -2.467301886e+02 -2.467301886e+02
72046 0 +1.905984600e+00 -2.467840154e+02 -2.467840154e+02
73812 0 +1.834112709e+00 -2.468558873e+02 -2.468558873e+02
75129 0 +1.807635108e+00 -2.468823649e+02 -2.468823649e+02
75186 0 +1.705358904e+00 -2.469846411e+02 -2.469846411e+02
76166 0 +1.616927856e+00 -2.470730721e+02 -2.470730721e+02
76656 0 +1.499909076e+00 -2.471900909e+02 -2.471900909e+02
76989 0 +1.446100922e+00 -2.472438991e+02 -2.472438991e+02
77177 0 +1.439907819e+00 -2.472500922e+02 -2.472500922e+02
77867 0 +1.384403553e+00 -2.473055964e+02 -2.473055964e+02
78112 0 +1.321260732e+00 -2.473687393e+02 -2.473687393e+02
78533 0 +1.215357482e+00 -2.474746425e+02 -2.474746425e+02
79834 0 +1.195410592e+00 -2.474945894e+02 -2.474945894e+02
79877 0 +1.159197173e+00 -2.475308028e+02 -2.475308028e+02
80126 0 +1.145097877e+00 -2.475449021e+02 -2.475449021e+02
80737 0 +1.082011521e+00 -2.476079885e+02 -2.476079885e+02
81215 0 +1.051727598e+00 -2.476382724e+02 -2.476382724e+02
81308 0 +1.029396889e+00 -2.476606031e+02 -2.476606031e+02
82149 0 +9.715162662e-01 -2.477184837e+02 -2.477184837e+02
83188 0 +9.511024479e-01 -2.477388976e+02 -2.477388976e+02
83213 0 +9.253728969e-01 -2.477646271e+02 -2.477646271e+02
83855 0 +9.111190887e-01 -2.477788809e+02 -2.477788809e+02
84053 0 +8.898212942e-01 -2.478001787e+02 -2.478001787e+02
84322 0 +8.704003347e-01 -2.478195997e+02 -2.478195997e+02
84485 0 +8.504353046e-01 -2.478395647e+02 -2.478395647e+02
85601 0 +8.268749145e-01 -2.478631251e+02 -2.478631251e+02
86610 0 +8.121541208e-01 -2.478778459e+02 -2.478778459e+02
118251 0 +7.994689587e-01 -2.478905310e+02 -2.478905310e+02
% f evaluations | g evaluations | best noise-free fitness - Fopt (-6.786000000000e+01) + sum g_i+ | measured fitness | best measured fitness or single-digit g-values | x1 | x2...
1 0 +3.449670211e+04 +3.442884211e+04 +3.442884211e+04
1202 0 +3.167526735e+04 +3.160740735e+04 +3.160740735e+04
1350 0 +2.801590271e+04 +2.794804271e+04 +2.794804271e+04
1567 0 +2.696108259e+04 +2.689322259e+04 +2.689322259e+04
1573 0 +2.665660325e+04 +2.658874325e+04 +2.658874325e+04
1640 0 +2.484833563e+04 +2.478047563e+04 +2.478047563e+04
1663 0 +2.035997159e+04 +2.029211159e+04 +2.029211159e+04
1675 0 +1.574448859e+04 +1.567662859e+04 +1.567662859e+04
1921 0 +1.421144425e+04 +1.414358425e+04 +1.414358425e+04
1931 0 +1.001870057e+04 +9.950840574e+03 +9.950840574e+03
1978 0 +9.263179502e+03 +9.195319502e+03 +9.195319502e+03
1986 0 +8.881571419e+03 +8.813711419e+03 +8.813711419e+03
2011 0 +7.685469665e+03 +7.617609665e+03 +7.617609665e+03
2025 0 +6.145286023e+03 +6.077426023e+03 +6.077426023e+03
2088 0 +2.014601160e+03 +1.946741160e+03 +1.946741160e+03
2824 0 +1.628086923e+03 +1.560226923e+03 +1.560226923e+03
2846 0 +1.207167192e+03 +1.139307192e+03 +1.139307192e+03
2925 0 +8.452001682e+02 +7.773401682e+02 +7.773401682e+02
2949 0 +3.205775231e+02 +2.527175231e+02 +2.527175231e+02
2970 0 +1.842980253e+02 +1.164380253e+02 +1.164380253e+02
4060 0 +5.429963458e+01 -1.356036542e+01 -1.356036542e+01
4673 0 +9.022322770e+00 -5.883767723e+01 -5.883767723e+01
4775 0 +4.471104475e+00 -6.338889553e+01 -6.338889553e+01
4797 0 +4.040536241e+00 -6.381946376e+01 -6.381946376e+01
4905 0 +3.508283357e+00 -6.435171664e+01 -6.435171664e+01
7083 0 +3.455265950e+00 -6.440473405e+01 -6.440473405e+01
11602 0 +3.366443876e+00 -6.449355612e+01 -6.449355612e+01
16097 0 +3.047019888e+00 -6.481298011e+01 -6.481298011e+01
31432 0 +3.018594141e+00 -6.484140586e+01 -6.484140586e+01
32543 0 +2.927010950e+00 -6.493298905e+01 -6.493298905e+01
33904 0 +2.882981733e+00 -6.497701827e+01 -6.497701827e+01
35794 0 +2.806072001e+00 -6.505392800e+01 -6.505392800e+01
38570 0 +2.721883870e+00 -6.513811613e+01 -6.513811613e+01
40358 0 +2.624977037e+00 -6.523502296e+01 -6.523502296e+01
41311 0 +2.545110227e+00 -6.531488977e+01 -6.531488977e+01
41925 0 +2.407164865e+00 -6.545283513e+01 -6.545283513e+01
42704 0 +2.370485366e+00 -6.548951463e+01 -6.548951463e+01
44800 0 +2.304812944e+00 -6.555518706e+01 -6.555518706e+01
46498 0 +2.286472789e+00 -6.557352721e+01 -6.557352721e+01
46885 0 +2.220130972e+00 -6.563986903e+01 -6.563986903e+01
48052 0 +2.134561965e+00 -6.572543803e+01 -6.572543803e+01
50427 0 +2.081991038e+00 -6.577800896e+01 -6.577800896e+01
51659 0 +1.917997677e+00 -6.594200232e+01 -6.594200232e+01
53440 0 +1.810988938e+00 -6.604901106e+01 -6.604901106e+01
54032 0 +1.755335244e+00 -6.610466476e+01 -6.610466476e+01
57026 0 +1.732731882e+00 -6.612726812e+01 -6.612726812e+01
57081 0 +1.576517801e+00 -6.628348220e+01 -6.628348220e+01
57815 0 +1.370975622e+00 -6.648902438e+01 -6.648902438e+01
58997 0 +1.292592415e+00 -6.656740759e+01 -6.656740759e+01
59467 0 +1.278550938e+00 -6.658144906e+01 -6.658144906e+01
59995 0 +1.239198808e+00 -6.662080119e+01 -6.662080119e+01
60343 0 +1.202094387e+00 -6.665790561e+01 -6.665790561e+01
60503 0 +1.167871215e+00 -6.669212879e+01 -6.669212879e+01
60873 0 +1.104443053e+00 -6.675555695e+01 -6.675555695e+01
60944 0 +1.068119775e+00 -6.679188022e+01 -6.679188022e+01
60964 0 +1.022693336e+00 -6.683730666e+01 -6.683730666e+01
62915 0 +9.624901257e-01 -6.689750987e+01 -6.689750987e+01
63094 0 +9.094199276e-01 -6.695058007e+01 -6.695058007e+01
63356 0 +8.643040061e-01 -6.699569599e+01 -6.699569599e+01
63807 0 +8.252539283e-01 -6.703474607e+01 -6.703474607e+01
63851 0 +7.877039128e-01 -6.707229609e+01 -6.707229609e+01
64222 0 +7.660128396e-01 -6.709398716e+01 -6.709398716e+01
64246 0 +7.470189222e-01 -6.711298108e+01 -6.711298108e+01
64456 0 +7.376558592e-01 -6.712234414e+01 -6.712234414e+01
64516 0 +7.105296371e-01 -6.714947036e+01 -6.714947036e+01
65009 0 +6.811328595e-01 -6.717886714e+01 -6.717886714e+01
65316 0 +6.584507252e-01 -6.720154927e+01 -6.720154927e+01
65322 0 +6.357838744e-01 -6.722421613e+01 -6.722421613e+01
65629 0 +6.135518529e-01 -6.724644815e+01 -6.724644815e+01
70578 0 +5.945947996e-01 -6.726540520e+01 -6.726540520e+01
76258 0 +5.795062964e-01 -6.728049370e+01 -6.728049370e+01
82791 0 +5.744260365e-01 -6.728557396e+01 -6.728557396e+01
85154 0 +5.616111163e-01 -6.729838888e+01 -6.729838888e+01
113700 0 +5.576478396e-01 -6.730235216e+01 -6.730235216e+01
% f evaluations | g evaluations | best noise-free fitness - Fopt (-2.329000000000e+01) + sum g_i+ | measured fitness | best measured fitness or single-digit g-values | x1 | x2...
1 0 +3.449670211e+04 +3.447341211e+04 +3.447341211e+04
3517 0 +3.062075705e+04 +3.059746705e+04 +3.059746705e+04
3534 0 +2.609074132e+04 +2.606745132e+04 +2.606745132e+04
3642 0 +1.613569309e+04 +1.611240309e+04 +1.611240309e+04
3716 0 +1.085351759e+04 +1.083022759e+04 +1.083022759e+04
3984 0 +7.900332878e+03 +7.877042878e+03 +7.877042878e+03
5156 0 +6.818808487e+03 +6.795518487e+03 +6.795518487e+03
5192 0 +6.698136383e+03 +6.674846383e+03 +6.674846383e+03
5493 0 +5.849351630e+03 +5.826061630e+03 +5.826061630e+03
5563 0 +4.632297481e+03 +4.609007481e+03 +4.609007481e+03
5661 0 +3.428430565e+03 +3.405140565e+03 +3.405140565e+03
5685 0 +2.508685831e+03 +2.485395831e+03 +2.485395831e+03
5959 0 +2.225742917e+03 +2.202452917e+03 +2.202452917e+03
6035 0 +9.977932460e+02 +9.745032460e+02 +9.745032460e+02
6044 0 +7.950678858e+01 +5.621678858e+01 +5.621678858e+01
6921 0 +7.628303209e+01 +5.299303209e+01 +5.299303209e+01
7114 0 +6.849159153e+01 +4.520159153e+01 +4.520159153e+01
7457 0 +6.189797976e+01 +3.860797976e+01 +3.860797976e+01
7460 0 +5.994715456e+01 +3.665715456e+01 +3.665715456e+01
7512 0 +2.077729249e+01 -2.512707511e+00 -2.512707511e+00
7594 0 +4.657663427e+00 -1.863233657e+01 -1.863233657e+01
7719 0 +4.333044977e+00 -1.895695502e+01 -1.895695502e+01
7722 0 +4.041482567e+00 -1.924851743e+01 -1.924851743e+01
7723 0 +3.721883978e+00 -1.956811602e+01 -1.956811602e+01
8038 0 +3.707229763e+00 -1.958277024e+01 -1.958277024e+01
9298 0 +3.478427204e+00 -1.981157280e+01 -1.981157280e+01
10497 0 +3.362531973e+00 -1.992746803e+01 -1.992746803e+01
12484 0 +3.311013396e+00 -1.997898660e+01 -1.997898660e+01
15766 0 +3.093106761e+00 -2.019689324e+01 -2.019689324e+01
19051 0 +2.937642690e+00 -2.035235731e+01 -2.035235731e+01
46062 0 +2.782075444e+00 -2.050792456e+01 -2.050792456e+01
52084 0 +2.632228835e+00 -2.065777116e+01 -2.065777116e+01
54846 0 +2.605219228e+00 -2.068478077e+01 -2.068478077e+01
56600 0 +2.539289700e+00 -2.075071030e+01 -2.075071030e+01
56785 0 +2.462371172e+00 -2.082762883e+01 -2.082762883e+01
57396 0 +2.420257456e+00 -2.086974254e+01 -2.086974254e+01
61589 0 +2.338468227e+00 -2.095153177e+01 -2.095153177e+01
63132 0 +2.272774895e+00 -2.101722511e+01 -2.101722511e+01
67907 0 +2.140585538e+00 -2.114941446e+01 -2.114941446e+01
69448 0 +2.008714146e+00 -2.128128585e+01 -2.128128585e+01
70437 0 +1.963489582e+00 -2.132651042e+01 -2.132651042e+01
70539 0 +1.806358695e+00 -2.148364130e+01 -2.148364130e+01
72623 0 +1.614999935e+00 -2.167500007e+01 -2.167500007e+01
74099 0 +1.564091203e+00 -2.172590880e+01 -2.172590880e+01
74197 0 +1.479652101e+00 -2.181034790e+01 -2.181034790e+01
74242 0 +1.371542960e+00 -2.191845704e+01 -2.191845704e+01
76135 0 +1.203134560e+00 -2.208686544e+01 -2.208686544e+01
78660 0 +1.135703870e+00 -2.215429613e+01 -2.215429613e+01
78799 0 +1.055199540e+00 -2.223480046e+01 -2.223480046e+01
81651 0 +1.028626011e+00 -2.226137399e+01 -2.226137399e+01
84056 0 +9.846965160e-01 -2.230530348e+01 -2.230530348e+01
87773 0 +9.588448176e-01 -2.233115518e+01 -2.233115518e+01
87796 0 +9.143980352e-01 -2.237560196e+01 -2.237560196e+01
88360 0 +8.336405893e-01 -2.245635941e+01 -2.245635941e+01
89493 0 +7.566880762e-01 -2.253331192e+01 -2.253331192e+01
90855 0 +6.945492142e-01 -2.259545079e+01 -2.259545079e+01
92627 0 +6.833459671e-01 -2.260665403e+01 -2.260665403e+01
92670 0 +6.653524227e-01 -2.262464758e+01 -2.262464758e+01
92696 0 +6.054637093e-01 -2.268453629e+01 -2.268453629e+01
93921 0 +5.745233796e-01 -2.271547662e+01 -2.271547662e+01
94474 0 +5.433298885e-01 -2.274667011e+01 -2.274667011e+01
95016 0 +5.304894154e-01 -2.275951058e+01 -2.275951058e+01
95481 0 +5.232168252e-01 -2.276678317e+01 -2.276678317e+01
95618 0 +5.127080911e-01 -2.277729191e+01 -2.277729191e+01
96255 0 +4.926661007e-01 -2.279733390e+01 -2.279733390e+01
96300 0 +4.803212421e-01 -2.280967876e+01 -2.280967876e+01
96683 0 +4.691927967e-01 -2.282080720e+01 -2.282080720e+01
97006 0 +4.653217754e-01 -2.282467822e+01 -2.282467822e+01
97626 0 +4.568041559e-01 -2.283319584e+01 -2.283319584e+01
98967 0 +4.459766392e-01 -2.284402336e+01 -2.284402336e+01
128596 0 +4.392149436e-01 -2.285078506e+01 -2.285078506e+01
% f evaluations | g evaluations | best noise-free fitness - Fopt (-1.028000000000e+01) + sum g_i+ | measured fitness | best measured fitness or single-digit g-values | x1 | x2...
1 0 +3.449670211e+04 +3.448642211e+04 +3.448642211e+04
4370 0 +2.465523882e+04 +2.464495882e+04 +2.464495882e+04
5064 0 +2.229211012e+04 +2.228183012e+04 +2.228183012e+04
5096 0 +1.680499965e+04 +1.679471965e+04 +1.679471965e+04
5632 0 +1.132211279e+04 +1.131183279e+04 +1.131183279e+04
6159 0 +1.052859036e+04 +1.051831036e+04 +1.051831036e+04
6261 0 +8.194921893e+03 +8.184641893e+03 +8.184641893e+03
6287 0 +5.443357174e+03 +5.433077174e+03 +5.433077174e+03
6369 0 +4.922408103e+03 +4.912128103e+03 +4.912128103e+03
6426 0 +3.206821043e+03 +3.196541043e+03 +3.196541043e+03
7149 0 +1.838650408e+03 +1.828370408e+03 +1.828370408e+03
7665 0 +1.639904240e+03 +1.629624240e+03 +1.629624240e+03
7698 0 +1.163221632e+03 +1.152941632e+03 +1.152941632e+03
7720 0 +9.221045304e+02 +9.118245304e+02 +9.118245304e+02
7724 0 +8.974988704e+02 +8.872188704e+02 +8.872188704e+02
7727 0 +1.573290907e+02 +1.470490907e+02 +1.470490907e+02
7950 0 +4.192209644e+00 -6.087790356e+00 -6.087790356e+00
8733 0 +3.833853010e+00 -6.446146990e+00 -6.446146990e+00
9667 0 +3.790971995e+00 -6.489028005e+00 -6.489028005e+00
10226 0 +3.569691264e+00 -6.710308736e+00 -6.710308736e+00
11364 0 +3.519105503e+00 -6.760894497e+00 -6.760894497e+00
12046 0 +3.383345841e+00 -6.896654159e+00 -6.896654159e+00
20298 0 +3.191156193e+00 -7.088843807e+00 -7.088843807e+00
27145 0 +3.114103968e+00 -7.165896032e+00 -7.165896032e+00
29328 0 +2.979674570e+00 -7.300325430e+00 -7.300325430e+00
40130 0 +2.934434835e+00 -7.345565165e+00 -7.345565165e+00
53563 0 +2.876467239e+00 -7.403532761e+00 -7.403532761e+00
54640 0 +2.799551314e+00 -7.480448686e+00 -7.480448686e+00
59568 0 +2.674600378e+00 -7.605399622e+00 -7.605399622e+00
72516 0 +2.544343174e+00 -7.735656826e+00 -7.735656826e+00
73495 0 +2.467767647e+00 -7.812232353e+00 -7.812232353e+00
74080 0 +2.434629661e+00 -7.845370339e+00 -7.845370339e+00
74552 0 +2.348232469e+00 -7.931767531e+00 -7.931767531e+00
76307 0 +2.267003228e+00 -8.012996772e+00 -8.012996772e+00
76747 0 +2.231411050e+00 -8.048588950e+00 -8.048588950e+00
78030 0 +2.128878823e+00 -8.151121177e+00 -8.151121177e+00
78329 0 +1.938417137e+00 -8.341582863e+00 -8.341582863e+00
82078 0 +1.897263104e+00 -8.382736896e+00 -8.382736896e+00
82821 0 +1.671883220e+00 -8.608116780e+00 -8.608116780e+00
82978 0 +1.637727435e+00 -8.642272565e+00 -8.642272565e+00
84878 0 +1.600493423e+00 -8.679506577e+00 -8.679506577e+00
85262 0 +1.569357954e+00 -8.710642046e+00 -8.710642046e+00
85751 0 +1.534147658e+00 -8.745852342e+00 -8.745852342e+00
86557 0 +1.481103385e+00 -8.798896615e+00 -8.798896615e+00
86705 0 +1.461936513e+00 -8.818063487e+00 -8.818063487e+00
86910 0 +1.315201584e+00 -8.964798416e+00 -8.964798416e+00
88388 0 +1.253469545e+00 -9.026530455e+00 -9.026530455e+00
90042 0 +1.166177312e+00 -9.113822688e+00 -9.113822688e+00
90202 0 +1.134998997e+00 -9.145001003e+00 -9.145001003e+00
90260 0 +1.106611909e+00 -9.173388091e+00 -9.173388091e+00
90361 0 +1.082164481e+00 -9.197835519e+00 -9.197835519e+00
90434 0 +1.038276744e+00 -9.241723256e+00 -9.241723256e+00
90597 0 +9.904495108e-01 -9.289550489e+00 -9.289550489e+00
91146 0 +9.693687962e-01 -9.310631204e+00 -9.310631204e+00
91254 0 +9.414745398e-01 -9.338525460e+00 -9.338525460e+00
91521 0 +8.787904778e-01 -9.401209522e+00 -9.401209522e+00
91704 0 +8.574553426e-01 -9.422544657e+00 -9.422544657e+00
92225 0 +8.127784229e-01 -9.467221577e+00 -9.467221577e+00
92962 0 +7.915698501e-01 -9.488430150e+00 -9.488430150e+00
93150 0 +7.685086793e-01 -9.511491321e+00 -9.511491321e+00
93216 0 +7.460989648e-01 -9.533901035e+00 -9.533901035e+00
93313 0 +7.347914145e-01 -9.545208585e+00 -9.545208585e+00
93357 0 +7.122317478e-01 -9.567768252e+00 -9.567768252e+00
93522 0 +7.072103645e-01 -9.572789635e+00 -9.572789635e+00
93760 0 +6.914813765e-01 -9.588518623e+00 -9.588518623e+00
94020 0 +6.729956169e-01 -9.607004383e+00 -9.607004383e+00
94033 0 +6.601501907e-01 -9.619849809e+00 -9.619849809e+00
94641 0 +6.443718689e-01 -9.635628131e+00 -9.635628131e+00
94902 0 +6.272273327e-01 -9.652772667e+00 -9.652772667e+00
95046 0 +6.162598584e-01 -9.663740142e+00 -9.663740142e+00
95931 0 +6.019553398e-01 -9.678044660e+00 -9.678044660e+00
97509 0 +5.882076734e-01 -9.691792327e+00 -9.691792327e+00
126841 0 +5.773889234e-01 -9.702611077e+00 -9.702611077e+00
% f evaluations | g evaluations | best noise-free fitness - Fopt (1.799700000000e+02) + sum g_i+ | measured fitness | best measured fitness or single-digit g-values | x1 | x2...
1 0 +3.449670211e+04 +3.467667211e+04 +3.467667211e+04
768 0 +3.118466207e+04 +3.136463207e+04 +3.136463207e+04
2602 0 +2.743637706e+04 +2.761634706e+04 +2.761634706e+04
2636 0 +2.568093975e+04 +2.586090975e+04 +2.586090975e+04
2640 0 +2.142378506e+04 +2.160375506e+04 +2.160375506e+04
2674 0 +1.932184410e+04 +1.950181410e+04 +1.950181410e+04
2736 0 +1.528157092e+04 +1.546154092e+04 +1.546154092e+04
3796 0 +1.477169145e+04 +1.495166145e+04 +1.495166145e+04
4125 0 +1.325852595e+04 +1.343849595e+04 +1.343849595e+04
4168 0 +1.094026359e+04 +1.112023359e+04 +1.112023359e+04
4207 0 +4.961459070e+03 +5.141429070e+03 +5.141429070e+03
4390 0 +4.860125156e+03 +5.040095156e+03 +5.040095156e+03
4397 0 +3.390543745e+03 +3.570513745e+03 +3.570513745e+03
4970 0 +3.132174920e+03 +3.312144920e+03 +3.312144920e+03
5015 0 +2.715172885e+03 +2.895142885e+03 +2.895142885e+03
5079 0 +2.436412805e+03 +2.616382805e+03 +2.616382805e+03
5156 0 +1.221047755e+03 +1.401017755e+03 +1.401017755e+03
5787 0 +3.664252636e+02 +5.463952636e+02 +5.463952636e+02
6062 0 +3.034831058e+02 +4.834531058e+02 +4.834531058e+02
6299 0 +8.043205466e+01 +2.604020547e+02 +2.604020547e+02
6353 0 +5.354665425e+01 +2.335166542e+02 +2.335166542e+02
6502 0 +2.973743652e+01 +2.097074365e+02 +2.097074365e+02
6790 0 +2.263099259e+01 +2.026009926e+02 +2.026009926e+02
7046 0 +1.927094307e+01 +1.992409431e+02 +1.992409431e+02
7091 0 +6.231015285e+00 +1.862010153e+02 +1.862010153e+02
7221 0 +4.052524818e+00 +1.840225248e+02 +1.840225248e+02
7621 0 +3.977019688e+00 +1.839470197e+02 +1.839470197e+02
7932 0 +3.812447815e+00 +1.837824478e+02 +1.837824478e+02
8603 0 +3.503055810e+00 +1.834730558e+02 +1.834730558e+02
9212 0 +3.459699420e+00 +1.834296994e+02 +1.834296994e+02
12366 0 +3.316441666e+00 +1.832864417e+02 +1.832864417e+02
13526 0 +3.272885684e+00 +1.832428857e+02 +1.832428857e+02
17054 0 +3.231327958e+00 +1.832013280e+02 +1.832013280e+02
24304 0 +3.101105248e+00 +1.830711052e+02 +1.830711052e+02
27829 0 +3.003109104e+00 +1.829731091e+02 +1.829731091e+02
31902 0 +2.945696896e+00 +1.829156969e+02 +1.829156969e+02
40172 0 +2.781507762e+00 +1.827515078e+02 +1.827515078e+02
40341 0 +2.748077631e+00 +1.827180776e+02 +1.827180776e+02
40462 0 +2.675762933e+00 +1.826457629e+02 +1.826457629e+02
42290 0 +2.558807161e+00 +1.825288072e+02 +1.825288072e+02
42515 0 +2.456855894e+00 +1.824268559e+02 +1.824268559e+02
43227 0 +2.435640310e+00 +1.824056403e+02 +1.824056403e+02
48327 0 +2.349025082e+00 +1.823190251e+02 +1.823190251e+02
49120 0 +2.298284536e+00 +1.822682845e+02 +1.822682845e+02
55829 0 +2.272469076e+00 +1.822424691e+02 +1.822424691e+02
56645 0 +2.186595233e+00 +1.821565952e+02 +1.821565952e+02
58849 0 +2.099872986e+00 +1.820698730e+02 +1.820698730e+02
59867 0 +1.920968170e+00 +1.818909682e+02 +1.818909682e+02
60445 0 +1.868173638e+00 +1.818381736e+02 +1.818381736e+02
60875 0 +1.828265765e+00 +1.817982658e+02 +1.817982658e+02
61667 0 +1.775975427e+00 +1.817459754e+02 +1.817459754e+02
61810 0 +1.730560360e+00 +1.817005604e+02 +1.817005604e+02
61878 0 +1.579735895e+00 +1.815497359e+02 +1.815497359e+02
63623 0 +1.520780113e+00 +1.814907801e+02 +1.814907801e+02
63788 0 +1.505615668e+00 +1.814756157e+02 +1.814756157e+02
66123 0 +1.376949396e+00 +1.813469494e+02 +1.813469494e+02
66671 0 +1.335941093e+00 +1.813059411e+02 +1.813059411e+02
66680 0 +1.172424143e+00 +1.811424241e+02 +1.811424241e+02
68620 0 +1.142651134e+00 +1.811126511e+02 +1.811126511e+02
69282 0 +1.075566510e+00 +1.810455665e+02 +1.810455665e+02
69344 0 +1.043918828e+00 +1.810139188e+02 +1.810139188e+02
69890 0 +1.019678873e+00 +1.809896789e+02 +1.809896789e+02
70225 0 +9.974353997e-01 +1.809674354e+02 +1.809674354e+02
70511 0 +9.625882073e-01 +1.809325882e+02 +1.809325882e+02
70728 0 +9.541252994e-01 +1.809241253e+02 +1.809241253e+02
71171 0 +9.230379717e-01 +1.808930380e+02 +1.808930380e+02
71235 0 +9.112138335e-01 +1.808812138e+02 +1.808812138e+02
71261 0 +8.720991683e-01 +1.808420992e+02 +1.808420992e+02
71560 0 +8.654064546e-01 +1.808354065e+02 +1.808354065e+02
72408 0 +8.285250497e-01 +1.807985250e+02 +1.807985250e+02
75517 0 +7.903003178e-01 +1.807603003e+02 +1.807603003e+02
79112 0 +7.670499547e-01 +1.807370500e+02 +1.807370500e+02
79545 0 +7.559695367e-01 +1.807259695e+02 +1.807259695e+02
79759 0 +7.394984944e-01 +1.807094985e+02 +1.807094985e+02
80147 0 +7.221678339e-01 +1.806921678e+02 +1.806921678e+02
80935 0 +7.072272918e-01 +1.806772273e+02 +1.806772273e+02
84212 0 +6.918081227e-01 +1.806618081e+02 +1.806618081e+02
111838 0 +6.859676608e-01 +1.806559677e+02 +1.806559677e+02
% f evaluations | g evaluations | best noise-free fitness - Fopt (8.376000000000e+01) + sum g_i+ | measured fitness | best measured fitness or single-digit g-values | x1 | x2...
1 0 +3.449670211e+04 +3.458046211e+04 +3.458046211e+04
113 0 +3.359489612e+04 +3.367865612e+04 +3.367865612e+04
1574 0 +2.069003627e+04 +2.077379627e+04 +2.077379627e+04
3452 0 +1.864611992e+04 +1.872987992e+04 +1.872987992e+04
3464 0 +1.745415570e+04 +1.753791570e+04 +1.753791570e+04
3520 0 +1.710811998e+04 +1.719187998e+04 +1.719187998e+04
3610 0 +1.414575019e+04 +1.422951019e+04 +1.422951019e+04
3825 0 +1.182777509e+04 +1.191153509e+04 +1.191153509e+04
3926 0 +1.077182949e+04 +1.085558949e+04 +1.085558949e+04
4185 0 +7.289125293e+03 +7.372885293e+03 +7.372885293e+03
4325 0 +6.461719997e+03 +6.545479997e+03 +6.545479997e+03
4328 0 +5.986638939e+03 +6.070398939e+03 +6.070398939e+03
4469 0 +4.509464565e+03 +4.593224565e+03 +4.593224565e+03
4610 0 +1.759301886e+03 +1.843061886e+03 +1.843061886e+03
4815 0 +1.666266521e+03 +1.750026521e+03 +1.750026521e+03
4855 0 +1.582520346e+03 +1.666280346e+03 +1.666280346e+03
4897 0 +1.092432035e+03 +1.176192035e+03 +1.176192035e+03
4919 0 +8.563364090e+02 +9.400964090e+02 +9.400964090e+02
5188 0 +2.773841083e+02 +3.611441083e+02 +3.611441083e+02
5220 0 +9.107022582e+01 +1.748302258e+02 +1.748302258e+02
5921 0 +2.035781507e+01 +1.041178151e+02 +1.041178151e+02
6264 0 +1.749665029e+01 +1.012566503e+02 +1.012566503e+02
7067 0 +4.194203222e+00 +8.795420322e+01 +8.795420322e+01
7107 0 +3.777849052e+00 +8.753784905e+01 +8.753784905e+01
8450 0 +3.663962903e+00 +8.742396290e+01 +8.742396290e+01
8986 0 +3.411291072e+00 +8.717129107e+01 +8.717129107e+01
10330 0 +3.329251536e+00 +8.708925154e+01 +8.708925154e+01
11720 0 +3.266357683e+00 +8.702635768e+01 +8.702635768e+01
15473 0 +3.219078300e+00 +8.697907830e+01 +8.697907830e+01
24227 0 +3.118955564e+00 +8.687895556e+01 +8.687895556e+01
26938 0 +3.010942344e+00 +8.677094234e+01 +8.677094234e+01
27847 0 +2.897870449e+00 +8.665787045e+01 +8.665787045e+01
38536 0 +2.883830939e+00 +8.664383094e+01 +8.664383094e+01
43625 0 +2.813853875e+00 +8.657385387e+01 +8.657385387e+01
49142 0 +2.721361243e+00 +8.648136124e+01 +8.648136124e+01
55221 0 +2.691173913e+00 +8.645117391e+01 +8.645117391e+01
58041 0 +2.612715253e+00 +8.637271525e+01 +8.637271525e+01
64090 0 +2.545748074e+00 +8.630574807e+01 +8.630574807e+01
65373 0 +2.497371739e+00 +8.625737174e+01 +8.625737174e+01
65378 0 +2.330774194e+00 +8.609077419e+01 +8.609077419e+01
67753 0 +2.274309390e+00 +8.603430939e+01 +8.603430939e+01
69932 0 +2.215472452e+00 +8.597547245e+01 +8.597547245e+01
70381 0 +2.124808469e+00 +8.588480847e+01 +8.588480847e+01
72493 0 +1.929865453e+00 +8.568986545e+01 +8.568986545e+01
74514 0 +1.830238386e+00 +8.559023839e+01 +8.559023839e+01
74909 0 +1.761495197e+00 +8.552149520e+01 +8.552149520e+01
75187 0 +1.731243912e+00 +8.549124391e+01 +8.549124391e+01
76263 0 +1.688163150e+00 +8.544816315e+01 +8.544816315e+01
76674 0 +1.625710206e+00 +8.538571021e+01 +8.538571021e+01
78834 0 +1.598058713e+00 +8.535805871e+01 +8.535805871e+01
78858 0 +1.562269854e+00 +8.532226985e+01 +8.532226985e+01
78917 0 +1.508338423e+00 +8.526833842e+01 +8.526833842e+01
79254 0 +1.457650615e+00 +8.521765061e+01 +8.521765061e+01
79926 0 +1.384173343e+00 +8.514417334e+01 +8.514417334e+01
80126 0 +1.362010423e+00 +8.512201042e+01 +8.512201042e+01
80850 0 +1.336999928e+00 +8.509699993e+01 +8.509699993e+01
80961 0 +1.313551189e+00 +8.507355119e+01 +8.507355119e+01
81327 0 +1.200054010e+00 +8.496005401e+01 +8.496005401e+01
82352 0 +1.138495021e+00 +8.489849502e+01 +8.489849502e+01
82388 0 +1.112178693e+00 +8.487217869e+01 +8.487217869e+01
82756 0 +1.086127969e+00 +8.484612797e+01 +8.484612797e+01
82785 0 +9.836700136e-01 +8.474367001e+01 +8.474367001e+01
84265 0 +9.755247121e-01 +8.473552471e+01 +8.473552471e+01
84767 0 +9.273686109e-01 +8.468736861e+01 +8.468736861e+01
85487 0 +9.053441752e-01 +8.466534418e+01 +8.466534418e+01
86210 0 +8.735714159e-01 +8.463357142e+01 +8.463357142e+01
86256 0 +8.423627191e-01 +8.460236272e+01 +8.460236272e+01
86301 0 +8.054630779e-01 +8.456546308e+01 +8.456546308e+01
88791 0 +7.920929471e-01 +8.455209295e+01 +8.455209295e+01
88987 0 +7.730184202e-01 +8.453301842e+01 +8.453301842e+01
89496 0 +7.568825502e-01 +8.451688255e+01 +8.451688255e+01
90760 0 +7.368694419e-01 +8.449686944e+01 +8.449686944e+01
123303 0 +7.256453132e-01 +8.448564531e+01 +8.448564531e+01
% f evaluations | g evaluations | best noise-free fitness - Fopt (-3.890100000000e+02) + sum g_i+ | measured fitness | best measured fitness or single-digit g-values | x1 | x2...
1 0 +3.449670211e+04 +3.410769211e+04 +3.410769211e+04
3080 0 +3.385171834e+04 +3.346270834e+04 +3.346270834e+04
3143 0 +3.222284179e+04 +3.183383179e+04 +3.183383179e+04
3223 0 +2.652166981e+04 +2.613265981e+04 +2.613265981e+04
3349 0 +2.614683126e+04 +2.575782126e+04 +2.575782126e+04
3364 0 +2.318404461e+04 +2.279503461e+04 +2.279503461e+04
3650 0 +1.947026556e+04 +1.908125556e+04 +1.908125556e+04
3665 0 +1.604141708e+04 +1.565240708e+04 +1.565240708e+04
3699 0 +9.524090542e+03 +9.135080542e+03 +9.135080542e+03
3719 0 +3.584304415e+03 +3.195294415e+03 +3.195294415e+03
4224 0 +2.674560382e+03 +2.285550382e+03 +2.285550382e+03
4279 0 +1.525907746e+03 +1.136897746e+03 +1.136897746e+03
4790 0 +4.742548020e+02 +8.524480204e+01 +8.524480204e+01
5283 0 +2.528211020e+02 -1.361888980e+02 -1.361888980e+02
5296 0 +2.203820322e+02 -1.686279678e+02 -1.686279678e+02
5514 0 +8.277826632e+01 -3.062317337e+02 -3.062317337e+02
5971 0 +5.808800094e+01 -3.309219991e+02 -3.309219991e+02
6445 0 +3.626015385e+01 -3.527498461e+02 -3.527498461e+02
6823 0 +5.236967259e+00 -3.837730327e+02 -3.837730327e+02
7139 0 +4.178810456e+00 -3.848311895e+02 -3.848311895e+02
7142 0 +3.643989720e+00 -3.853660103e+02 -3.853660103e+02
8042 0 +3.621642339e+00 -3.853883577e+02 -3.853883577e+02
8233 0 +3.431982696e+00 -3.855780173e+02 -3.855780173e+02
8464 0 +3.336627560e+00 -3.856733724e+02 -3.856733724e+02
14015 0 +3.267734082e+00 -3.857422659e+02 -3.857422659e+02
14392 0 +3.217499681e+00 -3.857925003e+02 -3.857925003e+02
17151 0 +3.150817656e+00 -3.858591823e+02 -3.858591823e+02
18631 0 +3.067955899e+00 -3.859420441e+02 -3.859420441e+02
32957 0 +2.984266237e+00 -3.860257338e+02 -3.860257338e+02
35883 0 +2.931998203e+00 -3.860780018e+02 -3.860780018e+02
39730 0 +2.835647552e+00 -3.861743524e+02 -3.861743524e+02
39739 0 +2.813956052e+00 -3.861960439e+02 -3.861960439e+02
39843 0 +2.737949522e+00 -3.862720505e+02 -3.862720505e+02
52725 0 +2.592519124e+00 -3.864174809e+02 -3.864174809e+02
56874 0 +2.480108800e+00 -3.865298912e+02 -3.865298912e+02
57921 0 +2.421793670e+00 -3.865882063e+02 -3.865882063e+02
57986 0 +2.355601857e+00 -3.866543981e+02 -3.866543981e+02
60207 0 +2.326453624e+00 -3.866835464e+02 -3.866835464e+02
63040 0 +2.280309151e+00 -3.867296908e+02 -3.867296908e+02
63199 0 +2.212275044e+00 -3.867977250e+02 -3.867977250e+02
64381 0 +2.171556465e+00 -3.868384435e+02 -3.868384435e+02
64550 0 +2.041246715e+00 -3.869687533e+02 -3.869687533e+02
64657 0 +1.871800786e+00 -3.871381992e+02 -3.871381992e+02
67179 0 +1.855599202e+00 -3.871544008e+02 -3.871544008e+02
68651 0 +1.779459151e+00 -3.872305408e+02 -3.872305408e+02
68662 0 +1.765407311e+00 -3.872445927e+02 -3.872445927e+02
68837 0 +1.660967293e+00 -3.873490327e+02 -3.873490327e+02
69699 0 +1.645412619e+00 -3.873645874e+02 -3.873645874e+02
69937 0 +1.574222576e+00 -3.874357774e+02 -3.874357774e+02
70258 0 +1.448091106e+00 -3.875619089e+02 -3.875619089e+02
70449 0 +1.436148031e+00 -3.875738520e+02 -3.875738520e+02
70910 0 +1.403980073e+00 -3.876060199e+02 -3.876060199e+02
71039 0 +1.232871094e+00 -3.877771289e+02 -3.877771289e+02
72814 0 +1.164768590e+00 -3.878452314e+02 -3.878452314e+02
73958 0 +1.124051769e+00 -3.878859482e+02 -3.878859482e+02
74078 0 +1.121337736e+00 -3.878886623e+02 -3.878886623e+02
74975 0 +1.095715929e+00 -3.879142841e+02 -3.879142841e+02
75066 0 +1.061754031e+00 -3.879482460e+02 -3.879482460e+02
76074 0 +1.046914092e+00 -3.879630859e+02 -3.879630859e+02
76815 0 +1.020675173e+00 -3.879893248e+02 -3.879893248e+02
77227 0 +9.968765288e-01 -3.880131235e+02 -3.880131235e+02
77706 0 +9.556042805e-01 -3.880543957e+02 -3.880543957e+02
78260 0 +9.540611127e-01 -3.880559389e+02 -3.880559389e+02
78281 0 +9.257443425e-01 -3.880842557e+02 -3.880842557e+02
78355 0 +8.938062035e-01 -3.881161938e+02 -3.881161938e+02
78940 0 +8.869406911e-01 -3.881230593e+02 -3.881230593e+02
79558 0 +8.698844999e-01 -3.881401155e+02 -3.881401155e+02
79682 0 +8.490676035e-01 -3.881609324e+02 -3.881609324e+02
80460 0 +8.313976633e-01 -3.881786023e+02 -3.881786023e+02
83682 0 +8.126957999e-01 -3.881973042e+02 -3.881973042e+02
111457 0 +8.093367812e-01 -3.882006632e+02 -3.882006632e+02
% f evaluations | g evaluations | best noise-free fitness - Fopt (-1.455800000000e+02) + sum g_i+ | measured fitness | best measured fitness or single-digit g-values | x1 | x2...
1 0 +3.449670211e+04 +3.435112211e+04 +3.435112211e+04
855 0 +3.373981869e+04 +3.359423869e+04 +3.359423869e+04
5730 0 +2.156243615e+04 +2.141685615e+04 +2.141685615e+04
5889 0 +9.887355248e+03 +9.741775248e+03 +9.741775248e+03
6319 0 +6.140896329e+03 +5.995316329e+03 +5.995316329e+03
6456 0 +3.306901634e+03 +3.161321634e+03 +3.161321634e+03
6959 0 +3.049578378e+03 +2.903998378e+03 +2.903998378e+03
7476 0 +1.742689467e+03 +1.597109467e+03 +1.597109467e+03
7489 0 +2.341819041e+02 +8.860190408e+01 +8.860190408e+01
8301 0 +2.114114718e+02 +6.583147176e+01 +6.583147176e+01
8308 0 +1.485380517e+02 +2.958051672e+00 +2.958051672e+00
8477 0 +1.216434919e+02 -2.393650806e+01 -2.393650806e+01
8647 0 +6.597415037e+01 -7.960584963e+01 -7.960584963e+01
8752 0 +2.044522970e+01 -1.251347703e+02 -1.251347703e+02
8958 0 +1.548835716e+01 -1.300916428e+02 -1.300916428e+02
9046 0 +3.859373022e+00 -1.417206270e+02 -1.417206270e+02
9976 0 +3.662739484e+00 -1.419172605e+02 -1.419172605e+02
10390 0 +3.484069232e+00 -1.420959308e+02 -1.420959308e+02
13020 0 +3.418091729e+00 -1.421619083e+02 -1.421619083e+02
19834 0 +3.355482929e+00 -1.422245171e+02 -1.422245171e+02
20982 0 +3.200139981e+00 -1.423798600e+02 -1.423798600e+02
29267 0 +3.021810335e+00 -1.425581897e+02 -1.425581897e+02
49268 0 +3.018209276e+00 -1.425617907e+02 -1.425617907e+02
60893 0 +2.887832344e+00 -1.426921677e+02 -1.426921677e+02
61013 0 +2.880764322e+00 -1.426992357e+02 -1.426992357e+02
62781 0 +2.748632689e+00 -1.428313673e+02 -1.428313673e+02
64754 0 +2.598594588e+00 -1.429814054e+02 -1.429814054e+02
65572 0 +2.566767345e+00 -1.430132327e+02 -1.430132327e+02
66070 0 +2.331749228e+00 -1.432482508e+02 -1.432482508e+02
69950 0 +2.278974676e+00 -1.433010253e+02 -1.433010253e+02
70002 0 +2.193199392e+00 -1.433868006e+02 -1.433868006e+02
70298 0 +2.111564438e+00 -1.434684356e+02 -1.434684356e+02
73296 0 +2.088325172e+00 -1.434916748e+02 -1.434916748e+02
73941 0 +2.008258845e+00 -1.435717412e+02 -1.435717412e+02
76156 0 +1.875793357e+00 -1.437042066e+02 -1.437042066e+02
77519 0 +1.861541327e+00 -1.437184587e+02 -1.437184587e+02
78613 0 +1.790048852e+00 -1.437899511e+02 -1.437899511e+02
78853 0 +1.777329276e+00 -1.438026707e+02 -1.438026707e+02
78977 0 +1.606507087e+00 -1.439734929e+02 -1.439734929e+02
79109 0 +1.567986440e+00 -1.440120136e+02 -1.440120136e+02
79308 0 +1.493556206e+00 -1.440864438e+02 -1.440864438e+02
80027 0 +1.399773233e+00 -1.441802268e+02 -1.441802268e+02
83797 0 +1.377166961e+00 -1.442028330e+02 -1.442028330e+02
83879 0 +1.165503940e+00 -1.444144961e+02 -1.444144961e+02
85197 0 +1.107167441e+00 -1.444728326e+02 -1.444728326e+02
86910 0 +1.096109654e+00 -1.444838903e+02 -1.444838903e+02
86964 0 +1.042774063e+00 -1.445372259e+02 -1.445372259e+02
87297 0 +1.019003677e+00 -1.445609963e+02 -1.445609963e+02
88161 0 +9.832342672e-01 -1.445967657e+02 -1.445967657e+02
88175 0 +9.602901931e-01 -1.446197098e+02 -1.446197098e+02
88207 0 +9.379599576e-01 -1.446420400e+02 -1.446420400e+02
88302 0 +9.306438931e-01 -1.446493561e+02 -1.446493561e+02
88375 0 +9.040607656e-01 -1.446759392e+02 -1.446759392e+02
88630 0 +8.515575404e-01 -1.447284425e+02 -1.447284425e+02
88749 0 +8.416332909e-01 -1.447383667e+02 -1.447383667e+02
89145 0 +8.313613359e-01 -1.447486387e+02 -1.447486387e+02
89513 0 +7.879849265e-01 -1.447920151e+02 -1.447920151e+02
90635 0 +7.655196457e-01 -1.448144804e+02 -1.448144804e+02
90670 0 +7.507865937e-01 -1.448292134e+02 -1.448292134e+02
90752 0 +7.261588739e-01 -1.448538411e+02 -1.448538411e+02
90769 0 +6.900164099e-01 -1.448899836e+02 -1.448899836e+02
92161 0 +6.648613065e-01 -1.449151387e+02 -1.449151387e+02
92378 0 +6.574832434e-01 -1.449225168e+02 -1.449225168e+02
92937 0 +6.413696850e-01 -1.449386303e+02 -1.449386303e+02
93565 0 +6.282764950e-01 -1.449517235e+02 -1.449517235e+02
95239 0 +6.158961837e-01 -1.449641038e+02 -1.449641038e+02
125258 0 +6.069985070e-01 -1.449730015e+02 -1.449730015e+02
