% f evaluations | g evaluations | best noise-free fitness - Fopt (-5.465000000000e+02) + sum g_i+ | measured fitness | best measured fitness or single-digit g-values | x1 | x2...
1 0 +3.449670211e+04 +3.395020211e+04 +3.395020211e+04
3608 0 +3.259201235e+04 +3.204551235e+04 +3.204551235e+04
3610 0 +2.674122638e+04 +2.619472638e+04 +2.619472638e+04
3633 0 +2.257524554e+04 +2.202874554e+04 +2.202874554e+04
3705 0 +2.109793734e+04 +2.055143734e+04 +2.055143734e+04
3724 0 +1.854014394e+04 +1.799364394e+04 +1.799364394e+04
3779 0 +1.558353478e+04 +1.503703478e+04 +1.503703478e+04
4012 0 +1.409178991e+04 +1.354528991e+04 +1.354528991e+04
4014 0 +1.309446223e+04 +1.254796223e+04 +1.254796223e+04
4026 0 +7.505918801e+03 +6.959418801e+03 +6.959418801e+03
4303 0 +4.990185694e+03 +4.443685694e+03 +4.443685694e+03
4326 0 +3.400311264e+03 +2.853811264e+03 +2.853811264e+03
4564 0 +2.944234880e+03 +2.397734880e+03 +2.397734880e+03
4585 0 +2.757270343e+03 +2.210770343e+03 +2.210770343e+03
4636 0 +2.597344023e+03 +2.050844023e+03 +2.050844023e+03
4653 0 +1.934175656e+03 +1.387675656e+03 +1.387675656e+03
4654 0 +9.190285514e+02 +3.725285514e+02 +3.725285514e+02
5394 0 +6.364037003e+02 +8.990370032e+01 +8.990370032e+01
5462 0 +4.367238592e+02 -1.097761408e+02 -1.097761408e+02
5478 0 +3.778675361e+02 -1.686324639e+02 -1.686324639e+02
5617 0 +2.279727432e+01 -5.237027257e+02 -5.237027257e+02
6033 0 +1.597750129e+01 -5.305224987e+02 -5.305224987e+02
6253 0 +3.645309528e+00 -5.428546905e+02 -5.428546905e+02
7990 0 +3.399120239e+00 -5.431008798e+02 -5.431008798e+02
8541 0 +3.348693216e+00 -5.431513068e+02 -5.431513068e+02
14881 0 +3.269599435e+00 -5.432304006e+02 -5.432304006e+02
18185 0 +3.195254887e+00 -5.433047451e+02 -5.433047451e+02
20486 0 +3.075088102e+00 -5.434249119e+02 -5.434249119e+02
24102 0 +2.990224489e+00 -5.435097755e+02 -5.435097755e+02
30099 0 +2.897311918e+00 -5.436026881e+02 -5.436026881e+02
31210 0 +2.856510464e+00 -5.436434895e+02 -5.436434895e+02
32570 0 +2.783799787e+00 -5.437162002e+02 -5.437162002e+02
36964 0 +2.711618626e+00 -5.437883814e+02 -5.437883814e+02
41691 0 +2.620897050e+00 -5.438791029e+02 -5.438791029e+02
44733 0 +2.499904461e+00 -5.440000955e+02 -5.440000955e+02
45234 0 +2.396797522e+00 -5.441032025e+02 -5.441032025e+02
47124 0 +2.248577236e+00 -5.442514228e+02 -5.442514228e+02
50208 0 +2.227116896e+00 -5.442728831e+02 -5.442728831e+02
50897 0 +2.170148938e+00 -5.443298511e+02 -5.443298511e+02
51503 0 +2.137957863e+00 -5.443620421e+02 -5.443620421e+02
51660 0 +1.982780936e+00 -5.445172191e+02 -5.445172191e+02
51735 0 +1.841216823e+00 -5.446587832e+02 -5.446587832e+02
54338 0 +1.752430649e+00 -5.447475694e+02 -5.447475694e+02
55381 0 +1.699107140e+00 -5.448008929e+02 -5.448008929e+02
57765 0 +1.632750310e+00 -5.448672497e+02 -5.448672497e+02
57853 0 +1.608054140e+00 -5.448919459e+02 -5.448919459e+02
58157 0 +1.525631865e+00 -5.449743681e+02 -5.449743681e+02
58235 0 +1.418782916e+00 -5.450812171e+02 -5.450812171e+02
59524 0 +1.398734780e+00 -5.451012652e+02 -5.451012652e+02
59671 0 +1.246854132e+00 -5.452531459e+02 -5.452531459e+02
60110 0 +1.215485033e+00 -5.452845150e+02 -5.452845150e+02
62290 0 +1.126745511e+00 -5.453732545e+02 -5.453732545e+02
63022 0 +1.120130860e+00 -5.453798691e+02 -5.453798691e+02
63608 0 +1.041596153e+00 -5.454584038e+02 -5.454584038e+02
64590 0 +1.011818878e+00 -5.454881811e+02 -5.454881811e+02
65195 0 +9.927365351e-01 -5.455072635e+02 -5.455072635e+02
65414 0 +9.751039570e-01 -5.455248960e+02 -5.455248960e+02
65659 0 +9.217849987e-01 -5.455782150e+02 -5.455782150e+02
66084 0 +9.084576651e-01 -5.455915423e+02 -5.455915423e+02
66225 0 +8.837075126e-01 -5.456162925e+02 -5.456162925e+02
66385 0 +8.314269230e-01 -5.456685731e+02 -5.456685731e+02
67025 0 +8.085148854e-01 -5.456914851e+02 -5.456914851e+02
67400 0 +7.698077137e-01 -5.457301923e+02 -5.457301923e+02
67546 0 +7.453805531e-01 -5.457546194e+02 -5.457546194e+02
68930 0 +7.196654553e-01 -5.457803345e+02 -5.457803345e+02
70458 0 +7.005077397e-01 -5.457994923e+02 -5.457994923e+02
70491 0 +6.901713715e-01 -5.458098286e+02 -5.458098286e+02
71082 0 +6.735417259e-01 -5.458264583e+02 -5.458264583e+02
71399 0 +6.536819551e-01 -5.458463180e+02 -5.458463180e+02
71919 0 +6.440599912e-01 -5.458559400e+02 -5.458559400e+02
72559 0 +6.307646633e-01 -5.458692353e+02 -5.458692353e+02
73244 0 +6.157292472e-01 -5.458842708e+02 -5.458842708e+02
79716 0 +6.025326836e-01 -5.458974673e+02 -5.458974673e+02
104464 0 +6.020731598e-01 -5.458979268e+02 -5.458979268e+02
% f evaluations | g evaluations | best noise-free fitness - Fopt (1.000000000000e+03) + sum g_i+ | measured fitness | best measured fitness or single-digit g-values | x1 | x2...
1 0 +3.449670211e+04 +3.549670211e+04 +3.549670211e+04
2302 0 +3.284705447e+04 +3.384705447e+04 +3.384705447e+04
2307 0 +2.608337285e+04 +2.708337285e+04 +2.708337285e+04
2367 0 +2.481765584e+04 +2.581765584e+04 +2.581765584e+04
2389 0 +2.037099923e+04 +2.137099923e+04 +2.137099923e+04
2521 0 +1.251401803e+04 +1.351401803e+04 +1.351401803e+04
3772 0 +9.285798269e+03 +1.028579827e+04 +1.028579827e+04
3979 0 +8.798088590e+03 +9.798088590e+03 +9.798088590e+03
4015 0 +5.949338987e+03 +6.949338987e+03 +6.949338987e+03
4241 0 +1.273053433e+03 +2.273053433e+03 +2.273053433e+03
4783 0 +5.815483093e+02 +1.581548309e+03 +1.581548309e+03
5346 0 +1.003645777e+02 +1.100364578e+03 +1.100364578e+03
6248 0 +5.547903120e+01 +1.055479031e+03 +1.055479031e+03
7152 0 +9.773548812e+00 +1.009773549e+03 +1.009773549e+03
7309 0 +7.927791813e+00 +1.007927792e+03 +1.007927792e+03
7559 0 +4.616354685e+00 +1.004616355e+03 +1.004616355e+03
7560 0 +3.900383110e+00 +1.003900383e+03 +1.003900383e+03
7983 0 +3.729828120e+00 +1.003729828e+03 +1.003729828e+03
8456 0 +3.702138698e+00 +1.003702139e+03 +1.003702139e+03
8464 0 +3.492398586e+00 +1.003492399e+03 +1.003492399e+03
9780 0 +3.349576394e+00 +1.003349576e+03 +1.003349576e+03
13270 0 +3.260821654e+00 +1.003260822e+03 +1.003260822e+03
17276 0 +3.206549563e+00 +1.003206550e+03 +1.003206550e+03
21231 0 +3.143944157e+00 +1.003143944e+03 +1.003143944e+03
27133 0 +2.969890108e+00 +1.002969890e+03 +1.002969890e+03
28839 0 +2.948948690e+00 +1.002948949e+03 +1.002948949e+03
32675 0 +2.867217454e+00 +1.002867217e+03 +1.002867217e+03
37443 0 +2.790391501e+00 +1.002790392e+03 +1.002790392e+03
44867 0 +2.669752948e+00 +1.002669753e+03 +1.002669753e+03
55835 0 +2.609260251e+00 +1.002609260e+03 +1.002609260e+03
55917 0 +2.518171563e+00 +1.002518172e+03 +1.002518172e+03
56112 0 +2.452435313e+00 +1.002452435e+03 +1.002452435e+03
59019 0 +2.301786846e+00 +1.002301787e+03 +1.002301787e+03
59893 0 +2.267804260e+00 +1.002267804e+03 +1.002267804e+03
61463 0 +2.189456530e+00 +1.002189457e+03 +1.002189457e+03
61995 0 +2.171999220e+00 +1.002171999e+03 +1.002171999e+03
62317 0 +1.949913640e+00 +1.001949914e+03 +1.001949914e+03
62714 0 +1.792462695e+00 +1.001792463e+03 +1.001792463e+03
64212 0 +1.743644924e+00 +1.001743645e+03 +1.001743645e+03
64483 0 +1.712284787e+00 +1.001712285e+03 +1.001712285e+03
66020 0 +1.598983406e+00 +1.001598983e+03 +1.001598983e+03
67137 0 +1.560818337e+00 +1.001560818e+03 +1.001560818e+03
67407 0 +1.525168305e+00 +1.001525168e+03 +1.001525168e+03
67467 0 +1.486894403e+00 +1.001486894e+03 +1.001486894e+03
67510 0 +1.429033742e+00 +1.001429034e+03 +1.001429034e+03
68210 0 +1.385207058e+00 +1.001385207e+03 +1.001385207e+03
68339 0 +1.353756218e+00 +1.001353756e+03 +1.001353756e+03
68570 0 +1.336567202e+00 +1.001336567e+03 +1.001336567e+03
68586 0 +1.281278816e+00 +1.001281279e+03 +1.001281279e+03
68974 0 +1.257033155e+00 +1.001257033e+03 +1.001257033e+03
69276 0 +1.217344878e+00 +1.001217345e+03 +1.001217345e+03
69315 0 +1.168781927e+00 +1.001168782e+03 +1.001168782e+03
70143 0 +1.136412432e+00 +1.001136412e+03 +1.001136412e+03
70367 0 +1.065121226e+00 +1.001065121e+03 +1.001065121e+03
71084 0 +1.024308366e+00 +1.001024308e+03 +1.001024308e+03
71247 0 +1.009105406e+00 +1.001009105e+03 +1.001009105e+03
71982 0 +9.807409402e-01 +1.000980741e+03 +1.000980741e+03
72205 0 +9.719171725e-01 +1.000971917e+03 +1.000971917e+03
72366 0 +9.281169565e-01 +1.000928117e+03 +1.000928117e+03
72585 0 +8.860961735e-01 +1.000886096e+03 +1.000886096e+03
73659 0 +8.692785314e-01 +1.000869279e+03 +1.000869279e+03
74219 0 +8.499689429e-01 +1.000849969e+03 +1.000849969e+03
74462 0 +8.261034783e-01 +1.000826103e+03 +1.000826103e+03
74581 0 +8.051752568e-01 +1.000805175e+03 +1.000805175e+03
74592 0 +7.902361079e-01 +1.000790236e+03 +1.000790236e+03
74688 0 +7.671377210e-01 +1.000767138e+03 +1.000767138e+03
74826 0 +7.570318279e-01 +1.000757032e+03 +1.000757032e+03
74979 0 +7.222144343e-01 +1.000722214e+03 +1.000722214e+03
75089 0 +6.979488191e-01 +1.000697949e+03 +1.000697949e+03
75197 0 +6.872418392e-01 +1.000687242e+03 +1.000687242e+03
75942 0 +6.744701616e-01 +1.000674470e+03 +1.000674470e+03
77200 0 +6.602779733e-01 +1.000660278e+03 +1.000660278e+03
78561 0 +6.447790721e-01 +1.000644779e+03 +1.000644779e+03
107821 0 +6.366080906e-01 +1.000636608e+03 +1.000636608e+03
% f evaluations | g evaluations | best noise-free fitness - Fopt (2.083800000000e+02) + sum g_i+ | measured fitness | best measured fitness or single-digit g-values | x1 | x2...
1 0 +3.449670211e+04 +3.470508211e+04 +3.470508211e+04
2225 0 +2.661713581e+04 +2.682551581e+04 +2.682551581e+04
2287 0 +2.197505748e+04 +2.218343748e+04 +2.218343748e+04
2311 0 +1.896265846e+04 +1.917103846e+04 +1.917103846e+04
2356 0 +1.192980931e+04 +1.213818931e+04 +1.213818931e+04
2377 0 +1.109573535e+04 +1.130411535e+04 +1.130411535e+04
2409 0 +9.068111159e+03 +9.276491159e+03 +9.276491159e+03
2744 0 +7.370725909e+03 +7.579105909e+03 +7.579105909e+03
3060 0 +7.109821777e+03 +7.318201777e+03 +7.318201777e+03
3085 0 +5.993455081e+03 +6.201835081e+03 +6.201835081e+03
3168 0 +4.547058906e+03 +4.755438906e+03 +4.755438906e+03
3309 0 +3.535335726e+03 +3.743715726e+03 +3.743715726e+03
3478 0 +2.325426317e+03 +2.533806317e+03 +2.533806317e+03
3619 0 +1.829515970e+03 +2.037895970e+03 +2.037895970e+03
3809 0 +1.456684115e+03 +1.665064115e+03 +1.665064115e+03
3834 0 +1.437603504e+03 +1.645983504e+03 +1.645983504e+03
3968 0 +8.682671735e+02 +1.076647174e+03 +1.076647174e+03
4030 0 +6.717151381e+02 +8.800951381e+02 +8.800951381e+02
4288 0 +4.580255778e+02 +6.664055778e+02 +6.664055778e+02
4639 0 +3.794107811e+02 +5.877907811e+02 +5.877907811e+02
4732 0 +2.686961768e+02 +4.770761768e+02 +4.770761768e+02
4852 0 +2.014172865e+02 +4.097972865e+02 +4.097972865e+02
4918 0 +1.788533158e+02 +3.872333158e+02 +3.872333158e+02
4971 0 +1.137205486e+02 +3.221005486e+02 +3.221005486e+02
5226 0 +1.062906846e+02 +3.146706846e+02 +3.146706846e+02
5349 0 +3.109942412e+01 +2.394794241e+02 +2.394794241e+02
5397 0 +2.572836050e+01 +2.341083605e+02 +2.341083605e+02
5411 0 +1.960467976e+01 +2.279846798e+02 +2.279846798e+02
5532 0 +4.158385977e+00 +2.125383860e+02 +2.125383860e+02
5602 0 +4.039234125e+00 +2.124192341e+02 +2.124192341e+02
5639 0 +3.966533654e+00 +2.123465337e+02 +2.123465337e+02
5934 0 +3.763440399e+00 +2.121434404e+02 +2.121434404e+02
6582 0 +3.705066534e+00 +2.120850665e+02 +2.120850665e+02
6613 0 +3.599375260e+00 +2.119793753e+02 +2.119793753e+02
8508 0 +3.342464140e+00 +2.117224641e+02 +2.117224641e+02
12330 0 +3.292188735e+00 +2.116721887e+02 +2.116721887e+02
17268 0 +3.086438311e+00 +2.114664383e+02 +2.114664383e+02
20366 0 +2.915443486e+00 +2.112954435e+02 +2.112954435e+02
23126 0 +2.880152548e+00 +2.112601525e+02 +2.112601525e+02
30450 0 +2.669936718e+00 +2.110499367e+02 +2.110499367e+02
41247 0 +2.624252262e+00 +2.110042523e+02 +2.110042523e+02
42868 0 +2.529325860e+00 +2.109093259e+02 +2.109093259e+02
43775 0 +2.449190459e+00 +2.108291905e+02 +2.108291905e+02
43967 0 +2.318992277e+00 +2.106989923e+02 +2.106989923e+02
49648 0 +2.256386483e+00 +2.106363865e+02 +2.106363865e+02
51140 0 +2.211561369e+00 +2.105915614e+02 +2.105915614e+02
51642 0 +2.186797809e+00 +2.105667978e+02 +2.105667978e+02
52415 0 +2.059905236e+00 +2.104399052e+02 +2.104399052e+02
52854 0 +2.010487493e+00 +2.103904875e+02 +2.103904875e+02
52970 0 +1.957555707e+00 +2.103375557e+02 +2.103375557e+02
53211 0 +1.919277376e+00 +2.102992774e+02 +2.102992774e+02
53357 0 +1.852956543e+00 +2.102329565e+02 +2.102329565e+02
55778 0 +1.779466111e+00 +2.101594661e+02 +2.101594661e+02
57682 0 +1.765871872e+00 +2.101458719e+02 +2.101458719e+02
60928 0 +1.719832924e+00 +2.100998329e+02 +2.100998329e+02
62487 0 +1.658486003e+00 +2.100384860e+02 +2.100384860e+02
62919 0 +1.590644257e+00 +2.099706443e+02 +2.099706443e+02
65557 0 +1.575815796e+00 +2.099558158e+02 +2.099558158e+02
65955 0 +1.516064581e+00 +2.098960646e+02 +2.098960646e+02
65984 0 +1.502634066e+00 +2.098826341e+02 +2.098826341e+02
67780 0 +1.385478545e+00 +2.097654785e+02 +2.097654785e+02
68726 0 +1.378436198e+00 +2.097584362e+02 +2.097584362e+02
68872 0 +1.345604339e+00 +2.097256043e+02 +2.097256043e+02
69338 0 +1.317809714e+00 +2.096978097e+02 +2.096978097e+02
69396 0 +1.287202033e+00 +2.096672020e+02 +2.096672020e+02
69460 0 +1.191051163e+00 +2.095710512e+02 +2.095710512e+02
70245 0 +1.113376247e+00 +2.094933762e+02 +2.094933762e+02
70928 0 +1.087754246e+00 +2.094677542e+02 +2.094677542e+02
70985 0 +1.021474591e+00 +2.094014746e+02 +2.094014746e+02
71484 0 +9.581424577e-01 +2.093381425e+02 +2.093381425e+02
72128 0 +9.336654578e-01 +2.093136655e+02 +2.093136655e+02
72404 0 +9.256126568e-01 +2.093056127e+02 +2.093056127e+02
72586 0 +8.039134282e-01 +2.091839134e+02 +2.091839134e+02
74772 0 +7.904273200e-01 +2.091704273e+02 +2.091704273e+02
76057 0 +7.661475165e-01 +2.091461475e+02 +2.091461475e+02
76271 0 +7.514497732e-01 +2.091314498e+02 +2.091314498e+02
76327 0 +7.214781304e-01 +2.091014781e+02 +2.091014781e+02
77711 0 +6.993440564e-01 +2.090793441e+02 +2.090793441e+02
77871 0 +6.906323624e-01 +2.090706324e+02 +2.090706324e+02
78749 0 +6.727427410e-01 +2.090527427e+02 +2.090527427e+02
80442 0 +6.602766833e-01 +2.090402767e+02 +2.090402767e+02
109647 0 +6.563498518e-01 +2.090363499e+02 +2.090363499e+02
% f evaluations | g evaluations | best noise-free fitness - Fopt (-1.449600000000e+02) + sum g_i+ | measured fitness | best measured fitness or single-digit g-values | x1 | x2...
1 0 +3.449670211e+04 +3.435174211e+04 +3.435174211e+04
4625 0 +3.168739208e+04 +3.154243208e+04 +3.154243208e+04
4726 0 +2.636143081e+04 +2.621647081e+04 +2.621647081e+04
4941 0 +2.427185242e+04 +2.412689242e+04 +2.412689242e+04
5078 0 +1.839822987e+04 +1.825326987e+04 +1.825326987e+04
5118 0 +1.037863337e+04 +1.023367337e+04 +1.023367337e+04
5124 0 +8.151477214e+03 +8.006517214e+03 +8.006517214e+03
5388 0 +6.019267338e+03 +5.874307338e+03 +5.874307338e+03
5512 0 +5.322476000e+03 +5.177516000e+03 +5.177516000e+03
6084 0 +3.944600897e+03 +3.799640897e+03 +3.799640897e+03
6160 0 +3.063513863e+03 +2.918553863e+03 +2.918553863e+03
6722 0 +2.171249702e+03 +2.026289702e+03 +2.026289702e+03
6921 0 +1.228958591e+03 +1.083998591e+03 +1.083998591e+03
6938 0 +1.109209750e+03 +9.642497501e+02 +9.642497501e+02
6998 0 +8.876007142e+02 +7.426407142e+02 +7.426407142e+02
7004 0 +8.576576865e+02 +7.126976865e+02 +7.126976865e+02
7027 0 +3.615775514e+02 +2.166175514e+02 +2.166175514e+02
7236 0 +1.809691043e+02 +3.600910429e+01 +3.600910429e+01
7419 0 +1.477716708e+02 +2.811670765e+00 +2.811670765e+00
7574 0 +1.178864229e+02 -2.707357709e+01 -2.707357709e+01
7671 0 +1.013406368e+02 -4.361936325e+01 -4.361936325e+01
7725 0 +2.333116575e+01 -1.216288342e+02 -1.216288342e+02
7875 0 +1.308472365e+01 -1.318752763e+02 -1.318752763e+02
7938 0 +8.579418273e+00 -1.363805817e+02 -1.363805817e+02
8005 0 +4.242847596e+00 -1.407171524e+02 -1.407171524e+02
8356 0 +3.927651547e+00 -1.410323485e+02 -1.410323485e+02
8361 0 +3.662283720e+00 -1.412977163e+02 -1.412977163e+02
10306 0 +3.550419345e+00 -1.414095807e+02 -1.414095807e+02
10881 0 +3.485063572e+00 -1.414749364e+02 -1.414749364e+02
13246 0 +3.338990245e+00 -1.416210098e+02 -1.416210098e+02
24846 0 +3.276716065e+00 -1.416832839e+02 -1.416832839e+02
24990 0 +3.182872145e+00 -1.417771279e+02 -1.417771279e+02
26088 0 +2.982391360e+00 -1.419776086e+02 -1.419776086e+02
36103 0 +2.931414962e+00 -1.420285850e+02 -1.420285850e+02
39628 0 +2.845479075e+00 -1.421145209e+02 -1.421145209e+02
39672 0 +2.641179191e+00 -1.423188208e+02 -1.423188208e+02
51828 0 +2.505039748e+00 -1.424549603e+02 -1.424549603e+02
52123 0 +2.348935694e+00 -1.426110643e+02 -1.426110643e+02
52301 0 +2.197795363e+00 -1.427622046e+02 -1.427622046e+02
58726 0 +2.141226268e+00 -1.428187737e+02 -1.428187737e+02
61438 0 +2.078718398e+00 -1.428812816e+02 -1.428812816e+02
62757 0 +2.032878480e+00 -1.429271215e+02 -1.429271215e+02
63893 0 +1.935671908e+00 -1.430243281e+02 -1.430243281e+02
64977 0 +1.824698390e+00 -1.431353016e+02 -1.431353016e+02
65667 0 +1.805534226e+00 -1.431544658e+02 -1.431544658e+02
66150 0 +1.724919080e+00 -1.432350809e+02 -1.432350809e+02
66694 0 +1.678045970e+00 -1.432819540e+02 -1.432819540e+02
66741 0 +1.547460069e+00 -1.434125399e+02 -1.434125399e+02
67117 0 +1.509268394e+00 -1.434507316e+02 -1.434507316e+02
67924 0 +1.416202517e+00 -1.435437975e+02 -1.435437975e+02
69184 0 +1.410636529e+00 -1.435493635e+02 -1.435493635e+02
69744 0 +1.346403421e+00 -1.436135966e+02 -1.436135966e+02
70556 0 +1.268608082e+00 -1.436913919e+02 -1.436913919e+02
71035 0 +1.215851834e+00 -1.437441482e+02 -1.437441482e+02
71514 0 +1.161373079e+00 -1.437986269e+02 -1.437986269e+02
72021 0 +1.141212403e+00 -1.438187876e+02 -1.438187876e+02
72360 0 +1.113723725e+00 -1.438462763e+02 -1.438462763e+02
72453 0 +1.073263613e+00 -1.438867364e+02 -1.438867364e+02
72745 0 +1.058914159e+00 -1.439010858e+02 -1.439010858e+02
72800 0 +1.010784042e+00 -1.439492160e+02 -1.439492160e+02
72901 0 +9.183059840e-01 -1.440416940e+02 -1.440416940e+02
74070 0 +8.986907885e-01 -1.440613092e+02 -1.440613092e+02
74143 0 +8.886381745e-01 -1.440713618e+02 -1.440713618e+02
74175 0 +8.451764364e-01 -1.441148236e+02 -1.441148236e+02
74437 0 +7.827882369e-01 -1.441772118e+02 -1.441772118e+02
74514 0 +7.270364844e-01 -1.442329635e+02 -1.442329635e+02
75866 0 +7.145625514e-01 -1.442454374e+02 -1.442454374e+02
76277 0 +7.035462815e-01 -1.442564537e+02 -1.442564537e+02
76394 0 +6.847513074e-01 -1.442752487e+02 -1.442752487e+02
76608 0 +6.636828215e-01 -1.442963172e+02 -1.442963172e+02
76832 0 +6.440932935e-01 -1.443159067e+02 -1.443159067e+02
77004 0 +6.151408477e-01 -1.443448592e+02 -1.443448592e+02
77856 0 +6.010946904e-01 -1.443589053e+02 -1.443589053e+02
78098 0 +5.882620688e-01 -1.443717379e+02 -1.443717379e+02
78160 0 +5.648531939e-01 -1.443951468e+02 -1.443951468e+02
78270 0 +5.585670987e-01 -1.444014329e+02 -1.444014329e+02
78939 0 +5.480382629e-01 -1.444119617e+02 -1.444119617e+02
79410 0 +5.364667787e-01 -1.444235332e+02 -1.444235332e+02
81154 0 +5.210024590e-01 -1.444389975e+02 -1.444389975e+02
83542 0 +5.125814149e-01 -1.444474186e+02 -1.444474186e+02
111878 0 +5.083019335e-01 -1.444516981e+02 -1.444516981e+02
% f evaluations | g evaluations | best noise-free fitness - Fopt (-6.300000000000e+00) + sum g_i+ | measured fitness | best measured fitness or single-digit g-values | x1 | x2...
1 0 +3.449670211e+04 +3.449040211e+04 +3.449040211e+04
3568 0 +3.162527813e+04 +3.161897813e+04 +3.161897813e+04
3610 0 +2.600637821e+04 +2.600007821e+04 +2.600007821e+04
4087 0 +2.353337676e+04 +2.352707676e+04 +2.352707676e+04
4091 0 +2.246549077e+04 +2.245919077e+04 +2.245919077e+04
4106 0 +1.398528942e+04 +1.397898942e+04 +1.397898942e+04
4331 0 +1.339416732e+04 +1.338786732e+04 +1.338786732e+04
4357 0 +9.782001076e+03 +9.775701076e+03 +9.775701076e+03
4788 0 +9.367210472e+03 +9.360910472e+03 +9.360910472e+03
4803 0 +7.322182801e+03 +7.315882801e+03 +7.315882801e+03
4877 0 +6.831102456e+03 +6.824802456e+03 +6.824802456e+03
5139 0 +5.894232072e+03 +5.887932072e+03 +5.887932072e+03
5157 0 +5.420369982e+03 +5.414069982e+03 +5.414069982e+03
5188 0 +4.090875289e+03 +4.084575289e+03 +4.084575289e+03
5198 0 +3.798929258e+03 +3.792629258e+03 +3.792629258e+03
5206 0 +2.504443454e+03 +2.498143454e+03 +2.498143454e+03
5294 0 +1.227265289e+03 +1.220965289e+03 +1.220965289e+03
5570 0 +9.276200663e+02 +9.213200663e+02 +9.213200663e+02
5598 0 +6.307636075e+02 +6.244636075e+02 +6.244636075e+02
5784 0 +5.989038451e+02 +5.926038451e+02 +5.926038451e+02
5793 0 +5.808500660e+02 +5.745500660e+02 +5.745500660e+02
5818 0 +4.451383419e+02 +4.388383419e+02 +4.388383419e+02
5952 0 +3.786148018e+02 +3.723148018e+02 +3.723148018e+02
5955 0 +8.418184223e+01 +7.788184223e+01 +7.788184223e+01
6519 0 +1.594367278e+01 +9.643672784e+00 +9.643672784e+00
6574 0 +9.188889810e+00 +2.888889810e+00 +2.888889810e+00
6585 0 +4.104613112e+00 -2.195386888e+00 -2.195386888e+00
6890 0 +3.830241040e+00 -2.469758960e+00 -2.469758960e+00
7158 0 +3.695607942e+00 -2.604392058e+00 -2.604392058e+00
7634 0 +3.542506006e+00 -2.757493994e+00 -2.757493994e+00
10223 0 +3.259662396e+00 -3.040337604e+00 -3.040337604e+00
21048 0 +3.216027764e+00 -3.083972236e+00 -3.083972236e+00
40671 0 +3.088180942e+00 -3.211819058e+00 -3.211819058e+00
57835 0 +3.001329123e+00 -3.298670877e+00 -3.298670877e+00
61352 0 +2.937062569e+00 -3.362937431e+00 -3.362937431e+00
61581 0 +2.846624211e+00 -3.453375789e+00 -3.453375789e+00
61945 0 +2.743159029e+00 -3.556840971e+00 -3.556840971e+00
67240 0 +2.670732791e+00 -3.629267209e+00 -3.629267209e+00
67403 0 +2.603387896e+00 -3.696612104e+00 -3.696612104e+00
67592 0 +2.568666706e+00 -3.731333294e+00 -3.731333294e+00
69315 0 +2.481461904e+00 -3.818538096e+00 -3.818538096e+00
70206 0 +2.433758644e+00 -3.866241356e+00 -3.866241356e+00
70672 0 +2.342693816e+00 -3.957306184e+00 -3.957306184e+00
70820 0 +2.226131740e+00 -4.073868260e+00 -4.073868260e+00
75568 0 +2.184802043e+00 -4.115197957e+00 -4.115197957e+00
75584 0 +1.925993309e+00 -4.374006691e+00 -4.374006691e+00
80241 0 +1.869291982e+00 -4.430708018e+00 -4.430708018e+00
83020 0 +1.841645887e+00 -4.458354113e+00 -4.458354113e+00
83563 0 +1.815740706e+00 -4.484259294e+00 -4.484259294e+00
86345 0 +1.679432759e+00 -4.620567241e+00 -4.620567241e+00
86624 0 +1.618712160e+00 -4.681287840e+00 -4.681287840e+00
86661 0 +1.564627584e+00 -4.735372416e+00 -4.735372416e+00
89544 0 +1.505008294e+00 -4.794991706e+00 -4.794991706e+00
89820 0 +1.455412964e+00 -4.844587036e+00 -4.844587036e+00
89889 0 +1.419800682e+00 -4.880199318e+00 -4.880199318e+00
90319 0 +1.407116031e+00 -4.892883969e+00 -4.892883969e+00
91096 0 +1.327510758e+00 -4.972489242e+00 -4.972489242e+00
92850 0 +1.273564367e+00 -5.026435633e+00 -5.026435633e+00
92955 0 +1.177999323e+00 -5.122000677e+00 -5.122000677e+00
98118 0 +1.150775432e+00 -5.149224568e+00 -5.149224568e+00
98228 0 +1.137389646e+00 -5.162610354e+00 -5.162610354e+00
98357 0 +1.082612946e+00 -5.217387054e+00 -5.217387054e+00
98418 0 +1.022888494e+00 -5.277111506e+00 -5.277111506e+00
100442 0 +9.934801177e-01 -5.306519882e+00 -5.306519882e+00
100895 0 +9.553504258e-01 -5.344649574e+00 -5.344649574e+00
101624 0 +9.193953741e-01 -5.380604626e+00 -5.380604626e+00
101768 0 +9.024546882e-01 -5.397545312e+00 -5.397545312e+00
101999 0 +8.776715298e-01 -5.422328470e+00 -5.422328470e+00
102922 0 +8.690820379e-01 -5.430917962e+00 -5.430917962e+00
103002 0 +8.494702122e-01 -5.450529788e+00 -5.450529788e+00
103101 0 +8.256120754e-01 -5.474387925e+00 -5.474387925e+00
103105 0 +8.098283057e-01 -5.490171694e+00 -5.490171694e+00
103312 0 +7.840381712e-01 -5.515961829e+00 -5.515961829e+00
104240 0 +7.757751620e-01 -5.524224838e+00 -5.524224838e+00
105044 0 +7.570107351e-01 -5.542989265e+00 -5.542989265e+00
106584 0 +7.401535329e-01 -5.559846467e+00 -5.559846467e+00
137025 0 +7.303765302e-01 -5.569623470e+00 -5.569623470e+00
% f evaluations | g evaluations | best noise-free fitness - Fopt (-1.367600000000e+02) + sum g_i+ | measured fitness | best measured fitness or single-digit g-values | x1 | x2...
1 0 +3.449670211e+04 +3.435994211e+04 +3.435994211e+04
1413 0 +3.084082333e+04 +3.070406333e+04 +3.070406333e+04
2755 0 +2.838163745e+04 +2.824487745e+04 +2.824487745e+04
2769 0 +2.765100686e+04 +2.751424686e+04 +2.751424686e+04
2770 0 +2.693543999e+04 +2.679867999e+04 +2.679867999e+04
2828 0 +2.291725712e+04 +2.278049712e+04 +2.278049712e+04
2896 0 +2.170924465e+04 +2.157248465e+04 +2.157248465e+04
2987 0 +1.828542089e+04 +1.814866089e+04 +1.814866089e+04
3194 0 +1.654287634e+04 +1.640611634e+04 +1.640611634e+04
3210 0 +1.585524730e+04 +1.571848730e+04 +1.571848730e+04
3262 0 +6.507350383e+03 +6.370590383e+03 +6.370590383e+03
3404 0 +6.030991947e+03 +5.894231947e+03 +5.894231947e+03
3651 0 +4.144514535e+03 +4.007754535e+03 +4.007754535e+03
3679 0 +1.592692221e+03 +1.455932221e+03 +1.455932221e+03
3793 0 +1.434670052e+03 +1.297910052e+03 +1.297910052e+03
3844 0 +9.115897832e+02 +7.748297832e+02 +7.748297832e+02
4255 0 +4.195157827e+02 +2.827557827e+02 +2.827557827e+02
4980 0 +3.680627483e+02 +2.313027483e+02 +2.313027483e+02
5012 0 +3.268187697e+02 +1.900587697e+02 +1.900587697e+02
5013 0 +1.622177707e+02 +2.545777071e+01 +2.545777071e+01
5016 0 +9.195222252e+01 -4.480777748e+01 -4.480777748e+01
5039 0 +2.986810006e+01 -1.068918999e+02 -1.068918999e+02
5409 0 +5.153698133e+00 -1.316063019e+02 -1.316063019e+02
6039 0 +4.121051762e+00 -1.326389482e+02 -1.326389482e+02
6301 0 +3.985530261e+00 -1.327744697e+02 -1.327744697e+02
6445 0 +3.867597428e+00 -1.328924026e+02 -1.328924026e+02
6690 0 +3.772215352e+00 -1.329877846e+02 -1.329877846e+02
6883 0 +3.704667007e+00 -1.330553330e+02 -1.330553330e+02
7624 0 +3.520964367e+00 -1.332390356e+02 -1.332390356e+02
8596 0 +3.346655109e+00 -1.334133449e+02 -1.334133449e+02
12673 0 +3.276310468e+00 -1.334836895e+02 -1.334836895e+02
15021 0 +3.182314666e+00 -1.335776853e+02 -1.335776853e+02
19939 0 +3.088885587e+00 -1.336711144e+02 -1.336711144e+02
25663 0 +2.873717082e+00 -1.338862829e+02 -1.338862829e+02
40291 0 +2.807128489e+00 -1.339528715e+02 -1.339528715e+02
46006 0 +2.747350961e+00 -1.340126490e+02 -1.340126490e+02
46583 0 +2.687322890e+00 -1.340726771e+02 -1.340726771e+02
58671 0 +2.529370227e+00 -1.342306298e+02 -1.342306298e+02
61389 0 +2.483988992e+00 -1.342760110e+02 -1.342760110e+02
70783 0 +2.423563672e+00 -1.343364363e+02 -1.343364363e+02
74376 0 +2.305382314e+00 -1.344546177e+02 -1.344546177e+02
74903 0 +2.281632539e+00 -1.344783675e+02 -1.344783675e+02
75085 0 +2.111215778e+00 -1.346487842e+02 -1.346487842e+02
85229 0 +2.058391172e+00 -1.347016088e+02 -1.347016088e+02
87348 0 +1.972743121e+00 -1.347872569e+02 -1.347872569e+02
91043 0 +1.948994079e+00 -1.348110059e+02 -1.348110059e+02
91453 0 +1.824631819e+00 -1.349353682e+02 -1.349353682e+02
92686 0 +1.727283542e+00 -1.350327165e+02 -1.350327165e+02
94543 0 +1.584478507e+00 -1.351755215e+02 -1.351755215e+02
94777 0 +1.527606602e+00 -1.352323934e+02 -1.352323934e+02
95379 0 +1.493708882e+00 -1.352662911e+02 -1.352662911e+02
95713 0 +1.401139589e+00 -1.353588604e+02 -1.353588604e+02
95857 0 +1.339888153e+00 -1.354201118e+02 -1.354201118e+02
95943 0 +1.303649287e+00 -1.354563507e+02 -1.354563507e+02
96076 0 +1.220261687e+00 -1.355397383e+02 -1.355397383e+02
97879 0 +1.177096084e+00 -1.355829039e+02 -1.355829039e+02
97950 0 +1.147517993e+00 -1.356124820e+02 -1.356124820e+02
100011 0 +1.051994537e+00 -1.357080055e+02 -1.357080055e+02
102976 0 +1.038608407e+00 -1.357213916e+02 -1.357213916e+02
103166 0 +9.991232218e-01 -1.357608768e+02 -1.357608768e+02
104994 0 +9.614195379e-01 -1.357985805e+02 -1.357985805e+02
105246 0 +9.487914156e-01 -1.358112086e+02 -1.358112086e+02
105419 0 +8.993615598e-01 -1.358606384e+02 -1.358606384e+02
107826 0 +8.898747352e-01 -1.358701253e+02 -1.358701253e+02
123643 0 +8.700839552e-01 -1.358899160e+02 -1.358899160e+02
153914 0 +8.537627787e-01 -1.359062372e+02 -1.359062372e+02
% f evaluations | g evaluations | best noise-free fitness - Fopt (3.667500000000e+02) + sum g_i+ | measured fitness | best measured fitness or single-digit g-values | x1 | x2...
1 0 +3.449670211e+04 +3.486345211e+04 +3.486345211e+04
2311 0 +2.167243963e+04 +2.203918963e+04 +2.203918963e+04
2470 0 +2.046433686e+04 +2.083108686e+04 +2.083108686e+04
2506 0 +1.978584004e+04 +2.015259004e+04 +2.015259004e+04
2573 0 +1.946670264e+04 +1.983345264e+04 +1.983345264e+04
2589 0 +1.872331558e+04 +1.909006558e+04 +1.909006558e+04
2606 0 +1.786130002e+04 +1.822805002e+04 +1.822805002e+04
2610 0 +1.512929165e+04 +1.549604165e+04 +1.549604165e+04
2628 0 +1.240933216e+04 +1.277608216e+04 +1.277608216e+04
2763 0 +1.211516154e+04 +1.248191154e+04 +1.248191154e+04
2884 0 +1.142270110e+04 +1.178945110e+04 +1.178945110e+04
2908 0 +9.742632255e+03 +1.010938226e+04 +1.010938226e+04
2919 0 +8.450649589e+03 +8.817399589e+03 +8.817399589e+03
2939 0 +7.255184801e+03 +7.621934801e+03 +7.621934801e+03
2981 0 +5.119427245e+03 +5.486177245e+03 +5.486177245e+03
3470 0 +2.633670780e+03 +3.000420780e+03 +3.000420780e+03
3537 0 +2.552989941e+03 +2.919739941e+03 +2.919739941e+03
3565 0 +1.295232162e+03 +1.661982162e+03 +1.661982162e+03
3660 0 +1.034728851e+03 +1.401478851e+03 +1.401478851e+03
3695 0 +1.013827583e+03 +1.380577583e+03 +1.380577583e+03
3808 0 +7.924993539e+02 +1.159249354e+03 +1.159249354e+03
3811 0 +7.683712019e+02 +1.135121202e+03 +1.135121202e+03
3814 0 +7.582461645e+02 +1.124996164e+03 +1.124996164e+03
3845 0 +1.466759435e+02 +5.134259435e+02 +5.134259435e+02
4487 0 +1.428521911e+02 +5.096021911e+02 +5.096021911e+02
4541 0 +1.178787378e+02 +4.846287378e+02 +4.846287378e+02
4621 0 +4.038115445e+01 +4.071311544e+02 +4.071311544e+02
4721 0 +3.858760178e+01 +4.053376018e+02 +4.053376018e+02
4753 0 +2.209366108e+01 +3.888436611e+02 +3.888436611e+02
4937 0 +2.172618803e+01 +3.884761880e+02 +3.884761880e+02
4944 0 +3.891488369e+00 +3.706414884e+02 +3.706414884e+02
6199 0 +3.824044380e+00 +3.705740444e+02 +3.705740444e+02
6743 0 +3.735783037e+00 +3.704857830e+02 +3.704857830e+02
6888 0 +3.485637405e+00 +3.702356374e+02 +3.702356374e+02
7520 0 +3.361876904e+00 +3.701118769e+02 +3.701118769e+02
11326 0 +3.229083381e+00 +3.699790834e+02 +3.699790834e+02
20788 0 +3.069505109e+00 +3.698195051e+02 +3.698195051e+02
29539 0 +2.983522755e+00 +3.697335228e+02 +3.697335228e+02
36020 0 +2.930312078e+00 +3.696803121e+02 +3.696803121e+02
47150 0 +2.784036702e+00 +3.695340367e+02 +3.695340367e+02
54238 0 +2.743412496e+00 +3.694934125e+02 +3.694934125e+02
55807 0 +2.639840774e+00 +3.693898408e+02 +3.693898408e+02
55828 0 +2.394072240e+00 +3.691440722e+02 +3.691440722e+02
69254 0 +2.326705350e+00 +3.690767053e+02 +3.690767053e+02
69940 0 +2.210065510e+00 +3.689600655e+02 +3.689600655e+02
71378 0 +2.157448092e+00 +3.689074481e+02 +3.689074481e+02
71915 0 +2.069817416e+00 +3.688198174e+02 +3.688198174e+02
72282 0 +2.025712135e+00 +3.687757121e+02 +3.687757121e+02
72840 0 +1.981053899e+00 +3.687310539e+02 +3.687310539e+02
73372 0 +1.883763726e+00 +3.686337637e+02 +3.686337637e+02
73444 0 +1.822982255e+00 +3.685729823e+02 +3.685729823e+02
75751 0 +1.700830789e+00 +3.684508308e+02 +3.684508308e+02
78134 0 +1.599581654e+00 +3.683495817e+02 +3.683495817e+02
81658 0 +1.544219068e+00 +3.682942191e+02 +3.682942191e+02
82396 0 +1.501535252e+00 +3.682515353e+02 +3.682515353e+02
82415 0 +1.415568821e+00 +3.681655688e+02 +3.681655688e+02
82438 0 +1.350681533e+00 +3.681006815e+02 +3.681006815e+02
85171 0 +1.324843270e+00 +3.680748433e+02 +3.680748433e+02
85210 0 +1.298952267e+00 +3.680489523e+02 +3.680489523e+02
85432 0 +1.239489655e+00 +3.679894897e+02 +3.679894897e+02
85729 0 +1.225532584e+00 +3.679755326e+02 +3.679755326e+02
86758 0 +1.198785338e+00 +3.679487853e+02 +3.679487853e+02
86829 0 +1.173096569e+00 +3.679230966e+02 +3.679230966e+02
86987 0 +1.144017832e+00 +3.678940178e+02 +3.678940178e+02
87066 0 +1.113624122e+00 +3.678636241e+02 +3.678636241e+02
87128 0 +1.048010195e+00 +3.677980102e+02 +3.677980102e+02
87383 0 +1.037277720e+00 +3.677872777e+02 +3.677872777e+02
87951 0 +1.004453616e+00 +3.677544536e+02 +3.677544536e+02
88085 0 +9.929041717e-01 +3.677429042e+02 +3.677429042e+02
88174 0 +9.419977461e-01 +3.676919977e+02 +3.676919977e+02
88404 0 +9.110121122e-01 +3.676610121e+02 +3.676610121e+02
88857 0 +8.568359382e-01 +3.676068359e+02 +3.676068359e+02
88883 0 +8.307503157e-01 +3.675807503e+02 +3.675807503e+02
90780 0 +8.103063781e-01 +3.675603064e+02 +3.675603064e+02
90887 0 +7.933286376e-01 +3.675433286e+02 +3.675433286e+02
92178 0 +7.754046874e-01 +3.675254047e+02 +3.675254047e+02
92859 0 +7.564539397e-01 +3.675064539e+02 +3.675064539e+02
93700 0 +7.356710112e-01 +3.674856710e+02 +3.674856710e+02
93725 0 +7.043689446e-01 +3.674543689e+02 +3.674543689e+02
93805 0 +6.862041037e-01 +3.674362041e+02 +3.674362041e+02
97105 0 +6.701209665e-01 +3.674201210e+02 +3.674201210e+02
97859 0 +6.594890536e-01 +3.674094891e+02 +3.674094891e+02
98184 0 +6.420851111e-01 +3.673920851e+02 +3.673920851e+02
99153 0 +6.303754722e-01 +3.673803755e+02 +3.673803755e+02
129995 0 +6.168752323e-01 +3.673668752e+02 +3.673668752e+02
% f evaluations | g evaluations | best noise-free fitness - Fopt (-2.486900000000e+02) + sum g_i+ | measured fitness | best measured fitness or single-digit g-values | x1 | x2...
1 0 +3.449670211e+04 +3.424801211e+04 +3.424801211e+04
4084 0 +3.284389695e+04 +3.259520695e+04 +3.259520695e+04
4146 0 +2.101152018e+04 +2.076283018e+04 +2.076283018e+04
4506 0 +2.078191891e+04 +2.053322891e+04 +2.053322891e+04
4594 0 +1.872469650e+04 +1.847600650e+04 +1.847600650e+04
4653 0 +1.816189513e+04 +1.791320513e+04 +1.791320513e+04
4803 0 +1.252566747e+04 +1.227697747e+04 +1.227697747e+04
4877 0 +1.168059814e+04 +1.143190814e+04 +1.143190814e+04
5007 0 +8.215790536e+03 +7.967100536e+03 +7.967100536e+03
5062 0 +6.454025906e+03 +6.205335906e+03 +6.205335906e+03
5589 0 +2.728282126e+03 +2.479592126e+03 +2.479592126e+03
6017 0 +1.747753630e+03 +1.499063630e+03 +1.499063630e+03
6229 0 +1.454662526e+03 +1.205972526e+03 +1.205972526e+03
6257 0 +1.137989792e+03 +8.892997922e+02 +8.892997922e+02
6340 0 +5.149411347e+02 +2.662511347e+02 +2.662511347e+02
7303 0 +3.441941506e+02 +9.550415058e+01 +9.550415058e+01
7373 0 +3.347138508e+02 +8.602385083e+01 +8.602385083e+01
7436 0 +7.755719219e+01 -1.711328078e+02 -1.711328078e+02
7478 0 +6.753808545e+01 -1.811519146e+02 -1.811519146e+02
7610 0 +4.084199006e+00 -2.446058010e+02 -2.446058010e+02
8317 0 +3.929611680e+00 -2.447603883e+02 -2.447603883e+02
9030 0 +3.641486776e+00 -2.450485132e+02 -2.450485132e+02
10031 0 +3.574836516e+00 -2.451151635e+02 -2.451151635e+02
11739 0 +3.493376271e+00 -2.451966237e+02 -2.451966237e+02
13072 0 +3.376028098e+00 -2.453139719e+02 -2.453139719e+02
19183 0 +3.281186513e+00 -2.454088135e+02 -2.454088135e+02
19202 0 +3.181864207e+00 -2.455081358e+02 -2.455081358e+02
19534 0 +3.129618018e+00 -2.455603820e+02 -2.455603820e+02
24028 0 +2.973876776e+00 -2.457161232e+02 -2.457161232e+02
38194 0 +2.866188985e+00 -2.458238110e+02 -2.458238110e+02
60358 0 +2.811929887e+00 -2.458780701e+02 -2.458780701e+02
60939 0 +2.673943407e+00 -2.460160566e+02 -2.460160566e+02
63616 0 +2.619364480e+00 -2.460706355e+02 -2.460706355e+02
64470 0 +2.559873777e+00 -2.461301262e+02 -2.461301262e+02
65984 0 +2.507254685e+00 -2.461827453e+02 -2.461827453e+02
67530 0 +2.413114588e+00 -2.462768854e+02 -2.462768854e+02
68631 0 +2.264971637e+00 -2.464250284e+02 -2.464250284e+02
71825 0 +2.174600664e+00 -2.465153993e+02 -2.465153993e+02
78986 0 +2.128202606e+00 -2.465617974e+02 -2.465617974e+02
79205 0 +2.035778276e+00 -2.466542217e+02 -2.466542217e+02
80353 0 +1.843749143e+00 -2.468462509e+02 -2.468462509e+02
82926 0 +1.741566161e+00 -2.469484338e+02 -2.469484338e+02
82995 0 +1.639899489e+00 -2.470501005e+02 -2.470501005e+02
84328 0 +1.597905911e+00 -2.470920941e+02 -2.470920941e+02
84992 0 +1.561367491e+00 -2.471286325e+02 -2.471286325e+02
85049 0 +1.504651848e+00 -2.471853482e+02 -2.471853482e+02
85920 0 +1.420174404e+00 -2.472698256e+02 -2.472698256e+02
86004 0 +1.351843399e+00 -2.473381566e+02 -2.473381566e+02
86437 0 +1.344341987e+00 -2.473456580e+02 -2.473456580e+02
86491 0 +1.301747917e+00 -2.473882521e+02 -2.473882521e+02
86869 0 +1.217089880e+00 -2.474729101e+02 -2.474729101e+02
87272 0 +1.200432181e+00 -2.474895678e+02 -2.474895678e+02
87798 0 +1.174490589e+00 -2.475155094e+02 -2.475155094e+02
87932 0 +1.142746502e+00 -2.475472535e+02 -2.475472535e+02
88328 0 +1.115527755e+00 -2.475744722e+02 -2.475744722e+02
88749 0 +1.069301648e+00 -2.476206984e+02 -2.476206984e+02
88934 0 +1.028674492e+00 -2.476613255e+02 -2.476613255e+02
89475 0 +9.876919336e-01 -2.477023081e+02 -2.477023081e+02
89559 0 +9.392633861e-01 -2.477507366e+02 -2.477507366e+02
91822 0 +9.212400928e-01 -2.477687599e+02 -2.477687599e+02
91830 0 +8.901163425e-01 -2.477998837e+02 -2.477998837e+02
93201 0 +8.551168390e-01 -2.478348832e+02 -2.478348832e+02
93224 0 +8.488790285e-01 -2.478411210e+02 -2.478411210e+02
93491 0 +8.276423756e-01 -2.478623576e+02 -2.478623576e+02
93755 0 +8.075513834e-01 -2.478824486e+02 -2.478824486e+02
94208 0 +7.903029422e-01 -2.478996971e+02 -2.478996971e+02
94452 0 +7.746747780e-01 -2.479153252e+02 -2.479153252e+02
97042 0 +7.582876300e-01 -2.479317124e+02 -2.479317124e+02
126438 0 +7.501176139e-01 -2.479398824e+02 -2.479398824e+02
% f evaluations | g evaluations | best noise-free fitness - Fopt (-6.786000000000e+01) + sum g_i+ | measured fitness | best measured fitness or single-digit g-values | x1 | x2...
1 0 +3.449670211e+04 +3.442884211e+04 +3.442884211e+04
3352 0 +3.028382408e+04 +3.021596408e+04 +3.021596408e+04
3398 0 +2.665281493e+04 +2.658495493e+04 +2.658495493e+04
3831 0 +1.946219527e+04 +1.939433527e+04 +1.939433527e+04
3892 0 +1.866262221e+04 +1.859476221e+04 +1.859476221e+04
3898 0 +1.363984231e+04 +1.357198231e+04 +1.357198231e+04
4024 0 +1.303159131e+04 +1.296373131e+04 +1.296373131e+04
4836 0 +1.084076572e+04 +1.077290572e+04 +1.077290572e+04
4980 0 +1.069149835e+04 +1.062363835e+04 +1.062363835e+04
5663 0 +1.031170562e+04 +1.024384562e+04 +1.024384562e+04
5767 0 +9.770793931e+03 +9.702933931e+03 +9.702933931e+03
5782 0 +7.869625365e+03 +7.801765365e+03 +7.801765365e+03
5982 0 +3.926955177e+03 +3.859095177e+03 +3.859095177e+03
6477 0 +2.292332987e+03 +2.224472987e+03 +2.224472987e+03
6755 0 +1.902010767e+03 +1.834150767e+03 +1.834150767e+03
6846 0 +1.778617520e+03 +1.710757520e+03 +1.710757520e+03
6874 0 +1.666630501e+03 +1.598770501e+03 +1.598770501e+03
6882 0 +1.347839573e+03 +1.279979573e+03 +1.279979573e+03
6949 0 +8.443291776e+02 +7.764691776e+02 +7.764691776e+02
7287 0 +6.876657210e+02 +6.198057210e+02 +6.198057210e+02
7412 0 +5.145270025e+02 +4.466670025e+02 +4.466670025e+02
7416 0 +4.929082822e+02 +4.250482822e+02 +4.250482822e+02
7420 0 +4.707787518e+02 +4.029187518e+02 +4.029187518e+02
7469 0 +3.684302718e+02 +3.005702718e+02 +3.005702718e+02
7472 0 +3.125209348e+02 +2.446609348e+02 +2.446609348e+02
7512 0 +7.769245389e+01 +9.832453891e+00 +9.832453891e+00
7580 0 +7.061550964e+01 +2.755509639e+00 +2.755509639e+00
7745 0 +6.634661459e+01 -1.513385405e+00 -1.513385405e+00
7844 0 +2.696253355e+01 -4.089746645e+01 -4.089746645e+01
7918 0 +4.364198187e+00 -6.349580181e+01 -6.349580181e+01
8192 0 +4.107256716e+00 -6.375274328e+01 -6.375274328e+01
8395 0 +4.026298437e+00 -6.383370156e+01 -6.383370156e+01
9323 0 +3.716356942e+00 -6.414364306e+01 -6.414364306e+01
9745 0 +3.481089919e+00 -6.437891008e+01 -6.437891008e+01
14437 0 +3.417685532e+00 -6.444231447e+01 -6.444231447e+01
17925 0 +3.341403776e+00 -6.451859622e+01 -6.451859622e+01
19734 0 +3.295033719e+00 -6.456496628e+01 -6.456496628e+01
21567 0 +3.175013434e+00 -6.468498657e+01 -6.468498657e+01
22478 0 +3.076729321e+00 -6.478327068e+01 -6.478327068e+01
33438 0 +3.010290590e+00 -6.484970941e+01 -6.484970941e+01
33665 0 +2.908127893e+00 -6.495187211e+01 -6.495187211e+01
37123 0 +2.828215477e+00 -6.503178452e+01 -6.503178452e+01
40366 0 +2.764554084e+00 -6.509544592e+01 -6.509544592e+01
45958 0 +2.695386533e+00 -6.516461347e+01 -6.516461347e+01
52827 0 +2.651084641e+00 -6.520891536e+01 -6.520891536e+01
53418 0 +2.608360555e+00 -6.525163944e+01 -6.525163944e+01
64437 0 +2.506401939e+00 -6.535359806e+01 -6.535359806e+01
64796 0 +2.324404789e+00 -6.553559521e+01 -6.553559521e+01
70733 0 +2.211834459e+00 -6.564816554e+01 -6.564816554e+01
72739 0 +2.167705257e+00 -6.569229474e+01 -6.569229474e+01
73158 0 +2.126026270e+00 -6.573397373e+01 -6.573397373e+01
74802 0 +2.010701778e+00 -6.584929822e+01 -6.584929822e+01
74973 0 +1.954102493e+00 -6.590589751e+01 -6.590589751e+01
76286 0 +1.929391338e+00 -6.593060866e+01 -6.593060866e+01
79748 0 +1.859190139e+00 -6.600080986e+01 -6.600080986e+01
80809 0 +1.705572335e+00 -6.615442767e+01 -6.615442767e+01
81800 0 +1.696141563e+00 -6.616385844e+01 -6.616385844e+01
84101 0 +1.649408176e+00 -6.621059182e+01 -6.621059182e+01
85206 0 +1.588143392e+00 -6.627185661e+01 -6.627185661e+01
85713 0 +1.575028537e+00 -6.628497146e+01 -6.628497146e+01
86529 0 +1.422229440e+00 -6.643777056e+01 -6.643777056e+01
87711 0 +1.374870685e+00 -6.648512931e+01 -6.648512931e+01
88098 0 +1.332438990e+00 -6.652756101e+01 -6.652756101e+01
89776 0 +1.314917838e+00 -6.654508216e+01 -6.654508216e+01
89827 0 +1.183693914e+00 -6.667630609e+01 -6.667630609e+01
92261 0 +1.173533479e+00 -6.668646652e+01 -6.668646652e+01
92540 0 +1.128416457e+00 -6.673158354e+01 -6.673158354e+01
92604 0 +1.108863807e+00 -6.675113619e+01 -6.675113619e+01
92953 0 +1.050962753e+00 -6.680903725e+01 -6.680903725e+01
93077 0 +9.954438379e-01 -6.686455616e+01 -6.686455616e+01
94956 0 +9.281013416e-01 -6.693189866e+01 -6.693189866e+01
96666 0 +9.054702276e-01 -6.695452977e+01 -6.695452977e+01
96860 0 +8.825482126e-01 -6.697745179e+01 -6.697745179e+01
96952 0 +8.611957487e-01 -6.699880425e+01 -6.699880425e+01
97576 0 +8.335233846e-01 -6.702647662e+01 -6.702647662e+01
97881 0 +8.294190270e-01 -6.703058097e+01 -6.703058097e+01
98330 0 +7.544779224e-01 -6.710552208e+01 -6.710552208e+01
99691 0 +7.227977245e-01 -6.713720228e+01 -6.713720228e+01
100707 0 +7.031707176e-01 -6.715682928e+01 -6.715682928e+01
100742 0 +6.878806663e-01 -6.717211933e+01 -6.717211933e+01
100838 0 +6.720683674e-01 -6.718793163e+01 -6.718793163e+01
101568 0 +6.587970634e-01 -6.720120294e+01 -6.720120294e+01
101882 0 +6.380235971e-01 -6.722197640e+01 -6.722197640e+01
102376 0 +6.304947608e-01 -6.722950524e+01 -6.722950524e+01
103854 0 +6.159811083e-01 -6.724401889e+01 -6.724401889e+01
134333 0 +6.069985070e-01 -6.725300149e+01 -6.725300149e+01
% f evaluations | g evaluations | best noise-free fitness - Fopt (-2.329000000000e+01) + sum g_i+ | measured fitness | best measured fitness or single-digit g-values | x1 | x2...
1 0 +3.449670211e+04 +3.447341211e+04 +3.447341211e+04
2601 0 +2.768490792e+04 +2.766161792e+04 +2.766161792e+04
3401 0 +2.675889390e+04 +2.673560390e+04 +2.673560390e+04
3439 0 +2.585423986e+04 +2.583094986e+04 +2.583094986e+04
3477 0 +2.146602652e+04 +2.144273652e+04 +2.144273652e+04
3479 0 +1.628543099e+04 +1.626214099e+04 +1.626214099e+04
3526 0 +7.223035919e+03 +7.199745919e+03 +7.199745919e+03
3820 0 +4.092819999e+03 +4.069529999e+03 +4.069529999e+03
4051 0 +4.067577882e+03 +4.044287882e+03 +4.044287882e+03
4242 0 +3.251322005e+03 +3.228032005e+03 +3.228032005e+03
4299 0 +1.304016184e+03 +1.280726184e+03 +1.280726184e+03
4439 0 +3.475486105e+02 +3.242586105e+02 +3.242586105e+02
5989 0 +1.725711244e+02 +1.492811244e+02 +1.492811244e+02
6173 0 +8.142144268e+01 +5.813144268e+01 +5.813144268e+01
6212 0 +4.294457025e+01 +1.965457025e+01 +1.965457025e+01
6322 0 +4.030283773e+01 +1.701283773e+01 +1.701283773e+01
6358 0 +2.252151047e+01 -7.684895323e-01 -7.684895323e-01
6492 0 +3.894547680e+00 -1.939545232e+01 -1.939545232e+01
7686 0 +3.886963460e+00 -1.940303654e+01 -1.940303654e+01
7798 0 +3.732457365e+00 -1.955754264e+01 -1.955754264e+01
8000 0 +3.618192837e+00 -1.967180716e+01 -1.967180716e+01
8046 0 +3.500510460e+00 -1.978948954e+01 -1.978948954e+01
8924 0 +3.313020852e+00 -1.997697915e+01 -1.997697915e+01
15798 0 +3.293007774e+00 -1.999699223e+01 -1.999699223e+01
18224 0 +3.098588245e+00 -2.019141176e+01 -2.019141176e+01
27691 0 +3.037169218e+00 -2.025283078e+01 -2.025283078e+01
35885 0 +3.017139546e+00 -2.027286045e+01 -2.027286045e+01
35948 0 +2.891532695e+00 -2.039846731e+01 -2.039846731e+01
43529 0 +2.822532965e+00 -2.046746704e+01 -2.046746704e+01
43613 0 +2.771465057e+00 -2.051853494e+01 -2.051853494e+01
51982 0 +2.740608260e+00 -2.054939174e+01 -2.054939174e+01
52993 0 +2.682750128e+00 -2.060724987e+01 -2.060724987e+01
55629 0 +2.429555532e+00 -2.086044447e+01 -2.086044447e+01
66633 0 +2.394253232e+00 -2.089574677e+01 -2.089574677e+01
71349 0 +2.338833191e+00 -2.095116681e+01 -2.095116681e+01
72714 0 +2.157076874e+00 -2.113292313e+01 -2.113292313e+01
75585 0 +2.069180602e+00 -2.122081940e+01 -2.122081940e+01
75905 0 +2.028437909e+00 -2.126156209e+01 -2.126156209e+01
76033 0 +1.970577027e+00 -2.131942297e+01 -2.131942297e+01
76849 0 +1.864937794e+00 -2.142506221e+01 -2.142506221e+01
77591 0 +1.849143418e+00 -2.144085658e+01 -2.144085658e+01
77594 0 +1.795972626e+00 -2.149402737e+01 -2.149402737e+01
79718 0 +1.756921951e+00 -2.153307805e+01 -2.153307805e+01
80305 0 +1.644120643e+00 -2.164587936e+01 -2.164587936e+01
80498 0 +1.575279243e+00 -2.171472076e+01 -2.171472076e+01
80834 0 +1.462071683e+00 -2.182792832e+01 -2.182792832e+01
82138 0 +1.411514102e+00 -2.187848590e+01 -2.187848590e+01
83908 0 +1.354678891e+00 -2.193532111e+01 -2.193532111e+01
84175 0 +1.335157288e+00 -2.195484271e+01 -2.195484271e+01
85817 0 +1.220702042e+00 -2.206929796e+01 -2.206929796e+01
87659 0 +1.185615635e+00 -2.210438436e+01 -2.210438436e+01
87855 0 +1.163737012e+00 -2.212626299e+01 -2.212626299e+01
87869 0 +1.127781003e+00 -2.216221900e+01 -2.216221900e+01
88381 0 +1.114316466e+00 -2.217568353e+01 -2.217568353e+01
88870 0 +1.056814872e+00 -2.223318513e+01 -2.223318513e+01
89893 0 +1.031515667e+00 -2.225848433e+01 -2.225848433e+01
89903 0 +9.771479925e-01 -2.231285201e+01 -2.231285201e+01
91308 0 +9.304971055e-01 -2.235950289e+01 -2.235950289e+01
91329 0 +9.066158658e-01 -2.238338413e+01 -2.238338413e+01
93340 0 +8.900719759e-01 -2.239992802e+01 -2.239992802e+01
93640 0 +8.683702852e-01 -2.242162971e+01 -2.242162971e+01
93871 0 +8.470803954e-01 -2.244291960e+01 -2.244291960e+01
94606 0 +8.203661629e-01 -2.246963384e+01 -2.246963384e+01
95789 0 +8.120191010e-01 -2.247798090e+01 -2.247798090e+01
126316 0 +7.994689587e-01 -2.249053104e+01 -2.249053104e+01
% f evaluations | g evaluations | best noise-free fitness - Fopt (-1.028000000000e+01) + sum g_i+ | measured fitness | best measured fitness or single-digit g-values | x1 | x2...
1 0 +3.449670211e+04 +3.448642211e+04 +3.448642211e+04
4853 0 +3.020168246e+04 +3.019140246e+04 +3.019140246e+04
4860 0 +2.913578361e+04 +2.912550361e+04 +2.912550361e+04
5046 0 +2.845531385e+04 +2.844503385e+04 +2.844503385e+04
5087 0 +2.590148332e+04 +2.589120332e+04 +2.589120332e+04
5144 0 +2.275490164e+04 +2.274462164e+04 +2.274462164e+04
5245 0 +2.237073765e+04 +2.236045765e+04 +2.236045765e+04
5257 0 +1.762005680e+04 +1.760977680e+04 +1.760977680e+04
5266 0 +1.675504801e+04 +1.674476801e+04 +1.674476801e+04
5304 0 +1.427594507e+04 +1.426566507e+04 +1.426566507e+04
5382 0 +1.253843147e+04 +1.252815147e+04 +1.252815147e+04
5505 0 +1.106093458e+04 +1.105065458e+04 +1.105065458e+04
5513 0 +1.092665337e+04 +1.091637337e+04 +1.091637337e+04
5676 0 +1.062607212e+04 +1.061579212e+04 +1.061579212e+04
5761 0 +7.139934493e+03 +7.129654493e+03 +7.129654493e+03
5812 0 +6.548725543e+03 +6.538445543e+03 +6.538445543e+03
5864 0 +5.474109241e+03 +5.463829241e+03 +5.463829241e+03
5919 0 +2.543094292e+03 +2.532814292e+03 +2.532814292e+03
6270 0 +2.287176305e+03 +2.276896305e+03 +2.276896305e+03
6476 0 +1.779622757e+03 +1.769342757e+03 +1.769342757e+03
6545 0 +1.444647301e+03 +1.434367301e+03 +1.434367301e+03
6607 0 +1.049414188e+03 +1.039134188e+03 +1.039134188e+03
7296 0 +1.000600841e+03 +9.903208413e+02 +9.903208413e+02
7323 0 +5.749562691e+02 +5.646762691e+02 +5.646762691e+02
7368 0 +5.136886986e+02 +5.034086986e+02 +5.034086986e+02
7383 0 +2.643213128e+02 +2.540413128e+02 +2.540413128e+02
7435 0 +1.379251375e+02 +1.276451375e+02 +1.276451375e+02
7570 0 +6.513451694e+01 +5.485451694e+01 +5.485451694e+01
7675 0 +3.617649611e+01 +2.589649611e+01 +2.589649611e+01
8328 0 +4.788007306e+00 -5.491992694e+00 -5.491992694e+00
8392 0 +3.994659979e+00 -6.285340021e+00 -6.285340021e+00
8890 0 +3.946997067e+00 -6.333002933e+00 -6.333002933e+00
9063 0 +3.691299202e+00 -6.588700798e+00 -6.588700798e+00
9504 0 +3.616002393e+00 -6.663997607e+00 -6.663997607e+00
9743 0 +3.401567607e+00 -6.878432393e+00 -6.878432393e+00
15226 0 +3.233242177e+00 -7.046757823e+00 -7.046757823e+00
26857 0 +3.078728048e+00 -7.201271952e+00 -7.201271952e+00
36416 0 +2.973066097e+00 -7.306933903e+00 -7.306933903e+00
36936 0 +2.893663820e+00 -7.386336180e+00 -7.386336180e+00
42902 0 +2.697700480e+00 -7.582299520e+00 -7.582299520e+00
43455 0 +2.641565802e+00 -7.638434198e+00 -7.638434198e+00
43872 0 +2.494912666e+00 -7.785087334e+00 -7.785087334e+00
51305 0 +2.383900056e+00 -7.896099944e+00 -7.896099944e+00
55246 0 +2.279623066e+00 -8.000376934e+00 -8.000376934e+00
56042 0 +2.160416182e+00 -8.119583818e+00 -8.119583818e+00
61067 0 +2.085946686e+00 -8.194053314e+00 -8.194053314e+00
62527 0 +2.031436178e+00 -8.248563822e+00 -8.248563822e+00
63492 0 +1.908932712e+00 -8.371067288e+00 -8.371067288e+00
64823 0 +1.776410876e+00 -8.503589124e+00 -8.503589124e+00
65432 0 +1.628426150e+00 -8.651573850e+00 -8.651573850e+00
68615 0 +1.594870587e+00 -8.685129413e+00 -8.685129413e+00
69101 0 +1.556593274e+00 -8.723406726e+00 -8.723406726e+00
70311 0 +1.524637021e+00 -8.755362979e+00 -8.755362979e+00
70987 0 +1.378574463e+00 -8.901425537e+00 -8.901425537e+00
72459 0 +1.289269349e+00 -8.990730651e+00 -8.990730651e+00
73009 0 +1.281966078e+00 -8.998033922e+00 -8.998033922e+00
73208 0 +1.190723207e+00 -9.089276793e+00 -9.089276793e+00
73307 0 +1.121528410e+00 -9.158471590e+00 -9.158471590e+00
74244 0 +1.079104491e+00 -9.200895509e+00 -9.200895509e+00
74397 0 +1.059045850e+00 -9.220954150e+00 -9.220954150e+00
74902 0 +1.040475519e+00 -9.239524481e+00 -9.239524481e+00
74925 0 +9.159632259e-01 -9.364036774e+00 -9.364036774e+00
75587 0 +9.067886054e-01 -9.373211395e+00 -9.373211395e+00
75837 0 +8.473395169e-01 -9.432660483e+00 -9.432660483e+00
75921 0 +8.155847682e-01 -9.464415232e+00 -9.464415232e+00
75955 0 +8.124552363e-01 -9.467544764e+00 -9.467544764e+00
76867 0 +7.826374106e-01 -9.497362589e+00 -9.497362589e+00
77390 0 +7.753480627e-01 -9.504651937e+00 -9.504651937e+00
77395 0 +7.403277143e-01 -9.539672286e+00 -9.539672286e+00
78274 0 +7.228097469e-01 -9.557190253e+00 -9.557190253e+00
78775 0 +7.050990322e-01 -9.574900968e+00 -9.574900968e+00
78967 0 +6.914595083e-01 -9.588540492e+00 -9.588540492e+00
79299 0 +6.731388121e-01 -9.606861188e+00 -9.606861188e+00
79715 0 +6.529624130e-01 -9.627037587e+00 -9.627037587e+00
80034 0 +6.429707406e-01 -9.637029259e+00 -9.637029259e+00
80551 0 +6.235728946e-01 -9.656427105e+00 -9.656427105e+00
80637 0 +5.987172662e-01 -9.681282734e+00 -9.681282734e+00
81902 0 +5.875262809e-01 -9.692473719e+00 -9.692473719e+00
82283 0 +5.740548503e-01 -9.705945150e+00 -9.705945150e+00
84925 0 +5.621283245e-01 -9.717871675e+00 -9.717871675e+00
113220 0 +5.576532782e-01 -9.722346722e+00 -9.722346722e+00
% f evaluations | g evaluations | best noise-free fitness - Fopt (1.799700000000e+02) + sum g_i+ | measured fitness | best measured fitness or single-digit g-values | x1 | x2...
1 0 +3.449670211e+04 +3.467667211e+04 +3.467667211e+04
3170 0 +3.405221587e+04 +3.423218587e+04 +3.423218587e+04
3247 0 +1.936733508e+04 +1.954730508e+04 +1.954730508e+04
3291 0 +1.755841469e+04 +1.773838469e+04 +1.773838469e+04
3319 0 +1.659241295e+04 +1.677238295e+04 +1.677238295e+04
3343 0 +1.577331566e+04 +1.595328566e+04 +1.595328566e+04
3418 0 +1.348049653e+04 +1.366046653e+04 +1.366046653e+04
3430 0 +1.106578187e+04 +1.124575187e+04 +1.124575187e+04
3433 0 +9.418478328e+03 +9.598448328e+03 +9.598448328e+03
3868 0 +6.727040449e+03 +6.907010449e+03 +6.907010449e+03
4214 0 +5.480137368e+03 +5.660107368e+03 +5.660107368e+03
4275 0 +2.744619972e+03 +2.924589972e+03 +2.924589972e+03
4501 0 +1.468689047e+03 +1.648659047e+03 +1.648659047e+03
4565 0 +3.014999350e+02 +4.814699350e+02 +4.814699350e+02
5562 0 +1.588515043e+02 +3.388215043e+02 +3.388215043e+02
5963 0 +2.548228467e+01 +2.054522847e+02 +2.054522847e+02
6196 0 +4.316374261e+00 +1.842863743e+02 +1.842863743e+02
6932 0 +3.850991323e+00 +1.838209913e+02 +1.838209913e+02
7550 0 +3.494414788e+00 +1.834644148e+02 +1.834644148e+02
9541 0 +3.413866071e+00 +1.833838661e+02 +1.833838661e+02
12522 0 +3.318131966e+00 +1.832881320e+02 +1.832881320e+02
14797 0 +3.257993986e+00 +1.832279940e+02 +1.832279940e+02
16680 0 +3.196282354e+00 +1.831662824e+02 +1.831662824e+02
46634 0 +2.918221818e+00 +1.828882218e+02 +1.828882218e+02
58052 0 +2.773228355e+00 +1.827432284e+02 +1.827432284e+02
62082 0 +2.615268777e+00 +1.825852688e+02 +1.825852688e+02
74047 0 +2.531483993e+00 +1.825014840e+02 +1.825014840e+02
78941 0 +2.506397096e+00 +1.824763971e+02 +1.824763971e+02
79668 0 +2.439216038e+00 +1.824092160e+02 +1.824092160e+02
84931 0 +2.356332039e+00 +1.823263320e+02 +1.823263320e+02
86870 0 +2.326966285e+00 +1.822969663e+02 +1.822969663e+02
90075 0 +2.285955098e+00 +1.822559551e+02 +1.822559551e+02
90243 0 +2.212380031e+00 +1.821823800e+02 +1.821823800e+02
91190 0 +2.131484984e+00 +1.821014850e+02 +1.821014850e+02
94406 0 +2.047891087e+00 +1.820178911e+02 +1.820178911e+02
94428 0 +2.001530889e+00 +1.819715309e+02 +1.819715309e+02
94861 0 +1.975845499e+00 +1.819458455e+02 +1.819458455e+02
95551 0 +1.927738688e+00 +1.818977387e+02 +1.818977387e+02
95711 0 +1.845050038e+00 +1.818150500e+02 +1.818150500e+02
96895 0 +1.723484274e+00 +1.816934843e+02 +1.816934843e+02
98629 0 +1.603801078e+00 +1.815738011e+02 +1.815738011e+02
98890 0 +1.583721841e+00 +1.815537218e+02 +1.815537218e+02
99503 0 +1.392614076e+00 +1.813626141e+02 +1.813626141e+02
99719 0 +1.378027839e+00 +1.813480278e+02 +1.813480278e+02
99941 0 +1.309562976e+00 +1.812795630e+02 +1.812795630e+02
101475 0 +1.253795819e+00 +1.812237958e+02 +1.812237958e+02
101985 0 +1.188131210e+00 +1.811581312e+02 +1.811581312e+02
102337 0 +1.157357847e+00 +1.811273578e+02 +1.811273578e+02
102404 0 +1.086144301e+00 +1.810561443e+02 +1.810561443e+02
102858 0 +1.070310531e+00 +1.810403105e+02 +1.810403105e+02
103001 0 +1.037916969e+00 +1.810079170e+02 +1.810079170e+02
103239 0 +1.011793374e+00 +1.809817934e+02 +1.809817934e+02
103800 0 +9.640270313e-01 +1.809340270e+02 +1.809340270e+02
104041 0 +9.199418140e-01 +1.808899418e+02 +1.808899418e+02
104305 0 +8.410236541e-01 +1.808110237e+02 +1.808110237e+02
104775 0 +8.126533409e-01 +1.807826533e+02 +1.807826533e+02
105009 0 +7.893537965e-01 +1.807593538e+02 +1.807593538e+02
105240 0 +7.448596905e-01 +1.807148597e+02 +1.807148597e+02
105292 0 +6.981048339e-01 +1.806681048e+02 +1.806681048e+02
106109 0 +6.691486791e-01 +1.806391487e+02 +1.806391487e+02
106653 0 +6.580886061e-01 +1.806280886e+02 +1.806280886e+02
107368 0 +6.320024575e-01 +1.806020025e+02 +1.806020025e+02
107536 0 +6.295045596e-01 +1.805995046e+02 +1.805995046e+02
107537 0 +6.137720034e-01 +1.805837720e+02 +1.805837720e+02
108114 0 +5.927333076e-01 +1.805627333e+02 +1.805627333e+02
108192 0 +5.793563718e-01 +1.805493564e+02 +1.805493564e+02
109047 0 +5.728940577e-01 +1.805428941e+02 +1.805428941e+02
109519 0 +5.599030195e-01 +1.805299030e+02 +1.805299030e+02
109920 0 +5.480376886e-01 +1.805180377e+02 +1.805180377e+02
111234 0 +5.364591363e-01 +1.805064591e+02 +1.805064591e+02
114703 0 +5.247841506e-01 +1.804947842e+02 +1.804947842e+02
141946 0 +5.231040060e-01 +1.804931040e+02 +1.804931040e+02
% f evaluations | g evaluations | best noise-free fitness - Fopt (8.376000000000e+01) + sum g_i+ | measured fitness | best measured fitness or single-digit g-values | x1 | x2...
1 0 +3.449670211e+04 +3.458046211e+04 +3.458046211e+04
2817 0 +2.921089903e+04 +2.929465903e+04 +2.929465903e+04
2906 0 +2.595406786e+04 +2.603782786e+04 +2.603782786e+04
3014 0 +2.509803551e+04 +2.518179551e+04 +2.518179551e+04
3059 0 +1.949900721e+04 +1.958276721e+04 +1.958276721e+04
3464 0 +1.943919620e+04 +1.952295620e+04 +1.952295620e+04
3468 0 +1.548099485e+04 +1.556475485e+04 +1.556475485e+04
3473 0 +1.366923497e+04 +1.375299497e+04 +1.375299497e+04
3479 0 +1.014418511e+04 +1.022794511e+04 +1.022794511e+04
3571 0 +9.183601851e+03 +9.267361851e+03 +9.267361851e+03
3581 0 +9.053634582e+03 +9.137394582e+03 +9.137394582e+03
3624 0 +4.748133977e+03 +4.831893977e+03 +4.831893977e+03
3633 0 +3.600371658e+03 +3.684131658e+03 +3.684131658e+03
3640 0 +3.473263766e+03 +3.557023766e+03 +3.557023766e+03
3658 0 +3.065807920e+03 +3.149567920e+03 +3.149567920e+03
3661 0 +2.802149082e+03 +2.885909082e+03 +2.885909082e+03
3666 0 +2.633926735e+03 +2.717686735e+03 +2.717686735e+03
4619 0 +2.436891942e+03 +2.520651942e+03 +2.520651942e+03
4635 0 +1.384037105e+03 +1.467797105e+03 +1.467797105e+03
4638 0 +4.721287882e+02 +5.558887882e+02 +5.558887882e+02
4990 0 +2.868564084e+02 +3.706164084e+02 +3.706164084e+02
5697 0 +2.578919575e+02 +3.416519575e+02 +3.416519575e+02
5963 0 +1.923158494e+02 +2.760758494e+02 +2.760758494e+02
6042 0 +1.406248371e+02 +2.243848371e+02 +2.243848371e+02
6317 0 +1.070495236e+02 +1.908095236e+02 +1.908095236e+02
6369 0 +7.571668343e+01 +1.594766834e+02 +1.594766834e+02
6481 0 +5.563784577e+01 +1.393978458e+02 +1.393978458e+02
6583 0 +1.929394584e+01 +1.030539458e+02 +1.030539458e+02
6756 0 +8.752418420e+00 +9.251241842e+01 +9.251241842e+01
6919 0 +4.182575092e+00 +8.794257509e+01 +8.794257509e+01
6928 0 +3.856152661e+00 +8.761615266e+01 +8.761615266e+01
7464 0 +3.751227519e+00 +8.751122752e+01 +8.751122752e+01
7553 0 +3.623648826e+00 +8.738364883e+01 +8.738364883e+01
10561 0 +3.542664724e+00 +8.730266472e+01 +8.730266472e+01
12261 0 +3.442207477e+00 +8.720220748e+01 +8.720220748e+01
15397 0 +3.343791556e+00 +8.710379156e+01 +8.710379156e+01
18374 0 +3.148046994e+00 +8.690804699e+01 +8.690804699e+01
23042 0 +3.045355131e+00 +8.680535513e+01 +8.680535513e+01
29857 0 +2.991202194e+00 +8.675120219e+01 +8.675120219e+01
30978 0 +2.889688885e+00 +8.664968889e+01 +8.664968889e+01
42785 0 +2.797859680e+00 +8.655785968e+01 +8.655785968e+01
47213 0 +2.620992825e+00 +8.638099282e+01 +8.638099282e+01
52383 0 +2.507452956e+00 +8.626745296e+01 +8.626745296e+01
57935 0 +2.429817354e+00 +8.618981735e+01 +8.618981735e+01
62943 0 +2.341041899e+00 +8.610104190e+01 +8.610104190e+01
72642 0 +2.290606671e+00 +8.605060667e+01 +8.605060667e+01
74286 0 +2.155902001e+00 +8.591590200e+01 +8.591590200e+01
75946 0 +1.990746882e+00 +8.575074688e+01 +8.575074688e+01
83111 0 +1.948184471e+00 +8.570818447e+01 +8.570818447e+01
86230 0 +1.840094865e+00 +8.560009486e+01 +8.560009486e+01
86453 0 +1.812576850e+00 +8.557257685e+01 +8.557257685e+01
87125 0 +1.683799796e+00 +8.544379980e+01 +8.544379980e+01
90729 0 +1.582222404e+00 +8.534222240e+01 +8.534222240e+01
90976 0 +1.546110593e+00 +8.530611059e+01 +8.530611059e+01
92433 0 +1.390386638e+00 +8.515038664e+01 +8.515038664e+01
92619 0 +1.350576551e+00 +8.511057655e+01 +8.511057655e+01
94450 0 +1.344273085e+00 +8.510427308e+01 +8.510427308e+01
94782 0 +1.278381353e+00 +8.503838135e+01 +8.503838135e+01
95918 0 +1.215810613e+00 +8.497581061e+01 +8.497581061e+01
95950 0 +1.192237013e+00 +8.495223701e+01 +8.495223701e+01
96246 0 +1.078116677e+00 +8.483811668e+01 +8.483811668e+01
97250 0 +1.061877360e+00 +8.482187736e+01 +8.482187736e+01
97795 0 +1.037678640e+00 +8.479767864e+01 +8.479767864e+01
98501 0 +1.017524806e+00 +8.477752481e+01 +8.477752481e+01
98996 0 +9.996839086e-01 +8.475968391e+01 +8.475968391e+01
99070 0 +9.683870936e-01 +8.472838709e+01 +8.472838709e+01
99192 0 +9.504594911e-01 +8.471045949e+01 +8.471045949e+01
99234 0 +9.275545077e-01 +8.468755451e+01 +8.468755451e+01
101908 0 +9.113748098e-01 +8.467137481e+01 +8.467137481e+01
102087 0 +8.788592858e-01 +8.463885929e+01 +8.463885929e+01
102299 0 +8.636618275e-01 +8.462366183e+01 +8.462366183e+01
102815 0 +8.499568667e-01 +8.460995687e+01 +8.460995687e+01
103816 0 +8.315794213e-01 +8.459157942e+01 +8.459157942e+01
105052 0 +8.118792104e-01 +8.457187921e+01 +8.457187921e+01
135280 0 +7.994635201e-01 +8.455946352e+01 +8.455946352e+01
% f evaluations | g evaluations | best noise-free fitness - Fopt (-3.890100000000e+02) + sum g_i+ | measured fitness | best measured fitness or single-digit g-values | x1 | x2...
1 0 +3.449670211e+04 +3.410769211e+04 +3.410769211e+04
1917 0 +3.110758988e+04 +3.071857988e+04 +3.071857988e+04
2512 0 +2.871463830e+04 +2.832562830e+04 +2.832562830e+04
3030 0 +2.626697722e+04 +2.587796722e+04 +2.587796722e+04
3169 0 +2.264950916e+04 +2.226049916e+04 +2.226049916e+04
3207 0 +2.169734455e+04 +2.130833455e+04 +2.130833455e+04
3260 0 +1.588178525e+04 +1.549277525e+04 +1.549277525e+04
3295 0 +6.188919498e+03 +5.799909498e+03 +5.799909498e+03
3360 0 +4.920035671e+03 +4.531025671e+03 +4.531025671e+03
3425 0 +3.678389467e+03 +3.289379467e+03 +3.289379467e+03
3894 0 +2.383466905e+03 +1.994456905e+03 +1.994456905e+03
4235 0 +1.617805162e+03 +1.228795162e+03 +1.228795162e+03
4299 0 +8.143679714e+02 +4.253579714e+02 +4.253579714e+02
4962 0 +5.499009873e+02 +1.608909873e+02 +1.608909873e+02
4996 0 +5.110055842e+02 +1.219955842e+02 +1.219955842e+02
5164 0 +4.850610848e+02 +9.605108482e+01 +9.605108482e+01
5189 0 +3.805254438e+02 -8.484556200e+00 -8.484556200e+00
5298 0 +1.220590981e+02 -2.669509019e+02 -2.669509019e+02
5345 0 +6.480696735e+01 -3.242030327e+02 -3.242030327e+02
5394 0 +1.076708517e+01 -3.782429148e+02 -3.782429148e+02
5516 0 +6.333144162e+00 -3.826768558e+02 -3.826768558e+02
5788 0 +4.696310394e+00 -3.843136896e+02 -3.843136896e+02
6167 0 +4.022762499e+00 -3.849872375e+02 -3.849872375e+02
7383 0 +3.845638309e+00 -3.851643617e+02 -3.851643617e+02
8079 0 +3.430415118e+00 -3.855795849e+02 -3.855795849e+02
13510 0 +3.367186596e+00 -3.856428134e+02 -3.856428134e+02
23640 0 +3.280818966e+00 -3.857291810e+02 -3.857291810e+02
24547 0 +3.204161810e+00 -3.858058382e+02 -3.858058382e+02
26877 0 +3.127806710e+00 -3.858821933e+02 -3.858821933e+02
29875 0 +2.927179198e+00 -3.860828208e+02 -3.860828208e+02
38101 0 +2.852687406e+00 -3.861573126e+02 -3.861573126e+02
41803 0 +2.779524433e+00 -3.862304756e+02 -3.862304756e+02
42166 0 +2.742732269e+00 -3.862672677e+02 -3.862672677e+02
47184 0 +2.622562136e+00 -3.863874379e+02 -3.863874379e+02
49266 0 +2.548994472e+00 -3.864610055e+02 -3.864610055e+02
49412 0 +2.359699906e+00 -3.866503001e+02 -3.866503001e+02
51700 0 +2.305211681e+00 -3.867047883e+02 -3.867047883e+02
52055 0 +2.246172817e+00 -3.867638272e+02 -3.867638272e+02
52128 0 +2.187064436e+00 -3.868229356e+02 -3.868229356e+02
52283 0 +2.073576912e+00 -3.869364231e+02 -3.869364231e+02
59203 0 +2.010810229e+00 -3.869991898e+02 -3.869991898e+02
61514 0 +1.958052735e+00 -3.870519473e+02 -3.870519473e+02
62155 0 +1.888324556e+00 -3.871216754e+02 -3.871216754e+02
64759 0 +1.842888203e+00 -3.871671118e+02 -3.871671118e+02
65461 0 +1.808007334e+00 -3.872019927e+02 -3.872019927e+02
65539 0 +1.751246479e+00 -3.872587535e+02 -3.872587535e+02
65543 0 +1.732013858e+00 -3.872779861e+02 -3.872779861e+02
66120 0 +1.662947113e+00 -3.873470529e+02 -3.873470529e+02
66461 0 +1.631098448e+00 -3.873789016e+02 -3.873789016e+02
68244 0 +1.501174611e+00 -3.875088254e+02 -3.875088254e+02
69002 0 +1.450365306e+00 -3.875596347e+02 -3.875596347e+02
69363 0 +1.403825623e+00 -3.876061744e+02 -3.876061744e+02
70801 0 +1.380091289e+00 -3.876299087e+02 -3.876299087e+02
71353 0 +1.331773438e+00 -3.876782266e+02 -3.876782266e+02
72726 0 +1.302301573e+00 -3.877076984e+02 -3.877076984e+02
72739 0 +1.253168705e+00 -3.877568313e+02 -3.877568313e+02
73131 0 +1.216665807e+00 -3.877933342e+02 -3.877933342e+02
73552 0 +1.152870497e+00 -3.878571295e+02 -3.878571295e+02
73905 0 +1.070004352e+00 -3.879399956e+02 -3.879399956e+02
74744 0 +1.033584500e+00 -3.879764155e+02 -3.879764155e+02
76844 0 +9.962629076e-01 -3.880137371e+02 -3.880137371e+02
77117 0 +9.552258381e-01 -3.880547742e+02 -3.880547742e+02
77904 0 +9.395010453e-01 -3.880704990e+02 -3.880704990e+02
77975 0 +9.250272101e-01 -3.880849728e+02 -3.880849728e+02
78198 0 +8.928391260e-01 -3.881171609e+02 -3.881171609e+02
78241 0 +8.706528994e-01 -3.881393471e+02 -3.881393471e+02
79274 0 +8.486295980e-01 -3.881613704e+02 -3.881613704e+02
79319 0 +7.615408037e-01 -3.882484592e+02 -3.882484592e+02
79600 0 +7.513513887e-01 -3.882586486e+02 -3.882586486e+02
80161 0 +7.320804408e-01 -3.882779196e+02 -3.882779196e+02
80205 0 +7.233995559e-01 -3.882866004e+02 -3.882866004e+02
80978 0 +6.616400519e-01 -3.883483599e+02 -3.883483599e+02
81107 0 +6.578100707e-01 -3.883521899e+02 -3.883521899e+02
82234 0 +6.438542395e-01 -3.883661458e+02 -3.883661458e+02
83889 0 +6.214975763e-01 -3.883885024e+02 -3.883885024e+02
84158 0 +6.109682055e-01 -3.883990318e+02 -3.883990318e+02
84847 0 +5.989885820e-01 -3.884110114e+02 -3.884110114e+02
85098 0 +5.885287119e-01 -3.884214713e+02 -3.884214713e+02
86421 0 +5.746091983e-01 -3.884353908e+02 -3.884353908e+02
117125 0 +5.625868509e-01 -3.884474131e+02 -3.884474131e+02
% f evaluations | g evaluations | best noise-free fitness - Fopt (-1.455800000000e+02) + sum g_i+ | measured fitness | best measured fitness or single-digit g-values | x1 | x2...
1 0 +3.449670211e+04 +3.435112211e+04 +3.435112211e+04
3326 0 +2.917736546e+04 +2.903178546e+04 +2.903178546e+04
3375 0 +2.285562340e+04 +2.271004340e+04 +2.271004340e+04
3505 0 +1.955274749e+04 +1.940716749e+04 +1.940716749e+04
3532 0 +1.767120388e+04 +1.752562388e+04 +1.752562388e+04
3606 0 +1.567054790e+04 +1.552496790e+04 +1.552496790e+04
3655 0 +1.504452322e+04 +1.489894322e+04 +1.489894322e+04
3718 0 +8.887037156e+03 +8.741457156e+03 +8.741457156e+03
4302 0 +4.273579757e+03 +4.127999757e+03 +4.127999757e+03
4560 0 +1.792031214e+03 +1.646451214e+03 +1.646451214e+03
5385 0 +1.769462974e+03 +1.623882974e+03 +1.623882974e+03
5470 0 +9.260367434e+02 +7.804567434e+02 +7.804567434e+02
5498 0 +7.929416303e+02 +6.473616303e+02 +6.473616303e+02
5699 0 +6.551082431e+02 +5.095282431e+02 +5.095282431e+02
5702 0 +4.948757721e+02 +3.492957721e+02 +3.492957721e+02
5828 0 +3.489050824e+02 +2.033250824e+02 +2.033250824e+02
5856 0 +2.354437143e+02 +8.986371426e+01 +8.986371426e+01
5859 0 +1.936960483e+02 +4.811604827e+01 +4.811604827e+01
5864 0 +1.147724891e+02 -3.080751087e+01 -3.080751087e+01
5909 0 +1.215326754e+01 -1.334267325e+02 -1.334267325e+02
6643 0 +4.368708566e+00 -1.412112914e+02 -1.412112914e+02
6879 0 +3.843552027e+00 -1.417364480e+02 -1.417364480e+02
6936 0 +3.533017292e+00 -1.420469827e+02 -1.420469827e+02
7757 0 +3.383993429e+00 -1.421960066e+02 -1.421960066e+02
14637 0 +3.310644283e+00 -1.422693557e+02 -1.422693557e+02
17882 0 +3.170615390e+00 -1.424093846e+02 -1.424093846e+02
22006 0 +2.957123785e+00 -1.426228762e+02 -1.426228762e+02
33864 0 +2.931397696e+00 -1.426486023e+02 -1.426486023e+02
36452 0 +2.871072817e+00 -1.427089272e+02 -1.427089272e+02
38429 0 +2.609926193e+00 -1.429700738e+02 -1.429700738e+02
43596 0 +2.486854819e+00 -1.430931452e+02 -1.430931452e+02
44491 0 +2.378523496e+00 -1.432014765e+02 -1.432014765e+02
45040 0 +2.265894979e+00 -1.433141050e+02 -1.433141050e+02
45740 0 +2.080451232e+00 -1.434995488e+02 -1.434995488e+02
48077 0 +1.872218835e+00 -1.437077812e+02 -1.437077812e+02
51272 0 +1.857164398e+00 -1.437228356e+02 -1.437228356e+02
52699 0 +1.806808491e+00 -1.437731915e+02 -1.437731915e+02
53126 0 +1.769810973e+00 -1.438101890e+02 -1.438101890e+02
53263 0 +1.711657516e+00 -1.438683425e+02 -1.438683425e+02
53310 0 +1.609841455e+00 -1.439701585e+02 -1.439701585e+02
55142 0 +1.557810320e+00 -1.440221897e+02 -1.440221897e+02
56602 0 +1.504622274e+00 -1.440753777e+02 -1.440753777e+02
56869 0 +1.400954956e+00 -1.441790450e+02 -1.441790450e+02
60937 0 +1.371448184e+00 -1.442085518e+02 -1.442085518e+02
61712 0 +1.345818958e+00 -1.442341810e+02 -1.442341810e+02
62642 0 +1.284298200e+00 -1.442957018e+02 -1.442957018e+02
65089 0 +1.256915079e+00 -1.443230849e+02 -1.443230849e+02
65441 0 +1.173752028e+00 -1.444062480e+02 -1.444062480e+02
66000 0 +1.134224540e+00 -1.444457755e+02 -1.444457755e+02
66005 0 +1.088620529e+00 -1.444913795e+02 -1.444913795e+02
67844 0 +1.061268188e+00 -1.445187318e+02 -1.445187318e+02
67854 0 +9.436121358e-01 -1.446363879e+02 -1.446363879e+02
71944 0 +9.287595535e-01 -1.446512404e+02 -1.446512404e+02
71973 0 +8.904021136e-01 -1.446895979e+02 -1.446895979e+02
73699 0 +8.484547582e-01 -1.447315452e+02 -1.447315452e+02
75226 0 +8.114357457e-01 -1.447685643e+02 -1.447685643e+02
79134 0 +7.934623286e-01 -1.447865377e+02 -1.447865377e+02
109336 0 +7.846607702e-01 -1.447953392e+02 -1.447953392e+02
