% f evaluations | g evaluations | best noise-free fitness - Fopt (-5.465000000000e+02) + sum g_i+ | measured fitness | best measured fitness or single-digit g-values | x1 | x2...
1 0 +1.033747614e+04 +9.790976136e+03 +9.790976136e+03 +0.0000e+00 +0.0000e+00 +0.0000e+00 +0.0000e+00 +0.0000e+00 +0.0000e+00 +0.0000e+00 +0.0000e+00 +0.0000e+00 +0.0000e+00
50 0 +1.810034612e+03 +1.263534612e+03 +1.263534612e+03 +3.7687e-01 +3.2331e+00 -3.0121e-01 +1.6632e+00 +1.3821e+00 -2.1111e+00 -1.0755e-01 +2.7449e-01 -2.3647e+00 +1.9881e+00
194 0 +1.319334676e+03 +7.728346759e+02 +7.728346759e+02 -1.9035e+00 +1.2207e+00 +4.0803e-01 -4.0333e+00 +1.1709e-01 -2.3726e+00 -2.0284e+00 +6.5141e-01 -2.1463e+00 +2.2304e+00
203 0 +2.087224846e+02 -3.377775154e+02 -3.377775154e+02 +2.5868e-01 +3.3784e+00 -1.9059e+00 -9.2759e-01 -6.3000e-01 -9.9770e-01 -2.7372e+00 +2.1057e+00 -1.1921e+00 +1.5431e+00
293 0 +1.085622879e+02 -4.379377121e+02 -4.379377121e+02 +1.1910e+00 -1.5761e+00 -1.5295e-01 -2.7604e+00 +1.8085e+00 -7.4612e-01 -1.6285e+00 +2.1972e+00 -2.0291e+00 +9.6884e-01
586 0 +3.653872414e+00 -5.428461276e+02 -5.428461276e+02 +1.2016e+00 -4.7470e-01 +6.1028e-01 -2.4698e+00 +1.9225e-01 -2.6462e+00 -1.0895e+00 +1.4359e+00 -1.4213e+00 +8.6575e-01
844 0 +3.174276547e+00 -5.433257235e+02 -5.433257235e+02 -9.0275e-01 -1.6188e+00 +1.8099e+00 -1.4902e+00 +1.4927e-01 -1.3368e+00 -5.3825e-01 +1.7459e+00 -8.0154e-01 +2.3699e+00
1138 0 +3.052839208e+00 -5.434471608e+02 -5.434471608e+02 +1.5132e+00 -9.8848e-01 +2.7931e+00 -4.8191e-01 +1.9062e+00 -7.5034e-01 -8.3311e-01 +5.3312e-01 -1.6396e+00 +1.4848e+00
1222 0 +2.978102341e+00 -5.435218977e+02 -5.435218977e+02 -1.1660e+00 -9.2108e-01 +2.2936e+00 -2.5801e-01 +1.1971e+00 -4.6116e-01 -2.4382e+00 +1.9831e+00 -1.8086e+00 +1.4348e+00
1394 0 +2.906273139e+00 -5.435937269e+02 -5.435937269e+02 +1.6017e+00 -4.8960e-01 +2.8246e+00 -3.8649e-01 +2.4176e+00 -1.4600e+00 -6.2359e-01 +2.1334e+00 -2.0113e+00 +1.4140e+00
2312 0 +2.559002725e+00 -5.439409973e+02 -5.439409973e+02 -2.1127e+00 +9.0791e-01 -4.5619e-01 -2.6689e+00 +2.5460e-02 -6.7744e-01 -9.1417e-01 +8.9166e-01 -1.4208e+00 +1.4163e+00
3371 0 +2.329535808e+00 -5.441704642e+02 -5.441704642e+02 -1.7285e+00 +2.1246e+00 +2.1849e+00 -1.0407e+00 +1.6399e+00 -2.2922e+00 -4.9954e-01 +1.0324e+00 -1.0991e+00 +1.1842e+00
4017 0 +2.209731451e+00 -5.442902685e+02 -5.442902685e+02 -2.0881e+00 +2.4701e-01 +1.6874e+00 +2.1658e-01 +2.4847e+00 -1.4325e+00 -6.7604e-01 +1.0182e+00 -1.7310e+00 +2.1897e+00
4494 0 +2.082898768e+00 -5.444171012e+02 -5.444171012e+02 -1.9786e+00 +2.1233e+00 +2.0526e+00 +2.8246e-01 +2.1957e+00 -1.0836e+00 -1.0796e+00 +9.2975e-01 -1.0731e+00 +1.9694e+00
5682 0 +1.939476393e+00 -5.445605236e+02 -5.445605236e+02 -1.2287e+00 +2.4976e+00 +1.0464e+00 +9.1648e-02 +2.6657e+00 -8.4985e-02 -7.9693e-01 +9.8591e-01 -2.3591e+00 +8.8372e-01
5871 0 +1.732002272e+00 -5.447679977e+02 -5.447679977e+02 -1.3517e+00 +2.3024e+00 +1.2924e+00 +1.2356e-01 +2.6530e+00 -5.0848e-01 -8.4472e-01 +9.0188e-01 -2.4203e+00 +8.6984e-01
6076 0 +1.604269686e+00 -5.448957303e+02 -5.448957303e+02 -9.7234e-01 +2.4034e+00 +6.0946e-01 -8.5180e-02 +2.6376e+00 -7.5286e-01 -7.5638e-01 +9.4298e-01 -2.3757e+00 +9.0794e-01
6170 0 +1.554575372e+00 -5.449454246e+02 -5.449454246e+02 -2.0630e+00 +2.1197e+00 +8.2439e-01 +9.5709e-02 +2.7320e+00 -1.3528e+00 -6.1657e-01 +1.0171e+00 -2.3276e+00 +1.1651e+00
6253 0 +1.535590795e+00 -5.449644092e+02 -5.449644092e+02 -2.1942e+00 +2.1554e+00 +1.9954e+00 +1.5592e-01 +2.6059e+00 -5.5433e-01 -7.7267e-01 +9.6166e-01 -2.4266e+00 +1.1821e+00
6344 0 +1.437521241e+00 -5.450624788e+02 -5.450624788e+02 -7.9964e-01 +2.3342e+00 +1.9745e+00 +2.7295e-01 +2.7096e+00 -2.0227e+00 -5.2646e-01 +9.9111e-01 -2.4469e+00 +8.9650e-01
6435 0 +1.405446600e+00 -5.450945534e+02 -5.450945534e+02 -2.1137e+00 +2.3051e+00 +2.1192e+00 +3.8947e-01 +2.7800e+00 -1.9387e+00 -6.0774e-01 +1.0305e+00 -2.4265e+00 +9.3567e-01
6785 0 +1.293456874e+00 -5.452065431e+02 -5.452065431e+02 -1.9598e-01 +2.5538e+00 +2.0188e+00 +3.1502e-01 +2.7294e+00 -1.9693e+00 -6.3842e-01 +1.0270e+00 -2.3913e+00 +2.0293e+00
6979 0 +1.033772588e+00 -5.454662274e+02 -5.454662274e+02 -3.0680e-01 +2.5847e+00 +2.0452e+00 +4.1731e-01 +2.7455e+00 -1.8818e+00 -4.9442e-01 +9.6233e-01 -2.4071e+00 +2.0141e+00
7026 0 +9.880730326e-01 -5.455119270e+02 -5.455119270e+02 -4.0981e-01 +2.5640e+00 +2.0450e+00 +2.8798e-01 +2.7001e+00 -2.0121e+00 -4.8812e-01 +9.9801e-01 -2.3456e+00 +2.0504e+00
8417 0 +9.145136577e-01 -5.455854863e+02 -5.455854863e+02 -1.0943e+00 +2.3892e+00 +2.0219e+00 +3.2645e-01 +2.7038e+00 -1.9555e+00 -5.0533e-01 +9.8896e-01 -2.3856e+00 +1.6962e+00
8818 0 +7.933479487e-01 -5.457066521e+02 -5.457066521e+02 -8.9654e-01 +2.4754e+00 +1.9748e+00 +3.1021e-01 +2.6888e+00 -1.9052e+00 -4.8017e-01 +1.0319e+00 -2.3551e+00 +2.0152e+00
9710 0 +7.590709865e-01 -5.457409290e+02 -5.457409290e+02 -1.0164e+00 +2.3428e+00 +2.0671e+00 +3.2204e-01 +2.7531e+00 -1.9526e+00 -4.3827e-01 +1.0577e+00 -2.3613e+00 +8.9690e-01
10127 0 +7.486603358e-01 -5.457513397e+02 -5.457513397e+02 -1.0369e+00 +2.4171e+00 +1.9381e+00 +3.0350e-01 +2.7400e+00 -1.9216e+00 -4.7832e-01 +1.0786e+00 -2.3671e+00 +2.0259e+00
10174 0 +6.766317484e-01 -5.458233683e+02 -5.458233683e+02 -9.7430e-01 +2.4270e+00 +2.0870e+00 +3.4621e-01 +2.6809e+00 -1.9556e+00 -4.5744e-01 +1.0240e+00 -2.3907e+00 +2.0498e+00
10712 0 +6.382064617e-01 -5.458617935e+02 -5.458617935e+02 -9.9956e-01 +2.3808e+00 +1.9897e+00 +3.2672e-01 +2.7167e+00 -1.9483e+00 -4.6058e-01 +1.0070e+00 -2.3693e+00 +2.0537e+00
11033 0 +6.303134079e-01 -5.458696866e+02 -5.458696866e+02 -1.0058e+00 +2.3848e+00 +2.0077e+00 +3.4946e-01 +2.6932e+00 -1.9464e+00 -4.4757e-01 +1.0440e+00 -2.3428e+00 +2.0500e+00
11273 0 +6.037426811e-01 -5.458962573e+02 -5.458962573e+02 -1.0173e+00 +2.3939e+00 +2.0494e+00 +3.2549e-01 +2.7093e+00 -1.9459e+00 -4.4214e-01 +1.0561e+00 -2.3583e+00 +2.0440e+00
11473 0 +6.018241940e-01 -5.458981758e+02 -5.458981758e+02 -1.0254e+00 +2.3333e+00 +2.0603e+00 +3.3246e-01 +2.7371e+00 -1.9458e+00 -4.5133e-01 +1.0339e+00 -2.3749e+00 +2.0355e+00
11525 0 +5.884119183e-01 -5.459115881e+02 -5.459115881e+02 -1.0311e+00 +2.4062e+00 +2.0320e+00 +3.6249e-01 +2.7211e+00 -1.9475e+00 -4.6011e-01 +1.0315e+00 -2.3778e+00 +2.0383e+00
11886 0 +5.750421858e-01 -5.459249578e+02 -5.459249578e+02 -1.0226e+00 +2.3841e+00 +2.0399e+00 +3.5063e-01 +2.7225e+00 -1.9489e+00 -4.6124e-01 +1.0402e+00 -2.3735e+00 +2.0404e+00
18417 0 +5.724546733e-01 -5.459275453e+02 -5.459275453e+02 -1.0191e+00 +2.3763e+00 +2.0370e+00 +3.4274e-01 +2.7167e+00 -1.9519e+00 -4.6401e-01 +1.0376e+00 -2.3717e+00 +2.0381e+00
% f evaluations | g evaluations | best noise-free fitness - Fopt (1.000000000000e+03) + sum g_i+ | measured fitness | best measured fitness or single-digit g-values | x1 | x2...
1 0 +1.033747614e+04 +1.133747614e+04 +1.133747614e+04 +0.0000e+00 +0.0000e+00 +0.0000e+00 +0.0000e+00 +0.0000e+00 +0.0000e+00 +0.0000e+00 +0.0000e+00 +0.0000e+00 +0.0000e+00
12 0 +7.327507259e+03 +8.327507259e+03 +8.327507259e+03 -4.8108e+00 +8.2333e-01 +3.9317e-01 -4.4985e+00 -1.1650e-01 +2.3975e-01 -2.7715e+00 +2.7933e+00 -2.8966e+00 -1.1562e+00
43 0 +1.797334755e+03 +2.797334755e+03 +2.797334755e+03 -3.8251e+00 -1.4103e+00 -3.9275e+00 +2.0721e-01 +7.9323e-01 +2.3394e-01 -1.3899e+00 +1.5987e+00 -2.6343e+00 -1.4302e+00
167 0 +1.085479932e+03 +2.085479932e+03 +2.085479932e+03 -6.0210e-01 +2.9698e+00 -8.6229e-01 +1.1761e+00 +6.1068e-01 -2.5685e-02 -2.8467e+00 -1.2767e-02 -2.0674e+00 -6.1386e-01
194 0 +4.960201764e+02 +1.496020176e+03 +1.496020176e+03 +7.3431e-01 +3.3887e-01 +1.8338e+00 -1.6360e+00 -2.0481e+00 -4.9349e-01 -1.2701e+00 +2.0205e+00 -2.0201e+00 -8.5532e-01
218 0 +2.128457972e+02 +1.212845797e+03 +1.212845797e+03 -2.5459e+00 +2.1246e+00 +1.9151e+00 -1.1957e+00 -8.3586e-01 +1.5047e+00 -6.4264e-03 +1.2956e+00 -2.5770e+00 -1.9728e+00
264 0 +9.454803117e+01 +1.094548031e+03 +1.094548031e+03 +2.7766e+00 +2.7685e+00 +6.7073e-01 -1.1410e-01 +3.9115e-01 +3.0709e-01 -4.2681e-01 +8.3238e-01 -2.2381e+00 -2.0571e+00
392 0 +3.475175821e+00 +1.003475176e+03 +1.003475176e+03 -6.7799e-01 +1.3717e+00 -2.3727e+00 -1.2430e+00 -6.0963e-01 +5.3201e-01 -2.2729e+00 +1.6643e+00 -1.7175e+00 -1.7986e+00
458 0 +3.407568209e+00 +1.003407568e+03 +1.003407568e+03 -1.3518e-02 +1.9272e+00 -1.0576e+00 -1.6788e+00 -9.7622e-02 +1.1506e+00 -1.7406e+00 +1.0394e+00 -1.0642e+00 -2.4561e+00
480 0 +3.362464480e+00 +1.003362464e+03 +1.003362464e+03 +1.2472e+00 +1.6556e+00 +5.8068e-01 -1.1190e+00 -1.2711e-01 +1.2453e+00 -2.2583e+00 +8.0963e-01 -2.0630e+00 -1.2769e+00
604 0 +2.848568793e+00 +1.002848569e+03 +1.002848569e+03 -2.3309e-01 +2.5266e+00 +7.6737e-01 -2.3824e-01 -1.2025e+00 +1.8025e+00 -1.7449e+00 +1.4913e+00 -1.6810e+00 -2.1405e+00
1368 0 +2.780579502e+00 +1.002780580e+03 +1.002780580e+03 +1.1052e-01 +8.1761e-01 +3.8361e-01 -2.7466e-01 -5.3490e-01 +1.9197e+00 -4.5000e-01 +1.6969e+00 -1.8331e+00 -2.0776e+00
2100 0 +2.580292914e+00 +1.002580293e+03 +1.002580293e+03 -2.7693e-01 -5.5329e-01 -1.2046e+00 -2.3150e+00 -2.0997e+00 +2.1553e+00 -1.4541e+00 +1.6321e+00 -1.4609e+00 -1.1061e+00
2279 0 +2.457879037e+00 +1.002457879e+03 +1.002457879e+03 -2.1214e+00 +1.0462e+00 -1.5687e+00 -2.4440e+00 -1.4370e+00 +1.6684e+00 -1.7871e+00 +2.1557e+00 -1.6570e+00 -1.3986e+00
3562 0 +2.338936557e+00 +1.002338937e+03 +1.002338937e+03 -1.6561e-01 +2.5708e+00 -1.8912e+00 +3.2572e-01 -7.6282e-01 +4.3238e-01 -2.5363e+00 +5.0303e-01 -2.0944e+00 -1.8503e+00
6286 0 +2.216811288e+00 +1.002216811e+03 +1.002216811e+03 -1.2883e-01 +2.6086e+00 -1.0152e+00 -1.5368e+00 -1.5511e+00 +2.1348e+00 -2.1462e+00 +1.7043e+00 -1.8314e+00 -2.1255e+00
6405 0 +1.965499236e+00 +1.001965499e+03 +1.001965499e+03 -5.4776e-01 +2.5096e+00 -2.0155e+00 +3.3347e-01 -1.3022e+00 +2.2552e+00 -2.1454e+00 +1.6618e+00 -1.8799e+00 -2.1050e+00
9398 0 +1.840840449e+00 +1.001840840e+03 +1.001840840e+03 +5.6528e-01 +2.7414e+00 -1.0382e+00 -1.7177e+00 -9.8531e-02 +1.1490e+00 -2.3332e+00 +5.8266e-01 -2.5332e+00 -1.6172e+00
10438 0 +1.791679741e+00 +1.001791680e+03 +1.001791680e+03 +3.1161e-02 +2.6048e+00 -2.7501e-02 -1.0329e-01 -2.5686e+00 +1.3589e+00 -2.2619e+00 +5.9931e-01 -2.4732e+00 -1.7179e+00
11473 0 +1.658649998e+00 +1.001658650e+03 +1.001658650e+03 +7.3553e-01 +2.7704e+00 -1.0181e+00 -1.5587e+00 -6.7883e-01 +2.5068e+00 -2.0051e+00 +5.9377e-01 -2.4840e+00 -8.5619e-01
11854 0 +1.264081217e+00 +1.001264081e+03 +1.001264081e+03 +4.7102e-01 +2.7997e+00 -1.1151e+00 -2.4380e+00 -2.0668e+00 +2.1155e+00 -2.0373e+00 +6.4366e-01 -2.4197e+00 -8.3678e-01
14329 0 +1.252652351e+00 +1.001252652e+03 +1.001252652e+03 +5.9709e-01 +2.7712e+00 -1.1361e+00 -1.1069e+00 -2.4297e+00 +2.0277e+00 -2.1190e+00 +6.3939e-01 -2.4211e+00 -2.0605e+00
14490 0 +1.117456175e+00 +1.001117456e+03 +1.001117456e+03 +6.5007e-01 +2.7617e+00 -1.1362e+00 -9.4539e-01 -2.4334e+00 +2.0064e+00 -2.1292e+00 +6.1262e-01 -2.4815e+00 -2.0294e+00
16047 0 +1.090009581e+00 +1.001090010e+03 +1.001090010e+03 +6.3440e-01 +2.7301e+00 -1.0968e+00 -8.2942e-01 -2.3971e+00 +2.0408e+00 -2.1154e+00 +6.0767e-01 -2.4584e+00 -2.0214e+00
16155 0 +1.061799887e+00 +1.001061800e+03 +1.001061800e+03 +6.0702e-01 +2.8031e+00 -1.1022e+00 -8.8614e-01 -2.3963e+00 +2.0379e+00 -2.1216e+00 +6.2002e-01 -2.4722e+00 -2.0200e+00
16277 0 +1.047030979e+00 +1.001047031e+03 +1.001047031e+03 +6.0088e-01 +2.7959e+00 -1.1031e+00 -8.3567e-01 -2.4180e+00 +2.0359e+00 -2.1195e+00 +6.2312e-01 -2.4794e+00 -1.9955e+00
23811 0 +1.026584645e+00 +1.001026585e+03 +1.001026585e+03 +6.2415e-01 +2.7871e+00 -1.0936e+00 -8.3549e-01 -2.4222e+00 +2.0255e+00 -2.1247e+00 +6.2242e-01 -2.4754e+00 -2.0122e+00
% f evaluations | g evaluations | best noise-free fitness - Fopt (2.083800000000e+02) + sum g_i+ | measured fitness | best measured fitness or single-digit g-values | x1 | x2...
1 0 +1.033747614e+04 +1.054585614e+04 +1.054585614e+04 +0.0000e+00 +0.0000e+00 +0.0000e+00 +0.0000e+00 +0.0000e+00 +0.0000e+00 +0.0000e+00 +0.0000e+00 +0.0000e+00 +0.0000e+00
26 0 +9.536854356e+03 +9.745234356e+03 +9.745234356e+03 +2.2668e+00 -2.8585e-01 +8.8700e-01 +2.3414e+00 +4.0420e+00 +1.0597e+00 +3.4182e-01 -9.0607e-01 -3.2349e+00 +1.0291e+00
33 0 +2.773726591e+03 +2.982106591e+03 +2.982106591e+03 -7.8660e-02 +2.0329e-01 +1.8311e+00 +1.3204e+00 +2.6364e+00 -9.2644e-01 -6.5136e-02 +1.6937e-01 -1.9502e+00 +3.6103e-01
84 0 +2.331382984e+03 +2.539762984e+03 +2.539762984e+03 +2.3563e+00 +2.4714e+00 -2.6838e-01 -5.6025e-02 +2.0281e+00 +2.6409e+00 -6.7311e-01 +7.3269e-02 -1.7608e+00 +1.4181e+00
112 0 +1.882802232e+02 +3.966602232e+02 +3.966602232e+02 +3.1758e+00 -1.6708e-01 +2.7208e-01 +3.6639e-01 +6.6546e-01 +1.0736e+00 +1.4481e+00 +6.0602e-01 -2.3177e+00 +1.6292e+00
121 0 +3.814684239e+00 +2.121946842e+02 +2.121946842e+02 +2.0898e+00 -1.3232e-01 +1.1427e+00 +1.0842e+00 +1.5156e+00 +1.8475e+00 +5.0897e-01 +2.5287e+00 -7.8707e-01 +2.1468e+00
394 0 +2.843217671e+00 +2.112232177e+02 +2.112232177e+02 +1.8110e+00 +1.8829e-01 +2.4434e+00 +1.2073e+00 +1.6517e+00 +1.6243e+00 +8.3213e-01 +9.6639e-01 -2.3681e+00 +1.6558e+00
780 0 +2.378938009e+00 +2.107589380e+02 +2.107589380e+02 -5.4956e-02 +4.1453e-01 +1.6323e+00 -1.9810e-01 +5.4318e-01 +5.5505e-01 +6.7655e-01 +2.4437e+00 -1.9939e+00 +1.0608e+00
3416 0 +2.339862260e+00 +2.107198623e+02 +2.107198623e+02 +1.2358e+00 +9.4795e-01 +2.5257e+00 +1.3913e+00 +2.3298e+00 +2.0727e+00 +4.3534e-01 +2.0792e+00 -8.4644e-01 +1.6731e+00
4629 0 +2.234015752e+00 +2.106140158e+02 +2.106140158e+02 +4.3242e-02 +5.9570e-01 +7.6364e-01 +4.1201e-01 +2.5320e+00 +1.9579e+00 +2.1053e+00 +6.0437e-01 -1.1651e+00 +2.2852e+00
5300 0 +1.967286189e+00 +2.103472862e+02 +2.103472862e+02 -1.0872e+00 +2.2120e+00 +2.1947e+00 +2.9316e-01 +2.5098e+00 +1.9214e+00 +1.0833e+00 +9.4220e-01 -1.1138e+00 +2.0224e+00
5851 0 +1.846586772e+00 +2.102265868e+02 +2.102265868e+02 +1.3419e+00 +8.8226e-01 -4.0238e-01 +1.2144e+00 +2.3690e+00 +2.0697e+00 +2.1111e+00 +1.0509e+00 -1.0957e+00 +2.3299e+00
6107 0 +1.472142568e+00 +2.098521426e+02 +2.098521426e+02 +1.4793e+00 +6.7239e-01 +2.5380e+00 +1.1532e+00 +2.3466e+00 +2.0544e+00 +1.5400e+00 +7.8094e-01 -1.1642e+00 +2.3085e+00
6743 0 +1.438488817e+00 +2.098184888e+02 +2.098184888e+02 -1.0564e+00 -9.9703e-03 +2.7092e+00 +1.2011e+00 +2.4223e+00 +2.0632e+00 +2.0357e+00 +5.8635e-01 -1.1559e+00 +2.3498e+00
6875 0 +1.402060241e+00 +2.097820602e+02 +2.097820602e+02 -2.0036e+00 +4.6607e-01 +2.5437e+00 +3.9431e-01 +2.4872e+00 +2.0417e+00 +2.0581e+00 +6.8763e-01 -1.1343e+00 +2.3684e+00
6892 0 +1.363221350e+00 +2.097432214e+02 +2.097432214e+02 -2.2262e+00 +2.9407e-01 +2.4346e+00 +2.1429e-01 +2.5121e+00 +2.0395e+00 +2.0657e+00 +6.6163e-01 -1.1593e+00 +2.3285e+00
7357 0 +1.232767058e+00 +2.096127671e+02 +2.096127671e+02 +1.4054e+00 +6.7756e-01 +2.5018e+00 +2.6882e-01 +2.5296e+00 +1.9803e+00 +2.1457e+00 +6.1449e-01 -1.1587e+00 +2.3412e+00
7810 0 +1.176559103e+00 +2.095565591e+02 +2.095565591e+02 -2.0063e+00 -2.8398e-01 +2.7568e+00 -4.5024e-01 +2.6160e+00 +1.9391e+00 +2.2191e+00 +5.5984e-01 -1.1856e+00 +2.3348e+00
7831 0 +1.143576303e+00 +2.095235763e+02 +2.095235763e+02 -1.0716e+00 -8.7100e-02 +2.7026e+00 -5.4267e-01 +2.8294e+00 +1.9118e+00 +2.2124e+00 +5.5936e-01 -1.1974e+00 +2.3528e+00
7908 0 +1.038234057e+00 +2.094182341e+02 +2.094182341e+02 +1.3188e+00 -6.0686e-02 +2.7455e+00 -5.0669e-01 +2.7351e+00 +1.9087e+00 +2.1672e+00 +6.2390e-01 -1.1747e+00 +2.3302e+00
7921 0 +1.005654224e+00 +2.093856542e+02 +2.093856542e+02 +1.6034e+00 -1.2890e-01 +2.7514e+00 -3.9845e-01 +2.7814e+00 +1.9153e+00 +2.2143e+00 +6.1925e-01 -1.1686e+00 +2.3227e+00
8327 0 +9.775923552e-01 +2.093575924e+02 +2.093575924e+02 +6.7076e-01 -4.2855e-01 +2.6931e+00 -4.2488e-01 +2.7669e+00 +1.9375e+00 +2.1867e+00 +6.0013e-01 -1.2123e+00 +2.3415e+00
8682 0 +9.466521566e-01 +2.093266522e+02 +2.093266522e+02 -2.0648e+00 +4.9115e-01 +2.5523e+00 -4.9007e-01 +2.7164e+00 +1.9417e+00 +2.1491e+00 +5.5100e-01 -1.1769e+00 +2.3118e+00
8716 0 +9.116716298e-01 +2.092916716e+02 +2.092916716e+02 -2.2128e+00 +6.2596e-01 +2.4831e+00 -4.5263e-01 +2.7519e+00 +1.9529e+00 +2.0976e+00 +6.1967e-01 -1.1562e+00 +2.3374e+00
8719 0 +8.824449536e-01 +2.092624450e+02 +2.092624450e+02 -2.0910e+00 +5.3056e-01 +2.5523e+00 -5.2995e-01 +2.6873e+00 +1.9612e+00 +2.1395e+00 +6.1675e-01 -1.1492e+00 +2.3453e+00
9612 0 +8.238696376e-01 +2.092038696e+02 +2.092038696e+02 -2.1395e+00 -3.3622e-01 +2.6762e+00 -5.6559e-01 +2.7700e+00 +1.8779e+00 +2.1416e+00 +6.3553e-01 -1.1511e+00 +2.3527e+00
9834 0 +7.685242102e-01 +2.091485242e+02 +2.091485242e+02 -2.1044e+00 -2.4718e-01 +2.6437e+00 -4.7174e-01 +2.7665e+00 +1.8957e+00 +2.1554e+00 +5.9715e-01 -1.1562e+00 +2.3495e+00
9931 0 +7.362691166e-01 +2.091162691e+02 +2.091162691e+02 -2.0928e+00 -2.1836e-01 +2.6556e+00 -4.9439e-01 +2.7520e+00 +1.9161e+00 +2.1767e+00 +6.2629e-01 -1.1628e+00 +2.3432e+00
9953 0 +7.008135014e-01 +2.090808135e+02 +2.090808135e+02 -2.0817e+00 -2.7465e-01 +2.6492e+00 -5.3572e-01 +2.7726e+00 +1.9427e+00 +2.1511e+00 +6.1786e-01 -1.1681e+00 +2.3335e+00
10170 0 +6.824982283e-01 +2.090624982e+02 +2.090624982e+02 -2.1450e+00 -2.7273e-01 +2.6770e+00 -5.2010e-01 +2.7531e+00 +1.9522e+00 +2.1453e+00 +6.1498e-01 -1.1722e+00 +2.3472e+00
10243 0 +6.697838705e-01 +2.090497839e+02 +2.090497839e+02 -2.1137e+00 -2.8752e-01 +2.7197e+00 -5.2609e-01 +2.7475e+00 +1.9632e+00 +2.1448e+00 +6.2674e-01 -1.1727e+00 +2.3369e+00
10588 0 +6.594694459e-01 +2.090394694e+02 +2.090394694e+02 -2.1112e+00 -3.0897e-01 +2.7027e+00 -5.1862e-01 +2.7627e+00 +1.9540e+00 +2.1344e+00 +6.2487e-01 -1.1735e+00 +2.3386e+00
17226 0 +6.514217177e-01 +2.090314217e+02 +2.090314217e+02 -2.1048e+00 -2.9646e-01 +2.7052e+00 -5.0979e-01 +2.7585e+00 +1.9414e+00 +2.1457e+00 +6.1717e-01 -1.1767e+00 +2.3369e+00
% f evaluations | g evaluations | best noise-free fitness - Fopt (-1.449600000000e+02) + sum g_i+ | measured fitness | best measured fitness or single-digit g-values | x1 | x2...
1 0 +1.033747614e+04 +1.019251614e+04 +1.019251614e+04 +0.0000e+00 +0.0000e+00 +0.0000e+00 +0.0000e+00 +0.0000e+00 +0.0000e+00 +0.0000e+00 +0.0000e+00 +0.0000e+00 +0.0000e+00
38 0 +6.936222343e+03 +6.791262343e+03 +6.791262343e+03 -3.9778e+00 +2.5519e-01 +1.1639e+00 -3.0535e+00 -9.5506e-01 -2.0054e+00 -2.3197e+00 +1.8325e+00 -2.5628e+00 +2.8893e-01
49 0 +5.955246134e+03 +5.810286134e+03 +5.810286134e+03 -3.8050e+00 +5.3811e-01 +1.1332e+00 -3.3350e+00 -2.5536e-01 -8.5694e-01 -3.1275e+00 +2.4984e+00 -3.1580e+00 +3.3440e-01
61 0 +5.060818882e+03 +4.915858882e+03 +4.915858882e+03 +1.1855e+00 -1.8766e+00 +2.9896e-01 -9.4878e-01 -2.6356e+00 -2.2152e+00 -1.4127e+00 +1.5264e+00 -1.4886e+00 +4.1189e-01
67 0 +4.504812626e+03 +4.359852626e+03 +4.359852626e+03 -4.6908e+00 -1.4021e-01 -1.4564e-01 +4.0686e-01 -7.1163e-01 +1.1857e-01 -1.4633e+00 +2.0786e+00 -1.8963e+00 -1.0208e-01
70 0 +3.647912326e+03 +3.502952326e+03 +3.502952326e+03 +1.3014e-01 +5.8762e-01 +8.4004e-02 +1.0519e+00 -2.5814e+00 -1.4961e+00 -1.3484e+00 +3.1725e+00 -2.3981e+00 +1.2657e+00
118 0 +3.025867687e+02 +1.576267687e+02 +1.576267687e+02 +2.5907e+00 -2.9060e+00 -9.0238e-01 +1.3143e-01 +5.6279e-01 +1.1732e+00 -1.5462e+00 +2.0475e+00 -1.5899e+00 +2.4730e+00
170 0 +3.100312380e+01 -1.139568762e+02 -1.139568762e+02 -2.6876e+00 -4.6993e-01 -1.0082e+00 -1.7388e+00 -8.1360e-01 -9.6696e-02 -2.5831e+00 +1.5498e+00 -7.4810e-01 +1.3627e+00
299 0 +1.180539909e+01 -1.331546009e+02 -1.331546009e+02 -9.6282e-01 -8.7526e-01 -1.9779e+00 -1.6717e-01 -7.7300e-01 +7.8024e-01 -2.2416e+00 +2.2847e+00 -1.6277e+00 +2.3369e+00
308 0 +4.057445970e+00 -1.409025540e+02 -1.409025540e+02 -1.0896e+00 -1.3040e+00 -1.1182e+00 -4.4433e-01 -1.0870e+00 +1.6371e+00 -1.6109e+00 +2.0244e+00 -1.6943e+00 +1.1401e+00
570 0 +3.596684397e+00 -1.413633156e+02 -1.413633156e+02 -2.1074e+00 +4.7092e-01 -1.5650e+00 +8.7931e-01 -7.6159e-01 +9.6685e-01 -1.5336e+00 +1.5290e+00 -8.4729e-01 +2.2811e+00
615 0 +2.677655226e+00 -1.422823448e+02 -1.422823448e+02 -2.2538e+00 +8.2702e-01 -2.9260e+00 -7.1151e-01 -2.4827e+00 +1.4900e+00 -1.6560e+00 +8.6140e-01 -1.0531e+00 +1.2807e+00
1065 0 +2.088604752e+00 -1.428713952e+02 -1.428713952e+02 +1.1160e+00 -2.0763e+00 -1.3629e+00 -2.3549e+00 -3.8540e-01 +5.7562e-01 -2.5283e+00 +2.1021e+00 -2.0599e+00 +2.1126e+00
4677 0 +2.025294740e+00 -1.429347053e+02 -1.429347053e+02 +1.4833e+00 -8.8366e-01 -2.3521e+00 -2.1713e+00 -4.1137e-01 +1.1320e+00 -1.7255e+00 +2.1934e+00 -7.7483e-01 +2.4474e+00
8049 0 +1.866110871e+00 -1.430938891e+02 -1.430938891e+02 -8.4064e-01 -2.4431e+00 -2.0963e+00 -1.4231e+00 -1.0953e+00 +2.3724e+00 -1.0210e+00 +2.3390e+00 -1.0886e+00 +2.3660e+00
9233 0 +1.830528340e+00 -1.431294717e+02 -1.431294717e+02 +3.3154e-01 -2.7210e+00 -2.0207e+00 -7.6416e-01 -2.1810e-01 +2.5709e+00 -1.2414e+00 +2.3810e+00 -7.5445e-01 +2.4453e+00
9245 0 +1.783912451e+00 -1.431760875e+02 -1.431760875e+02 -2.0857e+00 -2.2206e+00 -2.0698e+00 -3.4128e-01 -8.0666e-01 +2.5455e+00 -6.7200e-01 +2.4518e+00 -1.0547e+00 +2.3762e+00
9303 0 +1.770149298e+00 -1.431898507e+02 -1.431898507e+02 -8.4037e-01 -2.4031e+00 -2.1133e+00 -7.3342e-01 -3.5037e-01 +2.5804e+00 -1.1345e+00 +2.3330e+00 -8.2449e-01 +2.4068e+00
9471 0 +1.611219128e+00 -1.433487809e+02 -1.433487809e+02 -1.1558e+00 -2.2843e+00 -2.1376e+00 -2.0295e+00 -5.4672e-01 +2.5085e+00 -1.3702e+00 +2.3354e+00 -1.0624e+00 +2.3668e+00
9834 0 +1.312331224e+00 -1.436476688e+02 -1.436476688e+02 +4.4865e-01 -2.7450e+00 -1.9861e+00 +3.3677e-01 -5.5946e-01 +2.5980e+00 -1.5315e+00 +2.2613e+00 -7.8830e-01 +2.4554e+00
10043 0 +1.261707071e+00 -1.436982929e+02 -1.436982929e+02 +1.5215e+00 -2.9074e+00 -2.0246e+00 +3.2057e-01 -5.2623e-01 +2.5064e+00 -1.5669e+00 +2.2409e+00 -7.0371e-01 +2.4060e+00
10181 0 +1.215369869e+00 -1.437446301e+02 -1.437446301e+02 +1.5457e+00 -2.8209e+00 -1.9275e+00 -9.0978e-01 -2.6131e-01 +2.5322e+00 -1.5077e+00 +2.2583e+00 -7.8447e-01 +2.4272e+00
10843 0 +1.092234177e+00 -1.438677658e+02 -1.438677658e+02 +1.5174e+00 -2.9831e+00 -1.9049e+00 -3.8129e-01 -3.9609e-01 +2.4651e+00 -1.5532e+00 +2.2372e+00 -7.6354e-01 +2.4547e+00
10987 0 +9.837498218e-01 -1.439762502e+02 -1.439762502e+02 +1.4889e+00 -2.9575e+00 -1.9084e+00 -2.7157e-01 -4.4929e-01 +2.4913e+00 -1.5036e+00 +2.2416e+00 -7.4824e-01 +2.4291e+00
11385 0 +9.465915126e-01 -1.440134085e+02 -1.440134085e+02 +1.4881e+00 -2.9855e+00 -1.9243e+00 -3.0747e-01 -3.9269e-01 +2.5132e+00 -1.4789e+00 +2.2410e+00 -7.9637e-01 +2.4253e+00
11562 0 +9.259246116e-01 -1.440340754e+02 -1.440340754e+02 +1.4877e+00 -2.9463e+00 -1.9467e+00 -2.8854e-01 -3.8986e-01 +2.5262e+00 -1.5100e+00 +2.2603e+00 -7.7084e-01 +2.4451e+00
11652 0 +9.103662433e-01 -1.440496338e+02 -1.440496338e+02 +1.4921e+00 -2.9808e+00 -1.9208e+00 -2.8704e-01 -4.2018e-01 +2.5137e+00 -1.5137e+00 +2.2502e+00 -7.6860e-01 +2.4287e+00
11865 0 +8.879009345e-01 -1.440720991e+02 -1.440720991e+02 +1.4897e+00 -2.9710e+00 -1.8981e+00 -3.0474e-01 -3.7765e-01 +2.5271e+00 -1.5036e+00 +2.2555e+00 -7.6333e-01 +2.4318e+00
12610 0 +8.700965213e-01 -1.440899035e+02 -1.440899035e+02 +1.5042e+00 -3.0008e+00 -1.8788e+00 -3.0382e-01 -3.8984e-01 +2.5328e+00 -1.4964e+00 +2.2545e+00 -7.6459e-01 +2.4390e+00
19242 0 +8.685613870e-01 -1.440914386e+02 -1.440914386e+02 +1.5126e+00 -3.0092e+00 -1.8788e+00 -3.0213e-01 -3.8691e-01 +2.5343e+00 -1.4935e+00 +2.2577e+00 -7.6658e-01 +2.4394e+00
% f evaluations | g evaluations | best noise-free fitness - Fopt (-6.300000000000e+00) + sum g_i+ | measured fitness | best measured fitness or single-digit g-values | x1 | x2...
1 0 +1.033747614e+04 +1.033117614e+04 +1.033117614e+04 +0.0000e+00 +0.0000e+00 +0.0000e+00 +0.0000e+00 +0.0000e+00 +0.0000e+00 +0.0000e+00 +0.0000e+00 +0.0000e+00 +0.0000e+00
19 0 +1.023027022e+04 +1.022397022e+04 +1.022397022e+04 -2.5242e+00 -1.2098e+00 +2.9157e+00 -8.1480e-02 +1.1784e+00 -2.2915e+00 +2.7591e+00 +9.2196e-01 +4.1659e+00 +3.3832e-01
71 0 +7.259431328e+03 +7.253131328e+03 +7.253131328e+03 -1.0401e+00 +1.6854e-01 +2.5078e+00 -9.3903e-02 -1.7025e-01 +1.5442e-01 +2.1239e-01 +7.6737e-01 +2.0033e+00 +1.6286e+00
143 0 +6.048588238e+03 +6.042288238e+03 +6.042288238e+03 +2.6427e+00 -7.9329e-01 +2.0889e+00 +3.8115e+00 +1.0756e+00 -3.9381e+00 +2.9690e+00 +8.8124e-01 +1.4666e+00 +2.0532e+00
146 0 +4.922776066e+03 +4.916476066e+03 +4.916476066e+03 +2.2846e+00 +3.9822e-01 +8.1155e-01 +2.3538e+00 +3.8511e-01 +2.7921e-01 +2.5536e+00 -9.6373e-01 +2.0761e+00 -3.9748e-01
157 0 +2.373546532e+03 +2.367246532e+03 +2.367246532e+03 +2.2500e+00 +2.8663e+00 -4.0984e-01 +3.7505e+00 +1.9376e+00 -4.5442e-01 +2.9456e+00 +2.3791e-01 +2.2112e+00 +7.1452e-01
208 0 +1.144083134e+03 +1.137783134e+03 +1.137783134e+03 +2.0418e+00 -8.8719e-01 +1.3550e+00 +3.7535e+00 -1.4615e+00 -1.4152e+00 +3.1424e+00 -5.5311e-01 +2.7198e+00 +6.4600e-01
625 0 +8.281749709e+02 +8.218749709e+02 +8.218749709e+02 -7.7717e-01 -7.2514e-01 -4.2006e-02 +1.6993e+00 -2.0179e+00 -2.5738e+00 +1.5110e-01 -1.3781e+00 +2.9178e+00 +1.6697e+00
630 0 +6.711926374e+02 +6.648926374e+02 +6.648926374e+02 -3.0365e+00 -6.1815e-01 -4.3444e-01 -1.2304e-01 -2.1691e+00 -6.9819e-01 +1.4594e-01 -1.3302e+00 +2.4343e-01 +1.8375e+00
642 0 +5.307977569e+02 +5.244977569e+02 +5.244977569e+02 -3.4560e+00 +1.0031e+00 -1.2928e+00 -9.6604e-01 -3.2759e+00 -1.8296e+00 +2.1139e+00 -5.9166e-01 +1.9636e+00 +6.2856e-01
663 0 +2.096058847e+02 +2.033058847e+02 +2.033058847e+02 -3.2169e+00 -3.2577e+00 -1.8266e-01 +8.8951e-01 -1.2498e-01 -5.6936e-01 +1.3190e+00 -1.0428e+00 +2.1978e+00 +2.0629e+00
664 0 +5.929427354e+01 +5.299427354e+01 +5.299427354e+01 -2.3304e+00 -1.2432e+00 -8.6034e-01 +1.8773e+00 -1.6100e+00 -2.4492e+00 +2.3721e+00 -1.0543e+00 +9.0781e-01 +1.5792e+00
678 0 +5.146316614e+01 +4.516316614e+01 +4.516316614e+01 -1.4543e+00 -8.1283e-01 -2.5194e+00 +1.9799e+00 +8.3309e-01 -8.3779e-01 +3.5894e-01 -1.2642e+00 +1.5301e+00 +1.2914e+00
687 0 +9.425778743e+00 +3.125778743e+00 +3.125778743e+00 -1.4042e+00 -2.4402e+00 -1.5754e+00 +1.9981e+00 +6.8010e-01 -1.4262e+00 +1.3142e+00 -2.3218e+00 +1.6482e+00 +7.3405e-01
707 0 +4.614224701e+00 -1.685775299e+00 -1.685775299e+00 -2.2837e+00 -1.0976e+00 -1.5438e+00 +8.6953e-01 +2.1382e-01 -2.0529e+00 +1.2377e+00 -1.0651e+00 +1.3351e+00 +1.3806e+00
712 0 +4.165349209e+00 -2.134650791e+00 -2.134650791e+00 -1.8169e+00 -1.4369e+00 -1.3348e+00 +2.6585e-01 -2.0175e+00 -5.6352e-01 +2.0698e+00 -2.0415e+00 +1.8000e+00 +2.0161e+00
1000 0 +3.132319920e+00 -3.167680080e+00 -3.167680080e+00 -2.5166e+00 -2.3640e+00 -2.1418e+00 -5.1201e-01 -1.5451e+00 -1.5754e+00 +1.0147e+00 -8.2785e-01 +1.5638e+00 +1.8535e+00
1116 0 +2.002971841e+00 -4.297028159e+00 -4.297028159e+00 -1.5580e+00 -2.8447e+00 -1.6514e+00 +2.9490e-01 -2.0021e+00 -2.6092e-01 +2.6079e+00 -1.9847e+00 +2.1315e+00 +1.5169e+00
7489 0 +1.969424294e+00 -4.330575706e+00 -4.330575706e+00 +2.0412e+00 +8.4730e-01 -2.0257e+00 +1.3018e+00 -1.6685e+00 -2.1194e+00 +3.7362e-01 -1.7957e+00 +8.6677e-01 +2.3846e+00
7526 0 +1.876456183e+00 -4.423543817e+00 -4.423543817e+00 +2.0783e+00 +1.1525e+00 -2.1366e+00 +5.2744e-01 -1.8909e+00 -2.1672e+00 +4.0232e-01 -2.1398e+00 +1.1144e+00 +2.3949e+00
8153 0 +1.847808713e+00 -4.452191287e+00 -4.452191287e+00 +2.1011e+00 +3.2263e-01 -1.7995e+00 +3.1879e-01 -1.2004e+00 -2.3256e+00 +2.9776e-01 -1.0905e+00 +1.0178e+00 +2.4095e+00
8155 0 +1.789042337e+00 -4.510957663e+00 -4.510957663e+00 +2.1027e+00 +9.8769e-01 -2.8842e+00 +3.3539e-02 -1.6425e+00 -2.3142e+00 +3.8850e-01 -1.4933e+00 +9.9508e-01 +2.3957e+00
8212 0 +1.765865655e+00 -4.534134345e+00 -4.534134345e+00 +2.0794e+00 +9.8302e-01 -2.0132e+00 +1.0324e+00 -1.2542e+00 -2.3341e+00 +3.2665e-01 -1.0553e+00 +1.0569e+00 +2.3216e+00
9407 0 +1.728916913e+00 -4.571083087e+00 -4.571083087e+00 +2.1697e+00 +2.6383e-01 -6.8660e-01 +1.7025e+00 -1.5822e+00 -2.1914e+00 +3.9111e-01 -2.1264e+00 +7.9894e-01 +2.4018e+00
9461 0 +1.587728784e+00 -4.712271216e+00 -4.712271216e+00 +2.1591e+00 +2.6057e-01 +8.9002e-02 +1.4979e+00 -1.6393e+00 -2.1704e+00 +4.2294e-01 -2.0652e+00 +8.0583e-01 +2.4213e+00
9998 0 +1.402793599e+00 -4.897206401e+00 -4.897206401e+00 +2.1444e+00 +3.0923e-01 -2.6909e+00 +1.2851e+00 -1.6099e+00 -2.1731e+00 +3.9028e-01 -2.0731e+00 +8.4908e-01 +2.4309e+00
10752 0 +1.367089020e+00 -4.932910980e+00 -4.932910980e+00 +2.1109e+00 -2.1592e+00 -7.0222e-01 +1.7261e+00 -1.5510e+00 -2.2543e+00 +4.1805e-01 -2.0964e+00 +7.7550e-01 +2.4109e+00
12203 0 +1.325527053e+00 -4.974472947e+00 -4.974472947e+00 +2.0990e+00 -2.0829e+00 -6.2893e-01 +1.7480e+00 -1.5412e+00 -2.2543e+00 +3.9564e-01 -2.0806e+00 +8.0552e-01 +2.4219e+00
12314 0 +1.298074122e+00 -5.001925878e+00 -5.001925878e+00 +2.1644e+00 -2.1157e+00 -7.1844e-01 +1.7351e+00 -1.5524e+00 -2.2272e+00 +4.2447e-01 -2.0766e+00 +8.1135e-01 +2.4266e+00
12600 0 +1.287298544e+00 -5.012701456e+00 -5.012701456e+00 +2.0660e+00 -2.0975e+00 -6.9485e-01 +1.7219e+00 -1.5511e+00 -2.2414e+00 +3.8872e-01 -2.1129e+00 +8.0154e-01 +2.4428e+00
13015 0 +1.258765366e+00 -5.041234634e+00 -5.041234634e+00 +2.1023e+00 -2.1099e+00 -7.3174e-01 +1.6878e+00 -1.5568e+00 -2.2348e+00 +3.9217e-01 -2.0817e+00 +8.2413e-01 +2.4230e+00
20818 0 +1.243643583e+00 -5.056356417e+00 -5.056356417e+00 +2.1048e+00 -2.1048e+00 -7.2890e-01 +1.7091e+00 -1.5529e+00 -2.2428e+00 +3.9127e-01 -2.0898e+00 +8.0856e-01 +2.4289e+00
% f evaluations | g evaluations | best noise-free fitness - Fopt (-1.367600000000e+02) + sum g_i+ | measured fitness | best measured fitness or single-digit g-values | x1 | x2...
1 0 +1.033747614e+04 +1.020071614e+04 +1.020071614e+04 +0.0000e+00 +0.0000e+00 +0.0000e+00 +0.0000e+00 +0.0000e+00 +0.0000e+00 +0.0000e+00 +0.0000e+00 +0.0000e+00 +0.0000e+00
30 0 +4.873410494e+03 +4.736650494e+03 +4.736650494e+03 +5.8855e-01 +1.0309e+00 +8.4664e-01 -2.3622e-01 +1.1770e+00 +2.3661e+00 -5.9150e-01 -3.3996e-01 +2.5649e+00 -2.6974e+00
176 0 +4.654011167e+03 +4.517251167e+03 +4.517251167e+03 -6.1834e-01 +2.1372e+00 +6.8199e-01 +2.6144e+00 -3.3391e+00 +1.0346e+00 -1.9852e+00 +3.3084e-01 -5.6563e-02 -2.2473e+00
208 0 +1.861534899e+03 +1.724774899e+03 +1.724774899e+03 -3.9136e-01 +1.4365e+00 +4.3268e-01 +2.5622e-01 -2.7960e+00 -7.2333e-01 -1.1493e+00 -3.9829e-01 +2.1977e+00 -1.5476e+00
223 0 +1.686042951e+03 +1.549282951e+03 +1.549282951e+03 +3.7342e-01 -1.1240e+00 -2.7053e+00 +6.7719e-01 -3.7570e+00 -2.2145e-01 -1.6911e+00 +8.7864e-01 +2.9275e+00 -1.1397e+00
270 0 +1.283019186e+03 +1.146259186e+03 +1.146259186e+03 +7.6331e-01 -3.5365e+00 -3.0509e+00 +4.2470e-01 -1.1360e-01 +7.1164e-01 -1.3120e+00 +5.4510e-02 +2.3667e+00 -6.9593e-01
342 0 +3.919751618e+00 -1.328402484e+02 -1.328402484e+02 +1.1526e+00 -2.6630e+00 +4.4394e-01 +2.4684e+00 -6.6783e-01 +1.0258e+00 -1.5817e+00 +1.0482e+00 +1.0382e+00 -1.1743e+00
769 0 +3.177679978e+00 -1.335823200e+02 -1.335823200e+02 +7.4198e-01 +9.0913e-01 -1.6493e+00 +4.3922e-01 -6.6350e-01 +2.4613e+00 -1.2063e+00 +8.5194e-01 +2.4723e+00 -8.0098e-01
1695 0 +3.103829204e+00 -1.336561708e+02 -1.336561708e+02 +1.7432e+00 -1.3500e+00 -9.0613e-01 +4.8582e-01 -1.7293e+00 +1.6574e+00 -1.6337e+00 +1.1290e+00 +1.0972e+00 -1.2361e+00
1830 0 +2.956769850e+00 -1.338032301e+02 -1.338032301e+02 +9.6203e-01 -1.5082e+00 -9.7796e-01 +9.7316e-01 -1.7003e+00 +1.0834e+00 -1.1271e+00 +1.5775e+00 +9.7243e-01 -2.4259e+00
2031 0 +2.897009719e+00 -1.338629903e+02 -1.338629903e+02 +1.8399e+00 -6.9752e-01 -4.2248e-01 +2.2952e+00 -9.9506e-01 +2.1806e+00 -4.1190e-01 +1.0805e+00 +2.3418e+00 -9.5754e-01
2473 0 +2.727934072e+00 -1.340320659e+02 -1.340320659e+02 -1.6537e+00 +1.6030e-01 -2.3940e-02 +1.2933e+00 -1.8721e-01 +2.0694e+00 -2.0642e+00 +1.6299e+00 +1.3104e+00 -1.5354e+00
2559 0 +2.639242134e+00 -1.341207579e+02 -1.341207579e+02 -1.5247e+00 +7.8694e-02 -4.8011e-01 +1.7895e+00 +7.5059e-02 +2.0251e+00 -2.1583e+00 +1.4209e+00 +9.5954e-01 -2.2039e+00
2568 0 +2.549930598e+00 -1.342100694e+02 -1.342100694e+02 -1.3989e+00 -5.9115e-01 -1.4641e-02 +1.8808e+00 +7.5072e-02 +2.6618e+00 -2.0889e+00 +1.3571e+00 +9.8995e-01 -2.0698e+00
3392 0 +2.495793449e+00 -1.342642066e+02 -1.342642066e+02 -7.3744e-01 -2.8033e+00 -4.9731e-01 +9.3804e-01 -2.6610e-01 +7.6353e-01 -1.3347e+00 +1.3978e+00 +2.3083e+00 -2.0504e+00
4474 0 +2.294185660e+00 -1.344658143e+02 -1.344658143e+02 +1.5430e+00 -2.1346e+00 +4.6423e-02 +1.8479e-01 -4.4148e-01 +2.4543e+00 -2.0745e+00 +1.4227e+00 +2.2685e+00 -1.6515e+00
4479 0 +2.242746975e+00 -1.345172530e+02 -1.345172530e+02 +1.9520e+00 -2.2201e+00 +7.4387e-01 +1.2873e-01 -5.1172e-01 +2.3737e+00 -1.4001e+00 +8.4415e-01 +2.3744e+00 -1.7115e+00
5965 0 +2.202984670e+00 -1.345570153e+02 -1.345570153e+02 -1.3735e+00 -2.8680e+00 +1.1594e-01 +1.4310e+00 -7.2021e-02 +1.2233e+00 -9.9319e-01 +9.8163e-01 +2.3429e+00 -2.0312e+00
6440 0 +1.959573290e+00 -1.348004267e+02 -1.348004267e+02 -1.5294e+00 -3.0318e+00 +1.0440e+00 +3.7066e-01 -2.4998e+00 +5.3559e-01 -1.2906e+00 +8.9436e-01 +1.9179e+00 -2.1827e+00
6672 0 +1.761598354e+00 -1.349984016e+02 -1.349984016e+02 -1.4030e+00 -3.0187e+00 -1.8760e+00 +3.0423e-01 -8.9469e-01 +9.0190e-01 -7.7377e-01 +2.4769e+00 +1.5828e+00 -2.1857e+00
9483 0 +1.676326567e+00 -1.350836734e+02 -1.350836734e+02 -1.3800e+00 -3.0550e+00 -6.3521e-01 +1.7499e-03 +1.0009e-01 +7.4680e-01 -2.4886e+00 +1.9892e+00 +1.7189e+00 -2.1645e+00
10388 0 +1.609706009e+00 -1.351502940e+02 -1.351502940e+02 -1.3794e+00 -2.9952e+00 -1.1894e+00 -1.5098e-01 -6.1291e-01 +1.4303e+00 -2.2481e+00 +2.0029e+00 +2.1579e+00 -2.0758e+00
10497 0 +1.524708494e+00 -1.352352915e+02 -1.352352915e+02 -1.3746e+00 -3.0186e+00 -1.1995e+00 -1.3268e-01 -5.4729e-01 +1.3219e+00 -2.2663e+00 +2.0006e+00 +2.1042e+00 -2.1367e+00
10646 0 +1.384740020e+00 -1.353752600e+02 -1.353752600e+02 -1.3824e+00 -2.8978e+00 -1.0366e+00 -6.6941e-02 -4.2142e-01 +1.0999e+00 -2.2930e+00 +2.0262e+00 +2.0824e+00 -2.0544e+00
10784 0 +1.347921102e+00 -1.354120789e+02 -1.354120789e+02 -1.5233e+00 -3.0748e+00 -9.5999e-01 +4.8284e-02 -3.6936e-01 +1.3071e+00 -2.2787e+00 +2.0563e+00 +2.0906e+00 -2.1120e+00
10785 0 +1.230212697e+00 -1.355297873e+02 -1.355297873e+02 -1.5113e+00 -3.1047e+00 -9.2748e-01 -2.5269e-02 -4.8054e-01 +1.3203e+00 -2.3500e+00 +2.0569e+00 +2.1399e+00 -2.0675e+00
10974 0 +1.183326762e+00 -1.355766732e+02 -1.355766732e+02 -1.5002e+00 -3.0670e+00 -9.2464e-01 -2.1182e-02 -4.7300e-01 +1.3576e+00 -2.3233e+00 +2.0854e+00 +2.1171e+00 -2.1227e+00
11129 0 +1.109756768e+00 -1.356502432e+02 -1.356502432e+02 -1.4649e+00 -3.0746e+00 -9.1040e-01 -4.6469e-02 -4.7729e-01 +1.1441e+00 -2.3450e+00 +2.0314e+00 +2.1293e+00 -2.1112e+00
11229 0 +1.076790504e+00 -1.356832095e+02 -1.356832095e+02 -1.5655e+00 -3.0707e+00 -1.7643e+00 -1.4539e-01 -4.9445e-01 +1.1542e+00 -2.3032e+00 +2.0652e+00 +2.1245e+00 -2.0881e+00
11435 0 +1.049906143e+00 -1.357100939e+02 -1.357100939e+02 -1.5167e+00 -2.9657e+00 -1.0190e+00 -1.1988e-01 -5.1188e-01 +1.3228e+00 -2.2639e+00 +2.0677e+00 +2.1335e+00 -2.1006e+00
11510 0 +1.036359912e+00 -1.357236401e+02 -1.357236401e+02 -1.5435e+00 -2.9830e+00 -9.9090e-01 -1.3358e-01 -4.9511e-01 +1.5482e+00 -2.2113e+00 +2.0621e+00 +2.1088e+00 -2.1035e+00
11667 0 +9.938271348e-01 -1.357661729e+02 -1.357661729e+02 -1.4927e+00 -3.0184e+00 -1.0260e+00 -6.0016e-02 -4.6488e-01 +1.3329e+00 -2.2787e+00 +2.0643e+00 +2.1168e+00 -2.1069e+00
11928 0 +9.671925737e-01 -1.357928074e+02 -1.357928074e+02 -1.5453e+00 -2.9643e+00 -1.0487e+00 -1.1930e-01 -4.8549e-01 +1.5789e+00 -2.2287e+00 +2.0761e+00 +2.1223e+00 -2.0933e+00
12136 0 +9.548455363e-01 -1.358051545e+02 -1.358051545e+02 -1.5358e+00 -3.0248e+00 -1.0570e+00 -9.5157e-02 -4.8775e-01 +1.5722e+00 -2.2311e+00 +2.0830e+00 +2.1005e+00 -2.0908e+00
12586 0 +9.313932718e-01 -1.358286067e+02 -1.358286067e+02 -1.5112e+00 -2.9992e+00 -1.0422e+00 -9.8708e-02 -4.9353e-01 +1.5738e+00 -2.2457e+00 +2.0727e+00 +2.1120e+00 -2.1041e+00
19751 0 +9.278025786e-01 -1.358321974e+02 -1.358321974e+02 -1.5126e+00 -3.0092e+00 -1.0381e+00 -9.3016e-02 -4.8569e-01 +1.5722e+00 -2.2380e+00 +2.0716e+00 +2.1132e+00 -2.1028e+00
% f evaluations | g evaluations | best noise-free fitness - Fopt (3.667500000000e+02) + sum g_i+ | measured fitness | best measured fitness or single-digit g-values | x1 | x2...
1 0 +1.033747614e+04 +1.070422614e+04 +1.070422614e+04 +0.0000e+00 +0.0000e+00 +0.0000e+00 +0.0000e+00 +0.0000e+00 +0.0000e+00 +0.0000e+00 +0.0000e+00 +0.0000e+00 +0.0000e+00
14 0 +8.608932809e+03 +8.975682809e+03 +8.975682809e+03 -1.8671e-01 -1.8862e+00 +3.4876e+00 +9.8946e-02 +1.4187e+00 +1.9801e+00 +3.3785e+00 +1.6112e+00 -2.9078e+00 -2.9424e-01
32 0 +2.738268014e+03 +3.105018014e+03 +3.105018014e+03 -2.5985e-01 -1.8908e+00 +2.1544e+00 -1.5300e+00 +1.3344e-01 -3.6735e-02 +2.7253e+00 +2.2045e+00 -1.7274e+00 -4.2818e-02
78 0 +1.845019813e+03 +2.211769813e+03 +2.211769813e+03 +7.6111e-01 -1.7362e+00 +3.2357e+00 -3.2040e-01 +6.8099e-01 -1.9250e+00 +1.4795e+00 +9.9781e-01 -3.4511e-02 +2.1906e+00
130 0 +1.464380531e+03 +1.831130531e+03 +1.831130531e+03 -1.8350e-02 -1.8964e+00 +2.1715e+00 +1.1905e+00 -8.7202e-01 -3.3809e-01 +2.4388e+00 +6.5448e-01 -1.8191e-01 +1.9622e+00
160 0 +8.620423598e+02 +1.228792360e+03 +1.228792360e+03 -1.5483e+00 -1.0340e+00 +3.1184e+00 +2.4989e+00 -7.9068e-01 -8.8492e-02 +2.6621e+00 +2.4273e+00 -9.9155e-01 +6.7781e-01
210 0 +5.038508991e+02 +8.706008991e+02 +8.706008991e+02 -1.1685e+00 -2.7941e+00 -3.4276e-02 +2.3752e+00 -1.6399e-01 -2.5142e+00 +1.3714e-01 +3.2121e+00 -9.0053e-01 +1.5140e+00
270 0 +3.391490360e+02 +7.058990360e+02 +7.058990360e+02 -1.2542e+00 +6.3524e-01 +1.3780e+00 -7.9595e-01 +8.7020e-02 +2.1752e-02 +1.6469e-01 +2.2806e+00 -1.5925e+00 +2.4888e+00
275 0 +5.492556288e+00 +3.722425563e+02 +3.722425563e+02 -1.2332e+00 -7.1364e-01 -1.9525e-01 +2.9065e+00 +1.3591e-02 -5.8895e-01 +9.6634e-01 +2.5671e+00 -4.2073e-01 +1.9340e+00
475 0 +3.486925053e+00 +3.702369251e+02 +3.702369251e+02 -3.6717e-01 -2.2231e+00 +2.0947e+00 +2.1772e-01 +1.4903e+00 -8.7309e-01 +3.3818e-01 +2.3365e+00 -2.0542e+00 +1.8395e+00
490 0 +3.272101531e+00 +3.700221015e+02 +3.700221015e+02 -2.3218e+00 -1.1005e+00 +2.4630e+00 +7.1360e-01 +1.9463e+00 -8.9619e-01 +1.1147e+00 +2.2391e+00 -2.0263e+00 +1.9625e+00
701 0 +3.198003925e+00 +3.699480039e+02 +3.699480039e+02 -1.8202e+00 -2.7914e-01 +2.5712e+00 +3.3973e-01 +5.7370e-01 -1.2284e+00 +1.8228e+00 +6.5555e-01 -2.5715e+00 +1.6238e+00
905 0 +2.850384723e+00 +3.696003847e+02 +3.696003847e+02 -8.5459e-01 -8.1632e-01 +1.5170e+00 +2.2504e+00 +1.2975e+00 -1.1326e+00 +1.8271e+00 +1.5588e+00 -9.2289e-01 +1.3038e+00
1705 0 +2.758133952e+00 +3.695081340e+02 +3.695081340e+02 -6.4665e-01 +5.1158e-01 +2.7925e+00 +2.0473e+00 +9.9877e-01 -1.9145e+00 +3.9113e-01 +2.6190e+00 -7.0251e-01 +2.0635e+00
2488 0 +2.577018621e+00 +3.693270186e+02 +3.693270186e+02 -2.0802e+00 -2.1323e+00 +8.1758e-01 +2.3673e+00 +2.0319e+00 -8.5333e-01 +1.5534e+00 +1.4302e+00 -1.5061e+00 +1.3510e+00
4509 0 +2.371954161e+00 +3.691219542e+02 +3.691219542e+02 -1.9391e+00 -2.1275e+00 +2.0475e+00 -3.3888e-01 +1.6626e+00 -1.7029e+00 +9.5175e-01 +7.3305e-01 -1.1705e+00 +1.2557e+00
5709 0 +2.328321943e+00 +3.690783219e+02 +3.690783219e+02 +6.9501e-01 -1.2495e+00 +2.3541e+00 +1.4232e+00 +1.4010e-01 -6.5866e-01 +8.4421e-01 +9.6461e-01 -1.5861e+00 +1.8508e+00
6554 0 +1.859267067e+00 +3.686092671e+02 +3.686092671e+02 -2.2000e+00 -1.0104e+00 +2.3797e+00 +1.2119e+00 +9.2925e-02 -6.5723e-01 +7.8318e-01 +8.7140e-01 -1.1309e+00 +1.5098e+00
9133 0 +1.717131159e+00 +3.684671312e+02 +3.684671312e+02 +6.4622e-01 +3.8760e-01 +2.6719e+00 -5.0234e-01 +6.1831e-01 -6.2153e-01 +7.7828e-01 +9.9366e-01 -1.0432e+00 +1.7769e+00
9626 0 +1.689791270e+00 +3.684397913e+02 +3.684397913e+02 +1.4445e+00 +1.3412e-01 +2.6750e+00 -5.7068e-01 +6.5891e-01 -5.3336e-01 +8.6445e-01 +1.5235e+00 -9.1957e-01 +2.0691e+00
9666 0 +1.521180085e+00 +3.682711801e+02 +3.682711801e+02 +1.6555e+00 +1.4716e-01 +2.7307e+00 -4.5644e-01 +6.2102e-01 -5.4746e-01 +8.7037e-01 +1.6801e+00 -9.0184e-01 +2.4399e+00
9723 0 +1.443519598e+00 +3.681935196e+02 +3.681935196e+02 +1.4519e+00 +2.1794e-01 +2.7128e+00 -4.3925e-01 +5.2862e-01 -5.7143e-01 +7.7739e-01 +1.6889e+00 -9.2782e-01 +2.3561e+00
11285 0 +1.284604963e+00 +3.680346050e+02 +3.680346050e+02 +1.5381e+00 +1.9038e-01 +2.6845e+00 -5.2780e-01 +6.2455e-01 -5.6895e-01 +8.1750e-01 +1.5847e+00 -9.2932e-01 +2.3846e+00
12193 0 +1.257644750e+00 +3.680076448e+02 +3.680076448e+02 +1.5163e+00 +2.0182e-01 +2.6533e+00 -5.2554e-01 +5.6079e-01 -5.8808e-01 +7.8820e-01 +1.7066e+00 -8.7952e-01 +2.4216e+00
12278 0 +1.221947425e+00 +3.679719474e+02 +3.679719474e+02 +1.5549e+00 +1.5305e-01 +2.6319e+00 -4.8766e-01 +5.8280e-01 -5.9629e-01 +7.9842e-01 +1.7070e+00 -8.8940e-01 +2.4072e+00
12658 0 +1.202043410e+00 +3.679520434e+02 +3.679520434e+02 +1.5281e+00 +1.7678e-01 +2.6585e+00 -5.2042e-01 +5.9332e-01 -5.8454e-01 +8.0329e-01 +1.7140e+00 -9.0868e-01 +2.4101e+00
19290 0 +1.184416248e+00 +3.679344162e+02 +3.679344162e+02 +1.5126e+00 +1.7388e-01 +2.6745e+00 -5.0213e-01 +5.8797e-01 -5.7585e-01 +8.0801e-01 +1.7032e+00 -9.0519e-01 +2.4048e+00
% f evaluations | g evaluations | best noise-free fitness - Fopt (-2.486900000000e+02) + sum g_i+ | measured fitness | best measured fitness or single-digit g-values | x1 | x2...
1 0 +1.033747614e+04 +1.008878614e+04 +1.008878614e+04 +0.0000e+00 +0.0000e+00 +0.0000e+00 +0.0000e+00 +0.0000e+00 +0.0000e+00 +0.0000e+00 +0.0000e+00 +0.0000e+00 +0.0000e+00
7 0 +6.787127053e+03 +6.538437053e+03 +6.538437053e+03 +7.3829e-01 -1.4518e+00 -2.6488e+00 +2.9160e+00 -3.8963e+00 -5.4953e-01 -1.6640e+00 -1.3445e+00 -2.9182e-01 +4.4003e-01
18 0 +2.636463300e+03 +2.387773300e+03 +2.387773300e+03 +1.7603e+00 -2.5888e+00 -2.0936e+00 +3.6922e+00 -3.4075e+00 -7.4306e-01 -1.3193e+00 -8.4982e-01 -1.3341e+00 +1.2676e+00
69 0 +2.023567240e+03 +1.774877240e+03 +1.774877240e+03 -3.2724e+00 -2.5104e-02 -2.3968e+00 +1.1854e-01 -6.3506e-01 -4.6100e-01 -9.2428e-01 -1.9078e+00 -5.2741e-01 +1.2209e+00
128 0 +1.033535312e+03 +7.848453122e+02 +7.848453122e+02 -2.0957e+00 +3.9202e-01 +2.0308e+00 -1.9678e+00 -4.2374e-01 +6.0967e-01 -2.3117e+00 -2.5336e+00 -5.1275e-01 +1.1119e+00
221 0 +7.034650182e+02 +4.547750182e+02 +4.547750182e+02 -1.6903e+00 -8.2016e-01 +2.7982e+00 -1.1819e+00 -3.8843e-02 +1.1978e+00 -1.6147e+00 -2.7502e+00 -8.1035e-01 +2.8561e+00
226 0 +2.555285458e+00 -2.461347145e+02 -2.461347145e+02 +1.7446e-01 +8.3669e-01 +1.7764e+00 +1.4220e+00 -2.2585e+00 +1.0400e+00 -2.3174e+00 -1.9920e+00 -8.1720e-01 +2.0629e+00
1899 0 +2.472980181e+00 -2.462170198e+02 -2.462170198e+02 -1.4943e+00 -1.2124e+00 +5.3165e-01 -4.2130e-02 -1.8439e+00 +1.5565e+00 -2.3098e+00 -2.0395e+00 -2.0665e+00 +1.4269e+00
2130 0 +2.254839869e+00 -2.464351601e+02 -2.464351601e+02 -1.6584e+00 -3.1341e+00 +1.8149e+00 -3.4657e-01 -1.6167e+00 +1.6938e+00 -1.1983e+00 -1.5776e+00 -2.2378e+00 +1.4727e+00
3077 0 +2.193127833e+00 -2.464968722e+02 -2.464968722e+02 -1.6735e+00 -5.6643e-01 +6.5536e-01 +5.8645e-01 -2.3912e+00 +1.9717e+00 -2.2122e+00 -6.0423e-01 -2.4603e+00 +1.1034e+00
5465 0 +1.646698808e+00 -2.470433012e+02 -2.470433012e+02 -1.5080e+00 -2.9357e+00 -1.9024e-01 +9.8856e-01 -2.6315e-01 +7.0960e-01 -2.5096e+00 -1.9235e+00 -2.1535e+00 +9.7675e-01
8967 0 +1.523957000e+00 -2.471660430e+02 -2.471660430e+02 -1.3947e+00 -2.9965e+00 +1.9609e-01 +1.1171e-01 -6.4432e-01 +5.4768e-01 -2.5137e+00 -1.9902e+00 -2.1063e+00 +9.5228e-01
9053 0 +1.372728573e+00 -2.473172714e+02 -2.473172714e+02 -1.5823e+00 -2.0163e+00 +3.3980e-02 +1.7361e-01 -4.5104e-01 +6.0262e-01 -2.5745e+00 -1.9847e+00 -2.1271e+00 +9.4534e-01
9957 0 +1.333718819e+00 -2.473562812e+02 -2.473562812e+02 -1.4266e+00 +2.1009e-01 +6.0805e-01 +1.7332e+00 -2.9853e-02 +6.8723e-01 -2.4211e+00 -2.0520e+00 -2.1704e+00 +9.5550e-01
10483 0 +1.242017547e+00 -2.474479825e+02 -2.474479825e+02 -1.4598e+00 +1.5042e-01 -1.0439e-01 +1.9035e+00 +8.0056e-02 +7.8605e-01 -2.4155e+00 -1.9646e+00 -2.0974e+00 +9.6726e-01
10598 0 +1.222996458e+00 -2.474670035e+02 -2.474670035e+02 -1.3450e+00 +2.5697e-01 -7.2797e-02 +1.8964e+00 +1.7021e-02 +7.4410e-01 -2.4957e+00 -1.9592e+00 -2.1587e+00 +9.4356e-01
11021 0 +1.202228189e+00 -2.474877718e+02 -2.474877718e+02 -1.4154e+00 +2.4664e-01 -1.6095e-01 +1.4823e+00 -9.5528e-02 +6.8028e-01 -2.4257e+00 -2.0162e+00 -2.1247e+00 +9.4300e-01
11208 0 +1.170317252e+00 -2.475196827e+02 -2.475196827e+02 -1.4534e+00 +1.4820e-01 -7.3200e-02 +1.8321e+00 -8.0962e-02 +7.0102e-01 -2.4436e+00 -2.0460e+00 -2.0986e+00 +9.5199e-01
11227 0 +1.100808448e+00 -2.475891916e+02 -2.475891916e+02 -1.5186e+00 +2.0149e-01 -8.7726e-02 +1.8761e+00 -7.8132e-02 +6.9162e-01 -2.4739e+00 -2.0435e+00 -2.1299e+00 +9.4119e-01
11288 0 +1.089586221e+00 -2.476004138e+02 -2.476004138e+02 -1.5025e+00 +1.2873e-01 -9.5812e-02 +1.8388e+00 -3.5475e-02 +6.7983e-01 -2.4828e+00 -2.0367e+00 -2.1220e+00 +9.6608e-01
11424 0 +1.047258740e+00 -2.476427413e+02 -2.476427413e+02 -1.4939e+00 +1.6589e-01 -1.2137e-01 +1.8831e+00 -4.6939e-02 +7.3177e-01 -2.4863e+00 -2.0181e+00 -2.1204e+00 +9.4081e-01
11443 0 +9.867698900e-01 -2.477032301e+02 -2.477032301e+02 -1.4475e+00 +1.7741e-01 -9.7052e-02 +1.9054e+00 -1.2341e-03 +6.9906e-01 -2.4624e+00 -2.0368e+00 -2.1220e+00 +9.5189e-01
11853 0 +9.767654597e-01 -2.477132345e+02 -2.477132345e+02 -1.5206e+00 +1.7825e-01 -1.1340e-01 +1.9368e+00 +3.1823e-02 +7.4127e-01 -2.4460e+00 -2.0225e+00 -2.1517e+00 +9.6564e-01
12087 0 +9.484939643e-01 -2.477415060e+02 -2.477415060e+02 -1.5240e+00 +1.4366e-01 -1.1925e-01 +1.8998e+00 +2.3868e-02 +7.3006e-01 -2.4478e+00 -2.0215e+00 -2.1385e+00 +9.5254e-01
12480 0 +9.314158577e-01 -2.477585841e+02 -2.477585841e+02 -1.5072e+00 +1.6683e-01 -1.2578e-01 +1.9069e+00 +1.6404e-02 +7.2693e-01 -2.4484e+00 -2.0174e+00 -2.1281e+00 +9.5484e-01
19067 0 +9.277696772e-01 -2.477622303e+02 -2.477622303e+02 -1.5126e+00 +1.7388e-01 -1.2635e-01 +1.9229e+00 +1.8289e-02 +7.2741e-01 -2.4492e+00 -2.0188e+00 -2.1264e+00 +9.5552e-01
% f evaluations | g evaluations | best noise-free fitness - Fopt (-6.786000000000e+01) + sum g_i+ | measured fitness | best measured fitness or single-digit g-values | x1 | x2...
1 0 +1.033747614e+04 +1.026961614e+04 +1.026961614e+04 +0.0000e+00 +0.0000e+00 +0.0000e+00 +0.0000e+00 +0.0000e+00 +0.0000e+00 +0.0000e+00 +0.0000e+00 +0.0000e+00 +0.0000e+00
17 0 +6.902140139e+03 +6.834280139e+03 +6.834280139e+03 -2.2891e-01 -3.1814e+00 +2.4503e+00 -2.3234e+00 -4.0316e-01 +7.6612e-01 +2.7887e+00 -9.5962e-01 -2.1214e+00 +2.3100e-01
21 0 +6.150734183e+03 +6.082874183e+03 +6.082874183e+03 +3.4586e-01 -1.9283e+00 +2.4441e+00 -1.5838e+00 -7.4522e-01 +2.6110e-01 +2.9789e+00 +9.7684e-01 -1.5018e+00 +1.1338e-01
108 0 +4.823653728e+03 +4.755793728e+03 +4.755793728e+03 -7.3083e-01 -3.7980e+00 +1.7220e+00 +3.0803e+00 -2.9736e+00 -4.5094e-01 +3.1563e+00 -3.2620e-01 -3.1918e+00 -7.2757e-01
120 0 +4.019358275e+03 +3.951498275e+03 +3.951498275e+03 -9.9610e-01 -2.0299e+00 -8.7533e-01 +1.0990e+00 +2.0625e+00 -1.7324e+00 +2.7698e+00 +3.8633e-01 -1.3899e+00 -1.3434e+00
129 0 +8.643620321e+02 +7.965020321e+02 +7.965020321e+02 -1.3639e+00 -1.8440e+00 -1.7768e-01 +9.0976e-01 -3.6689e-01 -5.9856e-01 -4.5153e-02 -2.2575e+00 -2.6400e+00 -1.8856e+00
161 0 +4.534004831e+02 +3.855404831e+02 +3.855404831e+02 -1.0328e+00 -1.6121e-02 -1.2791e+00 -1.0738e-01 +3.2104e-01 +1.8061e-01 +2.9154e+00 -3.6935e-01 -8.5888e-01 -1.6300e+00
341 0 +1.021624679e+01 -5.764375321e+01 -5.764375321e+01 -4.8288e-01 -1.4150e+00 +6.2207e-01 -6.6895e-01 -9.0910e-01 -9.4247e-01 +1.9182e+00 -1.3897e+00 -5.8334e-01 -1.9618e+00
383 0 +4.260517185e+00 -6.359948281e+01 -6.359948281e+01 -1.5460e+00 -1.3442e+00 +6.4552e-01 +1.4417e+00 -1.5763e+00 -1.6680e+00 +1.7661e+00 -1.0951e+00 -1.0439e+00 -1.4285e+00
510 0 +3.372140170e+00 -6.448785983e+01 -6.448785983e+01 -1.8042e+00 -9.0313e-01 +1.6858e+00 +2.4076e+00 +3.3078e-01 -2.0827e+00 +4.1876e-01 -9.4354e-01 -1.6790e+00 -2.2668e+00
590 0 +3.210361863e+00 -6.464963814e+01 -6.464963814e+01 -9.3417e-01 +8.4289e-02 +2.7631e+00 -3.5274e-01 -8.4570e-01 -2.5352e+00 +1.8306e+00 -1.0989e+00 -1.9290e+00 -9.9524e-01
604 0 +3.136097715e+00 -6.472390228e+01 -6.472390228e+01 -1.1237e-01 +6.8256e-01 +3.3047e-01 +1.7432e+00 -2.2222e+00 -8.5135e-01 +1.8692e+00 -1.5595e+00 -1.8524e+00 -1.7935e+00
682 0 +2.885677074e+00 -6.497432293e+01 -6.497432293e+01 -2.0491e+00 -1.4479e-01 +2.8652e-01 +1.7347e+00 -1.4781e+00 -5.3154e-01 +1.5016e+00 -2.2459e+00 -1.6584e+00 -1.0895e+00
1092 0 +2.792831206e+00 -6.506716879e+01 -6.506716879e+01 +1.5113e+00 -1.3279e-01 +2.7018e+00 +1.6496e+00 -1.7444e-01 -7.6681e-01 +2.2625e+00 -2.0304e+00 -1.1830e+00 -1.5439e+00
1280 0 +2.698459839e+00 -6.516154016e+01 -6.516154016e+01 +1.6211e+00 +5.4939e-01 -2.0189e-01 +5.9192e-02 -1.5378e+00 -2.2998e+00 +1.2394e+00 -8.7931e-01 -1.1115e+00 -2.1091e+00
2230 0 +2.619753530e+00 -6.524024647e+01 -6.524024647e+01 -2.2075e+00 +2.1065e+00 -3.7040e-01 +1.8057e+00 -2.2677e+00 -2.0079e+00 +1.6105e+00 -6.7953e-01 -1.0447e+00 -1.5335e+00
4352 0 +2.553806203e+00 -6.530619380e+01 -6.530619380e+01 +1.4116e+00 -1.6429e-01 +6.6009e-01 +6.6091e-01 -1.7066e+00 -2.3522e-01 +8.1957e-01 -1.0052e+00 -2.0156e+00 -1.8326e+00
4706 0 +2.212823412e+00 -6.564717659e+01 -6.564717659e+01 -2.1568e+00 +4.1381e-01 +2.3926e+00 +1.1913e+00 -2.3139e+00 -9.1180e-01 +8.3610e-01 -9.3983e-01 -2.3518e+00 -1.2133e+00
8931 0 +1.858596638e+00 -6.600140336e+01 -6.600140336e+01 -2.0667e+00 +2.2258e+00 +2.0495e+00 +1.4862e+00 -9.1517e-01 -4.9225e-01 +2.5491e+00 -2.0137e+00 -1.2366e+00 -1.6206e+00
11958 0 +1.750305768e+00 -6.610969423e+01 -6.610969423e+01 +1.4550e+00 -1.1576e-01 +1.7628e+00 +1.4159e+00 -1.6542e+00 -3.2280e-01 +2.4838e+00 -1.3211e+00 -9.8209e-01 -2.3688e+00
12494 0 +1.727163788e+00 -6.613283621e+01 -6.613283621e+01 +1.5398e+00 -7.1524e-02 -2.0054e-01 -4.6128e-01 -1.9658e+00 -2.0527e-01 +2.5725e+00 -8.4777e-01 -1.1090e+00 -2.3922e+00
13015 0 +1.500255839e+00 -6.635974416e+01 -6.635974416e+01 +1.4505e+00 -1.2499e-01 +2.7400e+00 +1.9260e+00 -1.0944e+00 -4.5725e-01 +2.5850e+00 -1.1758e+00 -1.0437e+00 -2.3889e+00
13628 0 +1.210124967e+00 -6.664987503e+01 -6.664987503e+01 +1.6557e+00 -9.7778e-02 -1.5398e-01 +1.1030e-01 -4.4541e-01 -5.9585e-01 +2.5076e+00 -5.1404e-01 -1.1754e+00 -2.3450e+00
23632 0 +1.210124967e+00 -6.664987503e+01 -6.664987503e+01 +1.6557e+00 -9.7778e-02 -1.5398e-01 +1.1030e-01 -4.4541e-01 -5.9585e-01 +2.5076e+00 -5.1404e-01 -1.1754e+00 -2.3450e+00
% f evaluations | g evaluations | best noise-free fitness - Fopt (-2.329000000000e+01) + sum g_i+ | measured fitness | best measured fitness or single-digit g-values | x1 | x2...
1 0 +1.033747614e+04 +1.031418614e+04 +1.031418614e+04 +0.0000e+00 +0.0000e+00 +0.0000e+00 +0.0000e+00 +0.0000e+00 +0.0000e+00 +0.0000e+00 +0.0000e+00 +0.0000e+00 +0.0000e+00
20 0 +8.986760575e+03 +8.963470575e+03 +8.963470575e+03 +1.0519e+00 -2.7209e+00 -1.1114e-01 -8.0589e-01 +1.7139e+00 +4.4459e+00 -1.2060e+00 +4.7300e-01 +2.1335e+00 -3.9559e-01
32 0 +7.100597151e+03 +7.077307151e+03 +7.077307151e+03 -1.5345e+00 -9.7960e-02 +5.0236e-01 -1.0050e+00 -1.2179e+00 -2.6562e-01 +1.3494e+00 +7.3961e-01 +1.4405e+00 +9.2829e-01
37 0 +6.675787595e+03 +6.652497595e+03 +6.652497595e+03 -1.5163e+00 +3.3008e+00 -1.1741e+00 +1.8545e+00 -2.5310e+00 -1.0462e+00 +3.0206e-01 +3.5023e+00 -3.9605e-01 +2.6745e+00
55 0 +4.467452683e+03 +4.444162683e+03 +4.444162683e+03 +4.4131e-01 +1.2591e+00 +1.6155e+00 +2.7768e+00 -1.2436e+00 +1.4142e+00 -5.1996e-01 +1.0755e+00 +2.0442e-02 +2.7004e+00
65 0 +1.921591623e+03 +1.898301623e+03 +1.898301623e+03 -2.7739e+00 +4.1953e+00 -1.7141e+00 -3.8541e+00 +2.1996e+00 +3.0882e+00 -9.0524e-01 +4.7925e-01 +6.4194e-01 +1.9848e+00
151 0 +1.715534986e+03 +1.692244986e+03 +1.692244986e+03 -6.4260e-02 -1.3959e+00 +6.7585e-01 -3.1966e-01 +5.0788e-01 +5.9936e-01 +5.8704e-01 +2.5238e+00 +8.1037e-01 +9.4011e-01
282 0 +6.408449198e+02 +6.175549198e+02 +6.175549198e+02 +7.7745e-01 +3.7924e+00 +5.8996e-01 -2.8881e+00 -1.2018e+00 +2.3431e+00 +2.2005e-01 +7.6843e-01 +2.7240e+00 +5.1371e-01
286 0 +6.016551479e+02 +5.783651479e+02 +5.783651479e+02 -2.3316e+00 +3.5673e+00 +1.5392e+00 -8.1023e-01 -8.0029e-01 +9.6798e-01 +3.1545e-01 +2.2634e+00 +1.6314e+00 +1.1670e+00
307 0 +5.867886972e+02 +5.634986972e+02 +5.634986972e+02 -1.7248e-01 +3.0172e-01 -1.8208e+00 -6.0168e-01 -5.1838e-01 +2.3336e+00 -7.1537e-01 +2.4967e+00 +2.1335e+00 +4.5189e-01
320 0 +2.232955239e+02 +2.000055239e+02 +2.000055239e+02 -7.6098e-01 -4.8482e-01 -6.5698e-01 -7.3410e-01 -4.3246e-01 +2.0118e+00 -1.5693e+00 +2.7030e+00 +2.0245e+00 +2.1756e+00
393 0 +1.520387515e+02 +1.287487515e+02 +1.287487515e+02 -4.6059e-01 +3.2435e+00 -1.9244e+00 +1.5145e-01 +3.7236e-01 +1.7330e+00 -3.6042e-01 +2.2471e+00 +1.0912e+00 +8.4159e-01
416 0 +4.220519795e+00 -1.906948020e+01 -1.906948020e+01 -5.9787e-01 +1.2331e+00 -1.2786e+00 -4.3903e-01 -5.3212e-01 +1.0518e+00 -1.7161e+00 +6.5741e-01 +1.5134e+00 +1.2926e+00
490 0 +3.448851121e+00 -1.984114888e+01 -1.984114888e+01 -4.7241e-02 +2.4257e+00 -2.1064e-02 +2.9686e-02 -4.7876e-01 +2.0459e+00 -6.0296e-01 +1.0031e+00 +1.7910e+00 +1.7839e+00
779 0 +3.078194149e+00 -2.021180585e+01 -2.021180585e+01 -7.4861e-01 -5.3478e-02 +1.8855e+00 +2.9286e-01 -1.0079e+00 +7.7299e-01 -7.9913e-01 +2.3281e+00 +2.0531e+00 +1.4689e+00
1098 0 +2.764633457e+00 -2.052536654e+01 -2.052536654e+01 -1.5111e+00 +1.2254e+00 +6.1791e-01 -1.4763e-02 -2.6663e+00 -1.3012e-02 -1.2000e+00 +1.8783e+00 +2.0429e+00 +2.0508e+00
2379 0 +2.494606183e+00 -2.079539382e+01 -2.079539382e+01 +1.8020e+00 -9.4781e-01 -2.1203e-02 -1.2237e+00 -1.9890e-01 +2.6237e+00 -1.5006e+00 +1.7640e+00 +2.2803e+00 +1.2503e+00
4269 0 +2.092269610e+00 -2.119773039e+01 -2.119773039e+01 +2.0711e+00 +4.5967e-02 +2.6475e+00 -1.8949e+00 -3.2743e-02 +6.2257e-01 -8.4992e-01 +1.5441e+00 +1.3372e+00 +1.1522e+00
6362 0 +1.756606962e+00 -2.153339304e+01 -2.153339304e+01 +2.1097e+00 +1.2453e+00 +8.2097e-01 -1.6729e+00 -1.9707e+00 +2.6230e-01 -8.6840e-01 +2.4035e+00 +2.0174e+00 +2.1286e+00
15676 0 +1.466158452e+00 -2.182384155e+01 -2.182384155e+01 +1.9696e+00 +2.1271e+00 +2.1160e+00 -2.0641e+00 -2.0918e+00 +2.0525e+00 -2.0109e+00 +2.1988e+00 +1.4987e+00 +1.4664e+00
20416 0 +1.382060422e+00 -2.190793958e+01 -2.190793958e+01 +2.0143e+00 +2.2086e+00 -6.7001e-01 -2.0979e-01 -1.8219e+00 +2.1476e+00 -1.5476e+00 +2.2393e+00 +7.6366e-01 +1.2761e+00
20484 0 +1.173015906e+00 -2.211698409e+01 -2.211698409e+01 +2.0634e+00 +2.1547e+00 -7.4864e-01 -3.5331e-01 -1.4428e+00 +2.2845e+00 -1.5038e+00 +2.2491e+00 +7.7101e-01 +1.3107e+00
25173 0 +8.947053323e-01 -2.239529467e+01 -2.239529467e+01 +2.1157e+00 +2.1181e+00 -7.2859e-01 -4.3357e-01 -3.1381e-01 +6.7942e-01 -7.5218e-01 +2.4767e+00 +7.0779e-01 +2.4545e+00
34023 0 +8.947053323e-01 -2.239529467e+01 -2.239529467e+01 +2.1157e+00 +2.1181e+00 -7.2859e-01 -4.3357e-01 -3.1381e-01 +6.7942e-01 -7.5218e-01 +2.4767e+00 +7.0779e-01 +2.4545e+00
% f evaluations | g evaluations | best noise-free fitness - Fopt (-1.028000000000e+01) + sum g_i+ | measured fitness | best measured fitness or single-digit g-values | x1 | x2...
1 0 +1.033747614e+04 +1.032719614e+04 +1.032719614e+04 +0.0000e+00 +0.0000e+00 +0.0000e+00 +0.0000e+00 +0.0000e+00 +0.0000e+00 +0.0000e+00 +0.0000e+00 +0.0000e+00 +0.0000e+00
33 0 +5.052430493e+03 +5.042150493e+03 +5.042150493e+03 +2.2696e+00 +5.2230e+00 +5.3588e-01 -6.0175e-02 -3.1053e-01 -8.1007e-01 +3.0654e+00 +5.0966e-01 +1.3863e+00 -1.4244e+00
146 0 +4.963301716e+03 +4.953021716e+03 +4.953021716e+03 -4.4551e+00 -1.8785e-01 -2.4645e+00 -3.5333e+00 -2.2656e+00 +5.4031e-01 +3.2175e+00 +8.4676e-01 +2.4289e+00 -1.9184e+00
162 0 +2.906371217e+03 +2.896091217e+03 +2.896091217e+03 -8.9264e-01 -1.3343e+00 +5.7217e-01 -3.0353e+00 +3.5399e-01 +1.1113e+00 +1.2513e+00 -9.9321e-01 +2.1842e+00 -1.5773e+00
205 0 +1.699096235e+03 +1.688816235e+03 +1.688816235e+03 +2.8096e+00 +2.8328e+00 -8.4265e-01 +2.5096e-01 -1.8277e+00 +2.3922e-02 +1.5599e+00 +3.2990e-01 +7.2109e-01 -2.2472e+00
290 0 +5.981091062e+02 +5.878291062e+02 +5.878291062e+02 -1.5312e+00 +1.3858e+00 -2.0433e+00 -2.8867e+00 +1.1229e+00 -1.5280e+00 +8.6018e-01 -1.9395e+00 +1.3214e+00 -6.6834e-01
335 0 +4.205679284e+02 +4.102879284e+02 +4.102879284e+02 -2.2467e+00 +2.2161e-02 -1.7176e+00 -2.7493e-01 -6.7363e-01 -1.9242e+00 +1.0041e+00 -1.8659e+00 +2.1516e+00 -5.8071e-01
535 0 +1.614877012e+02 +1.512077012e+02 +1.512077012e+02 +1.0072e+00 +3.2216e+00 -1.3543e+00 +2.3708e-01 -1.6900e+00 -1.7097e+00 +3.3415e-01 -2.8136e+00 +1.6172e+00 -2.1707e+00
536 0 +5.174532153e+00 -5.105467847e+00 -5.105467847e+00 +6.3345e-01 -7.8669e-01 -4.2893e-01 +1.3957e-01 -1.1573e+00 -7.3592e-01 +1.3579e+00 -1.0837e+00 +1.4116e+00 -1.5081e+00
732 0 +2.932783811e+00 -7.347216189e+00 -7.347216189e+00 +2.3535e+00 +5.6255e-01 -3.6350e-01 -1.6580e+00 -1.7954e+00 -2.2310e+00 +1.4840e+00 -1.5664e+00 +2.2955e+00 -2.0815e+00
1589 0 +2.723392473e+00 -7.556607527e+00 -7.556607527e+00 +9.4243e-01 +1.3958e+00 -4.1451e-02 -2.6499e+00 -1.2327e+00 -2.2343e+00 +2.0326e+00 -1.5563e+00 +1.2458e+00 -1.6633e+00
2831 0 +2.686233729e+00 -7.593766271e+00 -7.593766271e+00 -1.3255e+00 -2.2587e-01 +1.7983e+00 +2.7710e-01 -1.0226e+00 -1.2910e+00 +1.7669e+00 -1.7360e+00 +1.6045e+00 -1.3730e+00
3222 0 +2.544088351e+00 -7.735911649e+00 -7.735911649e+00 +9.7931e-01 +1.3067e+00 +1.3973e+00 -1.6170e+00 -4.5946e-02 -1.0780e+00 +1.9296e+00 -6.1285e-01 +2.0986e+00 -9.4425e-01
4933 0 +2.328416872e+00 -7.951583128e+00 -7.951583128e+00 +1.0027e+00 +1.1480e+00 -4.2309e-01 -2.0210e+00 -1.5766e+00 -1.6883e+00 +1.7270e+00 -1.6965e+00 +2.2610e+00 -2.0847e+00
5837 0 +2.156003203e+00 -8.123996797e+00 -8.123996797e+00 +9.8673e-01 +2.5110e+00 -9.1211e-01 -1.3126e+00 -1.7450e+00 -2.1269e+00 +1.6140e+00 -1.1588e+00 +2.2846e+00 -2.0147e+00
6688 0 +2.126415361e+00 -8.153584639e+00 -8.153584639e+00 -1.5371e+00 +2.8221e+00 +1.0621e+00 +1.1254e-01 -4.5153e-01 -1.4817e+00 +1.1417e+00 -1.1915e+00 +2.3644e+00 -2.0490e+00
6941 0 +2.068642187e+00 -8.211357813e+00 -8.211357813e+00 +1.0396e+00 +2.3748e+00 +2.0051e+00 -9.0976e-01 -1.1285e+00 -1.1564e+00 +1.8802e+00 -1.0829e+00 +2.3947e+00 -2.0544e+00
7212 0 +1.915590975e+00 -8.364409025e+00 -8.364409025e+00 -5.8023e-01 +2.7531e+00 +1.2709e+00 -2.3721e+00 -1.1181e+00 -4.6638e-01 +2.0468e+00 -6.8152e-01 +2.4233e+00 -2.0031e+00
7313 0 +1.855484446e+00 -8.424515554e+00 -8.424515554e+00 +1.0508e+00 +2.3459e+00 +2.1779e+00 -2.1305e+00 -2.0599e+00 -4.2610e-01 +1.8215e+00 -6.3075e-01 +2.4590e+00 -2.0521e+00
7906 0 +1.595561338e+00 -8.684438662e+00 -8.684438662e+00 +2.2263e+00 +2.1813e+00 +3.6371e-01 -2.6778e+00 -2.0050e+00 -2.0736e-01 +2.4306e+00 -6.1756e-01 +2.5124e+00 -2.0090e+00
10768 0 +1.472880136e+00 -8.807119864e+00 -8.807119864e+00 -5.7704e-01 +2.6981e+00 +2.0659e+00 -2.0929e+00 +5.7931e-02 -1.7746e+00 +1.6708e+00 -7.9859e-01 +2.4284e+00 -2.0478e+00
12570 0 +1.276771137e+00 -9.003228863e+00 -9.003228863e+00 -1.3860e+00 +2.9742e+00 +1.9522e+00 +2.3739e-01 -2.7173e+00 -9.7715e-01 +1.0923e+00 -9.0053e-01 +2.4231e+00 -2.0393e+00
18439 0 +1.097383932e+00 -9.182616068e+00 -9.182616068e+00 -1.4390e+00 +2.9957e+00 -8.7959e-01 -9.0419e-01 -2.3490e+00 -1.9573e+00 +4.5281e-01 -1.0446e+00 +2.3845e+00 -2.0586e+00
19512 0 +1.076166141e+00 -9.203833859e+00 -9.203833859e+00 -1.4609e+00 +2.9383e+00 -8.4605e-01 -2.7837e+00 -1.7950e+00 -1.6352e+00 +5.4410e-01 -1.0152e+00 +2.3535e+00 -2.0283e+00
19783 0 +8.707743063e-01 -9.409225694e+00 -9.409225694e+00 -1.5713e+00 +2.9638e+00 -9.2283e-01 -2.9293e+00 -1.2905e+00 -2.2656e+00 +3.5927e-01 -1.0560e+00 +2.3783e+00 -2.0239e+00
20133 0 +8.084465716e-01 -9.471553428e+00 -9.471553428e+00 -1.4987e+00 +2.8798e+00 -9.0931e-01 -2.8448e+00 -1.8102e+00 -2.1900e+00 +4.0761e-01 -1.0749e+00 +2.3389e+00 -2.0196e+00
20154 0 +7.856586566e-01 -9.494341343e+00 -9.494341343e+00 -1.6028e+00 +2.8925e+00 -9.2357e-01 -2.8276e+00 -1.9630e+00 -2.1860e+00 +3.8260e-01 -1.0972e+00 +2.3370e+00 -2.0426e+00
20339 0 +7.711535143e-01 -9.508846486e+00 -9.508846486e+00 -1.5547e+00 +2.9448e+00 -8.7289e-01 -2.8456e+00 -1.8793e+00 -2.1484e+00 +3.8257e-01 -1.0798e+00 +2.3061e+00 -2.0915e+00
21264 0 +7.419984339e-01 -9.538001566e+00 -9.538001566e+00 -1.5067e+00 +3.0326e+00 -9.0377e-01 -2.8592e+00 -1.2518e+00 -2.3301e+00 +3.7307e-01 -1.0700e+00 +2.3523e+00 -2.0189e+00
21316 0 +7.349587605e-01 -9.545041240e+00 -9.545041240e+00 -1.5003e+00 +3.0317e+00 -9.4442e-01 -2.8637e+00 -1.2415e+00 -2.3156e+00 +3.7927e-01 -1.0746e+00 +2.3768e+00 -2.0525e+00
21467 0 +7.238843518e-01 -9.556115648e+00 -9.556115648e+00 -1.5007e+00 +3.0028e+00 -9.3204e-01 -2.8596e+00 -1.2553e+00 -2.3124e+00 +3.5605e-01 -1.0498e+00 +2.3634e+00 -2.0235e+00
21602 0 +7.077792395e-01 -9.572220761e+00 -9.572220761e+00 -1.5244e+00 +3.0238e+00 -9.1736e-01 -2.8498e+00 -1.2629e+00 -2.3253e+00 +3.6157e-01 -1.0458e+00 +2.3688e+00 -2.0371e+00
22609 0 +6.911837975e-01 -9.588816203e+00 -9.588816203e+00 -1.5140e+00 +3.0099e+00 -9.2190e-01 -2.8626e+00 -1.2672e+00 -2.3121e+00 +3.7545e-01 -1.0597e+00 +2.3655e+00 -2.0392e+00
28791 0 +6.908930079e-01 -9.589106992e+00 -9.589106992e+00 -1.5126e+00 +3.0092e+00 -9.2212e-01 -2.8616e+00 -1.2648e+00 -2.3149e+00 +3.7326e-01 -1.0603e+00 +2.3660e+00 -2.0396e+00
% f evaluations | g evaluations | best noise-free fitness - Fopt (1.799700000000e+02) + sum g_i+ | measured fitness | best measured fitness or single-digit g-values | x1 | x2...
1 0 +1.033747614e+04 +1.051744614e+04 +1.051744614e+04 +0.0000e+00 +0.0000e+00 +0.0000e+00 +0.0000e+00 +0.0000e+00 +0.0000e+00 +0.0000e+00 +0.0000e+00 +0.0000e+00 +0.0000e+00
27 0 +9.632039883e+03 +9.812009883e+03 +9.812009883e+03 +1.0234e+00 +5.1113e+00 -1.0319e+00 -1.2079e+00 +3.3384e+00 +2.7879e+00 +3.6259e+00 +7.4625e-01 -2.6156e-01 +6.0627e-01
28 0 +6.213048243e+03 +6.393018243e+03 +6.393018243e+03 +1.9137e+00 +3.5809e+00 -1.8655e-01 +1.6050e+00 +3.6542e+00 +3.1912e+00 +2.0955e+00 +5.0455e-01 -1.9926e+00 +3.0188e+00
45 0 +3.879725053e+03 +4.059695053e+03 +4.059695053e+03 +9.1221e-01 +3.5152e+00 -6.7782e-01 -1.8666e+00 +1.4000e+00 +2.1462e+00 +1.3836e+00 -2.7289e-01 -2.5330e+00 +2.5440e+00
154 0 +2.984554528e+03 +3.164524528e+03 +3.164524528e+03 -2.5141e+00 -3.4171e-01 -3.0476e-01 +1.8331e-01 +4.4587e+00 -4.1512e-01 +2.4330e+00 +1.8020e+00 -1.4290e+00 +1.3590e+00
164 0 +9.374584984e+02 +1.117428498e+03 +1.117428498e+03 +2.3477e-01 +2.2722e+00 -1.3130e+00 -1.2181e+00 +2.9115e+00 +1.0930e+00 +2.1423e+00 +1.8854e+00 -1.4482e+00 +2.0475e+00
394 0 +5.154299452e+02 +6.953999452e+02 +6.953999452e+02 -5.9806e-01 -2.4610e+00 -2.3545e-01 +3.7732e-02 +1.5780e-01 +1.1834e+00 +2.5583e+00 +9.5446e-01 -5.6019e-01 +1.4215e+00
411 0 +2.923595358e+02 +4.723295358e+02 +4.723295358e+02 +5.5618e-01 -2.0282e+00 +1.4564e-01 +2.4037e+00 +1.5556e+00 +2.4518e+00 +1.6176e+00 +1.9039e+00 -7.9651e-01 +1.2297e+00
463 0 +4.136441589e+00 +1.841064416e+02 +1.841064416e+02 +7.3701e-01 -2.2589e-01 +2.2757e+00 +2.7870e-01 +3.4106e-01 +1.6715e+00 +1.3575e+00 +5.7092e-01 -1.9983e+00 +1.7831e+00
727 0 +3.568216225e+00 +1.835382162e+02 +1.835382162e+02 -1.1765e+00 +8.4600e-02 +2.7494e+00 +1.5667e+00 +2.1840e+00 +9.5646e-01 +9.8096e-01 +1.9934e+00 -1.7749e+00 +1.6263e+00
728 0 +3.007297692e+00 +1.829772977e+02 +1.829772977e+02 +5.2147e-01 +3.8564e-01 +2.3774e+00 +3.2473e-01 +8.1471e-01 +5.5870e-01 +1.2343e+00 +8.2412e-01 -7.6756e-01 +2.3240e+00
835 0 +2.907352117e+00 +1.828773521e+02 +1.828773521e+02 -1.8060e+00 -7.1334e-01 +1.9215e+00 +1.4209e+00 +2.7242e-02 +1.1578e+00 +2.2781e+00 +5.0756e-01 -1.8060e+00 +1.8028e+00
858 0 +2.688857285e+00 +1.826588573e+02 +1.826588573e+02 -1.0089e+00 -4.3705e-01 +1.2286e+00 +2.3526e+00 +1.9539e+00 +1.0112e+00 +7.4534e-01 +1.4032e+00 -1.8944e+00 +2.2030e+00
1436 0 +2.606433006e+00 +1.825764330e+02 +1.825764330e+02 -1.0744e+00 +1.1594e+00 +2.2641e+00 +1.9042e+00 +2.0784e+00 +8.7159e-01 +1.7362e+00 +1.7719e+00 -1.8261e+00 +2.1410e+00
2525 0 +2.527178648e+00 +1.824971786e+02 +1.824971786e+02 -1.1085e+00 +1.3929e+00 +1.4457e+00 -2.9549e-01 +4.2418e-01 +1.1154e+00 +1.2782e+00 +1.9384e+00 -2.1669e+00 +1.7516e+00
5448 0 +2.291678041e+00 +1.822616780e+02 +1.822616780e+02 -7.3622e-02 +1.1741e+00 -4.1904e-01 +2.4669e+00 +1.2788e+00 +3.8901e-01 +1.9884e+00 +2.1096e+00 -2.0976e+00 +2.0778e+00
5531 0 +2.218421169e+00 +1.821884212e+02 +1.821884212e+02 +8.1106e-02 +1.2641e+00 -4.6397e-01 +2.6917e+00 +1.9644e+00 +2.1483e-01 +1.8421e+00 +2.1288e+00 -2.0590e+00 +1.5950e+00
9959 0 +2.046392312e+00 +1.820163923e+02 +1.820163923e+02 +7.4008e-01 +2.6650e+00 +1.8403e+00 +2.1574e+00 +2.1627e+00 +1.9929e+00 +1.6676e+00 +1.0031e+00 -1.7457e+00 +2.1545e+00
9969 0 +1.994497249e+00 +1.819644972e+02 +1.819644972e+02 -6.4581e-02 +2.6043e+00 +2.0541e+00 +2.1049e+00 +2.2000e+00 +1.9969e+00 +1.6691e+00 +9.1850e-01 -1.7412e+00 +2.1674e+00
10805 0 +1.927086890e+00 +1.818970869e+02 +1.818970869e+02 -1.0974e+00 +2.3160e+00 +2.0151e+00 +2.1650e+00 +4.1998e-01 +2.0427e+00 +1.2481e+00 +8.8425e-01 -1.7851e+00 +2.2143e+00
11241 0 +1.853662293e+00 +1.818236623e+02 +1.818236623e+02 +6.1278e-01 +2.6489e+00 +1.8982e+00 +2.2016e+00 +2.1551e-02 +1.1835e+00 +6.5719e-01 +9.0450e-01 -1.7624e+00 +2.1679e+00
11861 0 +1.796400203e+00 +1.817664002e+02 +1.817664002e+02 +1.8474e-01 +2.7201e+00 +1.8103e+00 +2.2395e+00 +2.1066e+00 +1.5767e+00 +1.7368e+00 +1.4285e+00 -1.9167e+00 +2.1763e+00
12052 0 +1.414884286e+00 +1.813848843e+02 +1.813848843e+02 -2.6786e-01 +2.6106e+00 +1.9903e+00 +2.1213e+00 -8.2048e-02 +2.6700e+00 +1.5150e+00 +1.5174e+00 -1.8917e+00 +2.1594e+00
14005 0 +1.289035984e+00 +1.812590360e+02 +1.812590360e+02 -9.9988e-01 +2.4872e+00 +2.0741e+00 +2.1226e+00 +2.0841e+00 +2.2156e+00 +1.2816e+00 +2.3080e+00 -1.3876e+00 +2.2974e+00
14486 0 +1.182236184e+00 +1.811522362e+02 +1.811522362e+02 -8.2568e-01 +2.4847e+00 +1.9874e+00 +2.2055e+00 +2.0234e+00 +2.1502e+00 +8.6947e-01 +2.3905e+00 -1.6829e+00 +2.1807e+00
14503 0 +1.162549420e+00 +1.811325494e+02 +1.811325494e+02 -9.1353e-01 +2.4120e+00 +1.9134e+00 +2.2161e+00 +2.0412e+00 +2.1413e+00 +8.9513e-01 +2.3827e+00 -1.5981e+00 +2.2108e+00
14677 0 +8.024490092e-01 +1.807724490e+02 +1.807724490e+02 -9.6883e-01 +2.4824e+00 +1.8761e+00 +2.1840e+00 +2.0708e+00 +2.1000e+00 +3.4291e-01 +2.5344e+00 -1.9688e+00 +2.1724e+00
15387 0 +7.893803024e-01 +1.807593803e+02 +1.807593803e+02 -2.1137e+00 +2.2223e+00 +2.0647e+00 +2.1308e+00 +2.1719e+00 +2.1317e+00 +4.3493e-01 +2.5922e+00 -1.5411e+00 +2.2323e+00
15517 0 +7.191296778e-01 +1.806891297e+02 +1.806891297e+02 -1.0992e+00 +2.3882e+00 +1.9968e+00 +2.1503e+00 +2.1412e+00 +2.0620e+00 +4.2386e-01 +2.5207e+00 -1.5749e+00 +2.2500e+00
17073 0 +7.050857221e-01 +1.806750857e+02 +1.806750857e+02 -2.9305e-01 +2.5462e+00 +1.9909e+00 +2.1400e+00 +2.1050e+00 +2.1097e+00 +4.1580e-01 +2.5170e+00 -1.6125e+00 +2.2291e+00
17860 0 +6.918203624e-01 +1.806618204e+02 +1.806618204e+02 -3.3491e-01 +2.5496e+00 +1.9939e+00 +2.1313e+00 +2.0988e+00 +2.1061e+00 +4.2398e-01 +2.5257e+00 -1.6076e+00 +2.2265e+00
23696 0 +6.909259094e-01 +1.806609259e+02 +1.806609259e+02 -3.2774e-01 +2.5491e+00 +1.9938e+00 +2.1326e+00 +2.0979e+00 +2.1066e+00 +4.2533e-01 +2.5247e+00 -1.6097e+00 +2.2286e+00
% f evaluations | g evaluations | best noise-free fitness - Fopt (8.376000000000e+01) + sum g_i+ | measured fitness | best measured fitness or single-digit g-values | x1 | x2...
1 0 +1.033747614e+04 +1.042123614e+04 +1.042123614e+04 +0.0000e+00 +0.0000e+00 +0.0000e+00 +0.0000e+00 +0.0000e+00 +0.0000e+00 +0.0000e+00 +0.0000e+00 +0.0000e+00 +0.0000e+00
24 0 +9.126175970e+03 +9.209935970e+03 +9.209935970e+03 -5.5809e+00 +1.6742e+00 -3.8251e+00 -1.8339e+00 +1.6449e+00 +9.2470e-01 +1.7627e+00 +7.4213e-01 -2.0960e+00 +1.2317e+00
27 0 +6.660087251e+03 +6.743847251e+03 +6.743847251e+03 +6.4848e-01 -3.1285e-01 +6.2950e-01 +1.7792e+00 +1.0759e+00 -6.3410e-01 +3.7063e+00 -6.5669e-01 -1.4319e+00 +6.4146e-01
34 0 +3.426824730e+03 +3.510584730e+03 +3.510584730e+03 +2.6444e+00 -1.2740e+00 +3.0593e-01 +1.2222e+00 +1.2965e+00 +1.8499e+00 +2.1411e+00 -2.4680e-01 -1.0851e+00 +1.1911e+00
35 0 +1.580112560e+03 +1.663872560e+03 +1.663872560e+03 -1.8590e+00 -2.9840e-01 -9.7403e-01 -1.6193e+00 -1.0106e-01 -5.3020e-01 +6.7928e-01 +1.1996e+00 -1.5272e-01 +1.5566e+00
85 0 +1.067675499e+03 +1.151435499e+03 +1.151435499e+03 +4.7653e-01 -5.3090e-01 -6.8501e-01 +8.8594e-01 -7.0080e-01 -7.1958e-01 +1.8582e+00 +2.6177e-01 -1.8103e+00 +1.0764e+00
91 0 +8.520307445e+02 +9.357907445e+02 +9.357907445e+02 +3.0143e+00 +4.8157e-01 +1.3630e+00 +9.2887e-01 -1.2193e+00 -3.2663e-01 +3.4950e+00 +3.4607e-01 -1.3396e+00 +9.1181e-01
266 0 +7.506029877e+02 +8.343629877e+02 +8.343629877e+02 +2.4110e+00 -1.9533e+00 +3.6278e+00 -1.3056e-01 -8.1715e-01 +1.8864e+00 +1.4191e+00 +4.2875e-01 -2.7951e+00 +1.2267e+00
278 0 +3.175314433e+02 +4.012914433e+02 +4.012914433e+02 +5.0334e-01 -6.3543e-01 +1.4041e+00 -1.9492e+00 +6.2744e-01 +1.8449e+00 +7.2464e-01 +1.1777e+00 -1.0814e+00 +2.7657e+00
291 0 +7.810279134e+01 +1.618627913e+02 +1.618627913e+02 +1.1575e+00 +5.0540e-01 -1.0285e+00 -6.7533e-01 +5.5779e-01 +1.7921e+00 +6.3151e-02 +2.6179e+00 -1.3890e+00 +1.7199e+00
308 0 +3.096635028e+00 +8.685663503e+01 +8.685663503e+01 -2.0311e+00 +2.1108e+00 +1.4559e+00 -2.1762e+00 +5.6339e-01 +7.4349e-01 +7.5667e-01 +2.2734e+00 -1.3236e+00 +1.6531e+00
1026 0 +2.979551066e+00 +8.673955107e+01 +8.673955107e+01 -1.4515e-01 -6.6110e-01 +2.8447e+00 +8.0420e-01 -1.5303e+00 +4.6491e-01 +8.3928e-01 +2.4297e+00 -1.4163e+00 +1.3536e+00
1678 0 +2.687998589e+00 +8.644799859e+01 +8.644799859e+01 -1.0362e+00 +1.3082e+00 +1.4044e+00 -3.7011e-01 -3.8429e-01 +1.8240e+00 +1.4059e+00 +8.3787e-01 -2.1131e+00 +2.1200e+00
3667 0 +2.096609444e+00 +8.585660944e+01 +8.585660944e+01 -1.1257e+00 +2.4130e+00 +6.4727e-01 -1.4848e-02 -2.5039e+00 +1.3896e+00 +1.6759e+00 +1.7776e+00 -2.2365e+00 +9.0103e-01
6363 0 +2.034779275e+00 +8.579477928e+01 +8.579477928e+01 -1.9202e+00 -1.1193e+00 +8.0136e-01 -8.8670e-01 -8.1353e-01 +5.2601e-01 +1.9475e+00 +2.1114e+00 -2.1227e+00 +1.7864e+00
7667 0 +1.937572004e+00 +8.569757200e+01 +8.569757200e+01 -9.7645e-01 -9.4119e-01 +5.6922e-02 -7.5644e-01 -2.4897e+00 +2.0632e+00 +1.7146e+00 +2.1669e+00 -2.0383e+00 +1.5886e+00
7923 0 +1.694455063e+00 +8.545445506e+01 +8.545445506e+01 -8.5939e-01 -8.8993e-01 +2.0249e+00 -2.1743e+00 -7.8807e-01 +2.4502e+00 +1.9810e+00 +2.1916e+00 -2.0970e+00 +1.5459e+00
8619 0 +1.325025519e+00 +8.508502552e+01 +8.508502552e+01 +6.7767e-01 -3.8958e-01 +1.8560e+00 -3.5826e-01 -2.6252e+00 +2.0160e+00 +2.0903e+00 +2.1427e+00 -2.1046e+00 +9.3539e-01
10093 0 +1.278154685e+00 +8.503815468e+01 +8.503815468e+01 +1.4590e+00 -7.7335e-02 -1.9675e-01 -2.3924e-01 -1.5439e+00 +2.2347e+00 +2.1063e+00 +2.1197e+00 -2.1238e+00 +1.7272e+00
10838 0 +1.056856466e+00 +8.481685647e+01 +8.481685647e+01 +1.6516e+00 -1.6886e-01 -9.5643e-02 -2.4156e-01 -1.9022e+00 +2.0752e+00 +2.1318e+00 +2.1487e+00 -2.1108e+00 +2.1228e+00
11016 0 +1.016161530e+00 +8.477616153e+01 +8.477616153e+01 +1.4200e+00 -3.1099e-01 -1.1112e-01 -2.5868e+00 -1.9045e+00 +2.1790e+00 +2.1760e+00 +2.1311e+00 -2.0797e+00 +9.4968e-01
11501 0 +9.132489215e-01 +8.467324892e+01 +8.467324892e+01 +1.5183e+00 -2.2299e-01 -2.3200e-01 -2.7675e+00 -1.9716e+00 +2.1199e+00 +2.0879e+00 +2.1430e+00 -2.1393e+00 +1.7370e+00
11663 0 +5.819451895e-01 +8.434194519e+01 +8.434194519e+01 +1.4970e+00 -2.0608e-01 -9.1939e-02 -2.6246e+00 -2.0350e+00 +2.1008e+00 +2.0712e+00 +2.1133e+00 -2.1035e+00 +9.5815e-01
12920 0 +5.473253817e-01 +8.430732538e+01 +8.430732538e+01 +1.4962e+00 -2.6393e-01 -7.0771e-02 -2.6271e+00 -1.9146e+00 +2.1236e+00 +2.0949e+00 +2.1094e+00 -2.1173e+00 +2.0675e+00
12966 0 +5.284525079e-01 +8.428845251e+01 +8.428845251e+01 +1.6210e+00 -1.9800e-01 -1.9448e-01 -2.6379e+00 -1.9723e+00 +2.1411e+00 +2.0905e+00 +2.0853e+00 -2.1149e+00 +2.1198e+00
13096 0 +4.454532200e-01 +8.420545322e+01 +8.420545322e+01 +1.5257e+00 -2.1030e-01 -6.2490e-02 -2.6327e+00 -1.9663e+00 +2.1395e+00 +2.1138e+00 +2.0864e+00 -2.0850e+00 +2.0935e+00
13617 0 +4.264775476e-01 +8.418647755e+01 +8.418647755e+01 +1.5254e+00 -1.9707e-01 -1.4858e-01 -2.6518e+00 -1.9720e+00 +2.1423e+00 +2.1104e+00 +2.1282e+00 -2.0933e+00 +2.0828e+00
13941 0 +4.150794346e-01 +8.417507943e+01 +8.417507943e+01 +1.5259e+00 -1.5839e-01 -1.3755e-01 -2.6780e+00 -1.9567e+00 +2.1687e+00 +2.1086e+00 +2.1355e+00 -2.1064e+00 +2.1050e+00
14088 0 +4.032275338e-01 +8.416322753e+01 +8.416322753e+01 +1.5639e+00 -1.5272e-01 -1.5990e-01 -2.6850e+00 -1.9447e+00 +2.1482e+00 +2.0851e+00 +2.1137e+00 -2.1025e+00 +2.0856e+00
14101 0 +3.977591093e-01 +8.415775911e+01 +8.415775911e+01 +1.4825e+00 -1.4990e-01 -1.3387e-01 -2.6933e+00 -1.9522e+00 +2.1334e+00 +2.0950e+00 +2.1316e+00 -2.1013e+00 +2.1119e+00
14118 0 +3.833962070e-01 +8.414339621e+01 +8.414339621e+01 +1.5071e+00 -2.0343e-01 -1.3892e-01 -2.7008e+00 -1.9546e+00 +2.1493e+00 +2.1021e+00 +2.1130e+00 -2.0995e+00 +2.1114e+00
14184 0 +3.785011236e-01 +8.413850112e+01 +8.413850112e+01 +1.5107e+00 -1.8195e-01 -1.3414e-01 -2.6647e+00 -1.9606e+00 +2.1595e+00 +2.0903e+00 +2.1275e+00 -2.0884e+00 +2.1088e+00
14194 0 +3.707056314e-01 +8.413070563e+01 +8.413070563e+01 +1.5113e+00 -1.9281e-01 -1.4097e-01 -2.6603e+00 -1.9647e+00 +2.1576e+00 +2.0881e+00 +2.1137e+00 -2.0954e+00 +2.1031e+00
14704 0 +3.611279853e-01 +8.412112799e+01 +8.412112799e+01 +1.5338e+00 -1.7171e-01 -1.3522e-01 -2.6587e+00 -1.9628e+00 +2.1472e+00 +2.0997e+00 +2.1089e+00 -2.1056e+00 +2.1074e+00
21487 0 +3.553150039e-01 +8.411531500e+01 +8.411531500e+01 +1.5126e+00 -1.7388e-01 -1.2635e-01 -2.6626e+00 -1.9654e+00 +2.1397e+00 +2.0961e+00 +2.1070e+00 -2.1043e+00 +2.1050e+00
% f evaluations | g evaluations | best noise-free fitness - Fopt (-3.890100000000e+02) + sum g_i+ | measured fitness | best measured fitness or single-digit g-values | x1 | x2...
1 0 +1.033747614e+04 +9.948466136e+03 +9.948466136e+03 +0.0000e+00 +0.0000e+00 +0.0000e+00 +0.0000e+00 +0.0000e+00 +0.0000e+00 +0.0000e+00 +0.0000e+00 +0.0000e+00 +0.0000e+00
44 0 +3.727357009e+03 +3.338347009e+03 +3.338347009e+03 +5.7774e-01 +1.0350e+00 +1.0590e+00 -2.9491e+00 +6.5939e-01 +7.9532e-01 -3.7629e-01 +3.4887e+00 +5.7214e-01 -2.1689e+00
77 0 +3.785812859e+02 -1.042871411e+01 -1.042871411e+01 +1.9705e+00 +1.6642e-02 -7.7010e-01 +2.5417e-01 +2.8251e-01 +2.0071e-01 -8.5788e-01 +1.8830e+00 +1.7001e+00 -1.8384e+00
467 0 +3.383778127e+02 -5.063218726e+01 -5.063218726e+01 +2.7203e-01 +7.5268e-01 -6.8578e-01 +1.1759e+00 +1.5957e-01 -5.6197e-01 -6.5365e-01 +1.0824e+00 +6.7271e-01 -1.2132e+00
530 0 +2.729650173e+02 -1.160449827e+02 -1.160449827e+02 +6.9401e-01 +1.8217e+00 -2.3493e+00 -2.0473e-01 -2.1139e+00 -7.4088e-03 -3.4186e-01 +5.0978e-01 +1.6029e+00 -1.9581e+00
565 0 +5.097815573e+00 -3.839121844e+02 -3.839121844e+02 +1.0969e+00 -1.0952e+00 -2.5528e+00 -1.0044e+00 -1.8889e+00 +2.5713e-01 -6.8775e-01 +6.6468e-01 +9.1489e-01 -2.0401e+00
599 0 +3.992439480e+00 -3.850175605e+02 -3.850175605e+02 -1.5747e-01 -1.6909e+00 +4.9523e-01 -2.4341e+00 -1.5209e+00 -7.1622e-01 -1.4082e+00 +9.3111e-01 +1.6397e+00 -1.0202e+00
682 0 +3.505909301e+00 -3.855040907e+02 -3.855040907e+02 -1.0680e+00 -7.2994e-01 +3.7204e-01 -1.3251e+00 -2.3479e+00 -2.1638e+00 -1.3441e+00 +1.1459e+00 +1.6445e+00 -8.9271e-01
986 0 +3.351086286e+00 -3.856589137e+02 -3.856589137e+02 -8.0357e-01 -2.2729e+00 -4.0524e-01 -1.8417e+00 -1.3464e+00 -1.5386e+00 -1.4743e+00 +2.1872e+00 +7.9743e-01 -1.7789e+00
993 0 +3.227838251e+00 -3.857821617e+02 -3.857821617e+02 -7.5054e-01 -1.4542e+00 +3.9977e-01 -2.9146e+00 -2.7375e-01 -1.6046e+00 -5.3124e-01 +2.1209e+00 +7.9862e-01 -2.2325e+00
1264 0 +3.121995100e+00 -3.858880049e+02 -3.858880049e+02 +1.3719e+00 -1.6294e+00 -5.6290e-02 -1.5378e+00 -2.2377e+00 -9.8038e-01 -1.9445e+00 +2.2207e+00 +1.2350e+00 -1.1291e+00
1309 0 +2.895997118e+00 -3.861140029e+02 -3.861140029e+02 +3.0023e-01 -2.3972e-01 +2.6335e-01 -2.5275e+00 -7.7324e-01 -2.3625e+00 -1.0771e+00 +2.2747e+00 +6.8825e-01 -1.2642e+00
1462 0 +2.741090258e+00 -3.862689097e+02 -3.862689097e+02 -7.8188e-01 +5.9614e-01 -6.7338e-01 -1.2951e+00 -7.5309e-01 -2.4488e+00 -1.0211e+00 +1.4042e+00 +2.2751e+00 -9.2426e-01
2669 0 +2.462026270e+00 -3.865479737e+02 -3.865479737e+02 -2.0827e+00 -6.0310e-01 -1.6624e+00 -6.5637e-01 -1.7895e+00 -2.2712e+00 -1.0907e+00 +8.9237e-01 +1.4964e+00 -1.1194e+00
3563 0 +2.312622002e+00 -3.866973780e+02 -3.866973780e+02 -2.1767e+00 -1.1026e+00 -1.1974e+00 +3.3800e-02 -1.8893e+00 -1.3947e+00 -2.3299e+00 +2.0644e+00 +2.1074e+00 -1.5590e+00
4002 0 +2.229845580e+00 -3.867801544e+02 -3.867801544e+02 -2.1495e+00 +3.0750e-01 -2.7343e+00 -7.0088e-01 -1.6808e+00 -9.0501e-01 -1.5543e+00 +2.2024e+00 +2.1165e+00 -1.7562e+00
4229 0 +2.058777131e+00 -3.869512229e+02 -3.869512229e+02 -2.1442e+00 +1.2249e+00 -1.8389e+00 -2.9338e-01 -4.0045e-01 -6.1259e-01 -1.6752e+00 +2.2184e+00 +1.6152e+00 -2.2386e+00
14184 0 +2.032540029e+00 -3.869774600e+02 -3.869774600e+02 -1.9737e+00 +1.1530e+00 -2.0476e+00 -1.2666e+00 -6.8073e-01 -5.6711e-01 -1.6388e+00 +1.3158e+00 +2.2873e+00 -2.0544e+00
15224 0 +1.951682406e+00 -3.870583176e+02 -3.870583176e+02 -2.1155e+00 +1.1172e+00 -2.4558e-01 -7.3176e-01 -1.8222e-01 -1.5288e+00 -6.2939e-01 +1.0728e+00 +2.3662e+00 -2.0865e+00
15277 0 +1.593436272e+00 -3.874165637e+02 -3.874165637e+02 -2.1427e+00 -1.5074e-01 +2.3912e-01 -1.2184e+00 -1.0939e-01 -7.5859e-01 -8.1231e-01 +9.3916e-01 +2.4048e+00 -2.0412e+00
15824 0 +1.581083640e+00 -3.874289164e+02 -3.874289164e+02 -1.9438e+00 -1.1162e+00 +4.6818e-01 -4.0511e-01 -3.3758e-01 -5.2964e-01 -8.0520e-01 +9.2387e-01 +2.3697e+00 -2.0791e+00
16745 0 +1.532631300e+00 -3.874773687e+02 -3.874773687e+02 -2.1459e+00 +3.9379e-01 -9.6143e-03 -8.7974e-01 -3.1212e-01 -6.6209e-01 -7.4669e-01 +9.9404e-01 +2.3735e+00 -2.0341e+00
16762 0 +1.430302074e+00 -3.875796979e+02 -3.875796979e+02 -2.1207e+00 +2.6937e-01 +1.5321e-01 -7.6217e-01 -2.7812e-01 -6.5863e-01 -7.4563e-01 +9.8270e-01 +2.4147e+00 -1.9794e+00
16826 0 +1.337010384e+00 -3.876729896e+02 -3.876729896e+02 -2.0009e+00 +1.2488e+00 -1.2110e-01 -9.3187e-02 -3.6231e-01 -6.2876e-01 -8.1482e-01 +8.9739e-01 +2.3949e+00 -2.0561e+00
16860 0 +1.226923179e+00 -3.877830768e+02 -3.877830768e+02 -2.0595e+00 +1.0090e+00 -1.2979e-01 -5.3160e-02 -4.2650e-01 -5.1988e-01 -8.6635e-01 +8.9707e-01 +2.3877e+00 -2.0223e+00
26403 0 +1.226923179e+00 -3.877830768e+02 -3.877830768e+02 -2.0595e+00 +1.0090e+00 -1.2979e-01 -5.3160e-02 -4.2650e-01 -5.1988e-01 -8.6635e-01 +8.9707e-01 +2.3877e+00 -2.0223e+00
% f evaluations | g evaluations | best noise-free fitness - Fopt (-1.455800000000e+02) + sum g_i+ | measured fitness | best measured fitness or single-digit g-values | x1 | x2...
1 0 +1.033747614e+04 +1.019189614e+04 +1.019189614e+04 +0.0000e+00 +0.0000e+00 +0.0000e+00 +0.0000e+00 +0.0000e+00 +0.0000e+00 +0.0000e+00 +0.0000e+00 +0.0000e+00 +0.0000e+00
23 0 +5.955010375e+03 +5.809430375e+03 +5.809430375e+03 -2.5068e+00 -2.9497e+00 +2.1897e+00 -7.3984e-01 +1.5953e+00 -2.4199e+00 -3.6173e-01 +4.3373e-01 +3.4662e-02 -6.6156e-01
87 0 +1.368914900e+03 +1.223334900e+03 +1.223334900e+03 -9.6881e-01 +5.8163e-01 +4.9021e-01 -2.4685e-01 -8.7610e-01 -5.5328e-01 -4.0918e-01 +6.1148e-01 -9.6665e-01 -7.4590e-01
163 0 +1.325548419e+03 +1.179968419e+03 +1.179968419e+03 +1.5905e-01 +9.0088e-01 +4.3402e+00 -2.4937e-01 -1.5387e+00 -4.8458e-01 -8.8762e-02 +1.7420e+00 -2.1335e+00 -1.0154e+00
216 0 +1.058732878e+03 +9.131528778e+02 +9.131528778e+02 +1.4200e-01 +1.3393e+00 +4.4738e+00 -1.2845e+00 +1.0232e-01 -1.1243e+00 +1.4891e-02 +1.1334e+00 -1.3806e+00 -2.4775e+00
243 0 +9.309089535e+02 +7.853289535e+02 +7.853289535e+02 -6.9332e-01 +1.9764e+00 +3.6863e+00 -2.6323e+00 +6.3758e-01 +4.6629e-02 +8.5739e-01 +7.5863e-01 -1.5709e+00 -1.2399e+00
278 0 +1.900162583e+02 +4.443625828e+01 +4.443625828e+01 +1.0242e+00 +1.5529e+00 +3.1530e+00 -1.1203e+00 -2.0573e+00 +3.5616e-01 +3.1542e+00 +1.9452e+00 -1.7905e+00 -5.9733e-01
367 0 +1.670900865e+02 +2.151008652e+01 +2.151008652e+01 -1.1245e+00 +1.4376e+00 +2.2397e+00 -2.4962e+00 +2.1321e-01 -1.7741e+00 +9.6903e-01 +8.8416e-01 -2.7284e+00 -1.1766e+00
457 0 +4.584106590e+00 -1.409958934e+02 -1.409958934e+02 +1.1964e+00 -7.1916e-01 +3.6645e-01 +2.4590e-01 -9.6353e-01 -1.6562e+00 +6.6618e-01 +1.2528e+00 -1.2525e+00 -1.5190e+00
478 0 +3.225655617e+00 -1.423543444e+02 -1.423543444e+02 +2.2764e+00 +1.2371e+00 +1.1093e+00 -2.3329e+00 -5.1302e-02 -2.0961e+00 +1.2866e+00 +7.5777e-01 -9.8251e-01 -1.8151e+00
556 0 +3.080277631e+00 -1.424997224e+02 -1.424997224e+02 +1.9064e+00 +1.4565e+00 +1.8678e+00 -2.2411e+00 -1.0017e+00 -2.2518e+00 +2.0138e+00 +6.1378e-01 -1.5446e+00 -1.1658e+00
925 0 +2.895041397e+00 -1.426849586e+02 -1.426849586e+02 -7.8279e-01 -1.2197e+00 +1.0679e+00 -4.7640e-01 -3.7509e-01 -1.7667e+00 +2.1559e+00 +9.1720e-01 -2.3697e+00 -1.6837e+00
1372 0 +2.843493741e+00 -1.427365063e+02 -1.427365063e+02 -1.3753e+00 +2.4467e-01 +1.3132e+00 -7.3837e-01 -2.4818e+00 -1.5392e+00 +1.6606e+00 +7.5317e-01 -1.9705e+00 -1.0877e+00
1957 0 +2.454923607e+00 -1.431250764e+02 -1.431250764e+02 +2.1056e+00 -6.4583e-01 -4.8738e-01 -1.1570e+00 -1.7075e+00 -3.7422e-01 +2.4949e+00 +9.6914e-01 -1.1448e+00 -1.2216e+00
7854 0 +2.380947560e+00 -1.431990524e+02 -1.431990524e+02 -1.4915e+00 -1.5427e+00 -2.6220e-01 -3.1060e-01 -2.6099e+00 -1.0606e+00 +7.7060e-01 +9.0419e-01 -2.0144e+00 -2.1312e+00
8052 0 +1.926070042e+00 -1.436539300e+02 -1.436539300e+02 -1.4600e+00 +9.2297e-03 -2.8402e-01 -2.5916e-01 -2.6117e+00 -1.4372e+00 +1.0286e+00 +1.6711e+00 -2.2837e+00 -2.0415e+00
12234 0 +1.641751137e+00 -1.439382489e+02 -1.439382489e+02 -1.5601e+00 -2.8592e+00 -8.1237e-01 -3.7950e-01 -2.5300e+00 -5.7845e-01 +8.0317e-01 +9.9443e-01 -2.2753e+00 -2.0115e+00
15121 0 +1.576945323e+00 -1.440030547e+02 -1.440030547e+02 -1.5466e+00 -3.0199e+00 -8.2954e-01 -4.0247e-01 -2.4653e+00 -1.1139e+00 +2.3240e+00 +2.0833e+00 -1.3386e+00 -1.9644e+00
16155 0 +1.380606198e+00 -1.441993938e+02 -1.441993938e+02 -1.5116e+00 -2.9938e+00 -8.3300e-01 -3.7621e-01 -2.5014e+00 -1.4324e+00 +5.3347e-01 +1.0325e+00 -1.5578e+00 -2.2320e+00
19637 0 +1.353097446e+00 -1.442269026e+02 -1.442269026e+02 -1.5447e+00 -3.0075e+00 -8.8129e-01 -4.3857e-01 -2.5370e+00 -8.3235e-02 +9.9785e-01 +2.4120e+00 -2.1318e+00 -1.7609e+00
20797 0 +1.284837515e+00 -1.442951625e+02 -1.442951625e+02 -1.5760e+00 -3.0284e+00 -8.8332e-01 -4.3276e-01 -2.6163e+00 -1.4654e-01 +2.0748e+00 +2.1645e+00 -1.7058e+00 -2.1899e+00
21022 0 +1.236614044e+00 -1.443433860e+02 -1.443433860e+02 -1.4646e+00 -3.0091e+00 -9.4129e-01 -3.5327e-01 -2.5993e+00 -8.7154e-02 +2.0794e+00 +2.1508e+00 -1.4329e+00 -2.2931e+00
21244 0 +1.069053865e+00 -1.445109461e+02 -1.445109461e+02 -1.5235e+00 -2.9393e+00 -8.7977e-01 -3.2026e-01 -2.5339e+00 -8.0363e-02 +1.2518e+00 +2.3117e+00 -2.0842e+00 -2.1164e+00
21836 0 +8.891915428e-01 -1.446908085e+02 -1.446908085e+02 -1.4641e+00 -2.8755e+00 -8.4773e-01 -4.0009e-01 -2.5240e+00 -5.1738e-02 +2.1339e+00 +2.1018e+00 -2.0751e+00 -2.1162e+00
22776 0 +8.692321113e-01 -1.447107679e+02 -1.447107679e+02 -1.4527e+00 -2.9152e+00 -8.6938e-01 -3.6862e-01 -2.5092e+00 -8.3987e-02 +9.6678e-01 +2.3700e+00 -7.1921e-01 -2.4719e+00
22796 0 +8.256476969e-01 -1.447543523e+02 -1.447543523e+02 -1.5005e+00 -2.9126e+00 -9.0575e-01 -3.5450e-01 -2.5842e+00 -5.7769e-02 +9.2063e-01 +2.4103e+00 -7.3337e-01 -2.4522e+00
23026 0 +7.801815424e-01 -1.447998185e+02 -1.447998185e+02 -1.5058e+00 -3.0282e+00 -9.1738e-01 -4.0034e-01 -2.5410e+00 -7.3456e-02 +9.4116e-01 +2.4007e+00 -7.3575e-01 -2.4811e+00
23096 0 +7.244869322e-01 -1.448555131e+02 -1.448555131e+02 -1.5146e+00 -2.9933e+00 -9.0150e-01 -3.6778e-01 -2.5415e+00 -8.3990e-02 +9.2902e-01 +2.3990e+00 -7.3645e-01 -2.4532e+00
23512 0 +7.208415366e-01 -1.448591585e+02 -1.448591585e+02 -1.5113e+00 -3.0164e+00 -9.1739e-01 -3.9745e-01 -2.5256e+00 -8.5866e-02 +9.2810e-01 +2.4022e+00 -7.1657e-01 -2.4546e+00
30114 0 +7.106300078e-01 -1.448693700e+02 -1.448693700e+02 -1.5126e+00 -3.0092e+00 -9.2212e-01 -3.9703e-01 -2.5318e+00 -8.9891e-02 +9.2950e-01 +2.3987e+00 -7.3133e-01 -2.4482e+00
