% f evaluations | g evaluations | best noise-free fitness - Fopt (1.000000000000e+03) + sum g_i+ | measured fitness | best measured fitness or single-digit g-values | x1 | x2...
1 0 +3.071729850e+02 +1.307172985e+03 +1.307172985e+03 +0.0000e+00 +0.0000e+00 +0.0000e+00 +0.0000e+00 +0.0000e+00 +0.0000e+00 +0.0000e+00 +0.0000e+00 +0.0000e+00 +0.0000e+00
10 0 +2.979686132e+02 +1.297968613e+03 +1.297968613e+03 +5.5564e-01 +2.1030e-01 -1.5856e+00 -3.5686e-01 -1.0172e+00 -1.5019e+00 -1.5641e+00 -5.1903e-01 -1.6666e+00 +1.1290e+00
15 0 +2.560511145e+02 +1.256051114e+03 +1.256051114e+03 +1.2054e+00 -2.3209e-01 -9.1827e-01 +7.1701e-01 +6.1148e-01 -1.0106e+00 +9.2410e-01 +1.0367e+00 +2.6636e-01 -1.0008e+00
31 0 +2.473381195e+02 +1.247338119e+03 +1.247338119e+03 -1.4818e+00 +6.6001e-02 -1.1551e+00 +1.3119e+00 -1.6608e+00 -9.4528e-01 -4.2440e-01 +3.3819e-01 -8.0684e-01 -9.2997e-01
34 0 +2.411293815e+02 +1.241129382e+03 +1.241129382e+03 +4.2478e-01 +9.9072e-01 +9.1241e-01 -9.7326e-01 +7.5459e-01 -5.5380e-01 +5.9751e-03 -1.5341e-01 +6.1938e-01 +7.6833e-02
37 0 +2.046217659e+02 +1.204621766e+03 +1.204621766e+03 +1.4082e+00 -3.5618e-01 -7.4519e-01 +1.1388e+00 +8.9068e-01 -1.1664e+00 -1.4057e+00 -5.6208e-01 -4.3815e-01 -4.8426e-01
97 0 +1.801620386e+02 +1.180162039e+03 +1.180162039e+03 -3.4206e-03 +1.6451e-01 -1.6282e-01 +9.2429e-01 +5.8911e-02 -1.0327e+00 -1.1728e+00 +7.6301e-02 -1.5392e+00 +6.0654e-01
149 0 +1.737130574e+02 +1.173713057e+03 +1.173713057e+03 -1.1002e-01 +1.2914e+00 +1.6800e+00 -2.1915e-01 +8.7161e-01 -6.8897e-01 -1.4176e+00 -1.8191e-01 +1.6052e-01 +2.0099e-01
187 0 +1.593005820e+02 +1.159300582e+03 +1.159300582e+03 +8.5375e-01 -4.8965e-01 +2.4343e-01 +8.5345e-01 +2.2165e-01 -1.0219e+00 -1.4638e+00 -4.5326e-01 -1.3525e+00 +2.7053e-01
289 0 +1.352588995e+02 +1.135258899e+03 +1.135258899e+03 -9.7143e-01 +2.0799e+00 +1.7558e+00 -8.4452e-01 +1.1738e+00 -9.7567e-01 -2.2475e+00 +1.5958e+00 -2.4873e+00 +9.9558e-01
444 0 +1.295930961e+02 +1.129593096e+03 +1.129593096e+03 -4.4752e-01 +1.8245e+00 +3.0740e+00 -6.4272e-01 +1.5632e+00 -8.6958e-01 -3.6565e+00 -3.3633e-01 -1.1461e+00 +5.6162e-01
479 0 +1.200181123e+02 +1.120018112e+03 +1.120018112e+03 +3.4850e-01 +2.3595e+00 +3.2466e+00 +6.8148e-01 +1.8775e+00 -5.2596e-01 -3.6044e+00 -8.1827e-01 -1.0064e+00 -1.0186e-02
488 0 +1.122722527e+02 +1.112272253e+03 +1.112272253e+03 -1.6137e+00 +1.6215e+00 +2.7856e+00 +4.6524e-01 +1.3716e+00 -2.6493e-01 -4.1666e+00 -4.8700e-01 -2.2130e+00 +7.6780e-01
490 0 +1.064768138e+02 +1.106476814e+03 +1.106476814e+03 +3.1568e-02 +1.3425e+00 +2.0450e+00 +1.0592e+00 +1.6191e+00 -1.3417e+00 -2.7107e+00 -5.4061e-01 +4.9103e-02 +3.6208e-01
748 0 +9.979801254e+01 +1.099798013e+03 +1.099798013e+03 -8.3408e-01 +8.9513e-01 +1.9956e+00 +1.5761e+00 +1.7319e+00 -1.7639e+00 -1.0674e+00 +1.7805e-02 -2.1545e-01 +3.7744e-01
892 0 +8.829119259e+01 +1.088291193e+03 +1.088291193e+03 -1.1226e+00 +2.4746e+00 +2.7695e+00 +8.0188e-01 +2.0557e+00 -2.3513e+00 -3.3339e+00 +1.4743e-01 -1.5472e+00 +7.6179e-01
1112 0 +8.203450504e+01 +1.082034505e+03 +1.082034505e+03 -1.4508e+00 +1.0668e+00 +2.2962e+00 +2.0659e+00 +2.2579e+00 -8.5330e-01 -3.4330e+00 -7.8464e-01 -1.8354e+00 +6.3408e-01
1313 0 +7.915161836e+01 +1.079151618e+03 +1.079151618e+03 -7.5795e-01 +2.2849e+00 +3.9842e+00 +1.7692e+00 +2.0261e+00 -2.5281e+00 -2.2363e+00 -7.3897e-01 -4.3479e-01 -6.5870e-01
1379 0 +7.429447416e+01 +1.074294474e+03 +1.074294474e+03 -1.8151e+00 +2.4756e+00 +2.9653e+00 +1.1116e+00 +1.8175e+00 -2.2346e+00 -2.0653e+00 +2.6909e-01 +2.2099e-01 +5.7587e-01
1987 0 +7.095056717e+01 +1.070950567e+03 +1.070950567e+03 -2.6824e+00 +2.4601e+00 +3.5951e+00 +2.5813e+00 +1.9987e+00 -2.8056e+00 -2.8221e+00 +1.5729e+00 -2.1949e+00 -8.3630e-01
2103 0 +5.220299362e+01 +1.052202994e+03 +1.052202994e+03 -1.9996e+00 +1.6798e+00 +2.6612e+00 +2.7301e+00 +2.3224e+00 -2.4028e+00 -2.2107e+00 -5.3725e-01 -1.7704e+00 +4.5386e-01
3486 0 +4.968346971e+01 +1.049683470e+03 +1.049683470e+03 -2.0281e+00 +1.8440e+00 +3.1707e+00 +3.8466e+00 +2.4990e+00 -2.5061e+00 -2.0534e+00 -1.0747e+00 -2.1163e+00 -8.6305e-01
3574 0 +4.834549130e+01 +1.048345491e+03 +1.048345491e+03 -3.3905e+00 +3.1716e+00 +4.4211e+00 +2.7528e+00 +2.4170e+00 -3.2704e+00 -1.4428e+00 -1.2547e+00 -1.1927e+00 -3.1186e-01
4189 0 +4.490904191e+01 +1.044909042e+03 +1.044909042e+03 -2.7672e+00 +1.9786e+00 +3.1197e+00 +4.3736e+00 +2.8857e+00 -1.7554e+00 -2.2588e+00 -4.6893e-02 -2.2688e+00 -1.6556e+00
5237 0 +3.898719864e+01 +1.038987199e+03 +1.038987199e+03 -2.8537e+00 +2.6078e+00 +3.1141e+00 +3.3644e+00 +3.5325e+00 -2.6617e+00 -3.1094e+00 -1.0338e-01 -2.5994e+00 -1.3398e+00
6955 0 +3.335554898e+01 +1.033355549e+03 +1.033355549e+03 -3.2658e+00 +2.8889e+00 +3.6387e+00 +3.7094e+00 +2.5689e+00 -3.4765e+00 -2.1198e+00 -5.5149e-01 -2.4379e+00 -9.6279e-01
8131 0 +3.167836415e+01 +1.031678364e+03 +1.031678364e+03 -2.9141e+00 +2.2131e+00 +3.9696e+00 +3.2483e+00 +3.0579e+00 -2.8236e+00 -2.0410e+00 -1.2962e+00 -2.2193e+00 -2.8948e-01
17609 0 +2.974128354e+01 +1.029741284e+03 +1.029741284e+03 -2.9549e+00 +3.1019e+00 +2.9397e+00 +3.1375e+00 +2.3164e+00 -3.1877e+00 -2.1027e+00 +2.9194e-01 -3.2350e+00 -9.6045e-01
18610 0 +2.068241754e+01 +1.020682418e+03 +1.020682418e+03 -2.8898e+00 +2.8720e+00 +3.2298e+00 +3.3725e+00 +2.4776e+00 -3.5615e+00 -2.8020e+00 -1.4878e-01 -1.7908e+00 -7.6699e-01
79405 0 +1.823418698e+01 +1.018234187e+03 +1.018234187e+03 -3.3545e+00 +3.0875e+00 +3.8196e+00 +4.5579e+00 +4.1497e+00 -2.5619e+00 -1.6255e+00 -2.7383e-01 -3.0153e+00 -1.5169e+00
100001 0 +1.823418698e+01 +1.018234187e+03 +1.018234187e+03 -3.3545e+00 +3.0875e+00 +3.8196e+00 +4.5579e+00 +4.1497e+00 -2.5619e+00 -1.6255e+00 -2.7383e-01 -3.0153e+00 -1.5169e+00
% f evaluations | g evaluations | best noise-free fitness - Fopt (7.003000000000e+01) + sum g_i+ | measured fitness | best measured fitness or single-digit g-values | x1 | x2...
1 0 +3.532304115e+02 +4.232604115e+02 +4.232604115e+02 +0.0000e+00 +0.0000e+00 +0.0000e+00 +0.0000e+00 +0.0000e+00 +0.0000e+00 +0.0000e+00 +0.0000e+00 +0.0000e+00 +0.0000e+00
3 0 +2.635722616e+02 +3.336022616e+02 +3.336022616e+02 -6.0680e-01 -8.3667e-01 -1.6542e+00 -1.4543e+00 -9.0644e-01 +3.9765e-01 +6.7100e-01 -3.5976e-01 +4.0831e-01 +4.0361e-01
31 0 +2.565918871e+02 +3.266218871e+02 +3.266218871e+02 +1.9693e-01 +2.3553e-01 -4.1144e-01 -6.8412e-01 -5.3888e-01 -1.4915e+00 -1.1474e+00 -1.0213e+00 -9.9044e-01 -3.0651e-01
73 0 +2.501339868e+02 +3.201639868e+02 +3.201639868e+02 -1.1532e-01 -1.3304e+00 -1.9200e+00 +5.0926e-01 +2.7860e-01 +2.0294e-01 -2.7195e-01 +4.2270e-01 -5.6685e-01 -1.7096e-01
78 0 +2.362401903e+02 +3.062701903e+02 +3.062701903e+02 +6.1803e-01 -4.1498e-01 -1.4509e+00 +8.9129e-01 -4.9843e-01 -6.3378e-01 -6.3781e-01 +6.5722e-01 -9.2616e-01 -9.4350e-01
84 0 +2.164205547e+02 +2.864505547e+02 +2.864505547e+02 -5.1011e-01 -9.9047e-01 -1.1434e+00 -1.4443e+00 -1.0326e-01 -2.1139e-02 -1.9826e-01 +3.3733e-01 -1.5331e+00 +8.1256e-01
123 0 +2.020033920e+02 +2.720333920e+02 +2.720333920e+02 +3.5271e-01 -1.5796e+00 -1.6332e+00 -7.4069e-01 -2.5954e-01 +5.2880e-01 -1.0828e+00 -2.1527e+00 -6.7959e-01 +9.4571e-02
171 0 +1.886478624e+02 +2.586778624e+02 +2.586778624e+02 -8.8504e-01 -5.0018e-01 -2.0989e+00 -5.4160e-02 -1.1108e-01 +4.5544e-01 -1.2150e+00 -7.9403e-01 -1.4457e+00 -1.4596e+00
204 0 +1.671753386e+02 +2.372053386e+02 +2.372053386e+02 +2.6228e-01 -1.4512e+00 -1.8881e+00 -2.1935e+00 +2.8237e-01 -1.5782e+00 -6.4683e-01 -9.2324e-01 -1.3816e+00 +5.4000e-02
251 0 +1.506246110e+02 +2.206546110e+02 +2.206546110e+02 +3.8335e-01 -1.6497e+00 -2.7660e+00 -1.6525e+00 +8.9343e-01 -1.2693e+00 +1.9517e-01 -2.3920e-01 -9.5496e-01 -7.1861e-02
253 0 +1.393095542e+02 +2.093395542e+02 +2.093395542e+02 +1.2745e+00 -2.5900e+00 -2.6381e+00 -2.3628e+00 -4.1033e-01 -3.4804e+00 -2.2911e+00 -2.1900e+00 -1.1494e+00 -2.6259e-01
255 0 +1.285394647e+02 +1.985694647e+02 +1.985694647e+02 +1.8274e-01 -1.5395e+00 -1.8153e+00 -9.1714e-01 +2.3244e-01 -1.3671e+00 -4.1533e-01 -1.0385e+00 -1.7651e+00 -1.2864e+00
392 0 +1.244459140e+02 +1.944759140e+02 +1.944759140e+02 -9.3458e-01 -2.4620e+00 -3.1269e+00 -4.7141e-01 +1.2108e-01 -1.3147e+00 -1.3028e-01 +2.1235e+00 -1.1868e+00 -2.4466e-01
396 0 +1.222633526e+02 +1.922933526e+02 +1.922933526e+02 -1.6932e-01 -7.5826e-01 -2.2588e+00 -1.2019e+00 -2.4367e-01 -2.4035e+00 -1.4897e+00 +4.4028e-01 -6.9700e-01 -3.2429e-01
404 0 +1.187495535e+02 +1.887795535e+02 +1.887795535e+02 -3.4785e-01 -2.3938e+00 -3.7345e+00 -1.7993e+00 +3.5046e-01 -2.0218e+00 -6.8112e-01 +1.2463e+00 -1.0331e+00 +3.8277e-01
491 0 +1.115185139e+02 +1.815485139e+02 +1.815485139e+02 -1.2417e-01 -2.7538e+00 -3.6728e+00 -2.1146e+00 +9.4598e-01 -2.0907e+00 -3.5954e-01 +9.0862e-01 -2.3095e+00 +9.6297e-01
530 0 +1.075999526e+02 +1.776299526e+02 +1.776299526e+02 +1.6947e+00 -2.9457e+00 -3.6203e+00 -8.1954e-01 +4.7822e-01 -3.4921e+00 +1.9596e-01 +1.0096e-01 -6.9316e-01 +1.6665e-01
537 0 +8.807886420e+01 +1.581088642e+02 +1.581088642e+02 +1.2121e+00 -2.2692e+00 -2.8533e+00 -4.4651e-01 +4.1124e-01 -1.8132e+00 -1.1645e+00 -5.5022e-01 -9.8323e-01 +4.3207e-01
903 0 +6.839745208e+01 +1.384274521e+02 +1.384274521e+02 +1.7840e-01 -1.9764e+00 -3.7408e+00 -1.2766e+00 +6.2318e-01 -1.8087e+00 -3.4577e-01 +4.8482e-01 -9.6187e-01 -7.1513e-01
1256 0 +6.318443124e+01 +1.332144312e+02 +1.332144312e+02 -1.6173e+00 -2.5090e+00 -4.1452e+00 -1.6904e+00 -4.1598e-01 -3.0107e+00 -1.9145e+00 +5.5306e-01 -2.4913e+00 +1.1367e-01
1358 0 +5.337399467e+01 +1.234039947e+02 +1.234039947e+02 +2.4845e-02 -2.4589e+00 -3.9674e+00 -1.5686e+00 +1.0177e+00 -4.1384e+00 -3.0696e-01 +1.2968e+00 -2.2009e+00 +5.6991e-01
2790 0 +4.476528684e+01 +1.147952868e+02 +1.147952868e+02 +4.3337e-02 -3.2065e+00 -4.0556e+00 -1.1075e+00 +7.9477e-01 -3.6995e+00 -6.7260e-01 +2.5586e+00 -3.1568e+00 +6.9018e-01
3568 0 +3.478055590e+01 +1.048105559e+02 +1.048105559e+02 -5.8718e-02 -3.3728e+00 -3.7938e+00 -2.1253e+00 -5.0835e-01 -3.1597e+00 -1.0477e+00 +7.1221e-01 -2.9844e+00 +7.1971e-01
5584 0 +2.095129767e+01 +9.098129767e+01 +9.098129767e+01 -2.8028e-01 -1.3006e+00 -3.9537e+00 -2.7037e+00 -7.3254e-01 -4.3158e+00 -6.8870e-01 +1.9414e+00 -3.2183e+00 -1.3150e-01
100001 0 +2.095129767e+01 +9.098129767e+01 +9.098129767e+01 -2.8028e-01 -1.3006e+00 -3.9537e+00 -2.7037e+00 -7.3254e-01 -4.3158e+00 -6.8870e-01 +1.9414e+00 -3.2183e+00 -1.3150e-01
% f evaluations | g evaluations | best noise-free fitness - Fopt (-4.822000000000e+01) + sum g_i+ | measured fitness | best measured fitness or single-digit g-values | x1 | x2...
1 0 +6.524062290e+02 +6.041862290e+02 +6.041862290e+02 +0.0000e+00 +0.0000e+00 +0.0000e+00 +0.0000e+00 +0.0000e+00 +0.0000e+00 +0.0000e+00 +0.0000e+00 +0.0000e+00 +0.0000e+00
6 0 +3.877297228e+02 +3.395097228e+02 +3.395097228e+02 +5.0916e-01 +1.0850e+00 -1.3785e+00 -9.9380e-02 -1.6072e+00 +1.4226e+00 +1.0334e+00 +1.0875e+00 -1.5775e+00 -1.6184e+00
19 0 +3.024528772e+02 +2.542328772e+02 +2.542328772e+02 -1.5099e+00 +7.2429e-01 +2.9447e-01 +9.7952e-01 -1.3372e+00 +1.1332e+00 -8.7926e-02 -7.3281e-02 -1.1293e+00 +1.1036e+00
89 0 +3.002696092e+02 +2.520496092e+02 +2.520496092e+02 -1.8165e+00 -3.8236e-01 -1.5721e+00 +3.9707e-01 -6.6740e-01 -4.0656e-01 +1.5833e+00 -4.1201e-01 -1.1292e+00 +1.0821e+00
113 0 +2.862953620e+02 +2.380753620e+02 +2.380753620e+02 -6.6193e-03 -1.2800e+00 -1.4177e+00 -2.6034e-01 -1.5051e+00 +1.4616e+00 -4.4763e-02 -8.1465e-01 -1.0497e+00 -9.1388e-01
132 0 +2.766288384e+02 +2.284088384e+02 +2.284088384e+02 -4.9397e-01 -1.2534e-01 +6.3939e-01 +5.7411e-01 -3.5552e-01 +2.6057e+00 -6.9453e-01 -9.7332e-01 -1.4579e+00 +1.0447e+00
136 0 +2.623674240e+02 +2.141474240e+02 +2.141474240e+02 +3.2320e-03 +3.1713e-01 -1.4236e+00 -1.8755e-01 -2.8988e+00 +3.2443e-01 -3.7104e-01 -9.4982e-01 -4.8645e-01 +9.5476e-01
152 0 +2.568327293e+02 +2.086127293e+02 +2.086127293e+02 -1.2268e+00 -2.5202e-01 -6.2189e-02 +9.7424e-01 -9.9699e-01 +1.5273e+00 -6.0506e-01 -2.3377e-01 -1.0306e+00 +9.0460e-01
172 0 +2.271763579e+02 +1.789563579e+02 +1.789563579e+02 -9.3749e-01 +8.3037e-01 -3.3858e-01 +7.9620e-01 -1.3232e+00 +2.7581e+00 +1.0296e-02 -1.0872e+00 -1.1084e+00 +6.8027e-01
202 0 +2.102612125e+02 +1.620412125e+02 +1.620412125e+02 -1.3581e+00 -3.3247e-01 +3.1875e-01 -1.3749e-01 -2.6668e+00 +5.1309e+00 -2.6141e+00 -1.4663e+00 -9.7900e-01 +1.3755e+00
215 0 +2.038407254e+02 +1.556207254e+02 +1.556207254e+02 -1.0686e+00 +1.4081e+00 -3.6343e-02 +1.4075e+00 -2.3796e+00 +1.8948e+00 -1.1739e+00 +6.7499e-01 -5.1039e-01 +2.6414e+00
291 0 +1.949959365e+02 +1.467759365e+02 +1.467759365e+02 +9.5524e-01 -7.2658e-02 -1.8271e+00 -1.8985e+00 -2.7204e+00 +2.4163e+00 -1.5886e+00 +6.2277e-01 -2.3652e+00 +7.0602e-01
299 0 +1.914813608e+02 +1.432613608e+02 +1.432613608e+02 -4.0136e-01 +8.8802e-01 -1.7407e-01 +1.7364e-01 -2.2018e+00 +1.8803e+00 -1.2502e+00 +4.5360e-01 -1.7360e+00 +1.8252e+00
301 0 +1.819560856e+02 +1.337360856e+02 +1.337360856e+02 -8.5455e-01 -5.6905e-01 -1.5227e-01 -6.1841e-01 -4.4755e+00 +3.4691e+00 -7.8396e-01 -1.3815e+00 -9.2314e-01 +1.3296e+00
315 0 +1.699835828e+02 +1.217635828e+02 +1.217635828e+02 -1.0999e+00 -2.1830e-01 +8.1199e-01 -1.1825e-01 -2.0607e+00 +2.5675e+00 -1.5811e+00 -5.2959e-01 -2.0078e+00 +2.9628e+00
329 0 +1.499051395e+02 +1.016851395e+02 +1.016851395e+02 -4.3255e-01 +5.1122e-01 -1.7181e+00 +6.3136e-01 -2.7542e+00 +3.3816e+00 -2.2773e+00 +3.1759e-01 -8.9794e-01 +2.2895e+00
343 0 +1.438332966e+02 +9.561329658e+01 +9.561329658e+01 -4.2210e-01 -4.7370e-02 -8.8024e-01 +9.9650e-01 -3.9249e+00 +9.6455e-01 -2.1801e-01 -4.3873e-01 -2.7758e+00 +3.9724e+00
410 0 +1.407087189e+02 +9.248871887e+01 +9.248871887e+01 -1.4984e+00 -7.4845e-01 +6.5676e-02 +5.9256e-01 -3.5731e+00 +3.4420e+00 -3.4061e+00 +5.2787e-01 -3.2785e+00 +2.7405e+00
445 0 +1.222118027e+02 +7.399180267e+01 +7.399180267e+01 -1.1001e+00 +5.3924e-01 -2.3931e+00 -1.4836e-01 -1.4146e+00 +2.6226e+00 -1.4813e+00 +4.3583e-01 -3.3224e+00 +2.6209e+00
449 0 +1.184873791e+02 +7.026737913e+01 +7.026737913e+01 -1.9061e+00 -1.4316e-01 -1.4200e-01 +3.6389e-01 -2.8129e+00 +2.3267e+00 -1.8008e+00 +3.2677e-01 -2.9408e+00 +2.3182e+00
509 0 +1.131340816e+02 +6.491408156e+01 +6.491408156e+01 -1.6862e+00 +1.3065e-01 -1.0471e+00 -8.1163e-01 -1.9332e+00 +3.3724e+00 -1.5247e+00 +6.8777e-01 -2.8306e+00 +2.6956e+00
563 0 +1.041467008e+02 +5.592670078e+01 +5.592670078e+01 -1.6375e+00 -1.5965e+00 -1.0151e+00 -2.3056e-01 -3.2513e+00 +3.0569e+00 -3.2047e+00 +5.8369e-01 -2.5936e+00 +1.8592e+00
652 0 +9.651550819e+01 +4.829550819e+01 +4.829550819e+01 -2.2324e+00 -4.6455e-02 -2.7323e+00 +1.2032e+00 -2.7859e+00 +3.2126e+00 -3.3232e+00 +8.3225e-01 -2.9970e+00 +4.0020e+00
693 0 +8.883915220e+01 +4.061915220e+01 +4.061915220e+01 -8.9822e-01 -1.2174e+00 -2.4270e+00 +5.2520e-02 -4.0626e+00 +3.6629e+00 -2.6146e+00 -1.1520e+00 -2.5053e+00 +1.9723e+00
817 0 +7.911590807e+01 +3.089590807e+01 +3.089590807e+01 -2.2357e+00 -5.7112e-01 -2.9316e+00 +3.3406e-02 -3.1765e+00 +4.2660e+00 -2.1660e+00 +1.4909e+00 -2.5856e+00 +2.5944e+00
864 0 +7.366589481e+01 +2.544589481e+01 +2.544589481e+01 -1.6716e+00 -1.9668e-01 -2.4621e+00 +8.5240e-01 -3.4456e+00 +6.1116e+00 -3.3195e+00 +5.2266e-01 -2.4179e+00 +4.3293e+00
899 0 +6.989974070e+01 +2.167974070e+01 +2.167974070e+01 -2.3703e+00 -5.2951e-01 -3.5872e+00 +5.2442e-01 -3.2042e+00 +2.4817e+00 -3.7303e+00 +7.3290e-01 -3.0356e+00 +4.7378e+00
993 0 +4.660448710e+01 -1.615512900e+00 -1.615512900e+00 -1.5303e+00 -1.0677e+00 -2.6839e+00 +6.7022e-01 -4.7952e+00 +3.4614e+00 -4.1431e+00 +3.0076e-01 -2.8190e+00 +1.8487e+00
1444 0 +2.913117155e+01 -1.908882845e+01 -1.908882845e+01 -1.8365e+00 -1.2016e+00 -2.9360e+00 +3.9823e-01 -2.9723e+00 +3.8830e+00 -2.3815e+00 +9.4019e-01 -2.7384e+00 +2.8691e+00
30461 0 +2.383055506e+01 -2.438944494e+01 -2.438944494e+01 -2.0889e+00 -1.7374e+00 -2.3735e+00 +5.0887e-01 -3.3529e+00 +4.0310e+00 -2.7305e+00 +1.6629e+00 -1.6774e+00 +3.3120e+00
95124 0 +2.229757722e+01 -2.592242278e+01 -2.592242278e+01 -2.1856e+00 -1.1867e+00 -1.9675e+00 -7.1548e-02 -3.5322e+00 +3.9321e+00 -2.8526e+00 +1.0833e+00 -2.1942e+00 +4.0306e+00
100001 0 +2.229757722e+01 -2.592242278e+01 -2.592242278e+01 -2.1856e+00 -1.1867e+00 -1.9675e+00 -7.1548e-02 -3.5322e+00 +3.9321e+00 -2.8526e+00 +1.0833e+00 -2.1942e+00 +4.0306e+00
% f evaluations | g evaluations | best noise-free fitness - Fopt (2.547000000000e+01) + sum g_i+ | measured fitness | best measured fitness or single-digit g-values | x1 | x2...
1 0 +3.185738813e+02 +3.440438813e+02 +3.440438813e+02 +0.0000e+00 +0.0000e+00 +0.0000e+00 +0.0000e+00 +0.0000e+00 +0.0000e+00 +0.0000e+00 +0.0000e+00 +0.0000e+00 +0.0000e+00
2 0 +3.068375847e+02 +3.323075847e+02 +3.323075847e+02 -8.1509e-01 -4.6119e-02 -1.9756e-01 -8.8820e-01 -8.2425e-01 +1.1791e+00 +1.3416e+00 +2.7866e-01 -5.9216e-01 +2.0899e-01
14 0 +2.423964871e+02 +2.678664871e+02 +2.678664871e+02 -1.5611e+00 -1.3770e+00 -3.7619e-02 -8.7495e-01 +4.3629e-01 +2.9787e-01 +1.2266e+00 +1.4096e+00 +3.6119e-01 -2.8339e-01
29 0 +1.950045300e+02 +2.204745300e+02 +2.204745300e+02 -1.3319e+00 -1.0788e+00 +8.9004e-01 -1.3549e+00 -1.0829e+00 +4.9282e-01 -1.4977e+00 +6.9037e-01 +9.9600e-01 +2.0981e-01
102 0 +1.321536538e+02 +1.576236538e+02 +1.576236538e+02 -2.7177e+00 -7.8914e-01 -9.0736e-01 -2.3405e-01 +8.3215e-01 +3.2941e-01 +9.0696e-01 +1.1944e+00 +1.5892e+00 -1.2372e+00
147 0 +7.869729198e+01 +1.041672920e+02 +1.041672920e+02 -3.6733e+00 -5.4233e-01 -1.6130e-01 -1.2115e+00 -1.0706e+00 -4.8859e-01 -9.4650e-01 -3.9323e-01 +3.3822e-01 -1.4661e+00
924 0 +7.358851502e+01 +9.905851502e+01 +9.905851502e+01 -3.1850e+00 -1.4187e+00 -7.8736e-01 -1.0662e+00 -3.2480e-01 +3.2009e-02 -1.9402e+00 +4.7227e-01 +1.2564e+00 -6.5305e-01
943 0 +7.101559009e+01 +9.648559009e+01 +9.648559009e+01 -4.0192e+00 -1.2047e+00 -1.0469e+00 -2.8056e+00 -8.4745e-02 +1.0220e+00 -9.5248e-01 -5.7644e-01 +1.1116e+00 -8.6759e-01
1062 0 +6.970134283e+01 +9.517134283e+01 +9.517134283e+01 -4.3958e+00 -1.1715e+00 -4.9837e-01 -1.7868e+00 +4.5301e-01 +3.4545e-01 -1.1156e+00 +9.2947e-02 +1.7245e+00 -1.3381e+00
1192 0 +5.832846132e+01 +8.379846132e+01 +8.379846132e+01 -4.0342e+00 -1.9420e+00 -9.3869e-01 -1.4476e+00 -4.1234e-01 -7.7771e-01 -2.0602e+00 +3.2704e-01 +2.2850e+00 -2.0178e+00
1564 0 +5.172421446e+01 +7.719421446e+01 +7.719421446e+01 -3.5671e+00 -2.4293e+00 -6.0258e-01 -3.0162e+00 -4.5398e-01 -6.7136e-01 -2.0965e+00 +4.1111e-02 +3.4838e+00 -1.0886e+00
3183 0 +3.606633155e+01 +6.153633155e+01 +6.153633155e+01 -4.3776e+00 -1.7045e+00 -3.3056e-01 -2.8437e+00 -1.4444e+00 -1.2507e-01 -4.0021e-01 -1.5688e-01 +3.7377e+00 -1.9974e-03
3869 0 +3.350437633e+01 +5.897437633e+01 +5.897437633e+01 -3.4405e+00 -1.7732e+00 -7.7662e-01 -2.5765e+00 -1.7705e+00 +2.1051e-01 -1.2817e+00 +1.1206e+00 +2.9862e+00 +1.6220e-01
12869 0 +3.236344741e+01 +5.783344741e+01 +5.783344741e+01 -4.0199e+00 -1.8218e+00 -1.8080e+00 -1.6794e+00 -2.2869e+00 +4.0767e-02 -9.8099e-01 -2.3273e-01 +3.8861e+00 -4.6178e-01
17890 0 +3.029990529e+01 +5.576990529e+01 +5.576990529e+01 -3.6703e+00 -2.1802e+00 -2.4781e+00 -1.8422e+00 -2.1232e+00 +7.6640e-01 -7.8963e-01 +2.8765e-01 +2.9948e+00 -1.5992e+00
30569 0 +2.104378984e+01 +4.651378984e+01 +4.651378984e+01 -3.1326e+00 -1.9545e+00 -1.5704e+00 -2.7379e+00 -1.2731e+00 +3.0038e-01 -1.0797e+00 +8.9854e-01 +3.2357e+00 -3.8226e-01
100001 0 +2.104378984e+01 +4.651378984e+01 +4.651378984e+01 -3.1326e+00 -1.9545e+00 -1.5704e+00 -2.7379e+00 -1.2731e+00 +3.0038e-01 -1.0797e+00 +8.9854e-01 +3.2357e+00 -3.8226e-01
% f evaluations | g evaluations | best noise-free fitness - Fopt (-1.008100000000e+02) + sum g_i+ | measured fitness | best measured fitness or single-digit g-values | x1 | x2...
1 0 +1.920731690e+02 +9.126316903e+01 +9.126316903e+01 +0.0000e+00 +0.0000e+00 +0.0000e+00 +0.0000e+00 +0.0000e+00 +0.0000e+00 +0.0000e+00 +0.0000e+00 +0.0000e+00 +0.0000e+00
4 0 +1.601546670e+02 +5.934466700e+01 +5.934466700e+01 +4.0252e-01 +1.5623e+00 +4.5844e-01 -1.0064e+00 +3.6599e-01 -3.8080e-02 +1.1433e+00 +2.5171e-01 -7.3196e-01 -4.8741e-01
15 0 +1.110835743e+02 +1.027357431e+01 +1.027357431e+01 +5.7406e-01 -4.9965e-01 -1.6034e-02 +1.1721e+00 +1.6406e+00 +1.1427e+00 -3.1214e-01 +3.8768e-01 -6.4591e-01 -1.1714e+00
298 0 +7.428723169e+01 -2.652276831e+01 -2.652276831e+01 +1.1219e-01 +3.5060e-01 -6.1269e-01 -5.0806e-01 -9.3781e-03 +6.2076e-01 +1.0212e+00 +5.9484e-01 -7.1620e-01 +4.0540e-01
730 0 +6.971234395e+01 -3.109765605e+01 -3.109765605e+01 +2.3361e-01 +1.4067e+00 +5.0282e-02 -5.6168e-02 +2.4229e+00 +5.0045e-01 +2.0008e-01 +1.0923e+00 -1.9639e+00 +1.1675e+00
1096 0 +6.509043428e+01 -3.571956572e+01 -3.571956572e+01 +8.7061e-01 +1.1489e+00 -4.4416e-01 +8.9361e-02 +2.4352e+00 +4.3012e-01 +3.7059e-01 +1.2836e+00 -3.2587e+00 +9.2446e-01
1687 0 +6.242826888e+01 -3.838173112e+01 -3.838173112e+01 +5.9551e-01 +6.9186e-01 +6.6512e-01 +1.2409e-01 +2.4286e+00 +1.1354e+00 +1.1673e+00 +1.2717e+00 -2.8830e+00 -1.2120e-01
2062 0 +5.693088798e+01 -4.387911202e+01 -4.387911202e+01 +1.2564e+00 +1.2749e+00 +2.1241e+00 -3.0435e-01 +2.9240e+00 +8.7007e-01 -5.3233e-01 +1.5725e+00 -3.6807e+00 +8.6910e-01
2884 0 +4.179269698e+01 -5.901730302e+01 -5.901730302e+01 +1.3148e+00 +1.1067e+00 +1.2242e+00 -1.4196e-01 +1.9520e+00 +1.1090e+00 -8.7106e-01 +1.8426e+00 -4.0158e+00 +5.0912e-01
4975 0 +3.184835487e+01 -6.896164513e+01 -6.896164513e+01 +5.2199e-01 +1.2084e+00 +2.2410e+00 +5.8913e-01 +4.5958e+00 +1.5778e+00 +4.6215e-01 +1.4479e+00 -3.3076e+00 -6.7422e-01
6844 0 +2.756922463e+01 -7.324077537e+01 -7.324077537e+01 -6.9823e-01 +2.6180e-01 +1.7722e+00 +8.9166e-02 +3.3685e+00 +2.2864e+00 +2.8416e-01 +1.8852e+00 -3.4913e+00 -1.0176e+00
64726 0 +2.505174663e+01 -7.575825337e+01 -7.575825337e+01 +3.3454e-01 +5.4279e-01 +3.4765e-01 +2.6790e-01 +2.8020e+00 +1.4726e+00 -3.3420e-01 +1.9184e+00 -3.2926e+00 -7.1412e-01
100001 0 +2.505174663e+01 -7.575825337e+01 -7.575825337e+01 +3.3454e-01 +5.4279e-01 +3.4765e-01 +2.6790e-01 +2.8020e+00 +1.4726e+00 -3.3420e-01 +1.9184e+00 -3.2926e+00 -7.1412e-01
% f evaluations | g evaluations | best noise-free fitness - Fopt (-3.531300000000e+02) + sum g_i+ | measured fitness | best measured fitness or single-digit g-values | x1 | x2...
1 0 +2.885280905e+02 -6.460190953e+01 -6.460190953e+01 +0.0000e+00 +0.0000e+00 +0.0000e+00 +0.0000e+00 +0.0000e+00 +0.0000e+00 +0.0000e+00 +0.0000e+00 +0.0000e+00 +0.0000e+00
5 0 +2.273734341e+02 -1.257565659e+02 -1.257565659e+02 +1.4725e+00 -9.1782e-01 -5.7924e-01 -1.0830e+00 +6.3275e-01 +2.7892e-02 +1.3349e+00 +8.8828e-01 -3.0901e-01 +1.6429e+00
25 0 +2.035108363e+02 -1.496191637e+02 -1.496191637e+02 -8.1715e-01 -1.2046e-01 +1.5805e+00 -1.4692e+00 -1.9769e-01 -1.9977e-01 -1.0857e+00 +1.0070e+00 -1.3464e+00 +1.2750e+00
101 0 +1.919080550e+02 -1.612219450e+02 -1.612219450e+02 -8.6434e-01 -6.8359e-01 -9.8894e-03 -1.5723e+00 +1.0801e-01 -1.3430e+00 -1.8645e+00 +6.9199e-01 +7.4662e-01 +7.6040e-01
125 0 +1.809525311e+02 -1.721774689e+02 -1.721774689e+02 -1.0670e+00 +7.1958e-01 +9.7812e-01 -1.3042e+00 +1.3821e-01 -8.9967e-01 -1.3463e+00 -1.9047e-01 +8.3180e-01 +1.9883e+00
148 0 +1.429202957e+02 -2.102097043e+02 -2.102097043e+02 -1.3303e+00 -7.4036e-01 +1.5001e+00 -3.3660e+00 -1.5459e-01 -1.0960e+00 -1.5568e+00 +1.3294e+00 +9.5340e-01 +1.2697e+00
208 0 +1.222960075e+02 -2.308339925e+02 -2.308339925e+02 -2.1875e+00 -1.0027e+00 +2.9578e-01 -2.4809e+00 +3.3333e-01 -8.6949e-01 -9.2047e-01 +1.1955e+00 +1.3967e-02 +8.2268e-01
298 0 +1.112142281e+02 -2.419157719e+02 -2.419157719e+02 -2.0630e+00 -6.1753e-01 +1.3118e+00 -2.8858e+00 +9.0213e-01 -2.3960e+00 -2.0000e+00 +2.5482e+00 +6.2142e-01 +1.4460e+00
531 0 +1.025111069e+02 -2.506188931e+02 -2.506188931e+02 -2.2324e+00 -9.9695e-01 +1.1816e+00 -2.7670e+00 -1.0093e-01 -1.1182e+00 -7.1202e-01 +3.6344e+00 +4.8122e-01 +2.0471e+00
576 0 +9.667392870e+01 -2.564560713e+02 -2.564560713e+02 -2.4825e+00 -9.5134e-01 +1.6077e+00 -3.1987e+00 +7.4825e-01 -1.2581e+00 -2.5427e+00 +2.5430e+00 +1.4298e+00 +1.9108e+00
589 0 +8.723835354e+01 -2.658916465e+02 -2.658916465e+02 -1.1719e+00 +1.4342e-01 -3.3029e-01 -5.7645e+00 -8.4585e-01 -9.1365e-01 -1.7308e+00 +2.6706e+00 +4.9511e-01 +1.5205e+00
666 0 +7.714212806e+01 -2.759878719e+02 -2.759878719e+02 -2.3407e+00 -3.9661e-01 -1.2445e-01 -3.6710e+00 -2.2232e-01 -1.9998e+00 -1.5437e+00 +2.3352e+00 +1.0801e+00 +1.3927e+00
791 0 +7.003731782e+01 -2.830926822e+02 -2.830926822e+02 -1.1958e+00 +2.2480e-01 -9.4228e-02 -3.6766e+00 -6.9007e-01 -9.0837e-01 -1.5204e+00 +2.9445e+00 +6.6271e-01 +2.3212e+00
1490 0 +6.864733198e+01 -2.844826680e+02 -2.844826680e+02 -2.4080e+00 +7.2501e-02 -2.1530e+00 -3.3168e+00 -1.4377e+00 -1.1321e+00 -6.6518e-01 +2.9058e+00 +1.0602e+00 +2.7197e+00
1601 0 +6.360534571e+01 -2.895246543e+02 -2.895246543e+02 -1.9547e+00 +5.0425e-01 -2.2545e+00 -4.4167e+00 -7.3292e-01 -3.7500e-01 -1.1044e+00 +3.7535e+00 +8.1993e-01 +2.5065e+00
1881 0 +4.155834968e+01 -3.115716503e+02 -3.115716503e+02 -1.6466e+00 +6.7650e-01 -2.3388e+00 -4.8636e+00 -1.0479e+00 -1.4446e+00 -2.0756e+00 +3.3246e+00 +1.9759e+00 +2.6563e+00
4222 0 +3.744305071e+01 -3.156869493e+02 -3.156869493e+02 -2.9945e+00 +1.6221e-01 -2.8405e+00 -4.1778e+00 -6.0552e-01 -2.5668e-01 -1.1463e+00 +2.5747e+00 +2.0678e+00 +2.8261e+00
8669 0 +3.608196830e+01 -3.170480317e+02 -3.170480317e+02 -1.7587e+00 +1.2468e+00 -2.3163e+00 -2.9150e+00 -1.4257e+00 +6.0530e-01 -8.2422e-01 +2.9136e+00 +1.0435e+00 +3.0002e+00
9170 0 +3.520893139e+01 -3.179210686e+02 -3.179210686e+02 -2.6694e+00 +1.0807e+00 -2.5601e+00 -3.7299e+00 -6.5600e-01 +4.0831e-01 -1.5676e+00 +2.8511e+00 +2.5961e+00 +2.8914e+00
10114 0 +3.098076823e+01 -3.221492318e+02 -3.221492318e+02 -1.9128e+00 +5.0891e-01 -1.6891e+00 -4.3681e+00 -1.7122e+00 -5.0604e-01 -9.8742e-01 +2.8969e+00 +1.7664e+00 +2.2036e+00
18984 0 +2.701929745e+01 -3.261107025e+02 -3.261107025e+02 -1.7752e+00 +9.4164e-01 -2.7013e+00 -4.2022e+00 -1.7140e+00 -2.1893e+00 -1.8523e+00 +1.7135e+00 +1.6626e+00 +2.0027e+00
75375 0 +2.386816829e+01 -3.292618317e+02 -3.292618317e+02 -2.3289e+00 +8.6557e-01 -2.7945e+00 -4.2172e+00 -7.9290e-01 -2.3030e-01 -2.0008e+00 +2.2431e+00 +2.2683e+00 +2.5279e+00
93173 0 +2.250990732e+01 -3.306200927e+02 -3.306200927e+02 -1.7061e+00 +4.7558e-01 -2.0437e+00 -3.2505e+00 -2.8731e-01 -4.6783e-02 -1.4979e+00 +2.8129e+00 +2.1881e+00 +2.3423e+00
100001 0 +2.250990732e+01 -3.306200927e+02 -3.306200927e+02 -1.7061e+00 +4.7558e-01 -2.0437e+00 -3.2505e+00 -2.8731e-01 -4.6783e-02 -1.4979e+00 +2.8129e+00 +2.1881e+00 +2.3423e+00
% f evaluations | g evaluations | best noise-free fitness - Fopt (8.716000000000e+01) + sum g_i+ | measured fitness | best measured fitness or single-digit g-values | x1 | x2...
1 0 +3.272544691e+02 +4.144144691e+02 +4.144144691e+02 +0.0000e+00 +0.0000e+00 +0.0000e+00 +0.0000e+00 +0.0000e+00 +0.0000e+00 +0.0000e+00 +0.0000e+00 +0.0000e+00 +0.0000e+00
2 0 +3.178689388e+02 +4.050289388e+02 +4.050289388e+02 -7.8842e-01 -5.7981e-01 -1.3546e+00 +1.2396e+00 -5.8319e-01 -9.1706e-01 +1.6336e+00 -1.5347e-01 -1.2549e+00 -6.7678e-01
4 0 +2.908749950e+02 +3.780349950e+02 +3.780349950e+02 +1.3993e+00 +6.0124e-01 -1.3569e+00 +1.2007e+00 -1.3741e+00 +8.4762e-01 +1.6563e+00 -6.8066e-01 -1.3124e+00 +2.2199e-01
17 0 +2.846625733e+02 +3.718225733e+02 +3.718225733e+02 -4.1573e-01 +1.1598e+00 -7.7201e-01 +1.5696e+00 -4.3488e-01 +1.1640e+00 -1.2489e+00 +3.2693e-01 -7.7501e-01 +7.1364e-01
25 0 +2.499656396e+02 +3.371256396e+02 +3.371256396e+02 +1.1988e+00 +1.4480e-01 -3.0098e-01 +9.7549e-01 -1.2396e+00 +6.1845e-01 -8.9365e-01 +9.0872e-01 +1.4329e+00 -1.3530e+00
30 0 +2.426796440e+02 +3.298396440e+02 +3.298396440e+02 -7.0775e-02 +2.3850e-01 -8.9825e-01 +2.7127e-01 -1.4749e+00 -4.8476e-01 -1.3276e+00 +1.1509e+00 +1.0687e+00 +9.6878e-01
62 0 +1.761310456e+02 +2.632910456e+02 +2.632910456e+02 +1.2592e+00 +9.4296e-01 -9.7017e-01 +7.2762e-01 -1.4647e+00 -2.6923e-01 +1.8900e-01 +4.7185e-01 -4.1077e-01 -7.8317e-01
191 0 +1.607302864e+02 +2.478902864e+02 +2.478902864e+02 +9.5246e-01 +1.4785e+00 -2.0101e+00 +9.3414e-01 -9.6448e-01 -6.9099e-01 -7.4588e-01 +5.5164e-01 -5.4185e-01 -5.4732e-01
290 0 +1.389420491e+02 +2.261020491e+02 +2.261020491e+02 +1.4170e+00 +1.0351e+00 -1.0305e-01 +1.7838e+00 +1.8805e-01 +1.0749e+00 -3.8819e-02 +3.9370e+00 -1.4469e+00 -5.4745e-01
302 0 +1.344902167e+02 +2.216502167e+02 +2.216502167e+02 +1.2129e+00 +1.4567e+00 -2.3800e+00 +8.6241e-01 -1.1282e+00 +8.7840e-01 -6.4404e-01 +1.6236e+00 -8.4333e-01 -6.3064e-01
330 0 +1.216562875e+02 +2.088162875e+02 +2.088162875e+02 +2.3849e+00 +8.3457e-01 -4.8057e-01 +1.6731e+00 -1.6552e+00 +8.4672e-01 +5.8521e-01 +1.7091e+00 +3.1080e-01 -1.4460e+00
362 0 +1.083737667e+02 +1.955337667e+02 +1.955337667e+02 +1.3513e+00 +7.8803e-01 -4.7528e-01 +1.5942e+00 -1.0033e+00 +3.7834e-01 +1.2439e+00 +2.5302e+00 -2.6709e-01 -1.3268e+00
418 0 +9.997043203e+01 +1.871304320e+02 +1.871304320e+02 +4.1209e-01 +1.9527e+00 -6.6304e-01 +1.0249e+00 -1.3582e+00 +5.4164e-01 +2.2212e-01 +3.8210e+00 -2.3953e+00 -3.0695e-01
525 0 +9.561977650e+01 +1.827797765e+02 +1.827797765e+02 +1.2922e+00 +1.2068e+00 -4.9814e-01 +2.1426e+00 -1.0979e+00 -9.8697e-01 +1.3155e+00 +2.7439e+00 -2.8461e+00 -1.4269e+00
625 0 +9.200593567e+01 +1.791659357e+02 +1.791659357e+02 +7.1908e-01 +2.2760e+00 -1.0541e+00 +1.6519e+00 -1.6769e+00 +3.6100e-01 +1.2187e+00 +3.0102e+00 -2.5050e+00 -9.3290e-01
761 0 +9.034145709e+01 +1.775014571e+02 +1.775014571e+02 +1.7232e+00 +5.0855e-01 -6.7262e-01 +2.5104e+00 -2.4727e-01 -3.3315e-01 +2.3707e-01 +2.3087e+00 -1.9507e+00 -1.0077e+00
766 0 +8.805695196e+01 +1.752169520e+02 +1.752169520e+02 +1.0477e+00 +2.4041e+00 -1.3618e+00 +1.8436e+00 +5.2391e-01 -9.5750e-01 +4.4801e-01 +3.4259e+00 -2.2969e+00 -6.8670e-01
768 0 +8.255799893e+01 +1.697179989e+02 +1.697179989e+02 +1.9036e+00 +1.8889e+00 -1.8887e+00 +1.8259e+00 -9.3506e-01 +3.2231e-01 +6.9602e-01 +3.6969e+00 -1.9668e+00 -5.1625e-02
1017 0 +7.960647275e+01 +1.667664727e+02 +1.667664727e+02 +1.9371e+00 +1.8714e+00 -2.2069e+00 +2.6883e+00 -4.3941e-01 -1.0172e+00 +7.0245e-01 +2.4939e+00 -2.5741e+00 -7.0126e-01
1031 0 +7.876813296e+01 +1.659281330e+02 +1.659281330e+02 +1.4978e+00 +4.9515e-01 -2.3722e+00 +3.2218e+00 +6.7732e-02 -8.4486e-01 +1.1122e+00 +1.7978e+00 -2.7846e+00 +4.8299e-01
1100 0 +7.696905081e+01 +1.641290508e+02 +1.641290508e+02 +2.9519e-01 +1.2312e+00 -2.3991e+00 +2.8874e+00 -1.0925e-01 -8.3247e-01 +9.3637e-01 +3.1543e+00 -3.2048e+00 +7.3377e-01
1179 0 +6.966318874e+01 +1.568231887e+02 +1.568231887e+02 +1.1917e+00 +1.1520e+00 -1.2582e+00 +2.4434e+00 +4.3489e-01 -6.0801e-01 -2.7957e-01 +2.7106e+00 -2.2594e+00 +3.6558e-01
1354 0 +6.343600047e+01 +1.505960005e+02 +1.505960005e+02 +1.5627e+00 +7.1715e-01 -1.4140e+00 +4.3467e+00 +3.0061e-01 -8.8301e-01 +2.5501e+00 +2.8636e+00 -2.1727e+00 -6.0961e-01
1420 0 +4.921651235e+01 +1.363765124e+02 +1.363765124e+02 +1.6378e+00 +1.1810e+00 -2.3207e+00 +3.4733e+00 +4.1583e-01 -9.8336e-01 +1.5585e+00 +2.7429e+00 -2.6140e+00 -3.7980e-01
1506 0 +4.544471319e+01 +1.326047132e+02 +1.326047132e+02 +1.2061e+00 +2.0856e+00 -2.8975e+00 +2.2577e+00 -4.6889e-01 -9.0171e-01 +1.0899e+00 +2.6824e+00 -2.3218e+00 +3.9458e-01
3771 0 +4.119009409e+01 +1.283500941e+02 +1.283500941e+02 +1.2001e+00 +1.4010e-01 -2.4347e+00 +3.3643e+00 +9.7479e-01 -6.5909e-01 +6.9028e-02 +2.4528e+00 -2.5388e+00 -1.4912e+00
6711 0 +3.501339748e+01 +1.221733975e+02 +1.221733975e+02 +9.2037e-01 +9.4060e-01 -2.8580e+00 +3.9484e+00 +5.7753e-01 -9.0826e-01 +1.7156e+00 +1.9721e+00 -2.2310e+00 -1.0622e-01
9757 0 +3.287834352e+01 +1.200383435e+02 +1.200383435e+02 +1.5533e+00 +8.1525e-01 -2.9375e+00 +3.7092e+00 +1.1481e+00 -1.1035e+00 +1.4578e+00 +3.1193e+00 -2.6616e+00 +8.7863e-01
12079 0 +3.048115200e+01 +1.176411520e+02 +1.176411520e+02 +2.1189e+00 +5.9184e-01 -2.0700e+00 +4.3069e+00 +2.5743e-01 -8.3484e-01 +1.0778e+00 +2.4203e+00 -2.5481e+00 -3.9537e-01
15836 0 +2.379788865e+01 +1.109578887e+02 +1.109578887e+02 +2.3335e+00 +1.3437e+00 -2.7270e+00 +4.3507e+00 +4.8894e-01 -2.3091e+00 +2.1098e+00 +2.5466e+00 -2.0554e+00 +6.9687e-01
49335 0 +2.002188277e+01 +1.071818828e+02 +1.071818828e+02 +1.6754e+00 +8.3314e-01 -2.3533e+00 +4.1491e+00 +1.0808e+00 -1.2647e+00 +1.7032e+00 +2.6874e+00 -2.1397e+00 +2.0257e-01
77108 0 +1.019968082e+01 +9.735968082e+01 +9.735968082e+01 +2.1709e+00 +7.5364e-01 -3.1361e+00 +4.0404e+00 +6.4001e-01 -7.0278e-01 +1.4956e+00 +2.4119e+00 -2.8450e+00 +6.6177e-01
100001 0 +1.019968082e+01 +9.735968082e+01 +9.735968082e+01 +2.1709e+00 +7.5364e-01 -3.1361e+00 +4.0404e+00 +6.4001e-01 -7.0278e-01 +1.4956e+00 +2.4119e+00 -2.8450e+00 +6.6177e-01
% f evaluations | g evaluations | best noise-free fitness - Fopt (-3.475000000000e+01) + sum g_i+ | measured fitness | best measured fitness or single-digit g-values | x1 | x2...
1 0 +6.336600325e+02 +5.989100325e+02 +5.989100325e+02 +0.0000e+00 +0.0000e+00 +0.0000e+00 +0.0000e+00 +0.0000e+00 +0.0000e+00 +0.0000e+00 +0.0000e+00 +0.0000e+00 +0.0000e+00
5 0 +6.006331901e+02 +5.658831901e+02 +5.658831901e+02 +9.2874e-02 -1.6855e-01 +1.3998e+00 +9.9831e-01 -1.1107e+00 -1.5927e+00 +1.9117e-01 +1.4194e+00 +1.1281e+00 -9.1224e-01
8 0 +5.256480785e+02 +4.908980785e+02 +4.908980785e+02 -1.5660e+00 -5.3536e-01 -7.9792e-01 +1.3474e+00 -8.3535e-01 -1.2907e+00 +1.2796e+00 +7.3052e-01 +3.1690e-02 -8.0062e-01
9 0 +4.721848409e+02 +4.374348409e+02 +4.374348409e+02 -9.3861e-01 +1.0055e+00 -2.7699e-01 +7.4056e-01 +1.9017e-01 -1.5657e+00 -7.8076e-01 +6.3118e-01 +7.9502e-01 +8.9446e-02
15 0 +4.561430785e+02 +4.213930785e+02 +4.213930785e+02 +1.5605e+00 +5.0475e-01 +4.4995e-01 -5.5956e-01 +2.3544e-01 +3.9538e-01 +1.2302e+00 -1.2450e+00 -1.5008e+00 +5.8357e-01
17 0 +3.996018995e+02 +3.648518995e+02 +3.648518995e+02 +5.9158e-01 +1.1254e+00 -6.2774e-01 +1.2071e+00 +3.5438e-01 -1.1984e+00 -1.3277e+00 -1.3705e-01 -8.1025e-01 -1.0248e+00
110 0 +3.671094061e+02 +3.323594061e+02 +3.323594061e+02 -5.7798e-01 +9.3631e-01 +3.9804e-01 -4.2092e-01 -1.8495e-01 -2.9890e+00 +1.8746e-01 +4.9014e-01 -4.5929e-01 -5.6531e-01
126 0 +3.514477541e+02 +3.166977541e+02 +3.166977541e+02 -8.5570e-02 +8.4905e-01 -1.7404e+00 +4.8189e-01 +1.3887e+00 -1.0370e+00 +1.7181e-01 -8.4261e-01 -1.2542e+00 +5.7171e-02
139 0 +3.343661114e+02 +2.996161114e+02 +2.996161114e+02 -1.5810e+00 +2.4342e-01 -4.6053e-01 +8.6234e-01 -1.4467e+00 -2.9916e+00 +6.4619e-01 +9.1081e-02 -3.4575e-01 -4.6827e-03
172 0 +3.007344477e+02 +2.659844477e+02 +2.659844477e+02 -5.7867e-01 +8.8892e-01 -7.5042e-01 -1.1557e+00 -4.0387e-02 -1.6162e+00 +3.8152e-01 -2.9057e-01 -2.0082e+00 +9.5099e-01
173 0 +2.914564990e+02 +2.567064990e+02 +2.567064990e+02 -1.1389e+00 -5.0099e-01 -4.9457e-01 +3.3587e-01 -8.2279e-01 -4.6564e+00 +2.8076e+00 +9.3913e-03 -2.5369e+00 -5.2194e-01
205 0 +2.310448459e+02 +1.962948459e+02 +1.962948459e+02 +2.2364e+00 +9.8486e-01 +3.7978e-01 -9.9564e-02 -3.2922e-01 -3.1955e+00 +2.7545e+00 -1.2920e+00 -1.4107e+00 +9.1036e-01
247 0 +2.161888938e+02 +1.814388938e+02 +1.814388938e+02 -1.9238e-01 +1.7332e+00 -1.8623e+00 +8.8378e-01 -1.2912e+00 -2.6002e+00 +1.0873e+00 +8.5163e-02 -1.8063e+00 +7.1685e-01
250 0 +1.913677196e+02 +1.566177196e+02 +1.566177196e+02 +1.1213e+00 +1.2161e+00 -5.6679e-01 +1.0795e+00 -1.7651e-01 -4.4307e+00 +6.8270e-01 -7.4602e-01 -2.1493e+00 -3.1103e-01
350 0 +1.832787745e+02 +1.485287745e+02 +1.485287745e+02 +1.6438e+00 +1.4149e+00 -5.9378e-01 +1.4972e+00 -8.5397e-01 -3.6251e+00 +1.4658e+00 -2.7695e-01 -2.8840e+00 +1.9859e+00
411 0 +1.791056588e+02 +1.443556588e+02 +1.443556588e+02 +1.0602e+00 +1.8939e-01 -2.2670e+00 +5.9004e-01 +1.6347e-03 -3.2036e+00 +6.9686e-01 -1.8292e+00 -2.7852e+00 +5.7770e-01
458 0 +1.640253458e+02 +1.292753458e+02 +1.292753458e+02 +7.3610e-01 +1.2409e-01 -1.4846e+00 +2.0673e+00 -1.2310e+00 -4.7928e+00 +1.2505e+00 -9.7757e-01 -2.1438e+00 +3.9909e-01
528 0 +1.459297583e+02 +1.111797583e+02 +1.111797583e+02 -1.9944e-01 +8.7913e-01 -2.1687e+00 +5.4750e-01 -1.8643e-01 -1.7504e+00 +7.1061e-01 -1.3496e+00 -4.6339e+00 -3.5308e-01
573 0 +1.299214548e+02 +9.517145480e+01 +9.517145480e+01 +8.7167e-01 +2.1475e+00 -3.0800e+00 +2.4243e+00 +1.0492e-01 -2.7874e+00 +1.3062e+00 -8.1938e-01 -4.6653e+00 +1.6023e+00
654 0 +1.215003505e+02 +8.675035047e+01 +8.675035047e+01 +2.1485e+00 +2.1956e+00 -1.4095e+00 +1.5260e+00 +5.3125e-02 -4.8032e+00 +1.2297e+00 -9.9947e-01 -4.6880e+00 +1.4457e+00
744 0 +1.191551256e+02 +8.440512560e+01 +8.440512560e+01 +1.0357e+00 +2.8494e+00 -2.4504e+00 +2.5412e+00 -1.8846e+00 -3.1939e+00 +3.2613e-01 -2.3186e+00 -3.0196e+00 +9.4588e-01
791 0 +1.157800865e+02 +8.103008648e+01 +8.103008648e+01 +1.0662e+00 +1.8246e+00 -6.5305e-01 +2.6294e+00 -4.6574e-02 -3.7745e+00 +1.7341e+00 -2.5886e+00 -4.1649e+00 +4.7295e-01
810 0 +1.120918475e+02 +7.734184750e+01 +7.734184750e+01 -2.9956e-01 +2.0796e+00 -8.4875e-01 +2.1052e+00 -7.0259e-01 -4.4520e+00 +2.1644e+00 -1.3394e+00 -3.6591e+00 +1.0381e+00
854 0 +9.160749382e+01 +5.685749382e+01 +5.685749382e+01 +1.8342e+00 +2.4755e+00 -1.1248e+00 +9.8514e-01 -3.5804e-01 -4.1618e+00 +6.0679e-01 -2.1761e+00 -3.8697e+00 +7.0205e-01
915 0 +8.479979371e+01 +5.004979371e+01 +5.004979371e+01 +2.5962e+00 +1.7500e+00 -1.6507e+00 +2.7198e+00 -5.8491e-01 -4.3517e+00 +1.4416e+00 -2.5079e+00 -1.8832e+00 +3.5107e-01
990 0 +7.783730976e+01 +4.308730976e+01 +4.308730976e+01 +1.8817e+00 +2.3703e+00 -2.0317e+00 +1.7109e+00 -9.3794e-01 -4.4816e+00 +2.3729e+00 -2.4257e+00 -4.2542e+00 +8.6756e-01
1586 0 +7.451802021e+01 +3.976802021e+01 +3.976802021e+01 +1.0048e+00 +2.1413e+00 +1.8640e-01 +2.5667e+00 -1.8144e+00 -3.3263e+00 +1.9381e+00 -3.2822e+00 -4.3256e+00 +1.8790e+00
1615 0 +6.794980095e+01 +3.319980095e+01 +3.319980095e+01 +1.4187e+00 +3.2050e+00 -1.3159e-01 +2.9297e+00 +8.4626e-02 -2.5495e+00 +1.7358e+00 -3.5793e+00 -4.3347e+00 +1.4546e+00
1852 0 +6.257480896e+01 +2.782480896e+01 +2.782480896e+01 +3.9447e+00 +3.2203e+00 +1.2112e+00 +3.0670e+00 -2.2522e+00 -4.2966e+00 +2.1024e+00 -2.4935e+00 -3.5244e+00 +9.2810e-01
2300 0 +5.846436346e+01 +2.371436346e+01 +2.371436346e+01 +1.5570e+00 +2.2648e+00 -1.8225e+00 +3.6338e+00 -1.1512e+00 -3.7028e+00 +1.7733e+00 -2.6156e+00 -3.6565e+00 +2.1362e+00
2303 0 +5.194114395e+01 +1.719114395e+01 +1.719114395e+01 +1.3317e+00 +2.5206e+00 +1.5067e-01 +2.0798e+00 -1.8012e+00 -3.3007e+00 +1.1685e+00 -3.0290e+00 -4.6187e+00 +1.8224e+00
2721 0 +5.125837981e+01 +1.650837981e+01 +1.650837981e+01 +2.5905e+00 +2.6137e+00 -2.1871e+00 +2.9693e+00 -2.2750e+00 -3.5864e+00 +1.4119e+00 -2.9771e+00 -3.9829e+00 +2.3563e+00
3026 0 +4.990971234e+01 +1.515971234e+01 +1.515971234e+01 +2.4271e+00 +2.5354e+00 -2.1534e+00 +3.5793e+00 -2.6162e+00 -3.4654e+00 +1.7583e+00 -2.5153e+00 -3.2811e+00 +2.0155e+00
4834 0 +4.231822304e+01 +7.568223038e+00 +7.568223038e+00 +1.5902e+00 +2.3203e+00 -1.4405e+00 +3.6469e+00 -1.5934e+00 -4.1823e+00 +2.2562e+00 -3.8977e+00 -4.1309e+00 +3.7043e+00
8031 0 +3.499969053e+01 +2.496905306e-01 +2.496905306e-01 +1.8443e+00 +2.7847e+00 -3.8364e-02 +3.5991e+00 -1.6886e+00 -4.3558e+00 +1.6357e+00 -4.0355e+00 -3.3099e+00 +2.6256e+00
9806 0 +3.350700102e+01 -1.242998976e+00 -1.242998976e+00 +2.8567e+00 +2.6877e+00 -1.6016e-01 +3.6069e+00 -2.1961e+00 -4.1020e+00 +2.2363e+00 -3.6847e+00 -4.4556e+00 +2.7497e+00
13546 0 +3.231395452e+01 -2.436045476e+00 -2.436045476e+00 +2.2768e+00 +1.1343e+00 -1.2873e+00 +3.7344e+00 -2.1836e+00 -4.2970e+00 +9.2726e-01 -3.1472e+00 -4.2667e+00 +2.5640e+00
16444 0 +2.937258975e+01 -5.377410254e+00 -5.377410254e+00 +1.8599e+00 +2.5618e+00 -1.1586e+00 +3.6778e+00 -2.9936e+00 -3.5054e+00 +2.0105e+00 -3.2773e+00 -3.8844e+00 +2.7875e+00
22256 0 +2.843357908e+01 -6.316420921e+00 -6.316420921e+00 +2.5292e+00 +1.7526e+00 -5.9645e-01 +3.3367e+00 -1.3719e+00 -3.5806e+00 +2.1181e+00 -3.3083e+00 -4.2506e+00 +2.5110e+00
24023 0 +2.511438451e+01 -9.635615491e+00 -9.635615491e+00 +2.0317e+00 +2.3642e+00 +1.5701e-01 +3.4476e+00 -2.3349e+00 -4.3855e+00 +1.7010e+00 -3.4319e+00 -4.3757e+00 +2.2817e+00
100001 0 +2.511438451e+01 -9.635615491e+00 -9.635615491e+00 +2.0317e+00 +2.3642e+00 +1.5701e-01 +3.4476e+00 -2.3349e+00 -4.3855e+00 +1.7010e+00 -3.4319e+00 -4.3757e+00 +2.2817e+00
% f evaluations | g evaluations | best noise-free fitness - Fopt (-1.000000000000e+03) + sum g_i+ | measured fitness | best measured fitness or single-digit g-values | x1 | x2...
1 0 +3.064735575e+02 -6.935264425e+02 -6.935264425e+02 +0.0000e+00 +0.0000e+00 +0.0000e+00 +0.0000e+00 +0.0000e+00 +0.0000e+00 +0.0000e+00 +0.0000e+00 +0.0000e+00 +0.0000e+00
3 0 +2.465245845e+02 -7.534754155e+02 -7.534754155e+02 -1.6195e+00 +2.1234e-01 -7.6758e-01 -4.3570e-02 +1.4548e-01 +8.2281e-02 +5.9916e-01 +5.8497e-01 -5.2888e-01 -5.5645e-02
5 0 +2.217884138e+02 -7.782115862e+02 -7.782115862e+02 -6.0562e-02 +1.2424e-01 -8.6815e-02 -9.0309e-01 +1.0124e+00 -1.6232e+00 -6.2720e-01 +1.2128e+00 -4.7993e-01 -1.4706e+00
59 0 +2.092191206e+02 -7.907808794e+02 -7.907808794e+02 -1.2477e-01 -8.8109e-01 -1.1484e-01 -8.3480e-01 +1.1892e-01 -9.6221e-01 -1.0870e+00 +9.9115e-01 +2.0219e-01 -9.6180e-01
145 0 +1.938452829e+02 -8.061547171e+02 -8.061547171e+02 -2.2358e-01 -9.9237e-01 -2.9366e-01 +1.4256e-01 +4.3923e-01 -1.2987e+00 -3.5351e-01 +1.4502e+00 -9.6848e-02 -1.7146e+00
150 0 +1.899929350e+02 -8.100070650e+02 -8.100070650e+02 -2.9618e-01 -7.5249e-01 -4.9425e-01 -8.5587e-01 -6.5377e-01 -1.0989e-01 +9.2573e-01 +1.3450e+00 -1.1684e+00 -7.0367e-01
288 0 +1.779046572e+02 -8.220953428e+02 -8.220953428e+02 -1.6043e+00 -6.7877e-01 -2.4263e-01 -5.2136e-01 -9.2867e-02 -2.4547e+00 -1.2870e-01 +1.8996e+00 -9.0977e-03 -1.9321e+00
375 0 +1.775414619e+02 -8.224585381e+02 -8.224585381e+02 -1.5417e+00 -1.6507e+00 -1.6250e-01 -6.0246e-01 -1.1351e+00 +9.3693e-01 +1.2684e+00 +9.2173e-01 -2.5692e-01 -1.5335e+00
403 0 +1.379823496e+02 -8.620176504e+02 -8.620176504e+02 -9.2260e-01 -3.0967e-02 +3.5126e-02 -4.6058e-01 -2.4088e-02 +2.6947e-01 +1.5987e-01 +8.6654e-01 +1.2745e+00 -2.6810e+00
499 0 +1.309348700e+02 -8.690651300e+02 -8.690651300e+02 -3.7181e+00 -5.0847e-01 -6.2719e-01 +8.2817e-01 +1.4247e+00 -1.4629e+00 -1.1484e-01 +2.4511e+00 +2.7585e+00 -1.8990e+00
651 0 +1.127880469e+02 -8.872119531e+02 -8.872119531e+02 -1.3044e+00 -1.4417e+00 -7.2937e-02 -9.1491e-01 +2.2799e-01 -9.6621e-01 -8.5635e-01 +1.9802e+00 +1.5335e+00 -1.7682e+00
809 0 +1.084218793e+02 -8.915781207e+02 -8.915781207e+02 -2.3202e+00 +5.9692e-01 -9.0654e-04 -1.2567e+00 -9.2695e-01 -1.3126e+00 +5.6461e-01 +3.7967e+00 +1.5506e+00 -1.8756e+00
820 0 +9.970175875e+01 -9.002982413e+02 -9.002982413e+02 -1.6389e+00 -4.1391e-01 -9.1040e-01 -1.6251e+00 +5.7362e-02 -1.8424e+00 -4.0617e-02 +2.5014e+00 +2.5829e+00 -1.8358e+00
986 0 +9.694228583e+01 -9.030577142e+02 -9.030577142e+02 -2.3667e+00 -1.1835e+00 -1.7808e+00 -1.9164e+00 +1.1942e-01 -2.3526e+00 +2.0418e-02 +2.1709e+00 +2.0662e+00 -4.3674e+00
987 0 +8.411847268e+01 -9.158815273e+02 -9.158815273e+02 -9.8731e-01 -9.2979e-01 +4.4418e-01 -3.7958e-01 -2.1961e-01 -1.9508e+00 -3.2941e-01 +1.9308e+00 +2.0946e+00 -3.6935e+00
1059 0 +7.428696678e+01 -9.257130332e+02 -9.257130332e+02 -2.9516e+00 -1.7224e+00 -6.2274e-01 -1.2561e+00 +2.8042e-01 -1.8443e+00 -8.8781e-01 +3.9831e+00 +2.2821e+00 -2.9230e+00
1298 0 +7.046345155e+01 -9.295365484e+02 -9.295365484e+02 -2.4310e+00 -6.5934e-01 +4.7659e-01 -2.1175e+00 -1.0710e+00 -1.7777e+00 +9.2400e-01 +3.1301e+00 +1.3007e+00 -1.3878e+00
1339 0 +6.717144937e+01 -9.328285506e+02 -9.328285506e+02 -2.8279e+00 -2.1128e+00 -3.3129e-01 -2.4790e+00 -1.8483e-01 -2.2456e+00 +1.6844e-01 +4.3897e+00 +1.4344e+00 -2.9181e+00
1693 0 +5.272906420e+01 -9.472709358e+02 -9.472709358e+02 -3.5544e+00 -4.1026e+00 -2.7242e-01 -3.2581e+00 +7.7577e-01 -2.2119e+00 +4.9541e-01 +3.0551e+00 +2.6378e+00 -4.3930e+00
2636 0 +4.370196671e+01 -9.562980333e+02 -9.562980333e+02 -3.6158e+00 -3.1797e+00 -1.6682e-01 -2.4691e+00 +6.4883e-01 -2.9603e+00 +7.7864e-01 +3.2647e+00 +1.7675e+00 -4.1273e+00
3483 0 +4.331893852e+01 -9.566810615e+02 -9.566810615e+02 -3.8712e+00 -2.3730e+00 -1.1476e-01 -1.7566e+00 +8.0842e-02 -2.7034e+00 +6.5770e-01 +3.5689e+00 +2.6353e+00 -3.7428e+00
6881 0 +3.416142600e+01 -9.658385740e+02 -9.658385740e+02 -3.4010e+00 -3.8110e+00 -5.5323e-01 -2.6750e+00 -3.8442e-01 -2.8232e+00 +1.9011e-01 +3.9080e+00 +2.2815e+00 -3.0125e+00
10779 0 +3.129931979e+01 -9.687006802e+02 -9.687006802e+02 -3.1819e+00 -3.8012e+00 +1.8231e-02 -2.4192e+00 +8.9657e-02 -2.2397e+00 -2.6446e-01 +3.6392e+00 +2.0206e+00 -2.4157e+00
24089 0 +2.759625468e+01 -9.724037453e+02 -9.724037453e+02 -4.1534e+00 -3.1258e+00 -4.2247e-01 -2.9219e+00 -1.0207e+00 -2.2396e+00 +3.6482e-01 +4.4320e+00 +2.3363e+00 -2.5232e+00
72221 0 +2.656738787e+01 -9.734326121e+02 -9.734326121e+02 -3.3725e+00 -2.9422e+00 -1.0280e-01 -2.0933e+00 -4.5018e-01 -2.7492e+00 +3.8521e-01 +3.6582e+00 +2.3313e+00 -3.6935e+00
100001 0 +2.656738787e+01 -9.734326121e+02 -9.734326121e+02 -3.3725e+00 -2.9422e+00 -1.0280e-01 -2.0933e+00 -4.5018e-01 -2.7492e+00 +3.8521e-01 +3.6582e+00 +2.3313e+00 -3.6935e+00
% f evaluations | g evaluations | best noise-free fitness - Fopt (-9.247000000000e+01) + sum g_i+ | measured fitness | best measured fitness or single-digit g-values | x1 | x2...
1 0 +3.754195373e+02 +2.829495373e+02 +2.829495373e+02 +0.0000e+00 +0.0000e+00 +0.0000e+00 +0.0000e+00 +0.0000e+00 +0.0000e+00 +0.0000e+00 +0.0000e+00 +0.0000e+00 +0.0000e+00
3 0 +3.725267515e+02 +2.800567515e+02 +2.800567515e+02 +1.2973e+00 -2.0396e-01 +5.7029e-01 +1.6177e+00 +1.0712e+00 -1.0294e+00 +1.9197e-01 -1.0367e+00 -1.0940e+00 +2.6549e-01
4 0 +3.274225323e+02 +2.349525323e+02 +2.349525323e+02 -1.0790e+00 -3.5017e-01 +8.8166e-01 -1.4422e+00 -3.9637e-01 -1.1753e+00 -7.3923e-01 +7.4050e-01 -8.4830e-01 -6.8534e-01
10 0 +2.810113604e+02 +1.885413604e+02 +1.885413604e+02 +1.4509e+00 -1.2191e+00 +9.8041e-01 +1.5275e+00 -4.1654e-01 -1.5667e-01 +1.2389e+00 +5.3623e-01 +3.4979e-02 -1.1360e+00
15 0 +2.563292759e+02 +1.638592759e+02 +1.638592759e+02 +1.5388e+00 -1.0875e+00 +5.2714e-01 -7.4648e-01 -5.9850e-01 -7.2708e-01 +2.8031e-01 +6.7252e-01 -9.4276e-01 +1.5368e+00
24 0 +2.270780780e+02 +1.346080780e+02 +1.346080780e+02 +1.5826e+00 +7.7132e-01 +8.3720e-02 -8.5378e-01 +1.5369e+00 -1.0625e+00 -4.0677e-01 +1.5978e+00 +8.1582e-01 +2.9429e-01
96 0 +2.217975711e+02 +1.293275711e+02 +1.293275711e+02 +4.1252e-01 +5.0209e-03 -2.0106e-01 -4.2995e-01 +1.5992e-01 -1.2876e+00 -9.2875e-02 +8.4508e-01 +9.2404e-01 -7.2071e-01
116 0 +2.072447949e+02 +1.147747949e+02 +1.147747949e+02 +1.2580e+00 +6.4336e-01 +3.0527e-01 -8.1642e-01 +5.5126e-01 -9.5492e-01 -6.1261e-01 +6.4410e-01 +5.0708e-01 +1.6499e-01
124 0 +1.787012079e+02 +8.623120794e+01 +8.623120794e+01 -1.9567e-01 +4.2513e-01 +5.9761e-01 -1.3562e+00 -1.0617e+00 -1.1897e+00 +1.2997e+00 +5.2998e-01 +1.5705e+00 +1.0809e+00
217 0 +1.616599497e+02 +6.918994971e+01 +6.918994971e+01 +4.5015e-01 +2.2750e-01 -6.9921e-01 -2.2393e-02 -1.0460e+00 -1.0618e+00 -1.0164e+00 +1.4267e+00 +2.3391e+00 +8.8623e-01
251 0 +1.516264106e+02 +5.915641058e+01 +5.915641058e+01 +4.8321e-01 +1.4363e+00 +1.1077e+00 -1.6967e+00 -2.2241e-01 -1.7983e+00 +8.9353e-01 +1.5756e+00 +9.3759e-01 +6.6224e-02
334 0 +1.439825074e+02 +5.151250745e+01 +5.151250745e+01 +1.0776e+00 +6.4774e-01 +4.9772e-01 -1.0590e+00 -1.2782e+00 -1.4960e+00 +1.6585e+00 +7.5362e-01 +6.9896e-01 +1.5900e+00
374 0 +1.399871369e+02 +4.751713688e+01 +4.751713688e+01 +1.7074e+00 -2.7349e-01 +7.1031e-01 +8.1969e-01 -1.4380e+00 -1.4867e+00 -8.7976e-01 +3.1968e-02 +2.6584e+00 +1.2250e-01
405 0 +1.240258964e+02 +3.155589637e+01 +3.155589637e+01 +3.0041e+00 -2.5138e-01 +8.1890e-01 -8.8799e-01 -2.9834e-01 -1.6324e+00 +1.6079e-01 -2.5649e-01 +3.8036e-02 +7.3068e-01
444 0 +1.079234626e+02 +1.545346256e+01 +1.545346256e+01 +2.8731e+00 +1.2178e+00 +1.2196e+00 -8.4886e-01 -1.8700e-01 -2.3013e+00 +1.4828e-01 +1.2985e+00 +7.3991e-01 +8.2785e-01
484 0 +1.066449931e+02 +1.417499309e+01 +1.417499309e+01 +1.6592e+00 +1.3628e+00 +8.3417e-01 -1.5033e+00 -2.1487e-01 -1.7703e+00 -6.5078e-02 +1.7137e+00 +1.1036e+00 +4.2252e-01
489 0 +1.037302706e+02 +1.126027063e+01 +1.126027063e+01 +3.1683e+00 +3.5542e-01 -1.3881e-02 -4.8817e-01 -2.9493e-01 -2.1561e+00 -2.0508e-02 +1.4355e+00 +8.3808e-01 +1.1008e+00
510 0 +8.669651700e+01 -5.773483004e+00 -5.773483004e+00 +2.4500e+00 -7.2520e-01 +1.5064e+00 -8.1266e-01 +1.4172e-01 -2.1086e+00 -1.9516e-01 +5.6944e-01 +2.3251e-01 +1.2984e+00
629 0 +7.960706400e+01 -1.286293600e+01 -1.286293600e+01 +2.9318e+00 +1.9628e-01 +8.5062e-01 -4.8379e-01 +3.2550e-01 -2.1863e+00 +4.9717e-02 +1.6546e+00 +4.1772e-01 +6.6292e-02
868 0 +7.553713802e+01 -1.693286198e+01 -1.693286198e+01 +2.1864e+00 -1.0833e-01 +1.9610e+00 -1.1328e+00 +1.2625e-01 -3.5506e+00 -2.1500e-01 +9.3103e-01 +8.2808e-01 +5.3303e-01
927 0 +6.611368727e+01 -2.635631273e+01 -2.635631273e+01 +2.0935e+00 -1.1838e-01 +2.9802e+00 -4.8014e-01 +2.6390e-01 -2.7570e+00 -1.7419e-01 +2.3895e+00 +1.2965e+00 +1.3992e+00
1061 0 +6.578707616e+01 -2.668292384e+01 -2.668292384e+01 +2.8418e+00 -3.4342e-01 +3.1583e+00 +4.0874e-01 -1.2680e+00 -2.1228e+00 -1.3525e-01 +1.1482e+00 +4.7674e-01 +6.0831e-01
1133 0 +6.202196606e+01 -3.044803394e+01 -3.044803394e+01 +2.9281e+00 -1.4115e+00 +4.0139e+00 +3.4593e-01 -1.0785e+00 -3.2626e+00 +4.4002e-01 +1.1488e+00 -1.9689e-02 +9.6730e-01
1528 0 +5.196610664e+01 -4.050389336e+01 -4.050389336e+01 +2.6847e+00 -6.2662e-01 +3.8288e+00 +1.3905e+00 -5.3558e-01 -2.5947e+00 +1.6368e+00 +2.1437e+00 +1.1154e+00 +7.9234e-01
1722 0 +4.961681174e+01 -4.285318826e+01 -4.285318826e+01 +2.7153e+00 -8.1890e-01 +2.3127e+00 -7.4181e-01 -4.0687e-01 -3.3732e+00 +3.1996e-01 +2.9912e+00 +4.8436e-01 +1.5629e+00
2977 0 +4.728211356e+01 -4.518788644e+01 -4.518788644e+01 +2.7331e+00 +3.5406e-01 +4.2074e+00 -6.2225e-02 -3.7718e-01 -1.9916e+00 +1.1109e+00 +3.5191e+00 +1.1446e+00 +1.6170e+00
3959 0 +3.257966342e+01 -5.989033658e+01 -5.989033658e+01 +3.4449e+00 -2.3052e-01 +3.8346e+00 -2.0391e-01 -2.4263e-01 -3.0229e+00 +8.0549e-01 +2.5269e+00 +3.7453e-01 +1.4313e+00
8540 0 +3.185243562e+01 -6.061756438e+01 -6.061756438e+01 +3.1306e+00 +3.5037e-01 +2.5791e+00 +1.1995e-01 +2.2259e-02 -2.8375e+00 +1.1517e+00 +2.3350e+00 +9.0944e-02 +1.4065e+00
11805 0 +2.623834284e+01 -6.623165716e+01 -6.623165716e+01 +3.1709e+00 -3.9966e-01 +2.4271e+00 -7.0767e-01 -5.1093e-01 -2.0042e+00 +5.6510e-01 +2.6750e+00 +1.1288e+00 +2.1056e+00
34698 0 +2.513154897e+01 -6.733845103e+01 -6.733845103e+01 +2.7849e+00 -8.6229e-01 +2.9476e+00 +1.0516e-01 +1.6101e-01 -2.7469e+00 -3.0940e-02 +2.1824e+00 +8.4738e-01 +1.8891e+00
55651 0 +1.640664966e+01 -7.606335034e+01 -7.606335034e+01 +2.9618e+00 +2.6459e-01 +3.3470e+00 -7.4930e-01 -1.6564e-01 -2.4798e+00 +5.8916e-01 +1.6756e+00 +4.6645e-01 +1.9195e+00
100001 0 +1.640664966e+01 -7.606335034e+01 -7.606335034e+01 +2.9618e+00 +2.6459e-01 +3.3470e+00 -7.4930e-01 -1.6564e-01 -2.4798e+00 +5.8916e-01 +1.6756e+00 +4.6645e-01 +1.9195e+00
% f evaluations | g evaluations | best noise-free fitness - Fopt (-2.153000000000e+02) + sum g_i+ | measured fitness | best measured fitness or single-digit g-values | x1 | x2...
1 0 +5.117247593e+02 +2.964247593e+02 +2.964247593e+02 +0.0000e+00 +0.0000e+00 +0.0000e+00 +0.0000e+00 +0.0000e+00 +0.0000e+00 +0.0000e+00 +0.0000e+00 +0.0000e+00 +0.0000e+00
2 0 +3.092305201e+02 +9.393052008e+01 +9.393052008e+01 -1.4886e-01 +7.1806e-01 +7.8919e-01 -1.4940e+00 +2.2207e-02 -6.8001e-01 -2.4673e-01 +1.3765e+00 +1.3139e+00 +1.5088e+00
11 0 +2.670781486e+02 +5.177814861e+01 +5.177814861e+01 -2.3460e-01 +7.3050e-01 -3.2701e-01 -3.8055e-01 +6.4687e-01 -9.7760e-01 -5.7051e-01 +1.0602e+00 -1.3205e+00 +8.5762e-01
47 0 +2.586576500e+02 +4.335764998e+01 +4.335764998e+01 -6.6861e-01 -5.6269e-01 -2.2656e-01 -1.8780e+00 +6.9551e-01 -9.6401e-01 -9.6303e-01 -5.7114e-02 -1.0024e+00 -1.6895e+00
88 0 +2.519999244e+02 +3.669992439e+01 +3.669992439e+01 -2.4235e-01 -1.3211e+00 -5.0735e-01 -1.4420e+00 +7.8285e-01 -9.9531e-01 -1.3907e+00 -4.4405e-01 -1.3928e+00 -1.0956e+00
107 0 +2.166367414e+02 +1.336741402e+00 +1.336741402e+00 -1.3576e+00 -1.3151e-01 +8.0034e-01 -1.8409e+00 +9.6692e-01 -7.6676e-01 -1.9504e+00 +1.2164e+00 -1.8219e+00 +3.1533e-01
119 0 +1.941868347e+02 -2.111316525e+01 -2.111316525e+01 -1.2859e+00 -5.9023e-01 -3.0895e-01 -2.1393e+00 +6.9927e-01 -2.0159e+00 -2.1208e-01 +3.2597e-01 -8.6948e-01 -4.7860e-01
167 0 +1.803246918e+02 -3.497530824e+01 -3.497530824e+01 -1.5381e+00 -2.9183e-01 -7.9915e-01 -1.6425e+00 +1.1188e+00 -1.2992e+00 -5.5070e-01 -3.2256e-01 -1.5382e+00 -1.2534e+00
186 0 +1.604967060e+02 -5.480329401e+01 -5.480329401e+01 -1.9688e+00 +5.6437e-01 -1.3974e+00 -8.3680e-02 +1.1656e+00 -1.1180e+00 -5.1156e-01 -7.2886e-01 -1.4243e+00 +7.0417e-01
234 0 +1.471726719e+02 -6.812732806e+01 -6.812732806e+01 -2.3514e+00 -1.5965e-01 +4.3531e-01 -8.0269e-01 +6.7682e-01 -2.2146e+00 -3.2164e-01 -8.6811e-02 -1.2976e+00 -5.9768e-01
249 0 +1.231991897e+02 -9.210081031e+01 -9.210081031e+01 -1.2269e+00 -2.0211e+00 +4.3039e-01 -1.0215e+00 +1.9653e+00 -2.1362e+00 -2.3051e-02 +6.5720e-01 +1.4454e-01 +3.2508e-01
284 0 +1.067621736e+02 -1.085378264e+02 -1.085378264e+02 -6.6811e-01 +1.3248e+00 +4.1900e-01 -5.7572e-01 +1.6038e+00 -2.5997e+00 -1.5160e+00 -5.3948e-01 +7.7523e-01 +4.8260e-01
321 0 +9.720169414e+01 -1.180983059e+02 -1.180983059e+02 -3.0173e+00 +6.9816e-01 +9.2975e-01 -1.0570e+00 +1.6559e+00 -2.3595e+00 +1.7252e-01 +1.0714e+00 -1.0905e+00 +2.1025e+00
336 0 +9.048928403e+01 -1.248107160e+02 -1.248107160e+02 -4.3050e+00 +1.2193e+00 +4.7668e-02 -1.0749e+00 +1.4013e+00 -7.9673e-01 -6.5158e-01 +1.8416e+00 -1.1195e+00 +8.9810e-01
523 0 +8.446576631e+01 -1.308342337e+02 -1.308342337e+02 -1.6819e+00 +2.2909e+00 +4.7608e-01 -9.0848e-01 +3.6295e+00 -2.6853e+00 -1.0455e+00 +7.7693e-02 +1.6441e+00 +1.7233e+00
570 0 +7.821443396e+01 -1.370855660e+02 -1.370855660e+02 -2.4476e+00 +2.3032e+00 -1.5123e+00 -2.4063e+00 +1.9816e+00 -2.9061e+00 -1.9217e+00 +7.6914e-01 -3.3509e-02 +1.1274e+00
938 0 +7.208290016e+01 -1.432170998e+02 -1.432170998e+02 -3.3086e+00 +1.4555e+00 -1.4842e+00 -1.9953e+00 +1.7675e+00 -3.0040e+00 -1.7542e+00 +1.1586e+00 +1.8030e-02 +2.0646e-01
1240 0 +7.037027201e+01 -1.449297280e+02 -1.449297280e+02 -1.9637e+00 +3.1022e+00 -1.1621e+00 -2.4683e+00 +1.9602e+00 -5.4509e+00 -1.2146e+00 +2.1939e+00 +8.1903e-01 +4.1634e-01
1423 0 +6.761265275e+01 -1.476873472e+02 -1.476873472e+02 -3.2499e+00 +9.8490e-01 -1.8397e+00 -2.0489e+00 +2.3822e+00 -2.7758e+00 -2.8658e+00 +1.5529e+00 +3.5287e-01 +5.1943e-01
1590 0 +6.618389683e+01 -1.491161032e+02 -1.491161032e+02 -2.2446e+00 +1.3989e+00 -9.0358e-03 -8.6474e-01 +2.9109e+00 -2.9119e+00 -2.4007e+00 +7.8225e-01 -1.4635e-01 +1.1300e+00
1694 0 +6.563714674e+01 -1.496628533e+02 -1.496628533e+02 -2.8984e+00 +1.5877e+00 -8.6026e-01 -9.1003e-01 +3.0020e+00 -3.8731e+00 -3.2236e+00 +1.2885e+00 +2.6952e-01 +6.6738e-01
1976 0 +6.199426103e+01 -1.533057390e+02 -1.533057390e+02 -2.7558e+00 +3.5694e+00 -6.0611e-01 -2.3733e+00 +2.4507e+00 -2.4077e+00 -2.3908e+00 +2.7520e+00 +1.3881e+00 +1.9918e+00
2116 0 +5.523942476e+01 -1.600605752e+02 -1.600605752e+02 -2.7763e+00 +3.3104e+00 -9.7954e-01 -7.7033e-01 +1.9271e+00 -4.0051e+00 -2.1598e+00 +1.6473e+00 +1.3870e+00 +9.6761e-01
2843 0 +5.248879050e+01 -1.628112095e+02 -1.628112095e+02 -2.3968e+00 +3.2771e+00 -9.8589e-01 -8.0732e-01 +2.1698e+00 -3.6639e+00 -1.1898e+00 +1.7533e+00 +1.3117e+00 -1.0619e-01
3035 0 +5.132161071e+01 -1.639783893e+02 -1.639783893e+02 -2.5953e+00 +2.9416e+00 -1.4106e+00 -1.3691e+00 +1.8669e+00 -3.2531e+00 -2.3513e+00 +1.7074e+00 +1.4480e+00 +1.7139e-01
3345 0 +4.594807610e+01 -1.693519239e+02 -1.693519239e+02 -2.9345e+00 +3.0020e+00 -1.1795e+00 -2.9761e-01 +1.9328e+00 -3.2660e+00 -1.5467e+00 +8.0744e-01 +1.0005e+00 +5.3304e-01
4392 0 +4.544917616e+01 -1.698508238e+02 -1.698508238e+02 -2.2826e+00 +3.3756e+00 +1.5088e-01 -9.9652e-01 +2.1002e+00 -3.2139e+00 -1.4790e+00 +2.0418e+00 +8.5988e-01 +9.1350e-02
5147 0 +4.273815784e+01 -1.725618422e+02 -1.725618422e+02 -1.6668e+00 +3.5276e+00 -5.8620e-01 -1.2410e+00 +1.9939e+00 -2.7051e+00 -1.2799e+00 +2.2043e+00 +5.2415e-01 +5.3053e-01
5612 0 +4.258123338e+01 -1.727187666e+02 -1.727187666e+02 -2.4920e+00 +2.8272e+00 -7.1052e-01 -9.2232e-01 +1.7363e+00 -3.0857e+00 -1.6003e+00 +2.3182e+00 +1.4512e+00 +5.0831e-01
10678 0 +3.739702674e+01 -1.779029733e+02 -1.779029733e+02 -3.1810e+00 +4.2904e+00 -1.3267e+00 -8.6059e-01 +2.6415e+00 -3.6410e+00 -2.4572e+00 +2.0320e+00 +1.3118e+00 -4.5500e-01
15461 0 +3.211546243e+01 -1.831845376e+02 -1.831845376e+02 -2.8417e+00 +3.2376e+00 -9.0617e-01 -1.1997e+00 +2.2354e+00 -3.2748e+00 -2.0729e+00 +1.4737e+00 +3.0607e-01 +4.3927e-01
23963 0 +3.139256549e+01 -1.839074345e+02 -1.839074345e+02 -3.0271e+00 +3.4966e+00 -1.2133e+00 -1.0116e+00 +2.0001e+00 -3.3621e+00 -1.3690e+00 +1.9199e+00 +8.1515e-01 +7.7682e-01
26464 0 +2.649532444e+01 -1.888046756e+02 -1.888046756e+02 -2.9079e+00 +2.5164e+00 -1.9648e+00 -1.5064e+00 +2.1279e+00 -3.4239e+00 -1.4613e+00 +1.7076e+00 +1.1166e+00 +1.5884e+00
51153 0 +1.525105635e+01 -2.000489436e+02 -2.000489436e+02 -2.4868e+00 +3.5027e+00 -7.9845e-01 -4.6680e-01 +2.3846e+00 -3.4859e+00 -1.8755e+00 +1.8307e+00 +8.5572e-01 +1.1211e+00
100001 0 +1.525105635e+01 -2.000489436e+02 -2.000489436e+02 -2.4868e+00 +3.5027e+00 -7.9845e-01 -4.6680e-01 +2.3846e+00 -3.4859e+00 -1.8755e+00 +1.8307e+00 +8.5572e-01 +1.1211e+00
% f evaluations | g evaluations | best noise-free fitness - Fopt (-5.449000000000e+01) + sum g_i+ | measured fitness | best measured fitness or single-digit g-values | x1 | x2...
1 0 +2.155978129e+02 +1.611078129e+02 +1.611078129e+02 +0.0000e+00 +0.0000e+00 +0.0000e+00 +0.0000e+00 +0.0000e+00 +0.0000e+00 +0.0000e+00 +0.0000e+00 +0.0000e+00 +0.0000e+00
3 0 +1.555839007e+02 +1.010939007e+02 +1.010939007e+02 +1.1774e+00 -2.8281e-01 -1.1229e+00 -8.2702e-01 -5.4426e-01 +3.4547e-01 +5.9896e-02 -5.1639e-01 +5.4184e-02 -7.5132e-01
21 0 +1.185429597e+02 +6.405295971e+01 +6.405295971e+01 +1.6467e+00 -9.2057e-01 -1.6573e+00 -1.4347e+00 +3.3338e-01 +3.7601e-01 -1.3189e-03 -1.6570e+00 -1.3968e-01 -3.0919e-01
167 0 +1.127461094e+02 +5.825610942e+01 +5.825610942e+01 +1.4477e+00 -9.1134e-01 +8.7421e-01 -3.5069e+00 +2.0768e-02 -6.6862e-01 -1.4695e+00 -9.0044e-01 -3.0383e-01 +6.0778e-01
217 0 +1.102631318e+02 +5.577313185e+01 +5.577313185e+01 +7.5559e-01 -1.4654e+00 -7.6668e-01 -2.4616e+00 -1.5980e+00 +2.8696e-01 -1.3058e+00 +6.6504e-01 -2.0305e+00 -1.1498e+00
276 0 +1.080123754e+02 +5.352237540e+01 +5.352237540e+01 +5.3316e-01 -1.3035e+00 +5.5098e-01 -1.3025e+00 -3.3841e-01 +3.3294e-01 -1.2010e+00 -2.4187e-02 -1.5947e+00 -2.0625e-01
284 0 +1.067248757e+02 +5.223487572e+01 +5.223487572e+01 +2.1698e+00 -1.8453e+00 +5.6510e-02 -2.4097e+00 -1.1119e+00 -4.4895e-01 -7.3287e-01 -4.5938e-01 +8.9609e-02 +8.4250e-01
366 0 +9.992307060e+01 +4.543307060e+01 +4.543307060e+01 +9.9584e-01 -6.3321e-01 +1.7867e+00 -5.7770e+00 -2.6564e-01 -7.7734e-01 -1.5593e+00 +4.6068e-01 -1.9025e+00 -1.2842e-01
387 0 +8.312517619e+01 +2.863517619e+01 +2.863517619e+01 +1.3148e+00 +1.0262e-01 +8.8099e-01 -2.6963e+00 -4.6023e-01 +4.3360e-01 -1.5507e+00 -1.3957e+00 -1.1709e+00 -8.6946e-01
696 0 +6.586520888e+01 +1.137520888e+01 +1.137520888e+01 +1.2545e+00 -1.8410e-01 +7.8144e-01 -3.1945e+00 -6.0814e-01 -9.6200e-01 -1.8432e+00 -1.9851e+00 -7.1492e-01 -4.2534e-01
899 0 +6.000982700e+01 +5.519827000e+00 +5.519827000e+00 +3.0046e+00 -1.3947e+00 +2.1851e+00 -4.3555e+00 -9.1185e-01 -5.4654e-03 -1.3292e+00 -1.5594e+00 -5.3239e-01 -5.9424e-01
1332 0 +5.347407084e+01 -1.015929162e+00 -1.015929162e+00 +1.9631e+00 -1.1401e+00 +1.3668e+00 -2.1116e+00 -1.1291e+00 -1.8881e+00 -7.0767e-01 -9.8395e-01 -1.5082e+00 -7.5313e-01
2183 0 +5.100326554e+01 -3.486734461e+00 -3.486734461e+00 +2.8346e+00 -6.6688e-01 +1.0487e+00 -1.6444e+00 -1.5883e+00 -1.6589e+00 -1.1008e+00 -2.3976e+00 -6.5874e-01 +2.1314e-02
3245 0 +4.897032640e+01 -5.519673600e+00 -5.519673600e+00 +3.4004e+00 +4.7471e-01 +3.1494e+00 -3.5500e+00 -9.3340e-01 -1.8118e+00 -1.5170e+00 -2.7102e+00 -1.5009e+00 -1.0974e+00
3966 0 +4.595299410e+01 -8.537005902e+00 -8.537005902e+00 +3.1134e+00 -1.1871e+00 +1.7784e+00 -3.8750e+00 -1.2366e+00 -1.9235e+00 -1.3660e+00 -1.0011e+00 -1.2156e+00 -1.0713e+00
4967 0 +3.032747040e+01 -2.416252960e+01 -2.416252960e+01 +3.4401e+00 -1.0414e+00 +2.3121e+00 -4.1992e+00 -7.6931e-01 -9.1849e-01 -1.5239e+00 -2.3051e+00 -2.0649e+00 -1.2476e+00
19029 0 +2.474919773e+01 -2.974080227e+01 -2.974080227e+01 +3.3875e+00 -1.3360e+00 +2.3333e+00 -3.6457e+00 -5.5559e-01 -2.3002e+00 -1.1087e+00 -2.5067e+00 -8.8813e-01 -1.1643e+00
46579 0 +2.177504514e+01 -3.271495486e+01 -3.271495486e+01 +4.0431e+00 -1.2435e+00 +2.1949e+00 -3.1933e+00 -2.1394e-01 -9.8898e-01 -5.6265e-01 -2.5888e+00 -1.3443e+00 -1.4249e+00
100001 0 +2.177504514e+01 -3.271495486e+01 -3.271495486e+01 +4.0431e+00 -1.2435e+00 +2.1949e+00 -3.1933e+00 -2.1394e-01 -9.8898e-01 -5.6265e-01 -2.5888e+00 -1.3443e+00 -1.4249e+00
% f evaluations | g evaluations | best noise-free fitness - Fopt (5.049000000000e+01) + sum g_i+ | measured fitness | best measured fitness or single-digit g-values | x1 | x2...
1 0 +2.418755890e+02 +2.923655890e+02 +2.923655890e+02 +0.0000e+00 +0.0000e+00 +0.0000e+00 +0.0000e+00 +0.0000e+00 +0.0000e+00 +0.0000e+00 +0.0000e+00 +0.0000e+00 +0.0000e+00
3 0 +2.408643086e+02 +2.913543086e+02 +2.913543086e+02 -5.3845e-01 +1.4510e-01 +2.1885e-01 +9.3180e-01 +7.5356e-01 -1.1372e+00 -5.0042e-01 -1.9138e-01 +9.2767e-01 +7.2184e-01
12 0 +2.299510508e+02 +2.804410508e+02 +2.804410508e+02 +1.1389e+00 +3.2477e-01 +1.1980e-01 -2.8249e-01 +5.3289e-01 +3.1626e-01 -4.7873e-01 -1.4823e+00 +1.1939e-01 +6.5297e-01
14 0 +2.113919837e+02 +2.618819837e+02 +2.618819837e+02 -1.3796e+00 +3.6953e-01 +8.6192e-01 -4.9581e-01 -1.2277e-02 +4.8610e-02 -1.2570e+00 -6.8470e-01 -1.5068e+00 +5.0805e-01
16 0 +1.747719969e+02 +2.252619969e+02 +2.252619969e+02 +6.7198e-01 +1.2831e+00 +1.2124e+00 +1.5901e+00 +5.0814e-01 -9.6726e-01 +1.9990e-02 +5.2241e-01 -1.0545e+00 +2.7987e-01
34 0 +1.654071457e+02 +2.158971457e+02 +2.158971457e+02 +1.2264e+00 -1.1192e+00 +5.2870e-01 +1.4421e+00 +2.6084e-01 +2.3316e-01 -1.6368e+00 +8.7951e-01 -1.4660e+00 -1.1963e-02
75 0 +1.591809904e+02 +2.096709904e+02 +2.096709904e+02 +1.4904e+00 +2.1175e-01 +2.2864e+00 -2.1759e-01 +6.3202e-01 +6.1560e-01 -6.2961e-01 +6.3357e-01 -4.9626e-01 -4.8516e-02
164 0 +1.538800678e+02 +2.043700678e+02 +2.043700678e+02 +8.1248e-01 +5.1871e-01 +1.0923e+00 +9.8784e-01 +7.4340e-01 -8.0934e-01 -6.4807e-01 +3.3301e-01 -1.2494e+00 -2.4204e-01
176 0 +1.496430839e+02 +2.001330839e+02 +2.001330839e+02 +1.3023e+00 +5.4684e-01 +6.8626e-01 -2.0976e-01 +7.6693e-01 -3.6015e-01 -7.5184e-01 -1.0768e+00 -1.8312e+00 +6.6269e-01
230 0 +1.274526079e+02 +1.779426079e+02 +1.779426079e+02 +1.6761e+00 +6.3293e-01 +1.1365e+00 +2.1608e-01 +7.7715e-01 -5.5174e-01 -6.5988e-01 -1.5158e+00 -2.2566e+00 -8.2645e-01
473 0 +1.258162640e+02 +1.763062640e+02 +1.763062640e+02 +1.2305e+00 +1.5168e+00 +1.9942e+00 +2.2452e-01 +3.9348e-01 -1.5669e+00 +7.6367e-02 -6.9320e-01 -1.2853e+00 +7.9084e-01
487 0 +1.161169283e+02 +1.666069283e+02 +1.666069283e+02 +8.3570e-01 +1.0498e+00 +1.9460e+00 +8.2449e-01 -8.0835e-02 -3.1831e-01 -7.4350e-01 +1.2836e+00 -2.6924e+00 +5.2910e-01
596 0 +9.112645658e+01 +1.416164566e+02 +1.416164566e+02 +2.0522e+00 +3.4163e-01 +1.7733e+00 +2.2616e-01 +1.6313e+00 -1.3403e+00 -2.7227e-01 +4.5786e-01 -1.5887e+00 +8.0583e-01
919 0 +7.698905960e+01 +1.274790596e+02 +1.274790596e+02 +3.5559e+00 -1.1343e-01 +1.8401e+00 +8.9801e-01 +2.5952e+00 -9.0957e-01 -4.1086e-01 -5.8152e-02 -2.5055e+00 +1.1302e+00
993 0 +6.419420135e+01 +1.146842014e+02 +1.146842014e+02 +1.9994e+00 -8.5041e-02 +2.8496e+00 +3.5864e-01 +1.3658e+00 -2.6635e-01 -7.0932e-01 +1.0546e+00 -1.8037e+00 +2.2176e+00
1468 0 +4.990539583e+01 +1.003953958e+02 +1.003953958e+02 +2.1109e+00 +1.1825e+00 +2.3759e+00 -2.6459e-01 +2.5542e+00 -9.5666e-01 +8.0824e-01 -2.7947e+00 -2.5221e+00 +2.6187e+00
4092 0 +4.632008369e+01 +9.681008369e+01 +9.681008369e+01 +3.8983e+00 -5.9919e-01 +2.5466e+00 -6.8688e-01 +3.4405e+00 -6.2897e-01 +6.8166e-01 +1.3813e-01 -2.8698e+00 +3.0467e+00
5068 0 +4.202807883e+01 +9.251807883e+01 +9.251807883e+01 +2.4296e+00 -5.7857e-02 +2.6538e+00 -8.7956e-01 +2.9462e+00 -1.0452e+00 +1.3345e+00 -1.8898e+00 -2.8596e+00 +4.1241e+00
8372 0 +3.300957100e+01 +8.349957100e+01 +8.349957100e+01 +3.0379e+00 -7.1053e-01 +3.0204e+00 -1.2617e+00 +2.7283e+00 -1.5423e+00 +5.5114e-01 -1.7765e+00 -2.3464e+00 +3.1051e+00
12540 0 +2.251262441e+01 +7.300262441e+01 +7.300262441e+01 +3.6157e+00 -2.8653e-01 +3.6006e+00 -1.4114e+00 +3.7859e+00 -1.0619e+00 -2.1519e-01 -2.0506e+00 -2.7268e+00 +3.0082e+00
62847 0 +2.105025083e+01 +7.154025083e+01 +7.154025083e+01 +3.9806e+00 -3.4976e-01 +2.9728e+00 -6.5889e-01 +3.7307e+00 -1.0697e+00 +2.5903e-01 -1.4119e+00 -3.1241e+00 +3.2445e+00
100001 0 +2.105025083e+01 +7.154025083e+01 +7.154025083e+01 +3.9806e+00 -3.4976e-01 +2.9728e+00 -6.5889e-01 +3.7307e+00 -1.0697e+00 +2.5903e-01 -1.4119e+00 -3.1241e+00 +3.2445e+00
% f evaluations | g evaluations | best noise-free fitness - Fopt (-3.641300000000e+02) + sum g_i+ | measured fitness | best measured fitness or single-digit g-values | x1 | x2...
1 0 +3.420922698e+02 -2.203773022e+01 -2.203773022e+01 +0.0000e+00 +0.0000e+00 +0.0000e+00 +0.0000e+00 +0.0000e+00 +0.0000e+00 +0.0000e+00 +0.0000e+00 +0.0000e+00 +0.0000e+00
3 0 +3.153711551e+02 -4.875884492e+01 -4.875884492e+01 -2.7895e-01 -1.2888e+00 +1.5131e+00 -2.2302e-01 -1.3991e+00 -1.4478e+00 +7.8338e-01 +7.9721e-01 -5.6465e-01 +1.5981e+00
5 0 +2.277343068e+02 -1.363956932e+02 -1.363956932e+02 -1.3689e+00 +1.5874e+00 +5.3571e-01 -3.9423e-01 +1.2333e+00 +1.0277e+00 +1.1700e+00 -1.2135e-01 -9.6027e-01 -6.5507e-01
6 0 +2.017288176e+02 -1.624011824e+02 -1.624011824e+02 -1.0352e-01 +7.6164e-02 -1.1409e+00 -1.5480e-01 +1.3166e+00 -3.7429e-01 -1.2438e+00 +1.1577e+00 +6.4888e-01 -8.2272e-01
11 0 +1.980970550e+02 -1.660329450e+02 -1.660329450e+02 -8.2394e-01 -3.2050e-02 +1.9236e-01 +1.3200e+00 -4.9407e-01 -1.0793e+00 -8.8578e-01 -1.3115e-01 -1.3254e+00 -9.0604e-01
32 0 +1.834865544e+02 -1.806434456e+02 -1.806434456e+02 +5.9539e-01 -1.6412e+00 +4.7253e-01 +8.5373e-01 +6.3440e-02 -1.4475e+00 +1.3748e+00 -1.0007e+00 -1.6513e+00 -1.2893e+00
56 0 +1.695130219e+02 -1.946169781e+02 -1.946169781e+02 -1.3160e+00 -4.6308e-01 -1.8312e+00 +7.6791e-01 +6.5493e-01 -1.0680e+00 -2.7791e-02 +1.9347e-01 -7.8236e-01 +7.1127e-02
100 0 +1.538799402e+02 -2.102500598e+02 -2.102500598e+02 -5.0502e-01 -1.1895e+00 -2.2784e+00 +1.1956e+00 +1.1180e+00 -4.0014e-01 -2.3534e-01 +1.0482e+00 -1.7817e-01 -8.9353e-01
171 0 +1.441672607e+02 -2.199627393e+02 -2.199627393e+02 -8.4717e-01 -3.2696e-01 -1.5781e+00 -1.8297e+00 +3.9252e+00 +8.9867e-01 +5.9154e-01 +1.8833e-01 +7.4977e-01 -1.3166e+00
221 0 +1.355001708e+02 -2.286298292e+02 -2.286298292e+02 -6.0973e-01 -6.4490e-01 -1.0036e+00 -6.8467e-01 +3.8081e+00 -2.8497e-01 +2.1941e-01 -2.5468e-01 -1.2356e+00 -6.2208e-01
227 0 +1.231520976e+02 -2.409779024e+02 -2.409779024e+02 +3.6781e-01 -6.4435e-01 -3.9311e-01 -1.0738e+00 +3.2270e+00 -5.7335e-01 -9.2081e-01 -1.2564e+00 -4.9010e-01 -1.7650e+00
452 0 +1.085753948e+02 -2.555546052e+02 -2.555546052e+02 -1.3505e+00 +1.5131e-01 -6.0461e-01 +4.3526e-02 +2.4616e+00 -1.2090e+00 +1.5059e-02 -8.8956e-01 -6.5834e-01 -1.8430e+00
551 0 +1.022035312e+02 -2.619264688e+02 -2.619264688e+02 -7.8158e-02 -1.5629e+00 -5.7762e-01 -8.5907e-01 +2.6239e+00 -1.6736e+00 -3.2998e-01 -4.6819e-01 -1.7346e+00 -1.2931e+00
602 0 +9.111904969e+01 -2.730109503e+02 -2.730109503e+02 -1.5846e+00 -6.9925e-01 -5.7927e-01 -6.2526e-02 +2.6519e+00 -1.0690e+00 -8.3144e-01 -5.3277e-02 -1.2898e+00 -8.1957e-01
754 0 +8.453591410e+01 -2.795940859e+02 -2.795940859e+02 -2.2660e+00 -4.0345e-01 -4.4152e-01 -9.3639e-01 +3.4164e+00 -6.8350e-01 +7.6443e-01 +5.1245e-01 -1.0518e+00 -8.4086e-01
1024 0 +8.183649869e+01 -2.822935013e+02 -2.822935013e+02 -3.2903e+00 -9.7900e-01 -4.0491e-01 -5.4915e-01 +3.2304e-01 -1.8867e+00 +1.1823e-01 -1.1240e+00 -4.8005e-01 -7.3819e-01
1239 0 +7.597534643e+01 -2.881546536e+02 -2.881546536e+02 -2.4514e+00 -1.3149e+00 -1.2587e+00 -1.7730e-01 +1.4954e+00 -1.4104e+00 +1.4883e+00 -7.5085e-01 -5.2773e-01 -1.1702e+00
1462 0 +6.979547246e+01 -2.943345275e+02 -2.943345275e+02 -2.4986e+00 -1.0807e+00 +3.1719e-01 -1.4269e+00 +2.9812e+00 -1.3902e+00 +5.6344e-01 +1.7141e-01 +1.9341e-01 -1.3472e+00
1583 0 +6.863528003e+01 -2.954947200e+02 -2.954947200e+02 -4.0079e+00 -8.5800e-01 +3.0163e-02 -1.5164e+00 +2.1457e+00 -1.7599e+00 +3.0197e-01 -3.0895e-01 +6.3360e-02 -1.8029e+00
1616 0 +4.676905128e+01 -3.173609487e+02 -3.173609487e+02 -4.1568e+00 -6.1267e-01 +1.9535e-01 -1.9540e+00 +3.2236e+00 -1.7507e+00 +1.3063e+00 -4.4795e-01 +3.6584e-01 -6.9135e-01
3811 0 +4.488617891e+01 -3.192438211e+02 -3.192438211e+02 -3.5341e+00 -6.9587e-01 +9.0026e-01 -2.1000e+00 +2.5390e+00 -2.7894e+00 +1.4093e+00 -3.1552e-01 +5.7266e-01 -1.6111e+00
4255 0 +4.044784269e+01 -3.236821573e+02 -3.236821573e+02 -3.7584e+00 +2.6322e-03 +4.4171e-01 -5.2784e-01 +1.7892e+00 -2.8867e+00 +1.8525e+00 +7.3263e-02 +4.4658e-01 -8.3558e-01
4950 0 +2.959003692e+01 -3.345399631e+02 -3.345399631e+02 -3.9546e+00 -9.8749e-01 +8.0150e-01 -1.1735e+00 +1.9842e+00 -3.5937e+00 +5.3205e-01 -8.2457e-01 +7.6306e-01 -1.1175e+00
10696 0 +2.870779163e+01 -3.354222084e+02 -3.354222084e+02 -4.0935e+00 -3.0566e-01 +1.5360e+00 -4.0273e-01 +3.0603e+00 -2.8548e+00 +4.8143e-01 -1.0067e+00 +8.2068e-01 -1.2300e+00
11334 0 +2.641093706e+01 -3.377190629e+02 -3.377190629e+02 -4.3530e+00 -4.9278e-01 +1.2565e+00 -1.1363e+00 +1.2231e+00 -3.6580e+00 +1.4152e+00 -1.3990e+00 +1.9997e-01 -5.0810e-01
12930 0 +2.496297710e+01 -3.391670229e+02 -3.391670229e+02 -3.5226e+00 -5.2828e-01 +1.0061e+00 -1.1712e+00 +1.9270e+00 -3.1609e+00 +1.1172e+00 -1.1704e+00 -3.3994e-01 -1.6422e+00
28809 0 +2.400047130e+01 -3.401295287e+02 -3.401295287e+02 -3.6598e+00 -9.4073e-01 +1.4128e+00 -1.1301e+00 +1.6265e+00 -3.5428e+00 +2.2846e-01 -1.5526e+00 -1.5201e-03 -1.5145e+00
58084 0 +1.788525761e+01 -3.462447424e+02 -3.462447424e+02 -3.4494e+00 -8.9947e-01 +1.4266e+00 -1.4858e+00 +1.5582e+00 -3.6248e+00 +1.2620e+00 -1.5152e+00 +1.5846e-01 -2.4300e-01
100001 0 +1.788525761e+01 -3.462447424e+02 -3.462447424e+02 -3.4494e+00 -8.9947e-01 +1.4266e+00 -1.4858e+00 +1.5582e+00 -3.6248e+00 +1.2620e+00 -1.5152e+00 +1.5846e-01 -2.4300e-01
% f evaluations | g evaluations | best noise-free fitness - Fopt (1.592700000000e+02) + sum g_i+ | measured fitness | best measured fitness or single-digit g-values | x1 | x2...
1 0 +4.308385903e+02 +5.901085903e+02 +5.901085903e+02 +0.0000e+00 +0.0000e+00 +0.0000e+00 +0.0000e+00 +0.0000e+00 +0.0000e+00 +0.0000e+00 +0.0000e+00 +0.0000e+00 +0.0000e+00
4 0 +3.381785419e+02 +4.974485419e+02 +4.974485419e+02 +2.3171e-01 +3.6276e-01 +1.1017e+00 +1.5930e+00 -8.2174e-01 +1.1634e-01 +3.4462e-01 -1.4210e+00 -2.5051e-01 -2.8698e-02
5 0 +2.831232448e+02 +4.423932448e+02 +4.423932448e+02 +5.8674e-01 +1.0292e+00 -1.0188e+00 +1.4006e+00 -1.2288e+00 -7.6710e-03 -9.0476e-01 -1.1020e+00 +1.5551e+00 +3.1538e-01
21 0 +2.810386141e+02 +4.403086141e+02 +4.403086141e+02 -1.4998e+00 +1.6496e+00 +1.0732e+00 -4.2786e-01 -1.5731e+00 -1.5764e+00 -2.4827e-01 -9.1798e-01 +2.1897e-02 +9.0650e-01
24 0 +2.675969937e+02 +4.268669937e+02 +4.268669937e+02 -1.3170e+00 -4.3976e-02 +1.2043e+00 +4.2858e-02 -1.5329e+00 -1.9765e-01 +6.4066e-01 +1.7988e-01 +2.6948e-01 -9.6800e-01
67 0 +2.508185854e+02 +4.100885854e+02 +4.100885854e+02 -8.4570e-01 +9.7341e-01 +5.4929e-01 +1.9830e+00 -3.0686e-01 +4.7645e-01 -5.5805e-05 -5.7241e-01 +1.0035e+00 -7.0679e-01
99 0 +2.307473222e+02 +3.900173222e+02 +3.900173222e+02 -1.6750e+00 +7.8402e-01 +1.0631e+00 -7.9971e-02 +1.4052e-01 -3.7779e-01 -4.9189e-01 -9.8816e-01 +1.0949e+00 -7.9635e-01
110 0 +2.205960327e+02 +3.798660327e+02 +3.798660327e+02 -3.6303e-01 -9.4560e-01 +5.9736e-01 +1.3996e+00 -5.5625e-01 -5.7846e-02 -7.2736e-01 -1.4645e+00 +1.6520e+00 -2.4727e-01
145 0 +1.983364016e+02 +3.576064016e+02 +3.576064016e+02 +3.3982e-01 -8.9441e-01 +4.8357e-01 -1.6026e-01 -9.4591e-01 -8.0449e-01 -1.3883e+00 -1.3074e+00 +2.9223e+00 +4.1771e-01
199 0 +1.926914336e+02 +3.519614336e+02 +3.519614336e+02 -1.0942e+00 +7.1141e-01 +4.9637e-01 +1.2822e+00 -2.1978e-01 -1.1744e+00 -1.3061e-01 -2.0880e+00 +2.3636e+00 -4.9025e-01
229 0 +1.442822830e+02 +3.035522830e+02 +3.035522830e+02 -2.2225e+00 -5.7732e-01 +2.8269e+00 +2.0621e-01 -9.8675e-01 +2.2710e-01 +3.4783e-01 -9.5765e-01 +1.5853e+00 -6.0019e-01
303 0 +1.397013261e+02 +2.989713261e+02 +2.989713261e+02 -1.8058e+00 -1.9755e-01 +9.1488e-01 -1.1817e+00 -9.1759e-01 +2.2262e-02 -8.4212e-01 +3.2723e-01 +3.5984e+00 -1.0637e+00
404 0 +1.306094987e+02 +2.898794987e+02 +2.898794987e+02 -1.3922e+00 -9.3753e-01 +7.3840e-01 -1.5054e+00 -9.9804e-01 -9.8202e-01 -2.1863e+00 -1.6262e+00 +2.6389e+00 -1.3191e+00
408 0 +1.220650317e+02 +2.813350317e+02 +2.813350317e+02 -3.0369e-01 -9.9808e-02 +2.0754e+00 +3.1233e-01 -1.5327e+00 -6.9052e-01 -7.8558e-01 -2.9093e+00 +3.9453e+00 -1.4967e-01
448 0 +1.180527875e+02 +2.773227875e+02 +2.773227875e+02 -2.6458e+00 -2.8824e-01 +2.5615e+00 -2.0255e+00 -5.0892e-01 -4.2054e-01 -1.1509e+00 -1.1209e+00 +3.1773e+00 -4.0671e-01
484 0 +7.796145618e+01 +2.372314562e+02 +2.372314562e+02 +1.1971e-01 +1.2695e-01 +4.4763e+00 -3.9546e-01 -2.0403e+00 -9.0726e-01 -1.9705e+00 -7.3640e-01 +5.5252e+00 -4.8017e-01
887 0 +7.670565879e+01 +2.359756588e+02 +2.359756588e+02 -1.4153e+00 +1.0898e+00 +2.5002e+00 -3.6618e-01 -1.2920e+00 +4.3361e-01 -2.3814e+00 -1.4632e+00 +3.5839e+00 -1.6900e+00
1313 0 +6.743253604e+01 +2.267025360e+02 +2.267025360e+02 -1.5444e+00 -4.0442e-01 +3.8072e+00 -1.4459e+00 -2.7637e+00 -2.4200e-01 -3.0665e+00 -1.4070e+00 +4.3290e+00 -5.3517e-01
1505 0 +6.542771021e+01 +2.246977102e+02 +2.246977102e+02 -2.2764e+00 -6.5031e-01 +4.1334e+00 -7.1835e-01 -2.3962e+00 -6.5150e-01 -2.3023e+00 -8.4909e-01 +4.4620e+00 -1.1654e+00
1703 0 +4.628445769e+01 +2.055544577e+02 +2.055544577e+02 -2.0782e+00 -9.2943e-01 +3.5990e+00 -6.0320e-02 -1.8505e+00 +6.1435e-02 -2.6245e+00 -2.1732e+00 +1.9353e+00 -1.3684e+00
2669 0 +4.409697322e+01 +2.033669732e+02 +2.033669732e+02 -2.5702e+00 -1.0063e+00 +3.9145e+00 -4.4367e-01 -2.8398e+00 -5.2059e-02 -1.5638e+00 -1.1880e+00 +3.3412e+00 -1.5409e+00
7000 0 +4.178153535e+01 +2.010515354e+02 +2.010515354e+02 -1.4041e+00 -2.1695e+00 +4.1393e+00 -8.7565e-01 -2.8734e+00 -5.3959e-01 -2.3299e+00 -1.0903e+00 +4.4206e+00 -2.3145e+00
12532 0 +2.540497101e+01 +1.846749710e+02 +1.846749710e+02 -2.2186e+00 -8.0512e-01 +4.0157e+00 -2.0269e+00 -2.8169e+00 -8.2175e-02 -2.8173e+00 -1.4017e+00 +3.3298e+00 -1.5052e+00
18016 0 +2.227944983e+01 +1.815494498e+02 +1.815494498e+02 -1.8114e+00 -7.7349e-01 +3.3189e+00 -2.3550e+00 -3.0631e+00 +6.0002e-01 -2.7452e+00 -1.4634e+00 +3.5072e+00 -1.0505e+00
27594 0 +1.963750101e+01 +1.789075010e+02 +1.789075010e+02 -2.1943e+00 -1.4695e+00 +3.8955e+00 -1.8812e+00 -2.8321e+00 -1.4474e-01 -3.0633e+00 -1.8655e+00 +2.8732e+00 -9.3625e-01
100001 0 +1.963750101e+01 +1.789075010e+02 +1.789075010e+02 -2.1943e+00 -1.4695e+00 +3.8955e+00 -1.8812e+00 -2.8321e+00 -1.4474e-01 -3.0633e+00 -1.8655e+00 +2.8732e+00 -9.3625e-01
