% f evaluations | g evaluations | best noise-free fitness - Fopt (1.000000000000e+03) + sum g_i+ | measured fitness | best measured fitness or single-digit g-values | x1 | x2...
1 0 +4.236494560e+02 +1.423649456e+03 +1.423649456e+03 +0.0000e+00 +0.0000e+00 +0.0000e+00
20 0 +4.214902481e+02 +1.421490248e+03 +1.421490248e+03 +2.8640e+00 +1.2317e+00 +2.2468e+00
21 0 +4.051632059e+02 +1.405163206e+03 +1.405163206e+03 +1.1145e+00 +2.4401e+00 +1.0355e+00
25 0 +2.614567537e+02 +1.261456754e+03 +1.261456754e+03 +2.1051e+00 +1.1155e+00 +2.8960e+00
30 0 +2.121456535e+02 +1.212145653e+03 +1.212145653e+03 +1.9561e+00 +3.9053e+00 +3.2196e+00
45 0 +1.914804293e+02 +1.191480429e+03 +1.191480429e+03 +3.2575e+00 +2.7265e+00 +4.3904e+00
47 0 +7.906259136e+01 +1.079062591e+03 +1.079062591e+03 +1.3192e+00 +1.2050e+00 +4.6745e+00
54 0 +3.981781730e+01 +1.039817817e+03 +1.039817817e+03 +8.8759e-02 +4.2299e+00 +4.8803e+00
64 0 +3.968201113e+01 +1.039682011e+03 +1.039682011e+03 +6.0382e-01 +2.7068e+00 +6.0721e+00
75 0 +1.776764805e+01 +1.017767648e+03 +1.017767648e+03 -1.5713e+00 +1.8131e+00 +4.0517e+00
166 0 +5.920365653e+00 +1.005920366e+03 +1.005920366e+03 -2.3186e+00 +2.6308e+00 +3.9920e+00
550 0 +4.802395951e+00 +1.004802396e+03 +1.004802396e+03 -3.1734e+00 +2.9889e+00 +3.5491e+00
575 0 +3.121946851e+00 +1.003121947e+03 +1.003121947e+03 -3.1436e+00 +2.9880e+00 +3.5829e+00
1881 0 +1.722555106e+00 +1.001722555e+03 +1.001722555e+03 -2.6953e+00 +3.0596e+00 +4.2043e+00
1962 0 +1.558345780e+00 +1.001558346e+03 +1.001558346e+03 -2.3629e+00 +2.6081e+00 +4.0202e+00
3384 0 +9.705911201e-01 +1.000970591e+03 +1.000970591e+03 -3.0876e+00 +3.0082e+00 +3.6404e+00
21768 0 +9.705911201e-01 +1.000970591e+03 +1.000970591e+03 -3.0876e+00 +3.0082e+00 +3.6404e+00
% f evaluations | g evaluations | best noise-free fitness - Fopt (7.003000000000e+01) + sum g_i+ | measured fitness | best measured fitness or single-digit g-values | x1 | x2...
1 0 +1.296769467e+02 +1.997069467e+02 +1.997069467e+02 +0.0000e+00 +0.0000e+00 +0.0000e+00
5 0 +9.095880923e+01 +1.609888092e+02 +1.609888092e+02 +3.0156e+00 -3.4485e-02 -3.1040e+00
9 0 +8.755166972e+01 +1.575816697e+02 +1.575816697e+02 +7.2448e-01 +1.9482e-01 -1.5461e+00
11 0 +7.483148850e+01 +1.448614885e+02 +1.448614885e+02 +2.5731e+00 +1.0036e+00 -2.2457e+00
13 0 +6.613560320e+01 +1.361656032e+02 +1.361656032e+02 +1.7254e+00 -4.5816e-01 -1.1564e+00
40 0 +6.600961135e+01 +1.360396113e+02 +1.360396113e+02 +2.8393e+00 +9.4010e-01 -2.7316e+00
44 0 +4.610303051e+01 +1.161330305e+02 +1.161330305e+02 -6.7861e-02 -1.3525e+00 -2.0678e+00
51 0 +1.938200959e+01 +8.941200959e+01 +8.941200959e+01 -4.3013e-01 -3.0123e+00 -3.2352e+00
96 0 +4.846458645e+00 +7.487645864e+01 +7.487645864e+01 -6.4456e-01 -1.9059e+00 -3.5027e+00
667 0 +1.467686733e+00 +7.149768673e+01 +7.149768673e+01 -1.4107e+00 -3.1398e+00 -3.8783e+00
7415 0 +1.467686733e+00 +7.149768673e+01 +7.149768673e+01 -1.4107e+00 -3.1398e+00 -3.8783e+00
% f evaluations | g evaluations | best noise-free fitness - Fopt (-4.822000000000e+01) + sum g_i+ | measured fitness | best measured fitness or single-digit g-values | x1 | x2...
1 0 +2.095914222e+02 +1.613714222e+02 +1.613714222e+02 +0.0000e+00 +0.0000e+00 +0.0000e+00
4 0 +2.011299765e+02 +1.529099765e+02 +1.529099765e+02 +4.7593e+00 -1.8531e+00 -4.7145e+00
5 0 +1.243881164e+02 +7.616811642e+01 +7.616811642e+01 -4.0951e+00 +3.8141e+00 -1.1006e+00
6 0 +5.398878132e+01 +5.768781317e+00 +5.768781317e+00 -3.0872e+00 -3.1041e+00 -7.7653e-01
11 0 +4.578051289e+01 -2.439487114e+00 -2.439487114e+00 -1.1271e+00 +1.7837e+00 -3.3348e+00
20 0 +4.564382902e+01 -2.576170983e+00 -2.576170983e+00 -3.5712e+00 +9.4647e-01 -9.6768e-01
24 0 +4.396615264e+01 -4.253847358e+00 -4.253847358e+00 -4.1359e+00 +1.5511e+00 -7.9274e-01
32 0 +4.221869315e+01 -6.001306845e+00 -6.001306845e+00 -3.6101e+00 +2.0909e+00 -9.7052e-01
42 0 +1.616958474e+01 -3.205041526e+01 -3.205041526e+01 -1.5575e+00 +9.2481e-02 -2.1104e+00
104 0 +5.415182034e+00 -4.280481797e+01 -4.280481797e+01 -2.7185e+00 -1.0204e+00 -7.6433e-01
182 0 +3.570479561e+00 -4.464952044e+01 -4.464952044e+01 -1.6130e+00 -1.7924e+00 -2.9376e+00
990 0 +2.763568038e+00 -4.545643196e+01 -4.545643196e+01 -1.4434e+00 -6.2685e-01 -2.0901e+00
2244 0 +1.603836960e+00 -4.661616304e+01 -4.661616304e+01 -1.2266e+00 -1.4554e+00 -2.7224e+00
2934 0 +7.444657567e-01 -4.747553424e+01 -4.747553424e+01 -1.8592e+00 -9.8156e-01 -2.1955e+00
11134 0 +7.444657567e-01 -4.747553424e+01 -4.747553424e+01 -1.8592e+00 -9.8156e-01 -2.1955e+00
% f evaluations | g evaluations | best noise-free fitness - Fopt (2.547000000000e+01) + sum g_i+ | measured fitness | best measured fitness or single-digit g-values | x1 | x2...
1 0 +3.449735612e+02 +3.704435612e+02 +3.704435612e+02 +0.0000e+00 +0.0000e+00 +0.0000e+00
2 0 +2.483255438e+02 +2.737955438e+02 +2.737955438e+02 +1.7591e+00 -2.8405e+00 -8.8837e-01
3 0 +9.713039456e+01 +1.226003946e+02 +1.226003946e+02 -8.9032e-01 -2.5437e+00 -3.7020e+00
25 0 +3.425941601e+01 +5.972941601e+01 +5.972941601e+01 -2.6961e+00 -7.1723e-01 -1.8361e+00
30 0 +2.291669712e+01 +4.838669712e+01 +4.838669712e+01 -4.8180e+00 -2.6176e+00 +1.3673e+00
35 0 +1.108811917e+01 +3.655811917e+01 +3.655811917e+01 -4.7162e+00 -1.4338e+00 +7.4460e-01
85 0 +8.370666943e+00 +3.384066694e+01 +3.384066694e+01 -3.0997e+00 -2.4198e+00 -1.9440e-01
163 0 +6.737643261e+00 +3.220764326e+01 +3.220764326e+01 -3.3306e+00 -1.6544e+00 -1.2101e+00
281 0 +5.635280055e+00 +3.110528005e+01 +3.110528005e+01 -3.6828e+00 -1.4769e+00 -1.8194e+00
566 0 +3.703000866e+00 +2.917300087e+01 +2.917300087e+01 -3.2983e+00 -1.6700e+00 -1.2501e+00
661 0 +1.411011486e+00 +2.688101149e+01 +2.688101149e+01 -4.1594e+00 -1.6520e+00 -1.7312e+00
13677 0 +1.114223676e+00 +2.658422368e+01 +2.658422368e+01 -3.8899e+00 -2.3533e+00 -4.9079e-01
21181 0 +8.997686623e-01 +2.636976866e+01 +2.636976866e+01 -3.8040e+00 -1.9285e+00 -1.1355e+00
25267 0 +4.482993084e-01 +2.591829931e+01 +2.591829931e+01 -3.7808e+00 -1.9218e+00 -1.1875e+00
30007 0 +4.482993084e-01 +2.591829931e+01 +2.591829931e+01 -3.7808e+00 -1.9218e+00 -1.1875e+00
% f evaluations | g evaluations | best noise-free fitness - Fopt (-1.008100000000e+02) + sum g_i+ | measured fitness | best measured fitness or single-digit g-values | x1 | x2...
1 0 +4.702658538e+01 -5.378341462e+01 -5.378341462e+01 +0.0000e+00 +0.0000e+00 +0.0000e+00
12 0 +1.591032487e+01 -8.489967513e+01 -8.489967513e+01 +4.6779e-02 +1.5155e+00 +1.7394e+00
67 0 +1.413971326e+01 -8.667028674e+01 -8.667028674e+01 +6.0289e-01 +1.4893e+00 +1.0557e+00
111 0 +1.115111897e+01 -8.965888103e+01 -8.965888103e+01 +4.9191e-01 +2.7479e-01 +1.2038e+00
113 0 +9.427479579e+00 -9.138252042e+01 -9.138252042e+01 +1.2734e+00 -4.2695e-01 +1.6215e+00
203 0 +8.909643080e+00 -9.190035692e+01 -9.190035692e+01 +4.3096e-01 +1.1288e+00 +7.0105e-01
349 0 +2.272399957e+00 -9.853760004e+01 -9.853760004e+01 +1.1858e+00 +7.0145e-01 +1.6922e+00
664 0 +1.947884015e+00 -9.886211598e+01 -9.886211598e+01 +6.7219e-01 +5.5365e-01 +1.6570e+00
770 0 +1.172201374e-01 -1.006927799e+02 -1.006927799e+02 +9.8997e-01 +4.8575e-01 +1.3442e+00
10553 0 +1.172201374e-01 -1.006927799e+02 -1.006927799e+02 +9.8997e-01 +4.8575e-01 +1.3442e+00
% f evaluations | g evaluations | best noise-free fitness - Fopt (-3.531300000000e+02) + sum g_i+ | measured fitness | best measured fitness or single-digit g-values | x1 | x2...
1 0 +4.611803948e+01 -3.070119605e+02 -3.070119605e+02 +0.0000e+00 +0.0000e+00 +0.0000e+00
24 0 +3.189872809e+01 -3.212312719e+02 -3.212312719e+02 -7.6689e-01 -8.6552e-01 +4.4166e-01
67 0 +2.567096438e+01 -3.274590356e+02 -3.274590356e+02 -1.3159e+00 +5.7816e-01 +6.9339e-01
74 0 +2.454549686e+01 -3.285845031e+02 -3.285845031e+02 -2.1170e+00 +5.0694e-02 -3.6972e+00
88 0 +2.117516543e+01 -3.319548346e+02 -3.319548346e+02 -3.2299e+00 +8.0613e-01 -2.2631e+00
124 0 +1.213934532e+01 -3.409906547e+02 -3.409906547e+02 -3.0188e+00 +1.8874e+00 -2.2749e+00
209 0 +9.563043478e+00 -3.435669565e+02 -3.435669565e+02 -2.6426e+00 +9.3486e-02 -2.0542e+00
227 0 +4.692209357e+00 -3.484377906e+02 -3.484377906e+02 -2.1164e+00 +4.3657e-01 -1.9376e+00
704 0 +3.557420226e+00 -3.495725798e+02 -3.495725798e+02 -2.5930e+00 +6.1188e-01 -1.6521e+00
2280 0 +3.259556521e+00 -3.498704435e+02 -3.498704435e+02 -2.4441e+00 +1.5523e-03 -3.1655e+00
2400 0 +2.376107815e+00 -3.507538922e+02 -3.507538922e+02 -2.3385e+00 +5.5937e-01 -2.6349e+00
3153 0 +1.926674608e+00 -3.512033254e+02 -3.512033254e+02 -1.6328e+00 +3.3607e-01 -1.6353e+00
3604 0 +9.616713635e-01 -3.521683286e+02 -3.521683286e+02 -2.1677e+00 +5.0730e-01 -2.0103e+00
5773 0 +9.616713635e-01 -3.521683286e+02 -3.521683286e+02 -2.1677e+00 +5.0730e-01 -2.0103e+00
% f evaluations | g evaluations | best noise-free fitness - Fopt (8.716000000000e+01) + sum g_i+ | measured fitness | best measured fitness or single-digit g-values | x1 | x2...
1 0 +1.179484041e+02 +2.051084041e+02 +2.051084041e+02 +0.0000e+00 +0.0000e+00 +0.0000e+00
3 0 +7.819827880e+01 +1.653582788e+02 +1.653582788e+02 +3.3103e+00 +2.4739e+00 -3.1721e+00
11 0 +6.485961893e+01 +1.520196189e+02 +1.520196189e+02 +1.1960e+00 -4.4142e+00 -2.9450e+00
21 0 +6.406694325e+01 +1.512269433e+02 +1.512269433e+02 +6.2471e-01 +3.6536e+00 -1.7994e+00
22 0 +6.073826248e+01 +1.478982625e+02 +1.478982625e+02 +3.6144e+00 -1.3237e+00 -3.2839e+00
27 0 +2.986747559e+01 +1.170274756e+02 +1.170274756e+02 +1.2583e+00 -3.5453e-02 -2.7145e+00
46 0 +2.940606727e+01 +1.165660673e+02 +1.165660673e+02 +2.0825e+00 +2.2420e+00 -3.6386e+00
77 0 +1.737610830e+01 +1.045361083e+02 +1.045361083e+02 +1.8513e+00 +1.2040e+00 -2.0633e+00
80 0 +8.617857784e+00 +9.577785778e+01 +9.577785778e+01 +1.9932e+00 +1.7629e+00 -2.1381e+00
480 0 +3.978846853e+00 +9.113884685e+01 +9.113884685e+01 +1.9568e+00 +8.6158e-01 -2.6739e+00
677 0 +3.849647250e+00 +9.100964725e+01 +9.100964725e+01 +1.6271e+00 -1.2088e-01 -3.1835e+00
803 0 +3.547223327e+00 +9.070722333e+01 +9.070722333e+01 +1.5483e+00 +1.3075e+00 -2.2930e+00
1431 0 +2.277768966e+00 +8.943776897e+01 +8.943776897e+01 +1.8926e+00 -3.8373e-01 -2.8714e+00
2128 0 +4.169224233e-01 +8.757692242e+01 +8.757692242e+01 +1.9740e+00 +1.0146e+00 -2.7003e+00
30003 0 +4.169224233e-01 +8.757692242e+01 +8.757692242e+01 +1.9740e+00 +1.0146e+00 -2.7003e+00
% f evaluations | g evaluations | best noise-free fitness - Fopt (-3.475000000000e+01) + sum g_i+ | measured fitness | best measured fitness or single-digit g-values | x1 | x2...
1 0 +6.060428681e+01 +2.585428681e+01 +2.585428681e+01 +0.0000e+00 +0.0000e+00 +0.0000e+00
8 0 +4.329219821e+01 +8.542198214e+00 +8.542198214e+00 +1.6078e+00 +2.3838e+00 -7.3221e-01
11 0 +3.287629156e+01 -1.873708437e+00 -1.873708437e+00 +9.4669e-01 +1.6770e+00 -1.3661e-01
12 0 +1.827241546e+01 -1.647758454e+01 -1.647758454e+01 +9.1899e-01 -1.3247e+00 -1.6584e-02
13 0 +1.794076941e+01 -1.680923059e+01 -1.680923059e+01 +1.8037e+00 +1.8073e+00 -3.1602e-01
25 0 +1.282385295e+01 -2.192614705e+01 -2.192614705e+01 +2.2166e+00 +2.0713e+00 +6.4370e-01
50 0 +1.070843799e+01 -2.404156201e+01 -2.404156201e+01 +9.8631e-01 +5.9680e-01 +3.6171e-01
78 0 +9.318773711e+00 -2.543122629e+01 -2.543122629e+01 +2.6777e+00 +1.4909e+00 -6.8237e-01
100 0 +1.927368484e+00 -3.282263152e+01 -3.282263152e+01 +1.9438e+00 +2.4838e+00 -4.8803e-01
1500 0 +1.561562215e+00 -3.318843778e+01 -3.318843778e+01 +2.2915e+00 +2.2996e+00 -4.2885e-01
4752 0 +1.561562215e+00 -3.318843778e+01 -3.318843778e+01 +2.2915e+00 +2.2996e+00 -4.2885e-01
% f evaluations | g evaluations | best noise-free fitness - Fopt (-1.000000000000e+03) + sum g_i+ | measured fitness | best measured fitness or single-digit g-values | x1 | x2...
1 0 +1.144789854e+02 -8.855210146e+02 -8.855210146e+02 +0.0000e+00 +0.0000e+00 +0.0000e+00
2 0 +7.481517897e+01 -9.251848210e+02 -9.251848210e+02 -4.2509e+00 -4.8276e+00 -2.4902e+00
5 0 +4.933140150e+01 -9.506685985e+02 -9.506685985e+02 -3.5849e+00 -3.2499e+00 +2.8716e+00
12 0 +3.607887866e+01 -9.639211213e+02 -9.639211213e+02 -5.6483e+00 -4.2913e+00 +1.0477e+00
28 0 +2.436911821e+01 -9.756308818e+02 -9.756308818e+02 -2.8764e+00 -4.3105e+00 +1.9871e+00
37 0 +2.047712644e+01 -9.795228736e+02 -9.795228736e+02 -4.3313e+00 -2.8921e+00 +1.8093e-01
60 0 +1.059589306e+01 -9.894041069e+02 -9.894041069e+02 -4.6814e+00 -4.1720e+00 +1.0329e+00
155 0 +9.950515272e+00 -9.900494847e+02 -9.900494847e+02 -4.2535e+00 -3.8327e+00 +1.1404e+00
173 0 +4.357169115e+00 -9.956428309e+02 -9.956428309e+02 -4.1512e+00 -3.2231e+00 +6.0222e-01
190 0 +3.178930077e+00 -9.968210699e+02 -9.968210699e+02 -3.7395e+00 -3.1700e+00 -1.6705e-01
310 0 +2.636538387e+00 -9.973634616e+02 -9.973634616e+02 -3.8065e+00 -3.4094e+00 +6.5693e-01
2153 0 +2.553131445e+00 -9.974468686e+02 -9.974468686e+02 -4.2314e+00 -3.6870e+00 +1.2752e-01
4808 0 +2.131352327e+00 -9.978686477e+02 -9.978686477e+02 -3.8417e+00 -3.4999e+00 +7.4664e-01
5218 0 +1.276717106e+00 -9.987232829e+02 -9.987232829e+02 -3.7930e+00 -3.4243e+00 +6.4134e-01
10499 0 +1.276717106e+00 -9.987232829e+02 -9.987232829e+02 -3.7930e+00 -3.4243e+00 +6.4134e-01
% f evaluations | g evaluations | best noise-free fitness - Fopt (-9.247000000000e+01) + sum g_i+ | measured fitness | best measured fitness or single-digit g-values | x1 | x2...
1 0 +9.865433210e+01 +6.184332101e+00 +6.184332101e+00 +0.0000e+00 +0.0000e+00 +0.0000e+00
3 0 +5.159885283e+01 -4.087114717e+01 -4.087114717e+01 +3.7629e+00 -4.5105e-01 +1.6927e+00
8 0 +4.466471386e+01 -4.780528614e+01 -4.780528614e+01 +2.0895e+00 -2.5422e-01 +3.1090e+00
9 0 +3.574673449e+01 -5.672326551e+01 -5.672326551e+01 +2.0511e+00 -7.5718e-01 +3.5563e+00
20 0 +3.273397701e+01 -5.973602299e+01 -5.973602299e+01 +2.6582e+00 +5.3027e-01 +3.5089e+00
39 0 +5.940807159e+00 -8.652919284e+01 -8.652919284e+01 +2.4222e+00 -6.2107e-01 +3.4618e+00
113 0 +5.385155785e+00 -8.708484421e+01 -8.708484421e+01 +2.6036e+00 -5.2573e-01 +2.7708e+00
563 0 +4.599288626e+00 -8.787071137e+01 -8.787071137e+01 +2.6691e+00 +3.4229e-01 +2.3954e+00
656 0 +1.879447859e+00 -9.059055214e+01 -9.059055214e+01 +2.8595e+00 -1.6997e-01 +2.9340e+00
1344 0 +1.750942120e+00 -9.071905788e+01 -9.071905788e+01 +3.1849e+00 +2.3791e-01 +2.9647e+00
9010 0 +1.750942120e+00 -9.071905788e+01 -9.071905788e+01 +3.1849e+00 +2.3791e-01 +2.9647e+00
% f evaluations | g evaluations | best noise-free fitness - Fopt (-2.153000000000e+02) + sum g_i+ | measured fitness | best measured fitness or single-digit g-values | x1 | x2...
1 0 +5.677705300e+01 -1.585229470e+02 -1.585229470e+02 +0.0000e+00 +0.0000e+00 +0.0000e+00
12 0 +4.987158625e+01 -1.654284138e+02 -1.654284138e+02 +1.0636e+00 +2.9793e+00 +2.0689e-01
16 0 +2.461939024e+01 -1.906806098e+02 -1.906806098e+02 -3.4854e+00 +4.1807e+00 -8.8264e-01
32 0 +2.423061193e+01 -1.910693881e+02 -1.910693881e+02 +6.1277e-01 +2.0392e+00 +3.6946e-01
39 0 +1.928213596e+01 -1.960178640e+02 -1.960178640e+02 -4.7425e-01 +1.6151e+00 +4.1624e-01
56 0 +1.863491575e+01 -1.966650843e+02 -1.966650843e+02 -6.1320e-01 +3.9258e+00 -1.3410e+00
107 0 +1.500217653e+01 -2.002978235e+02 -2.002978235e+02 -4.4104e+00 +4.8069e+00 -1.5070e+00
185 0 +7.749381746e+00 -2.075506183e+02 -2.075506183e+02 -3.1130e+00 +3.0608e+00 -1.0072e+00
506 0 +6.291308149e+00 -2.090086919e+02 -2.090086919e+02 -2.4409e+00 +2.3753e+00 -1.1653e+00
947 0 +5.807283691e+00 -2.094927163e+02 -2.094927163e+02 -2.0906e+00 +3.2044e+00 -1.4066e+00
1020 0 +5.751513635e+00 -2.095484864e+02 -2.095484864e+02 -3.7320e+00 +3.8339e+00 -8.4541e-01
1258 0 +5.162188179e+00 -2.101378118e+02 -2.101378118e+02 -2.6495e+00 +3.0455e+00 -5.8699e-01
2420 0 +3.032145331e+00 -2.122678547e+02 -2.122678547e+02 -1.8328e+00 +3.5265e+00 -1.1958e+00
2630 0 +6.650737928e-01 -2.146349262e+02 -2.146349262e+02 -2.9401e+00 +3.4777e+00 -1.3656e+00
10218 0 +6.650737928e-01 -2.146349262e+02 -2.146349262e+02 -2.9401e+00 +3.4777e+00 -1.3656e+00
% f evaluations | g evaluations | best noise-free fitness - Fopt (-5.449000000000e+01) + sum g_i+ | measured fitness | best measured fitness or single-digit g-values | x1 | x2...
1 0 +2.219120079e+02 +1.674220079e+02 +1.674220079e+02 +0.0000e+00 +0.0000e+00 +0.0000e+00
4 0 +5.729389496e+01 +2.803894959e+00 +2.803894959e+00 +1.4814e+00 -5.1485e-01 +4.0767e-01
6 0 +3.880408021e+01 -1.568591979e+01 -1.568591979e+01 +2.8279e+00 -8.2948e-01 -6.4261e-01
23 0 +3.639509268e+01 -1.809490732e+01 -1.809490732e+01 +2.4652e+00 +3.9967e-01 +2.0846e+00
24 0 +2.693735705e+01 -2.755264295e+01 -2.755264295e+01 +2.8114e+00 -1.1067e+00 -9.9619e-01
61 0 +2.589856539e+01 -2.859143461e+01 -2.859143461e+01 +3.6064e+00 -5.8701e-01 +1.8340e+00
63 0 +1.351862370e+01 -4.097137630e+01 -4.097137630e+01 +3.1834e+00 -2.9423e-01 +2.1419e+00
64 0 +1.169406844e+01 -4.279593156e+01 -4.279593156e+01 +3.2324e+00 -9.0740e-01 +3.9972e-01
72 0 +1.016474516e+01 -4.432525484e+01 -4.432525484e+01 +2.6344e+00 -1.3000e+00 +3.9052e-01
183 0 +3.016674955e+00 -5.147332504e+01 -5.147332504e+01 +3.0255e+00 -4.9196e-01 +2.4117e+00
1848 0 +2.084184987e+00 -5.240581501e+01 -5.240581501e+01 +3.2063e+00 -1.3233e+00 +3.0262e+00
5830 0 +2.084184987e+00 -5.240581501e+01 -5.240581501e+01 +3.2063e+00 -1.3233e+00 +3.0262e+00
% f evaluations | g evaluations | best noise-free fitness - Fopt (5.049000000000e+01) + sum g_i+ | measured fitness | best measured fitness or single-digit g-values | x1 | x2...
1 0 +1.102093613e+02 +1.606993613e+02 +1.606993613e+02 +0.0000e+00 +0.0000e+00 +0.0000e+00
9 0 +9.006630470e+01 +1.405563047e+02 +1.405563047e+02 +9.3223e-01 +1.1603e+00 +1.5714e+00
12 0 +7.179953551e+01 +1.222895355e+02 +1.222895355e+02 +4.9022e+00 +1.0995e+00 +9.7444e-01
14 0 +5.542775472e+01 +1.059177547e+02 +1.059177547e+02 +6.7452e-01 +1.1802e+00 +1.9230e+00
18 0 +4.028867603e+01 +9.077867603e+01 +9.077867603e+01 +3.5479e+00 +9.5210e-01 +1.6027e+00
19 0 +3.788987708e+01 +8.837987708e+01 +8.837987708e+01 +8.3275e-01 +3.6111e-01 +2.5540e+00
40 0 +3.354897040e+01 +8.403897040e+01 +8.403897040e+01 +3.7655e+00 +3.4055e-01 +1.3822e-01
46 0 +2.619282656e+01 +7.668282656e+01 +7.668282656e+01 +3.1725e+00 +1.4148e+00 +1.3524e+00
113 0 +2.421878037e+01 +7.470878037e+01 +7.470878037e+01 +4.2693e+00 +5.4779e-01 +6.9305e-01
114 0 +1.862770284e+01 +6.911770284e+01 +6.911770284e+01 +2.5998e+00 +3.1827e-01 +2.1879e+00
136 0 +1.145661975e+01 +6.194661975e+01 +6.194661975e+01 +3.2812e+00 +1.0308e-01 +4.4040e+00
275 0 +8.183621655e+00 +5.867362166e+01 +5.867362166e+01 +3.9016e+00 -6.2823e-01 +2.1602e+00
289 0 +6.261165102e+00 +5.675116510e+01 +5.675116510e+01 +3.5878e+00 +6.8491e-02 +1.4351e+00
633 0 +1.769507827e+00 +5.225950783e+01 +5.225950783e+01 +3.6383e+00 -1.7656e-01 +2.9173e+00
3393 0 +1.529651169e+00 +5.201965117e+01 +5.201965117e+01 +3.6122e+00 -1.6003e-01 +2.8571e+00
4804 0 +8.907993538e-01 +5.138079935e+01 +5.138079935e+01 +3.5619e+00 -1.4786e-01 +2.9121e+00
10437 0 +8.907993538e-01 +5.138079935e+01 +5.138079935e+01 +3.5619e+00 -1.4786e-01 +2.9121e+00
% f evaluations | g evaluations | best noise-free fitness - Fopt (-3.641300000000e+02) + sum g_i+ | measured fitness | best measured fitness or single-digit g-values | x1 | x2...
1 0 +1.204089730e+02 -2.437210270e+02 -2.437210270e+02 +0.0000e+00 +0.0000e+00 +0.0000e+00
2 0 +6.906434470e+01 -2.950656553e+02 -2.950656553e+02 -7.9226e-01 +4.7975e+00 -3.0902e-02
10 0 +3.959646551e+01 -3.245335345e+02 -3.245335345e+02 -1.1488e+00 +2.4561e+00 +5.1240e-01
21 0 +3.544624451e+01 -3.286837555e+02 -3.286837555e+02 -8.7968e-01 +4.1988e+00 +9.0097e-01
30 0 +1.206796856e+01 -3.520620314e+02 -3.520620314e+02 -5.0302e+00 -1.3871e+00 +1.2300e+00
213 0 +1.136436028e+01 -3.527656397e+02 -3.527656397e+02 -3.3458e+00 +7.5761e-01 +6.3427e-01
244 0 +1.064999272e+01 -3.534800073e+02 -3.534800073e+02 -3.0548e+00 +8.3153e-01 +1.7769e+00
291 0 +9.195792117e+00 -3.549342079e+02 -3.549342079e+02 -3.0198e+00 +4.4146e-01 +4.4833e-01
436 0 +8.257343070e+00 -3.558726569e+02 -3.558726569e+02 -3.3798e+00 -3.0478e-01 +5.8410e-01
511 0 +3.419099135e+00 -3.607109009e+02 -3.607109009e+02 -3.9040e+00 -5.8861e-01 +6.5534e-01
549 0 +2.675705068e+00 -3.614542949e+02 -3.614542949e+02 -4.6110e+00 -1.6167e+00 +1.2366e+00
1888 0 +1.750665274e+00 -3.623793347e+02 -3.623793347e+02 -3.7346e+00 -5.2598e-01 +1.1282e+00
10148 0 +1.456721336e+00 -3.626732787e+02 -3.626732787e+02 -3.4663e+00 +1.4449e-01 +1.1631e+00
10598 0 +9.104442335e-01 -3.632195558e+02 -3.632195558e+02 -3.7777e+00 -6.4086e-01 +1.1345e+00
14120 0 +9.104442335e-01 -3.632195558e+02 -3.632195558e+02 -3.7777e+00 -6.4086e-01 +1.1345e+00
% f evaluations | g evaluations | best noise-free fitness - Fopt (1.592700000000e+02) + sum g_i+ | measured fitness | best measured fitness or single-digit g-values | x1 | x2...
1 0 +4.454241971e+02 +6.046941971e+02 +6.046941971e+02 +0.0000e+00 +0.0000e+00 +0.0000e+00
2 0 +2.163189367e+02 +3.755889367e+02 +3.755889367e+02 +3.9323e+00 +4.9709e-01 +1.2623e+00
7 0 +6.813715981e+01 +2.274071598e+02 +2.274071598e+02 +1.6418e+00 -9.3593e-01 +3.3907e+00
11 0 +6.309682565e+01 +2.223668257e+02 +2.223668257e+02 +2.4921e+00 -1.5225e+00 +3.2761e+00
16 0 +6.248847949e+01 +2.217584795e+02 +2.217584795e+02 +2.5432e+00 -1.9508e+00 +3.5619e+00
18 0 +4.846903758e+01 +2.077390376e+02 +2.077390376e+02 +3.2583e+00 +4.9681e-01 +4.2814e+00
26 0 +4.146306390e+01 +2.007330639e+02 +2.007330639e+02 +1.5422e+00 -3.3187e-02 +3.8597e+00
68 0 +3.724783455e+01 +1.965178346e+02 +1.965178346e+02 +2.3672e+00 -3.9154e-02 +3.0162e+00
113 0 +2.367367081e+01 +1.829436708e+02 +1.829436708e+02 -1.4197e-01 -3.3940e-01 +3.9207e+00
133 0 +2.174011176e+01 +1.810101118e+02 +1.810101118e+02 +1.0985e-01 -1.8270e-01 +4.3299e+00
176 0 +1.905044462e+01 +1.783204446e+02 +1.783204446e+02 -2.4848e+00 -1.0927e+00 +3.9876e+00
243 0 +1.254547420e+01 +1.718154742e+02 +1.718154742e+02 -1.5810e-01 -1.0810e+00 +3.2438e+00
246 0 +1.132027262e+01 +1.705902726e+02 +1.705902726e+02 -1.6177e+00 -4.2217e-01 +3.9832e+00
448 0 +1.118648669e+01 +1.704564867e+02 +1.704564867e+02 -3.4935e+00 -1.7290e+00 +4.2750e+00
533 0 +6.718307068e+00 +1.659883071e+02 +1.659883071e+02 -2.2335e+00 -2.1780e+00 +4.6230e+00
549 0 +3.995289777e+00 +1.632652898e+02 +1.632652898e+02 -1.7479e+00 -1.3591e+00 +3.6090e+00
568 0 +1.476786906e+00 +1.607467869e+02 +1.607467869e+02 -1.1657e+00 -1.7413e+00 +3.9295e+00
583 0 +1.388938201e+00 +1.606589382e+02 +1.606589382e+02 -1.6968e+00 -1.4155e+00 +3.9580e+00
3157 0 +1.360613852e+00 +1.606306139e+02 +1.606306139e+02 -1.1110e+00 -1.7628e+00 +3.9272e+00
3572 0 +1.182549795e+00 +1.604525498e+02 +1.604525498e+02 -1.6461e+00 -1.4838e+00 +3.9394e+00
3634 0 +1.141908698e+00 +1.604119087e+02 +1.604119087e+02 -1.7149e+00 -1.4460e+00 +3.9473e+00
3672 0 +1.096415821e+00 +1.603664158e+02 +1.603664158e+02 -1.6323e+00 -1.4054e+00 +3.9633e+00
3972 0 +1.060416309e+00 +1.603304163e+02 +1.603304163e+02 -1.1116e+00 -1.7353e+00 +3.9206e+00
4006 0 +1.017171472e+00 +1.602871715e+02 +1.602871715e+02 -1.1045e+00 -1.7288e+00 +3.9244e+00
4219 0 +9.982680615e-01 +1.602682681e+02 +1.602682681e+02 -1.1120e+00 -1.7348e+00 +3.9270e+00
5444 0 +9.949590571e-01 +1.602649591e+02 +1.602649591e+02 -1.1086e+00 -1.7329e+00 +3.9265e+00
