% f evaluations | g evaluations | best noise-free fitness - Fopt (-1.694000000000e+01) + sum g_i+ | measured fitness | best measured fitness or single-digit g-values | x1 | x2...
1 0 +4.074075597e+01 +2.380075597e+01 +2.380075597e+01 +0.0000e+00 +0.0000e+00
3 0 +1.839102655e+00 -1.510089735e+01 -1.510089735e+01 +3.9932e+00 +2.3595e+00
7 0 +1.385279375e+00 -1.555472063e+01 -1.555472063e+01 +3.3449e+00 +2.1347e+00
89 0 +8.014613692e-01 -1.613853863e+01 -1.613853863e+01 +3.8352e+00 +1.8200e+00
270 0 +7.431103843e-01 -1.619688962e+01 -1.619688962e+01 +3.2960e+00 +3.1027e+00
291 0 +1.586896832e-01 -1.678131032e+01 -1.678131032e+01 +3.6713e+00 +2.5271e+00
567 0 +1.062263999e-01 -1.683377360e+01 -1.683377360e+01 +3.6878e+00 +2.4644e+00
636 0 +8.211710875e-02 -1.685788289e+01 -1.685788289e+01 +3.6636e+00 +2.5901e+00
706 0 +6.529072809e-02 -1.687470927e+01 -1.687470927e+01 +3.6712e+00 +2.5609e+00
749 0 +5.816701631e-02 -1.688183298e+01 -1.688183298e+01 +3.6515e+00 +2.5078e+00
870 0 +3.679820650e-02 -1.690320179e+01 -1.690320179e+01 +3.6574e+00 +2.5192e+00
955 0 +3.221566364e-02 -1.690778434e+01 -1.690778434e+01 +3.6521e+00 +2.5291e+00
994 0 +5.003698474e-03 -1.693499630e+01 -1.693499630e+01 +3.6565e+00 +2.5496e+00
1207 0 +3.186842309e-03 -1.693681316e+01 -1.693681316e+01 +3.6550e+00 +2.5525e+00
1340 0 +2.357848386e-03 -1.693764215e+01 -1.693764215e+01 +3.6555e+00 +2.5507e+00
1507 0 +2.968775412e-04 -1.693970312e+01 -1.693970312e+01 +3.6561e+00 +2.5496e+00
1621 0 +2.336364074e-04 -1.693976636e+01 -1.693976636e+01 +3.6559e+00 +2.5496e+00
1857 0 +6.387111204e-05 -1.693993613e+01 -1.693993613e+01 +3.6560e+00 +2.5496e+00
3229 0 +6.387111204e-05 -1.693993613e+01 -1.693993613e+01 +3.6560e+00 +2.5496e+00
% f evaluations | g evaluations | best noise-free fitness - Fopt (1.881000000000e+01) + sum g_i+ | measured fitness | best measured fitness or single-digit g-values | x1 | x2...
1 0 +2.207574042e+01 +4.088574042e+01 +4.088574042e+01 +0.0000e+00 +0.0000e+00
2 0 +1.754411405e+01 +3.635411405e+01 +3.635411405e+01 +2.7450e+00 +2.7557e+00
3 0 +6.177818035e+00 +2.498781803e+01 +2.498781803e+01 -6.7719e-01 +2.2781e+00
9 0 +4.001289241e+00 +2.281128924e+01 +2.281128924e+01 +8.6319e-01 +6.9499e-01
22 0 +3.256368592e+00 +2.206636859e+01 +2.206636859e+01 -1.2231e+00 +9.0044e-01
54 0 +8.159465204e-01 +1.962594652e+01 +1.962594652e+01 +6.0997e-01 +1.7296e+00
91 0 +7.472939164e-01 +1.955729392e+01 +1.955729392e+01 -5.7531e-01 +1.9221e+00
137 0 +4.789149575e-01 +1.928891496e+01 +1.928891496e+01 -1.6142e-02 +1.7564e+00
227 0 +3.827081412e-01 +1.919270814e+01 +1.919270814e+01 -1.8149e-01 +1.7337e+00
238 0 +2.844247488e-01 +1.909442475e+01 +1.909442475e+01 +2.9451e-02 +1.6875e+00
285 0 +2.458018108e-01 +1.905580181e+01 +1.905580181e+01 -8.1942e-02 +1.7681e+00
485 0 +6.065796955e-02 +1.887065797e+01 +1.887065797e+01 -1.5220e-01 +1.7916e+00
636 0 +5.772566467e-02 +1.886772566e+01 +1.886772566e+01 -1.7477e-01 +1.7969e+00
650 0 +3.472639628e-02 +1.884472640e+01 +1.884472640e+01 -2.0147e-01 +1.7863e+00
651 0 +7.820977778e-03 +1.881782098e+01 +1.881782098e+01 -1.8787e-01 +1.7781e+00
759 0 +7.569479487e-03 +1.881756948e+01 +1.881756948e+01 -1.9079e-01 +1.7784e+00
870 0 +2.028844181e-03 +1.881202884e+01 +1.881202884e+01 -1.9130e-01 +1.7806e+00
967 0 +1.538425314e-03 +1.881153843e+01 +1.881153843e+01 -1.9042e-01 +1.7807e+00
1220 0 +1.068343397e-03 +1.881106834e+01 +1.881106834e+01 -1.9077e-01 +1.7805e+00
1221 0 +9.832819634e-04 +1.881098328e+01 +1.881098328e+01 -1.9162e-01 +1.7805e+00
1475 0 +2.792216222e-04 +1.881027922e+01 +1.881027922e+01 -1.9109e-01 +1.7807e+00
3295 0 +2.792216222e-04 +1.881027922e+01 +1.881027922e+01 -1.9109e-01 +1.7807e+00
% f evaluations | g evaluations | best noise-free fitness - Fopt (2.731500000000e+02) + sum g_i+ | measured fitness | best measured fitness or single-digit g-values | x1 | x2...
1 0 +6.129627523e+01 +3.344462752e+02 +3.344462752e+02 +0.0000e+00 +0.0000e+00
2 0 +2.689179176e+01 +3.000417918e+02 +3.000417918e+02 +3.1797e+00 +2.1210e-01
5 0 +1.044042840e+01 +2.835904284e+02 +2.835904284e+02 -4.4609e-01 +3.4854e+00
81 0 +8.482527936e+00 +2.816325279e+02 +2.816325279e+02 -5.0127e+00 -2.7542e+00
122 0 +5.060365883e+00 +2.782103659e+02 +2.782103659e+02 -3.2220e+00 +1.1041e+00
134 0 +4.075420749e+00 +2.772254207e+02 +2.772254207e+02 -4.4995e+00 +3.3121e-01
142 0 +2.059248401e+00 +2.752092484e+02 +2.752092484e+02 -3.5157e+00 +2.6637e+00
168 0 +1.182636140e+00 +2.743326361e+02 +2.743326361e+02 -3.0973e+00 +4.0785e+00
188 0 +7.927287990e-01 +2.739427288e+02 +2.739427288e+02 -3.9319e+00 +3.4687e+00
199 0 +3.262202227e-01 +2.734762202e+02 +2.734762202e+02 -3.5076e+00 +3.9380e+00
316 0 +3.007128408e-01 +2.734507128e+02 +2.734507128e+02 -3.5578e+00 +3.7408e+00
394 0 +1.616258448e-01 +2.733116258e+02 +2.733116258e+02 -3.5065e+00 +3.8064e+00
419 0 +7.972430924e-02 +2.732297243e+02 +2.732297243e+02 -3.5671e+00 +3.7860e+00
471 0 +7.609903059e-02 +2.732260990e+02 +2.732260990e+02 -3.5554e+00 +3.8217e+00
475 0 +6.144980242e-02 +2.732114498e+02 +2.732114498e+02 -3.6088e+00 +3.7201e+00
543 0 +1.672748076e-02 +2.731667275e+02 +2.731667275e+02 -3.5705e+00 +3.7639e+00
744 0 +1.392486843e-02 +2.731639249e+02 +2.731639249e+02 -3.5768e+00 +3.7578e+00
932 0 +7.443675251e-03 +2.731574437e+02 +2.731574437e+02 -3.5788e+00 +3.7554e+00
1062 0 +3.524190973e-03 +2.731535242e+02 +2.731535242e+02 -3.5786e+00 +3.7565e+00
1545 0 +3.451524535e-03 +2.731534515e+02 +2.731534515e+02 -3.5778e+00 +3.7564e+00
1557 0 +2.473798181e-03 +2.731524738e+02 +2.731524738e+02 -3.5797e+00 +3.7534e+00
1584 0 +1.079928807e-03 +2.731510799e+02 +2.731510799e+02 -3.5796e+00 +3.7526e+00
1769 0 +3.932460659e-04 +2.731503932e+02 +2.731503932e+02 -3.5793e+00 +3.7534e+00
1772 0 +2.923923510e-04 +2.731502924e+02 +2.731502924e+02 -3.5791e+00 +3.7539e+00
1865 0 +2.826575474e-04 +2.731502827e+02 +2.731502827e+02 -3.5793e+00 +3.7534e+00
2101 0 +2.520867344e-04 +2.731502521e+02 +2.731502521e+02 -3.5791e+00 +3.7538e+00
2132 0 +2.491326986e-04 +2.731502491e+02 +2.731502491e+02 -3.5792e+00 +3.7535e+00
2133 0 +2.378606479e-04 +2.731502379e+02 +2.731502379e+02 -3.5793e+00 +3.7534e+00
2280 0 +2.295180865e-04 +2.731502295e+02 +2.731502295e+02 -3.5793e+00 +3.7536e+00
2296 0 +2.171036115e-04 +2.731502171e+02 +2.731502171e+02 -3.5792e+00 +3.7537e+00
2348 0 +8.649460767e-06 +2.731500086e+02 +2.731500086e+02 -3.5792e+00 +3.7536e+00
2624 0 +7.826516935e-06 +2.731500078e+02 +2.731500078e+02 -3.5792e+00 +3.7536e+00
3088 0 +7.506693294e-06 +2.731500075e+02 +2.731500075e+02 -3.5792e+00 +3.7536e+00
3433 0 +7.506693294e-06 +2.731500075e+02 +2.731500075e+02 -3.5792e+00 +3.7536e+00
% f evaluations | g evaluations | best noise-free fitness - Fopt (3.718000000000e+01) + sum g_i+ | measured fitness | best measured fitness or single-digit g-values | x1 | x2...
1 0 +1.670141745e+01 +5.388141745e+01 +5.388141745e+01 +0.0000e+00 +0.0000e+00
5 0 +1.016536337e+01 +4.734536337e+01 +4.734536337e+01 -3.0866e+00 +1.1268e+00
11 0 +9.568938052e+00 +4.674893805e+01 +4.674893805e+01 -7.3529e-01 -1.0701e+00
14 0 +3.821863573e+00 +4.100186357e+01 +4.100186357e+01 -1.4756e+00 +1.6803e+00
32 0 +1.400541250e+00 +3.858054125e+01 +3.858054125e+01 -3.2519e+00 +2.5020e+00
62 0 +9.326263413e-01 +3.811262634e+01 +3.811262634e+01 -3.1243e+00 +2.0189e+00
83 0 +8.928619146e-01 +3.807286191e+01 +3.807286191e+01 -3.1954e+00 +1.9098e+00
138 0 +4.371729290e-01 +3.761717293e+01 +3.761717293e+01 -3.6405e+00 +2.0302e+00
195 0 +4.178541356e-01 +3.759785414e+01 +3.759785414e+01 -3.7244e+00 +2.1961e+00
228 0 +3.944409675e-01 +3.757444097e+01 +3.757444097e+01 -3.6894e+00 +2.0977e+00
242 0 +2.809104415e-01 +3.746091044e+01 +3.746091044e+01 -4.0687e+00 +2.0697e+00
256 0 +2.327760821e-01 +3.741277608e+01 +3.741277608e+01 -3.7980e+00 +2.0088e+00
311 0 +1.588231508e-01 +3.733882315e+01 +3.733882315e+01 -4.0095e+00 +2.1087e+00
336 0 +1.291528989e-01 +3.730915290e+01 +3.730915290e+01 -3.9497e+00 +2.0928e+00
341 0 +9.438145306e-02 +3.727438145e+01 +3.727438145e+01 -3.8836e+00 +2.0855e+00
428 0 +3.723858144e-02 +3.721723858e+01 +3.721723858e+01 -3.8776e+00 +2.0698e+00
526 0 +1.198741998e-03 +3.718119874e+01 +3.718119874e+01 -3.8992e+00 +2.0597e+00
1261 0 +9.776250530e-04 +3.718097763e+01 +3.718097763e+01 -3.8994e+00 +2.0601e+00
1579 0 +5.764722703e-04 +3.718057647e+01 +3.718057647e+01 -3.8989e+00 +2.0600e+00
1582 0 +3.607904500e-04 +3.718036079e+01 +3.718036079e+01 -3.8992e+00 +2.0600e+00
1631 0 +3.128967795e-04 +3.718031290e+01 +3.718031290e+01 -3.8994e+00 +2.0599e+00
1696 0 +2.613865537e-04 +3.718026139e+01 +3.718026139e+01 -3.8990e+00 +2.0600e+00
1724 0 +1.344350076e-04 +3.718013444e+01 +3.718013444e+01 -3.8992e+00 +2.0600e+00
2839 0 +1.344350076e-04 +3.718013444e+01 +3.718013444e+01 -3.8992e+00 +2.0600e+00
% f evaluations | g evaluations | best noise-free fitness - Fopt (-1.479000000000e+02) + sum g_i+ | measured fitness | best measured fitness or single-digit g-values | x1 | x2...
1 0 +7.591358693e+00 -1.403086413e+02 -1.403086413e+02 +0.0000e+00 +0.0000e+00
2 0 +4.835714367e+00 -1.430642856e+02 -1.430642856e+02 -4.6149e+00 +2.2085e+00
18 0 +4.550825795e+00 -1.433491742e+02 -1.433491742e+02 -1.5013e+00 +1.4064e+00
19 0 +3.027301327e+00 -1.448726987e+02 -1.448726987e+02 -3.1779e+00 +1.9962e+00
32 0 +8.380762997e-01 -1.470619237e+02 -1.470619237e+02 -2.0134e+00 +4.8868e-01
55 0 +5.854371111e-02 -1.478414563e+02 -1.478414563e+02 -1.6966e+00 +1.5544e-01
505 0 +3.443708230e-02 -1.478655629e+02 -1.478655629e+02 -1.6444e+00 +1.1273e-01
577 0 +3.269819175e-02 -1.478673018e+02 -1.478673018e+02 -1.6442e+00 +1.2228e-01
638 0 +3.227877525e-02 -1.478677212e+02 -1.478677212e+02 -1.6701e+00 +1.2148e-01
754 0 +2.254969456e-02 -1.478774503e+02 -1.478774503e+02 -1.6764e+00 +1.4223e-01
827 0 +1.906720419e-02 -1.478809328e+02 -1.478809328e+02 -1.6787e+00 +1.4774e-01
829 0 +1.842188363e-02 -1.478815781e+02 -1.478815781e+02 -1.6684e+00 +1.3146e-01
831 0 +1.562939425e-02 -1.478843706e+02 -1.478843706e+02 -1.6692e+00 +1.3835e-01
868 0 +8.566064732e-03 -1.478914339e+02 -1.478914339e+02 -1.6697e+00 +1.3301e-01
935 0 +8.136056471e-03 -1.478918639e+02 -1.478918639e+02 -1.6669e+00 +1.3580e-01
1063 0 +3.527969147e-03 -1.478964720e+02 -1.478964720e+02 -1.6684e+00 +1.3280e-01
1220 0 +3.289501276e-03 -1.478967105e+02 -1.478967105e+02 -1.6682e+00 +1.3384e-01
1336 0 +3.225197032e-03 -1.478967748e+02 -1.478967748e+02 -1.6718e+00 +1.3744e-01
1349 0 +2.179507802e-03 -1.478978205e+02 -1.478978205e+02 -1.6695e+00 +1.3467e-01
3325 0 +2.179507802e-03 -1.478978205e+02 -1.478978205e+02 -1.6695e+00 +1.3467e-01
% f evaluations | g evaluations | best noise-free fitness - Fopt (4.817100000000e+02) + sum g_i+ | measured fitness | best measured fitness or single-digit g-values | x1 | x2...
1 0 +5.673745622e+01 +5.384474562e+02 +5.384474562e+02 +0.0000e+00 +0.0000e+00
4 0 +3.679871884e+01 +5.185087188e+02 +5.185087188e+02 +4.6431e+00 -1.4567e+00
5 0 +2.817758700e+01 +5.098875870e+02 +5.098875870e+02 +5.2642e-01 -4.2673e-01
9 0 +1.787697743e+01 +4.995869774e+02 +4.995869774e+02 +2.5415e+00 -2.1899e+00
10 0 +1.663244620e+01 +4.983424462e+02 +4.983424462e+02 -1.7963e+00 -2.8543e+00
14 0 +4.534723616e+00 +4.862447236e+02 +4.862447236e+02 +2.4051e+00 -1.1415e+00
17 0 +2.915446041e+00 +4.846254460e+02 +4.846254460e+02 +1.6002e+00 -3.3706e+00
34 0 +1.157922406e+00 +4.828679224e+02 +4.828679224e+02 +7.0588e-01 -3.1761e+00
50 0 +1.062794320e+00 +4.827727943e+02 +4.827727943e+02 +1.2106e+00 -2.7119e+00
96 0 +7.665885494e-01 +4.824765885e+02 +4.824765885e+02 +8.2056e-01 -2.6220e+00
113 0 +2.612169151e-01 +4.819712169e+02 +4.819712169e+02 +1.0934e+00 -3.1271e+00
210 0 +1.170970375e-01 +4.818270970e+02 +4.818270970e+02 +1.0101e+00 -3.0134e+00
336 0 +1.068872332e-01 +4.818168872e+02 +4.818168872e+02 +1.0702e+00 -2.9595e+00
380 0 +5.898465102e-02 +4.817689847e+02 +4.817689847e+02 +1.0315e+00 -2.9326e+00
396 0 +5.767532846e-02 +4.817676753e+02 +4.817676753e+02 +1.0505e+00 -2.9378e+00
522 0 +5.141203109e-02 +4.817614120e+02 +4.817614120e+02 +1.0313e+00 -3.0054e+00
593 0 +4.538149242e-02 +4.817553815e+02 +4.817553815e+02 +1.0425e+00 -2.9567e+00
609 0 +4.206066252e-02 +4.817520607e+02 +4.817520607e+02 +1.0308e+00 -3.0091e+00
621 0 +3.142737124e-02 +4.817414274e+02 +4.817414274e+02 +1.0377e+00 -2.9894e+00
641 0 +2.944051989e-02 +4.817394405e+02 +4.817394405e+02 +1.0391e+00 -2.9854e+00
708 0 +2.109627575e-02 +4.817310963e+02 +4.817310963e+02 +1.0389e+00 -3.0155e+00
709 0 +1.637703444e-02 +4.817263770e+02 +4.817263770e+02 +1.0460e+00 -3.0009e+00
722 0 +6.395819276e-03 +4.817163958e+02 +4.817163958e+02 +1.0413e+00 -3.0018e+00
841 0 +3.185865674e-03 +4.817131859e+02 +4.817131859e+02 +1.0399e+00 -3.0007e+00
999 0 +3.138601009e-03 +4.817131386e+02 +4.817131386e+02 +1.0417e+00 -3.0011e+00
1010 0 +3.021323328e-03 +4.817130213e+02 +4.817130213e+02 +1.0399e+00 -3.0000e+00
1198 0 +1.451020365e-03 +4.817114510e+02 +4.817114510e+02 +1.0410e+00 -3.0015e+00
1225 0 +1.168593905e-03 +4.817111686e+02 +4.817111686e+02 +1.0407e+00 -2.9998e+00
1226 0 +7.382520896e-04 +4.817107383e+02 +4.817107383e+02 +1.0409e+00 -3.0007e+00
1429 0 +2.425279007e-04 +4.817102425e+02 +4.817102425e+02 +1.0408e+00 -3.0010e+00
1731 0 +2.356342511e-04 +4.817102356e+02 +4.817102356e+02 +1.0408e+00 -3.0010e+00
2034 0 +2.296145983e-04 +4.817102296e+02 +4.817102296e+02 +1.0409e+00 -3.0007e+00
2151 0 +3.402160610e-05 +4.817100340e+02 +4.817100340e+02 +1.0408e+00 -3.0008e+00
3373 0 +3.402160610e-05 +4.817100340e+02 +4.817100340e+02 +1.0408e+00 -3.0008e+00
% f evaluations | g evaluations | best noise-free fitness - Fopt (-3.646000000000e+01) + sum g_i+ | measured fitness | best measured fitness or single-digit g-values | x1 | x2...
1 0 +1.164360519e+01 -2.481639481e+01 -2.481639481e+01 +0.0000e+00 +0.0000e+00
3 0 +4.800859335e+00 -3.165914067e+01 -3.165914067e+01 +2.3666e+00 -2.4836e+00
6 0 +3.743485548e+00 -3.271651445e+01 -3.271651445e+01 +2.0802e+00 -1.9070e+00
8 0 +7.427063742e-01 -3.571729363e+01 -3.571729363e+01 +1.6964e+00 -2.1510e+00
36 0 +2.461811842e-01 -3.621381882e+01 -3.621381882e+01 +1.9675e+00 -2.6850e+00
219 0 +2.327860124e-01 -3.622721399e+01 -3.622721399e+01 +2.1402e+00 -2.8340e+00
264 0 +1.098859970e-01 -3.635011400e+01 -3.635011400e+01 +2.1419e+00 -2.8218e+00
265 0 +3.712085151e-02 -3.642287915e+01 -3.642287915e+01 +2.1154e+00 -2.8421e+00
379 0 +1.263487482e-02 -3.644736513e+01 -3.644736513e+01 +2.1268e+00 -2.8516e+00
648 0 +6.191912136e-03 -3.645380809e+01 -3.645380809e+01 +2.1208e+00 -2.8473e+00
739 0 +3.021994693e-03 -3.645697801e+01 -3.645697801e+01 +2.1205e+00 -2.8445e+00
1032 0 +2.473082839e-03 -3.645752692e+01 -3.645752692e+01 +2.1220e+00 -2.8470e+00
1133 0 +1.269558100e-03 -3.645873044e+01 -3.645873044e+01 +2.1211e+00 -2.8466e+00
1160 0 +4.153723935e-04 -3.645958463e+01 -3.645958463e+01 +2.1217e+00 -2.8473e+00
1186 0 +2.864295729e-04 -3.645971357e+01 -3.645971357e+01 +2.1215e+00 -2.8472e+00
1369 0 +2.450064822e-04 -3.645975499e+01 -3.645975499e+01 +2.1215e+00 -2.8470e+00
1833 0 +2.309666725e-04 -3.645976903e+01 -3.645976903e+01 +2.1217e+00 -2.8472e+00
1975 0 +1.345315847e-04 -3.645986547e+01 -3.645986547e+01 +2.1216e+00 -2.8472e+00
2081 0 +5.516482722e-05 -3.645994484e+01 -3.645994484e+01 +2.1216e+00 -2.8472e+00
2103 0 +3.484447456e-05 -3.645996516e+01 -3.645996516e+01 +2.1216e+00 -2.8472e+00
2139 0 +2.963414480e-05 -3.645997037e+01 -3.645997037e+01 +2.1216e+00 -2.8472e+00
2291 0 +2.884749379e-05 -3.645997115e+01 -3.645997115e+01 +2.1216e+00 -2.8472e+00
2293 0 +9.743288921e-06 -3.645999026e+01 -3.645999026e+01 +2.1216e+00 -2.8472e+00
3241 0 +9.743288921e-06 -3.645999026e+01 -3.645999026e+01 +2.1216e+00 -2.8472e+00
% f evaluations | g evaluations | best noise-free fitness - Fopt (3.920000000000e+01) + sum g_i+ | measured fitness | best measured fitness or single-digit g-values | x1 | x2...
1 0 +4.629593665e+01 +8.549593665e+01 +8.549593665e+01 +0.0000e+00 +0.0000e+00
3 0 +2.817132892e+01 +6.737132892e+01 +6.737132892e+01 -6.5137e-01 +1.9474e+00
7 0 +2.319699525e+01 +6.239699525e+01 +6.239699525e+01 +4.5956e+00 -2.8592e+00
12 0 +2.253704946e+01 +6.173704946e+01 +6.173704946e+01 +4.0016e+00 -7.8666e-01
13 0 +1.393065529e+01 +5.313065529e+01 +5.313065529e+01 +1.1294e+00 +1.3243e-01
15 0 +8.802363597e+00 +4.800236360e+01 +4.800236360e+01 +3.8858e+00 -3.7065e-02
17 0 +6.348568562e+00 +4.554856856e+01 +4.554856856e+01 +2.8443e+00 +3.5008e-01
84 0 +1.915975129e+00 +4.111597513e+01 +4.111597513e+01 +3.1206e+00 +1.8134e+00
106 0 +1.694137998e+00 +4.089413800e+01 +4.089413800e+01 +3.5782e+00 +1.8593e+00
110 0 +7.473140493e-01 +3.994731405e+01 +3.994731405e+01 +3.2854e+00 +1.4005e+00
157 0 +3.516366931e-01 +3.955163669e+01 +3.955163669e+01 +3.6542e+00 +1.6743e+00
362 0 +2.577658375e-01 +3.945776584e+01 +3.945776584e+01 +3.6369e+00 +1.6400e+00
383 0 +1.796686438e-01 +3.937966864e+01 +3.937966864e+01 +3.6050e+00 +1.4468e+00
426 0 +1.573406599e-01 +3.935734066e+01 +3.935734066e+01 +3.7345e+00 +1.5651e+00
434 0 +1.492006408e-01 +3.934920064e+01 +3.934920064e+01 +3.7060e+00 +1.5929e+00
522 0 +9.836463306e-02 +3.929836463e+01 +3.929836463e+01 +3.7262e+00 +1.6083e+00
582 0 +2.980964697e-02 +3.922980965e+01 +3.922980965e+01 +3.7310e+00 +1.6454e+00
936 0 +1.670955836e-02 +3.921670956e+01 +3.921670956e+01 +3.7104e+00 +1.6138e+00
1004 0 +8.232617485e-03 +3.920823262e+01 +3.920823262e+01 +3.7272e+00 +1.6369e+00
1061 0 +6.725437701e-03 +3.920672544e+01 +3.920672544e+01 +3.7243e+00 +1.6313e+00
1087 0 +4.820187204e-03 +3.920482019e+01 +3.920482019e+01 +3.7217e+00 +1.6295e+00
1229 0 +4.440970010e-03 +3.920444097e+01 +3.920444097e+01 +3.7214e+00 +1.6282e+00
1243 0 +3.320382181e-03 +3.920332038e+01 +3.920332038e+01 +3.7216e+00 +1.6296e+00
1251 0 +3.130397958e-03 +3.920313040e+01 +3.920313040e+01 +3.7240e+00 +1.6325e+00
1255 0 +2.531324724e-03 +3.920253132e+01 +3.920253132e+01 +3.7223e+00 +1.6294e+00
1319 0 +1.350020021e-03 +3.920135002e+01 +3.920135002e+01 +3.7225e+00 +1.6299e+00
1571 0 +1.006624448e-03 +3.920100662e+01 +3.920100662e+01 +3.7238e+00 +1.6309e+00
1637 0 +9.832359627e-04 +3.920098324e+01 +3.920098324e+01 +3.7237e+00 +1.6306e+00
1639 0 +7.116338466e-04 +3.920071163e+01 +3.920071163e+01 +3.7233e+00 +1.6304e+00
1785 0 +2.295916827e-04 +3.920022959e+01 +3.920022959e+01 +3.7231e+00 +1.6302e+00
1948 0 +2.983458135e-05 +3.920002983e+01 +3.920002983e+01 +3.7232e+00 +1.6304e+00
2645 0 +1.660672388e-05 +3.920001661e+01 +3.920001661e+01 +3.7232e+00 +1.6304e+00
3559 0 +1.660672388e-05 +3.920001661e+01 +3.920001661e+01 +3.7232e+00 +1.6304e+00
% f evaluations | g evaluations | best noise-free fitness - Fopt (-3.225000000000e+01) + sum g_i+ | measured fitness | best measured fitness or single-digit g-values | x1 | x2...
1 0 +3.173586845e+01 -5.141315488e-01 -5.141315488e-01 +0.0000e+00 +0.0000e+00
4 0 +4.900966543e+00 -2.734903346e+01 -2.734903346e+01 +3.2130e+00 +2.2466e+00
17 0 +1.508677089e+00 -3.074132291e+01 -3.074132291e+01 +4.8205e+00 +1.0487e+00
62 0 +9.076191484e-01 -3.134238085e+01 -3.134238085e+01 +4.3551e+00 +1.1750e+00
71 0 +7.616540694e-01 -3.148834593e+01 -3.148834593e+01 +4.3356e+00 +1.1408e+00
125 0 +6.657424525e-01 -3.158425755e+01 -3.158425755e+01 +3.9256e+00 +1.2453e+00
160 0 +3.126933111e-01 -3.193730669e+01 -3.193730669e+01 +3.8465e+00 +1.1049e+00
255 0 +1.778083206e-01 -3.207219168e+01 -3.207219168e+01 +3.3907e+00 +1.0095e+00
429 0 +1.188447897e-01 -3.213115521e+01 -3.213115521e+01 +3.6589e+00 +1.0916e+00
511 0 +6.222534570e-02 -3.218777465e+01 -3.218777465e+01 +3.6507e+00 +1.0687e+00
545 0 +3.878922773e-02 -3.221121077e+01 -3.221121077e+01 +3.6274e+00 +1.0697e+00
703 0 +1.156464456e-02 -3.223843536e+01 -3.223843536e+01 +3.6019e+00 +1.0632e+00
843 0 +7.556632242e-03 -3.224244337e+01 -3.224244337e+01 +3.5894e+00 +1.0619e+00
1174 0 +3.023952705e-03 -3.224697605e+01 -3.224697605e+01 +3.5928e+00 +1.0607e+00
1185 0 +1.281604104e-03 -3.224871840e+01 -3.224871840e+01 +3.5949e+00 +1.0613e+00
1329 0 +1.017968047e-03 -3.224898203e+01 -3.224898203e+01 +3.5949e+00 +1.0614e+00
1480 0 +9.829314891e-04 -3.224901707e+01 -3.224901707e+01 +3.5966e+00 +1.0614e+00
1616 0 +2.698947791e-04 -3.224973011e+01 -3.224973011e+01 +3.5959e+00 +1.0615e+00
1726 0 +2.359538737e-04 -3.224976405e+01 -3.224976405e+01 +3.5962e+00 +1.0616e+00
1755 0 +1.556145557e-04 -3.224984439e+01 -3.224984439e+01 +3.5960e+00 +1.0616e+00
1832 0 +1.258166251e-04 -3.224987418e+01 -3.224987418e+01 +3.5960e+00 +1.0616e+00
2082 0 +1.105788493e-04 -3.224988942e+01 -3.224988942e+01 +3.5961e+00 +1.0616e+00
2111 0 +3.000190657e-05 -3.224997000e+01 -3.224997000e+01 +3.5960e+00 +1.0616e+00
2277 0 +2.878781292e-05 -3.224997121e+01 -3.224997121e+01 +3.5960e+00 +1.0616e+00
3175 0 +2.878781292e-05 -3.224997121e+01 -3.224997121e+01 +3.5960e+00 +1.0616e+00
% f evaluations | g evaluations | best noise-free fitness - Fopt (3.681200000000e+02) + sum g_i+ | measured fitness | best measured fitness or single-digit g-values | x1 | x2...
1 0 +4.105932118e+00 +3.722259321e+02 +3.722259321e+02 +0.0000e+00 +0.0000e+00
5 0 +2.425347620e+00 +3.705453476e+02 +3.705453476e+02 -3.3847e+00 -1.0880e+00
40 0 +2.363796238e+00 +3.704837962e+02 +3.704837962e+02 -2.8145e+00 -7.0542e-01
70 0 +1.482165368e+00 +3.696021654e+02 +3.696021654e+02 -1.1975e+00 -8.3678e-01
79 0 +1.043225719e+00 +3.691632257e+02 +3.691632257e+02 -1.7595e+00 -1.0422e+00
122 0 +5.899591692e-01 +3.687099592e+02 +3.687099592e+02 -2.6399e+00 -1.3328e+00
161 0 +4.934532694e-01 +3.686134533e+02 +3.686134533e+02 -2.4858e+00 -1.1457e+00
212 0 +6.100122500e-02 +3.681810012e+02 +3.681810012e+02 -2.5222e+00 -1.0920e+00
596 0 +4.033541384e-02 +3.681603354e+02 +3.681603354e+02 -2.4674e+00 -1.0791e+00
605 0 +3.724674504e-02 +3.681572467e+02 +3.681572467e+02 -2.4550e+00 -1.0789e+00
706 0 +7.855251849e-03 +3.681278553e+02 +3.681278553e+02 -2.4642e+00 -1.0925e+00
1190 0 +3.819047205e-03 +3.681238190e+02 +3.681238190e+02 -2.4612e+00 -1.0890e+00
1298 0 +2.362246907e-03 +3.681223622e+02 +3.681223622e+02 -2.4620e+00 -1.0894e+00
1627 0 +1.996251318e-03 +3.681219963e+02 +3.681219963e+02 -2.4627e+00 -1.0895e+00
1841 0 +1.095371018e-03 +3.681210954e+02 +3.681210954e+02 -2.4643e+00 -1.0896e+00
1926 0 +1.054590683e-03 +3.681210546e+02 +3.681210546e+02 -2.4633e+00 -1.0893e+00
2344 0 +1.021530336e-03 +3.681210215e+02 +3.681210215e+02 -2.4622e+00 -1.0895e+00
2361 0 +3.262602152e-04 +3.681203263e+02 +3.681203263e+02 -2.4634e+00 -1.0897e+00
2464 0 +2.296127350e-04 +3.681202296e+02 +3.681202296e+02 -2.4634e+00 -1.0896e+00
4717 0 +2.296127350e-04 +3.681202296e+02 +3.681202296e+02 -2.4634e+00 -1.0896e+00
% f evaluations | g evaluations | best noise-free fitness - Fopt (4.739000000000e+01) + sum g_i+ | measured fitness | best measured fitness or single-digit g-values | x1 | x2...
1 0 +2.059824998e+01 +6.798824998e+01 +6.798824998e+01 +0.0000e+00 +0.0000e+00
2 0 +1.974777097e+01 +6.713777097e+01 +6.713777097e+01 +4.5625e+00 +3.3116e+00
7 0 +1.402373100e+01 +6.141373100e+01 +6.141373100e+01 -6.6875e-01 +4.4823e+00
9 0 +1.279754273e+01 +6.018754273e+01 +6.018754273e+01 -2.9252e-01 +8.2912e-01
10 0 +1.247462977e+01 +5.986462977e+01 +5.986462977e+01 +1.6595e+00 +7.9557e-02
16 0 +6.847976159e+00 +5.423797616e+01 +5.423797616e+01 +8.2889e-01 +3.9081e+00
25 0 +5.056632281e+00 +5.244663228e+01 +5.244663228e+01 +1.9430e+00 +4.5933e+00
28 0 +2.464036450e+00 +4.985403645e+01 +4.985403645e+01 -1.3441e+00 +4.3770e-01
151 0 +1.392617170e+00 +4.878261717e+01 +4.878261717e+01 -5.0129e-02 +3.9177e+00
173 0 +1.145611064e+00 +4.853561106e+01 +4.853561106e+01 -7.7729e-01 +2.4481e+00
234 0 +7.432498498e-01 +4.813324985e+01 +4.813324985e+01 -7.8840e-01 +2.1842e+00
259 0 +5.332955329e-01 +4.792329553e+01 +4.792329553e+01 -3.6618e-01 +3.1059e+00
281 0 +4.536274412e-01 +4.784362744e+01 +4.784362744e+01 -5.7406e-01 +2.5493e+00
318 0 +2.409687780e-01 +4.763096878e+01 +4.763096878e+01 -5.5383e-01 +2.4790e+00
326 0 +1.815352592e-01 +4.757153526e+01 +4.757153526e+01 -4.9361e-01 +2.5828e+00
452 0 +1.679535889e-01 +4.755795359e+01 +4.755795359e+01 -4.4150e-01 +2.6983e+00
469 0 +1.008660250e-01 +4.749086603e+01 +4.749086603e+01 -4.5674e-01 +2.6450e+00
487 0 +5.953506447e-02 +4.744953506e+01 +4.744953506e+01 -5.1635e-01 +2.5774e+00
501 0 +2.590924851e-02 +4.741590925e+01 +4.741590925e+01 -4.9562e-01 +2.6440e+00
595 0 +1.715072387e-02 +4.740715072e+01 +4.740715072e+01 -4.9891e-01 +2.6186e+00
672 0 +1.654567030e-02 +4.740654567e+01 +4.740654567e+01 -4.9543e-01 +2.6425e+00
806 0 +1.423148445e-02 +4.740423148e+01 +4.740423148e+01 -5.0150e-01 +2.6217e+00
841 0 +7.556049297e-03 +4.739755605e+01 +4.739755605e+01 -4.9763e-01 +2.6250e+00
890 0 +1.525337642e-03 +4.739152534e+01 +4.739152534e+01 -4.9745e-01 +2.6296e+00
1196 0 +1.206044612e-03 +4.739120604e+01 +4.739120604e+01 -4.9752e-01 +2.6295e+00
1210 0 +9.898660252e-04 +4.739098987e+01 +4.739098987e+01 -4.9711e-01 +2.6303e+00
1368 0 +8.429474090e-04 +4.739084295e+01 +4.739084295e+01 -4.9760e-01 +2.6298e+00
1408 0 +2.784195798e-04 +4.739027842e+01 +4.739027842e+01 -4.9765e-01 +2.6294e+00
1468 0 +2.369219369e-04 +4.739023692e+01 +4.739023692e+01 -4.9753e-01 +2.6298e+00
1516 0 +2.296334147e-04 +4.739022963e+01 +4.739022963e+01 -4.9749e-01 +2.6297e+00
1658 0 +2.222125212e-04 +4.739022221e+01 +4.739022221e+01 -4.9763e-01 +2.6295e+00
1668 0 +1.209485942e-04 +4.739012095e+01 +4.739012095e+01 -4.9762e-01 +2.6296e+00
1779 0 +1.113283248e-04 +4.739011133e+01 +4.739011133e+01 -4.9761e-01 +2.6296e+00
2617 0 +1.113283248e-04 +4.739011133e+01 +4.739011133e+01 -4.9761e-01 +2.6296e+00
% f evaluations | g evaluations | best noise-free fitness - Fopt (-3.428900000000e+02) + sum g_i+ | measured fitness | best measured fitness or single-digit g-values | x1 | x2...
1 0 +4.121949560e+01 -3.016705044e+02 -3.016705044e+02 +0.0000e+00 +0.0000e+00
6 0 +2.821155846e+01 -3.146784415e+02 -3.146784415e+02 -3.8722e+00 +4.1882e+00
7 0 +2.129080873e+01 -3.215991913e+02 -3.215991913e+02 +2.2317e+00 +2.2212e+00
9 0 +7.959260407e+00 -3.349307396e+02 -3.349307396e+02 +1.7409e+00 +1.2302e+00
53 0 +6.584839100e+00 -3.363051609e+02 -3.363051609e+02 +2.4973e+00 +4.0158e-01
62 0 +4.108083475e+00 -3.387819165e+02 -3.387819165e+02 +3.4479e+00 -9.1081e-01
69 0 +3.535420228e+00 -3.393545798e+02 -3.393545798e+02 +2.4639e+00 -8.2159e-01
81 0 +1.234426813e+00 -3.416555732e+02 -3.416555732e+02 +2.5927e+00 -2.3128e+00
108 0 +3.410470327e-01 -3.425489530e+02 -3.425489530e+02 +2.1708e+00 -2.7525e+00
420 0 +2.003371874e-01 -3.426896628e+02 -3.426896628e+02 +2.2247e+00 -2.8356e+00
512 0 +1.657124298e-01 -3.427242876e+02 -3.427242876e+02 +2.1819e+00 -2.7831e+00
586 0 +1.397758255e-01 -3.427502242e+02 -3.427502242e+02 +2.1860e+00 -2.8201e+00
602 0 +1.077101084e-01 -3.427822899e+02 -3.427822899e+02 +2.2359e+00 -2.7280e+00
655 0 +9.798011493e-02 -3.427920199e+02 -3.427920199e+02 +2.2659e+00 -2.7944e+00
686 0 +5.876883394e-02 -3.428312312e+02 -3.428312312e+02 +2.2323e+00 -2.7864e+00
748 0 +4.916890779e-02 -3.428408311e+02 -3.428408311e+02 +2.2297e+00 -2.7790e+00
763 0 +4.257207714e-02 -3.428474279e+02 -3.428474279e+02 +2.2516e+00 -2.7645e+00
780 0 +3.258926064e-02 -3.428574107e+02 -3.428574107e+02 +2.2583e+00 -2.7678e+00
792 0 +9.924800300e-03 -3.428800752e+02 -3.428800752e+02 +2.2448e+00 -2.7675e+00
1093 0 +4.916499570e-03 -3.428850835e+02 -3.428850835e+02 +2.2437e+00 -2.7726e+00
1327 0 +3.330315688e-03 -3.428866697e+02 -3.428866697e+02 +2.2462e+00 -2.7682e+00
1368 0 +3.068777901e-03 -3.428869312e+02 -3.428869312e+02 +2.2456e+00 -2.7695e+00
1562 0 +1.899509432e-03 -3.428881005e+02 -3.428881005e+02 +2.2444e+00 -2.7698e+00
1620 0 +1.564918338e-03 -3.428884351e+02 -3.428884351e+02 +2.2448e+00 -2.7697e+00
1717 0 +1.417666970e-03 -3.428885823e+02 -3.428885823e+02 +2.2448e+00 -2.7696e+00
1727 0 +1.269858087e-03 -3.428887301e+02 -3.428887301e+02 +2.2444e+00 -2.7697e+00
1738 0 +5.260761664e-04 -3.428894739e+02 -3.428894739e+02 +2.2438e+00 -2.7707e+00
2013 0 +3.395004975e-04 -3.428896605e+02 -3.428896605e+02 +2.2439e+00 -2.7706e+00
2129 0 +2.848952756e-04 -3.428897151e+02 -3.428897151e+02 +2.2439e+00 -2.7704e+00
2152 0 +2.370257049e-04 -3.428897630e+02 -3.428897630e+02 +2.2440e+00 -2.7705e+00
2201 0 +2.878197165e-05 -3.428899712e+02 -3.428899712e+02 +2.2440e+00 -2.7704e+00
3067 0 +2.877781321e-05 -3.428899712e+02 -3.428899712e+02 +2.2440e+00 -2.7704e+00
% f evaluations | g evaluations | best noise-free fitness - Fopt (9.102000000000e+01) + sum g_i+ | measured fitness | best measured fitness or single-digit g-values | x1 | x2...
1 0 +3.958589699e+00 +9.497858970e+01 +9.497858970e+01 +0.0000e+00 +0.0000e+00
17 0 +3.131412658e+00 +9.415141266e+01 +9.415141266e+01 +3.0358e+00 +6.7054e-01
49 0 +2.490572394e+00 +9.351057239e+01 +9.351057239e+01 +1.5428e+00 +2.5936e-01
102 0 +1.487642730e+00 +9.250764273e+01 +9.250764273e+01 -3.3738e-01 -1.5785e+00
127 0 +1.427571840e+00 +9.244757184e+01 +9.244757184e+01 +3.8869e-01 -4.6398e-01
141 0 +8.747752426e-01 +9.189477524e+01 +9.189477524e+01 +1.2696e-01 -1.2527e+00
216 0 +6.774498632e-01 +9.169744986e+01 +9.169744986e+01 +5.2140e-01 -9.8237e-01
264 0 +5.026880551e-01 +9.152268806e+01 +9.152268806e+01 +7.9369e-01 -7.5183e-01
422 0 +4.947720018e-01 +9.151477200e+01 +9.151477200e+01 +1.7738e-01 -1.0950e+00
428 0 +3.735340201e-01 +9.139353402e+01 +9.139353402e+01 +2.6900e-01 -1.0790e+00
471 0 +3.680587679e-01 +9.138805877e+01 +9.138805877e+01 +2.7812e-01 -9.6495e-01
520 0 +3.451710135e-01 +9.136517101e+01 +9.136517101e+01 +5.7144e-01 -9.1840e-01
535 0 +1.788431132e-01 +9.119884311e+01 +9.119884311e+01 +3.6381e-01 -9.4313e-01
538 0 +1.337322837e-01 +9.115373228e+01 +9.115373228e+01 +4.3118e-01 -9.1209e-01
544 0 +9.771196761e-02 +9.111771197e+01 +9.111771197e+01 +5.8375e-01 -8.3315e-01
548 0 +8.874598778e-02 +9.110874599e+01 +9.110874599e+01 +5.3918e-01 -8.8896e-01
570 0 +3.488823161e-02 +9.105488823e+01 +9.105488823e+01 +5.5978e-01 -8.6410e-01
638 0 +3.283293213e-02 +9.105283293e+01 +9.105283293e+01 +5.2085e-01 -8.9156e-01
766 0 +3.202288495e-02 +9.105202288e+01 +9.105202288e+01 +5.2737e-01 -8.9303e-01
784 0 +1.804778182e-02 +9.103804778e+01 +9.103804778e+01 +5.5402e-01 -8.7302e-01
856 0 +1.269720790e-02 +9.103269721e+01 +9.103269721e+01 +5.6249e-01 -8.7139e-01
1088 0 +1.185198860e-02 +9.103185199e+01 +9.103185199e+01 +5.5281e-01 -8.7734e-01
1130 0 +1.135914400e-02 +9.103135914e+01 +9.103135914e+01 +5.6887e-01 -8.7341e-01
1133 0 +8.236395242e-03 +9.102823640e+01 +9.102823640e+01 +5.6587e-01 -8.7539e-01
1139 0 +4.915746166e-03 +9.102491575e+01 +9.102491575e+01 +5.5853e-01 -8.7597e-01
1162 0 +3.650242584e-03 +9.102365024e+01 +9.102365024e+01 +5.6484e-01 -8.7350e-01
1312 0 +3.489773672e-03 +9.102348977e+01 +9.102348977e+01 +5.6047e-01 -8.7424e-01
1330 0 +3.198884978e-03 +9.102319888e+01 +9.102319888e+01 +5.6488e-01 -8.7368e-01
1437 0 +3.032216926e-03 +9.102303222e+01 +9.102303222e+01 +5.6060e-01 -8.7597e-01
1516 0 +1.905093163e-03 +9.102190509e+01 +9.102190509e+01 +5.6200e-01 -8.7474e-01
1616 0 +1.073392126e-03 +9.102107339e+01 +9.102107339e+01 +5.6318e-01 -8.7401e-01
1731 0 +9.851898531e-04 +9.102098519e+01 +9.102098519e+01 +5.6175e-01 -8.7491e-01
2076 0 +8.459341080e-04 +9.102084593e+01 +9.102084593e+01 +5.6215e-01 -8.7441e-01
2141 0 +4.889860245e-04 +9.102048899e+01 +9.102048899e+01 +5.6234e-01 -8.7453e-01
2196 0 +2.708404014e-04 +9.102027084e+01 +9.102027084e+01 +5.6243e-01 -8.7430e-01
2207 0 +2.339216246e-04 +9.102023392e+01 +9.102023392e+01 +5.6255e-01 -8.7429e-01
2277 0 +1.665502910e-04 +9.102016655e+01 +9.102016655e+01 +5.6235e-01 -8.7441e-01
2372 0 +3.256638549e-05 +9.102003257e+01 +9.102003257e+01 +5.6238e-01 -8.7442e-01
3235 0 +3.256638549e-05 +9.102003257e+01 +9.102003257e+01 +5.6238e-01 -8.7442e-01
% f evaluations | g evaluations | best noise-free fitness - Fopt (7.324200000000e+02) + sum g_i+ | measured fitness | best measured fitness or single-digit g-values | x1 | x2...
1 0 +1.268036730e+01 +7.451003673e+02 +7.451003673e+02 +0.0000e+00 +0.0000e+00
3 0 +1.061009866e+01 +7.430300987e+02 +7.430300987e+02 +3.4681e+00 -4.0138e+00
6 0 +3.743711843e+00 +7.361637118e+02 +7.361637118e+02 -3.3673e+00 -8.9944e-01
7 0 +9.667825542e-01 +7.333867826e+02 +7.333867826e+02 -2.5037e+00 -2.7112e+00
33 0 +4.762787108e-01 +7.328962787e+02 +7.328962787e+02 -2.7958e+00 -2.2926e+00
83 0 +2.894462344e-01 +7.327094462e+02 +7.327094462e+02 -2.6067e+00 -2.4540e+00
116 0 +1.497827706e-01 +7.325697828e+02 +7.325697828e+02 -2.7142e+00 -2.3604e+00
274 0 +5.300495639e-02 +7.324730050e+02 +7.324730050e+02 -2.7511e+00 -2.3671e+00
758 0 +3.543268008e-02 +7.324554327e+02 +7.324554327e+02 -2.7601e+00 -2.3605e+00
903 0 +3.265591558e-02 +7.324526559e+02 +7.324526559e+02 -2.7158e+00 -2.4169e+00
1094 0 +3.083158699e-02 +7.324508316e+02 +7.324508316e+02 -2.7288e+00 -2.3949e+00
1097 0 +2.629506220e-02 +7.324462951e+02 +7.324462951e+02 -2.7396e+00 -2.3869e+00
1120 0 +2.116431342e-02 +7.324411643e+02 +7.324411643e+02 -2.7452e+00 -2.3841e+00
1133 0 +1.785196913e-02 +7.324378520e+02 +7.324378520e+02 -2.7368e+00 -2.3771e+00
1139 0 +7.671693358e-03 +7.324276717e+02 +7.324276717e+02 -2.7402e+00 -2.3784e+00
1171 0 +3.126835099e-03 +7.324231268e+02 +7.324231268e+02 -2.7392e+00 -2.3812e+00
1489 0 +1.167157982e-03 +7.324211672e+02 +7.324211672e+02 -2.7397e+00 -2.3816e+00
1719 0 +1.031565039e-03 +7.324210316e+02 +7.324210316e+02 -2.7398e+00 -2.3821e+00
1833 0 +9.845730232e-04 +7.324209846e+02 +7.324209846e+02 -2.7394e+00 -2.3826e+00
1875 0 +6.645859805e-04 +7.324206646e+02 +7.324206646e+02 -2.7393e+00 -2.3822e+00
1892 0 +3.493592054e-04 +7.324203494e+02 +7.324203494e+02 -2.7391e+00 -2.3825e+00
1946 0 +2.496707137e-04 +7.324202497e+02 +7.324202497e+02 -2.7393e+00 -2.3824e+00
1993 0 +2.329723849e-04 +7.324202330e+02 +7.324202330e+02 -2.7393e+00 -2.3822e+00
4561 0 +2.329723849e-04 +7.324202330e+02 +7.324202330e+02 -2.7393e+00 -2.3822e+00
% f evaluations | g evaluations | best noise-free fitness - Fopt (3.542000000000e+01) + sum g_i+ | measured fitness | best measured fitness or single-digit g-values | x1 | x2...
1 0 +1.163794923e+01 +4.705794923e+01 +4.705794923e+01 +0.0000e+00 +0.0000e+00
11 0 +7.913452137e+00 +4.333345214e+01 +4.333345214e+01 -5.7458e-01 -1.8127e+00
14 0 +6.126223450e+00 +4.154622345e+01 +4.154622345e+01 -7.7841e-01 -4.3772e+00
26 0 +5.765123835e+00 +4.118512384e+01 +4.118512384e+01 -6.4522e-01 -3.4007e+00
32 0 +5.464451951e+00 +4.088445195e+01 +4.088445195e+01 +2.4947e-01 -4.2488e+00
38 0 +4.133514242e+00 +3.955351424e+01 +3.955351424e+01 +5.6628e-02 -3.3565e+00
39 0 +3.843713394e+00 +3.926371339e+01 +3.926371339e+01 +1.2507e+00 -2.7278e+00
57 0 +1.954436705e+00 +3.737443670e+01 +3.737443670e+01 +1.9967e+00 -2.9512e+00
82 0 +3.793681566e-01 +3.579936816e+01 +3.579936816e+01 +3.6218e+00 -2.3172e+00
209 0 +2.701236562e-01 +3.569012366e+01 +3.569012366e+01 +4.0068e+00 -2.2311e+00
280 0 +6.722692236e-02 +3.548722692e+01 +3.548722692e+01 +3.6671e+00 -2.3610e+00
583 0 +4.440821695e-02 +3.546440822e+01 +3.546440822e+01 +3.7260e+00 -2.3287e+00
705 0 +3.408366293e-02 +3.545408366e+01 +3.545408366e+01 +3.6916e+00 -2.3430e+00
798 0 +1.711448518e-02 +3.543711449e+01 +3.543711449e+01 +3.6708e+00 -2.3540e+00
965 0 +1.636378315e-02 +3.543636378e+01 +3.543636378e+01 +3.6922e+00 -2.3511e+00
982 0 +1.483603742e-02 +3.543483604e+01 +3.543483604e+01 +3.6867e+00 -2.3449e+00
1057 0 +9.772834419e-03 +3.542977283e+01 +3.542977283e+01 +3.6906e+00 -2.3490e+00
1069 0 +8.079247116e-03 +3.542807925e+01 +3.542807925e+01 +3.6918e+00 -2.3443e+00
1088 0 +5.295745791e-03 +3.542529575e+01 +3.542529575e+01 +3.6890e+00 -2.3472e+00
1098 0 +3.613267017e-03 +3.542361327e+01 +3.542361327e+01 +3.6834e+00 -2.3490e+00
1104 0 +3.049937693e-03 +3.542304994e+01 +3.542304994e+01 +3.6880e+00 -2.3465e+00
1340 0 +2.088551689e-03 +3.542208855e+01 +3.542208855e+01 +3.6865e+00 -2.3475e+00
1346 0 +1.642514089e-03 +3.542164251e+01 +3.542164251e+01 +3.6876e+00 -2.3476e+00
1413 0 +9.969582340e-04 +3.542099696e+01 +3.542099696e+01 +3.6873e+00 -2.3475e+00
1538 0 +1.755080802e-04 +3.542017551e+01 +3.542017551e+01 +3.6864e+00 -2.3480e+00
1904 0 +2.893022575e-05 +3.542002893e+01 +3.542002893e+01 +3.6864e+00 -2.3480e+00
2503 0 +2.877893878e-05 +3.542002878e+01 +3.542002878e+01 +3.6864e+00 -2.3480e+00
3355 0 +2.877893878e-05 +3.542002878e+01 +3.542002878e+01 +3.6864e+00 -2.3480e+00
