% f evaluations | g evaluations | best noise-free fitness - Fopt (-1.694000000000e+01) + sum g_i+ | measured fitness | best measured fitness or single-digit g-values | x1 | x2...
1 0 +4.074075597e+01 +2.380075597e+01 +2.380075597e+01 +0.0000e+00 +0.0000e+00
6 0 +1.788331457e+01 +9.433145746e-01 +9.433145746e-01 +1.4818e+00 +1.0596e+00
9 0 +1.044724209e+01 -6.492757908e+00 -6.492757908e+00 +4.6212e+00 +1.9043e+00
12 0 +3.749146740e+00 -1.319085326e+01 -1.319085326e+01 +3.0583e+00 +8.6050e-01
32 0 +3.525252647e-01 -1.658747474e+01 -1.658747474e+01 +3.7062e+00 +2.4638e+00
184 0 +1.018851879e-01 -1.683811481e+01 -1.683811481e+01 +3.6782e+00 +2.4579e+00
335 0 +6.607844796e-02 -1.687392155e+01 -1.687392155e+01 +3.6648e+00 +2.4960e+00
810 0 +6.352879585e-02 -1.687647120e+01 -1.687647120e+01 +3.6763e+00 +2.5041e+00
996 0 +4.318787674e-02 -1.689681212e+01 -1.689681212e+01 +3.6542e+00 +2.5603e+00
1029 0 +3.568298471e-02 -1.690431702e+01 -1.690431702e+01 +3.6483e+00 +2.5826e+00
1106 0 +1.669633102e-02 -1.692330367e+01 -1.692330367e+01 +3.6614e+00 +2.5477e+00
1495 0 +1.288689386e-02 -1.692711311e+01 -1.692711311e+01 +3.6565e+00 +2.5416e+00
1581 0 +7.733949997e-03 -1.693226605e+01 -1.693226605e+01 +3.6547e+00 +2.5456e+00
1649 0 +4.701312680e-03 -1.693529869e+01 -1.693529869e+01 +3.6556e+00 +2.5482e+00
1756 0 +4.272409006e-03 -1.693572759e+01 -1.693572759e+01 +3.6571e+00 +2.5467e+00
1857 0 +3.982702196e-03 -1.693601730e+01 -1.693601730e+01 +3.6550e+00 +2.5516e+00
1862 0 +3.869244603e-03 -1.693613076e+01 -1.693613076e+01 +3.6559e+00 +2.5474e+00
1881 0 +3.250078819e-03 -1.693674992e+01 -1.693674992e+01 +3.6566e+00 +2.5465e+00
1900 0 +3.075763856e-03 -1.693692424e+01 -1.693692424e+01 +3.6551e+00 +2.5489e+00
1910 0 +1.778308265e-03 -1.693822169e+01 -1.693822169e+01 +3.6555e+00 +2.5498e+00
2019 0 +1.537174782e-03 -1.693846283e+01 -1.693846283e+01 +3.6560e+00 +2.5506e+00
2026 0 +2.473848803e-04 -1.693975262e+01 -1.693975262e+01 +3.6560e+00 +2.5497e+00
2319 0 +1.892562032e-04 -1.693981074e+01 -1.693981074e+01 +3.6560e+00 +2.5497e+00
2455 0 +3.182930487e-05 -1.693996817e+01 -1.693996817e+01 +3.6560e+00 +2.5496e+00
2755 0 +2.895639016e-05 -1.693997104e+01 -1.693997104e+01 +3.6560e+00 +2.5496e+00
4399 0 +2.887343825e-05 -1.693997113e+01 -1.693997113e+01 +3.6560e+00 +2.5496e+00
% f evaluations | g evaluations | best noise-free fitness - Fopt (1.881000000000e+01) + sum g_i+ | measured fitness | best measured fitness or single-digit g-values | x1 | x2...
1 0 +2.207574042e+01 +4.088574042e+01 +4.088574042e+01 +0.0000e+00 +0.0000e+00
2 0 +6.309345312e+00 +2.511934531e+01 +2.511934531e+01 -3.8888e+00 +3.5503e+00
12 0 +5.576353918e+00 +2.438635392e+01 +2.438635392e+01 -2.6903e+00 +2.8146e+00
33 0 +4.318160424e+00 +2.312816042e+01 +2.312816042e+01 -1.5235e+00 +6.6466e-01
42 0 +6.071616961e-01 +1.941716170e+01 +1.941716170e+01 -6.9689e-01 +1.7408e+00
144 0 +3.951477875e-01 +1.920514779e+01 +1.920514779e+01 -5.4053e-01 +1.7802e+00
196 0 +1.367878885e-01 +1.894678789e+01 +1.894678789e+01 -1.7074e-01 +1.7478e+00
339 0 +9.846578463e-02 +1.890846578e+01 +1.890846578e+01 -6.7102e-02 +1.7688e+00
429 0 +9.767427771e-02 +1.890767428e+01 +1.890767428e+01 -7.7246e-02 +1.7769e+00
475 0 +7.612621310e-02 +1.888612621e+01 +1.888612621e+01 -1.3980e-01 +1.7882e+00
496 0 +6.103404948e-02 +1.887103405e+01 +1.887103405e+01 -1.1669e-01 +1.7675e+00
505 0 +5.827154468e-02 +1.886827154e+01 +1.886827154e+01 -1.5210e-01 +1.7582e+00
652 0 +4.420212282e-02 +1.885420212e+01 +1.885420212e+01 -1.5498e-01 +1.7724e+00
705 0 +3.771730802e-02 +1.884771731e+01 +1.884771731e+01 -1.4767e-01 +1.7753e+00
711 0 +2.963087958e-02 +1.883963088e+01 +1.883963088e+01 -2.0342e-01 +1.7793e+00
891 0 +1.226684072e-02 +1.882226684e+01 +1.882226684e+01 -1.9723e-01 +1.7791e+00
898 0 +7.730355339e-03 +1.881773036e+01 +1.881773036e+01 -1.8290e-01 +1.7804e+00
1137 0 +7.548153835e-03 +1.881754815e+01 +1.881754815e+01 -1.9866e-01 +1.7813e+00
1143 0 +6.299688728e-03 +1.881629969e+01 +1.881629969e+01 -1.9046e-01 +1.7812e+00
1190 0 +5.029800707e-03 +1.881502980e+01 +1.881502980e+01 -1.9323e-01 +1.7813e+00
1257 0 +9.872439077e-04 +1.881098724e+01 +1.881098724e+01 -1.9206e-01 +1.7810e+00
1452 0 +3.736203834e-04 +1.881037362e+01 +1.881037362e+01 -1.9108e-01 +1.7808e+00
1453 0 +2.358443507e-04 +1.881023584e+01 +1.881023584e+01 -1.9103e-01 +1.7807e+00
1960 0 +5.729716430e-05 +1.881005730e+01 +1.881005730e+01 -1.9116e-01 +1.7808e+00
2400 0 +2.890549248e-05 +1.881002891e+01 +1.881002891e+01 -1.9119e-01 +1.7808e+00
3493 0 +2.890549248e-05 +1.881002891e+01 +1.881002891e+01 -1.9119e-01 +1.7808e+00
% f evaluations | g evaluations | best noise-free fitness - Fopt (2.731500000000e+02) + sum g_i+ | measured fitness | best measured fitness or single-digit g-values | x1 | x2...
1 0 +6.129627523e+01 +3.344462752e+02 +3.344462752e+02 +0.0000e+00 +0.0000e+00
2 0 +1.105176479e+01 +2.842017648e+02 +2.842017648e+02 -4.8203e+00 +2.9016e+00
3 0 +9.676157977e+00 +2.828261580e+02 +2.828261580e+02 -4.5426e+00 +3.8017e+00
6 0 +8.185081012e+00 +2.813350810e+02 +2.813350810e+02 -3.1495e+00 -5.5914e-01
7 0 +8.005678252e+00 +2.811556783e+02 +2.811556783e+02 -2.7054e+00 +1.3594e-01
9 0 +1.434731337e+00 +2.745847313e+02 +2.745847313e+02 -4.2081e+00 +3.3271e+00
25 0 +1.296328946e+00 +2.744463289e+02 +2.744463289e+02 -3.5865e+00 +3.1277e+00
67 0 +3.602254056e-01 +2.735102254e+02 +2.735102254e+02 -3.6417e+00 +3.5932e+00
439 0 +2.966018363e-01 +2.734466018e+02 +2.734466018e+02 -3.6803e+00 +3.5219e+00
443 0 +2.497387842e-01 +2.733997388e+02 +2.733997388e+02 -3.5478e+00 +3.9791e+00
516 0 +1.746599745e-01 +2.733246600e+02 +2.733246600e+02 -3.5555e+00 +3.7791e+00
556 0 +1.166462421e-01 +2.732666462e+02 +2.732666462e+02 -3.6166e+00 +3.6691e+00
637 0 +1.046981998e-01 +2.732546982e+02 +2.732546982e+02 -3.5195e+00 +3.8465e+00
704 0 +5.858170157e-02 +2.732085817e+02 +2.732085817e+02 -3.5477e+00 +3.8278e+00
717 0 +5.033530797e-02 +2.732003353e+02 +2.732003353e+02 -3.5622e+00 +3.7877e+00
948 0 +8.275313996e-03 +2.731582753e+02 +2.731582753e+02 -3.5814e+00 +3.7472e+00
1578 0 +4.264144667e-03 +2.731542641e+02 +2.731542641e+02 -3.5785e+00 +3.7561e+00
1693 0 +6.661315418e-04 +2.731506661e+02 +2.731506661e+02 -3.5793e+00 +3.7537e+00
1859 0 +4.058801373e-04 +2.731504059e+02 +2.731504059e+02 -3.5792e+00 +3.7537e+00
2171 0 +2.297907008e-04 +2.731502298e+02 +2.731502298e+02 -3.5792e+00 +3.7537e+00
2525 0 +1.247089383e-04 +2.731501247e+02 +2.731501247e+02 -3.5792e+00 +3.7536e+00
2631 0 +9.122623044e-05 +2.731500912e+02 +2.731500912e+02 -3.5792e+00 +3.7536e+00
3517 0 +9.122623044e-05 +2.731500912e+02 +2.731500912e+02 -3.5792e+00 +3.7536e+00
% f evaluations | g evaluations | best noise-free fitness - Fopt (3.718000000000e+01) + sum g_i+ | measured fitness | best measured fitness or single-digit g-values | x1 | x2...
1 0 +1.670141745e+01 +5.388141745e+01 +5.388141745e+01 +0.0000e+00 +0.0000e+00
2 0 +8.539192198e+00 +4.571919220e+01 +4.571919220e+01 -1.8718e+00 -4.6577e-01
5 0 +6.432244162e+00 +4.361224416e+01 +4.361224416e+01 -4.1814e-01 +1.0434e+00
39 0 +3.143111462e+00 +4.032311146e+01 +4.032311146e+01 -3.3832e+00 +1.0391e+00
51 0 +2.512180873e+00 +3.969218087e+01 +3.969218087e+01 -4.2206e+00 +1.3349e+00
57 0 +2.150480614e+00 +3.933048061e+01 +3.933048061e+01 -2.2276e+00 +1.6372e+00
70 0 +1.968739659e+00 +3.914873966e+01 +3.914873966e+01 -4.6449e+00 +2.0244e+00
98 0 +1.917971612e+00 +3.909797161e+01 +3.909797161e+01 -3.0523e+00 +1.4581e+00
103 0 +1.655878505e+00 +3.883587851e+01 +3.883587851e+01 -2.5544e+00 +2.1148e+00
131 0 +9.258588296e-01 +3.810585883e+01 +3.810585883e+01 -3.9403e+00 +2.2397e+00
142 0 +8.917484088e-01 +3.807174841e+01 +3.807174841e+01 -3.6688e+00 +1.8081e+00
164 0 +3.630677911e-01 +3.754306779e+01 +3.754306779e+01 -3.5805e+00 +2.1391e+00
379 0 +2.965642021e-01 +3.747656420e+01 +3.747656420e+01 -3.9130e+00 +2.1738e+00
416 0 +2.084716269e-01 +3.738847163e+01 +3.738847163e+01 -4.0388e+00 +2.0573e+00
448 0 +1.587836204e-01 +3.733878362e+01 +3.733878362e+01 -4.0196e+00 +2.1062e+00
464 0 +1.323470235e-01 +3.731234702e+01 +3.731234702e+01 -3.9835e+00 +2.0873e+00
478 0 +4.454955657e-02 +3.722454956e+01 +3.722454956e+01 -3.8682e+00 +2.0652e+00
641 0 +2.035916735e-02 +3.720035917e+01 +3.720035917e+01 -3.9147e+00 +2.0587e+00
818 0 +1.906241813e-02 +3.719906242e+01 +3.719906242e+01 -3.8832e+00 +2.0566e+00
819 0 +1.806959247e-02 +3.719806959e+01 +3.719806959e+01 -3.9091e+00 +2.0571e+00
848 0 +1.635780132e-02 +3.719635780e+01 +3.719635780e+01 -3.8948e+00 +2.0658e+00
850 0 +8.773677106e-03 +3.718877368e+01 +3.718877368e+01 -3.8948e+00 +2.0623e+00
874 0 +3.838922090e-03 +3.718383892e+01 +3.718383892e+01 -3.8963e+00 +2.0592e+00
998 0 +2.056034187e-03 +3.718205603e+01 +3.718205603e+01 -3.8995e+00 +2.0602e+00
1064 0 +1.429296048e-03 +3.718142930e+01 +3.718142930e+01 -3.8982e+00 +2.0601e+00
1107 0 +1.394751823e-03 +3.718139475e+01 +3.718139475e+01 -3.8983e+00 +2.0602e+00
1198 0 +2.727995059e-04 +3.718027280e+01 +3.718027280e+01 -3.8994e+00 +2.0600e+00
1523 0 +2.307696915e-04 +3.718023077e+01 +3.718023077e+01 -3.8994e+00 +2.0600e+00
2881 0 +2.307696915e-04 +3.718023077e+01 +3.718023077e+01 -3.8994e+00 +2.0600e+00
% f evaluations | g evaluations | best noise-free fitness - Fopt (-1.479000000000e+02) + sum g_i+ | measured fitness | best measured fitness or single-digit g-values | x1 | x2...
1 0 +7.591358693e+00 -1.403086413e+02 -1.403086413e+02 +0.0000e+00 +0.0000e+00
3 0 +6.510845113e+00 -1.413891549e+02 -1.413891549e+02 -3.1967e+00 -6.3598e-01
10 0 +3.387395841e+00 -1.445126042e+02 -1.445126042e+02 -2.1968e+00 -4.6125e-01
22 0 +1.342628253e+00 -1.465573717e+02 -1.465573717e+02 -1.6442e+00 -3.0904e-01
100 0 +6.022830397e-01 -1.472977170e+02 -1.472977170e+02 -1.2253e+00 -1.7393e-01
204 0 +5.413738321e-01 -1.473586262e+02 -1.473586262e+02 -1.3564e+00 +1.5289e-01
230 0 +3.180021998e-01 -1.475819978e+02 -1.475819978e+02 -1.7594e+00 +1.7831e-01
295 0 +2.470733650e-01 -1.476529266e+02 -1.476529266e+02 -1.7889e+00 +1.5398e-01
319 0 +9.064010338e-02 -1.478093599e+02 -1.478093599e+02 -1.6667e+00 +1.4318e-01
548 0 +6.151158664e-02 -1.478384884e+02 -1.478384884e+02 -1.6392e+00 +1.1560e-01
646 0 +5.774889055e-02 -1.478422511e+02 -1.478422511e+02 -1.7043e+00 +1.7777e-01
693 0 +4.416410117e-02 -1.478558359e+02 -1.478558359e+02 -1.6663e+00 +1.1960e-01
727 0 +3.963975494e-02 -1.478603602e+02 -1.478603602e+02 -1.6787e+00 +1.4476e-01
755 0 +3.591019327e-02 -1.478640898e+02 -1.478640898e+02 -1.6592e+00 +1.1499e-01
808 0 +1.846309216e-02 -1.478815369e+02 -1.478815369e+02 -1.6666e+00 +1.3242e-01
991 0 +1.340407617e-02 -1.478865959e+02 -1.478865959e+02 -1.6689e+00 +1.3147e-01
1041 0 +1.027179444e-02 -1.478897282e+02 -1.478897282e+02 -1.6672e+00 +1.3307e-01
1059 0 +7.307255813e-03 -1.478926927e+02 -1.478926927e+02 -1.6702e+00 +1.3416e-01
1068 0 +3.399098117e-03 -1.478966009e+02 -1.478966009e+02 -1.6682e+00 +1.3364e-01
1158 0 +2.310328589e-04 -1.478997690e+02 -1.478997690e+02 -1.6704e+00 +1.3526e-01
3085 0 +2.310328589e-04 -1.478997690e+02 -1.478997690e+02 -1.6704e+00 +1.3526e-01
% f evaluations | g evaluations | best noise-free fitness - Fopt (4.817100000000e+02) + sum g_i+ | measured fitness | best measured fitness or single-digit g-values | x1 | x2...
1 0 +5.673745622e+01 +5.384474562e+02 +5.384474562e+02 +0.0000e+00 +0.0000e+00
2 0 +7.085386295e+00 +4.887953863e+02 +4.887953863e+02 -9.1789e-02 -4.3717e+00
8 0 +2.184506157e+00 +4.838945062e+02 +4.838945062e+02 +1.3666e+00 -3.5053e+00
16 0 +9.135990648e-01 +4.826235991e+02 +4.826235991e+02 +1.2718e+00 -2.7992e+00
36 0 +4.458129044e-01 +4.821558129e+02 +4.821558129e+02 +1.1268e+00 -2.9321e+00
136 0 +2.882449061e-01 +4.819982449e+02 +4.819982449e+02 +1.0703e+00 -2.7254e+00
157 0 +2.484122686e-01 +4.819584123e+02 +4.819584123e+02 +9.5757e-01 -2.9737e+00
160 0 +9.794826056e-02 +4.818079483e+02 +4.818079483e+02 +1.0086e+00 -2.9831e+00
405 0 +8.194628854e-02 +4.817919463e+02 +4.817919463e+02 +1.0492e+00 -2.9992e+00
494 0 +7.744165788e-02 +4.817874417e+02 +4.817874417e+02 +1.0334e+00 -2.9343e+00
537 0 +5.770330950e-02 +4.817677033e+02 +4.817677033e+02 +1.0234e+00 -2.9671e+00
591 0 +3.404395371e-02 +4.817440440e+02 +4.817440440e+02 +1.0467e+00 -2.9657e+00
634 0 +2.000387458e-02 +4.817300039e+02 +4.817300039e+02 +1.0432e+00 -3.0040e+00
681 0 +1.845326151e-02 +4.817284533e+02 +4.817284533e+02 +1.0458e+00 -2.9994e+00
760 0 +1.787220582e-02 +4.817278722e+02 +4.817278722e+02 +1.0437e+00 -2.9823e+00
814 0 +1.009283346e-02 +4.817200928e+02 +4.817200928e+02 +1.0410e+00 -2.9930e+00
858 0 +1.027575240e-03 +4.817110276e+02 +4.817110276e+02 +1.0407e+00 -3.0012e+00
1556 0 +9.867012504e-04 +4.817109867e+02 +4.817109867e+02 +1.0408e+00 -3.0017e+00
1775 0 +5.004040173e-04 +4.817105004e+02 +4.817105004e+02 +1.0409e+00 -3.0008e+00
1873 0 +2.347916273e-04 +4.817102348e+02 +4.817102348e+02 +1.0408e+00 -3.0006e+00
2026 0 +2.332908859e-04 +4.817102333e+02 +4.817102333e+02 +1.0407e+00 -3.0008e+00
2181 0 +8.718318827e-05 +4.817100872e+02 +4.817100872e+02 +1.0408e+00 -3.0008e+00
3300 0 +4.451193087e-05 +4.817100445e+02 +4.817100445e+02 +1.0408e+00 -3.0008e+00
3444 0 +3.280309636e-05 +4.817100328e+02 +4.817100328e+02 +1.0408e+00 -3.0008e+00
4339 0 +3.280309636e-05 +4.817100328e+02 +4.817100328e+02 +1.0408e+00 -3.0008e+00
% f evaluations | g evaluations | best noise-free fitness - Fopt (-3.646000000000e+01) + sum g_i+ | measured fitness | best measured fitness or single-digit g-values | x1 | x2...
1 0 +1.164360519e+01 -2.481639481e+01 -2.481639481e+01 +0.0000e+00 +0.0000e+00
7 0 +7.480953675e+00 -2.897904632e+01 -2.897904632e+01 +3.1178e+00 -4.5797e+00
13 0 +6.581450969e+00 -2.987854903e+01 -2.987854903e+01 +9.2077e-01 -2.6283e+00
31 0 +1.740059976e+00 -3.471994002e+01 -3.471994002e+01 +1.5613e+00 -1.8145e+00
70 0 +1.661798124e+00 -3.479820188e+01 -3.479820188e+01 +2.7115e+00 -3.5961e+00
111 0 +1.029327763e+00 -3.543067224e+01 -3.543067224e+01 +1.7179e+00 -1.9844e+00
170 0 +1.015240573e+00 -3.544475943e+01 -3.544475943e+01 +1.7462e+00 -2.1240e+00
195 0 +4.891555542e-01 -3.597084445e+01 -3.597084445e+01 +2.0946e+00 -2.5703e+00
210 0 +4.018348207e-01 -3.605816518e+01 -3.605816518e+01 +2.0561e+00 -2.9464e+00
214 0 +2.787070005e-01 -3.618129300e+01 -3.618129300e+01 +2.1720e+00 -2.7810e+00
251 0 +9.659245688e-02 -3.636340754e+01 -3.636340754e+01 +2.0856e+00 -2.7996e+00
573 0 +6.943301707e-02 -3.639056698e+01 -3.639056698e+01 +2.0852e+00 -2.7824e+00
634 0 +3.065327408e-02 -3.642934673e+01 -3.642934673e+01 +2.1195e+00 -2.8542e+00
774 0 +1.635946149e-02 -3.644364054e+01 -3.644364054e+01 +2.1223e+00 -2.8560e+00
882 0 +1.104771940e-02 -3.644895228e+01 -3.644895228e+01 +2.1260e+00 -2.8543e+00
936 0 +7.961493946e-03 -3.645203851e+01 -3.645203851e+01 +2.1164e+00 -2.8394e+00
1068 0 +7.592408577e-03 -3.645240759e+01 -3.645240759e+01 +2.1179e+00 -2.8454e+00
1118 0 +4.506556025e-03 -3.645549344e+01 -3.645549344e+01 +2.1203e+00 -2.8464e+00
1265 0 +3.261067814e-03 -3.645673893e+01 -3.645673893e+01 +2.1198e+00 -2.8448e+00
1505 0 +3.021371195e-03 -3.645697863e+01 -3.645697863e+01 +2.1208e+00 -2.8447e+00
1621 0 +1.295952503e-03 -3.645870405e+01 -3.645870405e+01 +2.1218e+00 -2.8478e+00
1706 0 +1.044145576e-03 -3.645895585e+01 -3.645895585e+01 +2.1218e+00 -2.8469e+00
1773 0 +2.420031442e-04 -3.645975800e+01 -3.645975800e+01 +2.1217e+00 -2.8472e+00
1951 0 +2.295390119e-04 -3.645977046e+01 -3.645977046e+01 +2.1215e+00 -2.8470e+00
2186 0 +4.266944252e-05 -3.645995733e+01 -3.645995733e+01 +2.1216e+00 -2.8472e+00
2265 0 +2.980330373e-05 -3.645997020e+01 -3.645997020e+01 +2.1216e+00 -2.8472e+00
2393 0 +2.507497994e-05 -3.645997493e+01 -3.645997493e+01 +2.1216e+00 -2.8472e+00
3193 0 +2.507497994e-05 -3.645997493e+01 -3.645997493e+01 +2.1216e+00 -2.8472e+00
% f evaluations | g evaluations | best noise-free fitness - Fopt (3.920000000000e+01) + sum g_i+ | measured fitness | best measured fitness or single-digit g-values | x1 | x2...
1 0 +4.629593665e+01 +8.549593665e+01 +8.549593665e+01 +0.0000e+00 +0.0000e+00
3 0 +2.971075213e+01 +6.891075213e+01 +6.891075213e+01 -2.8955e+00 +1.5787e+00
6 0 +5.257032449e+00 +4.445703245e+01 +4.445703245e+01 +2.8503e+00 +1.2461e+00
7 0 +4.540405529e+00 +4.374040553e+01 +4.374040553e+01 +3.1766e+00 +4.8446e-02
21 0 +3.191114022e+00 +4.239111402e+01 +4.239111402e+01 +3.6052e+00 +2.6550e+00
23 0 +1.624851865e+00 +4.082485186e+01 +4.082485186e+01 +4.2098e+00 +1.7567e+00
25 0 +1.635782075e-02 +3.921635782e+01 +3.921635782e+01 +3.7302e+00 +1.6318e+00
895 0 +7.708786863e-03 +3.920770879e+01 +3.920770879e+01 +3.7247e+00 +1.6356e+00
1271 0 +5.040448340e-03 +3.920504045e+01 +3.920504045e+01 +3.7221e+00 +1.6291e+00
1342 0 +9.930303005e-04 +3.920099303e+01 +3.920099303e+01 +3.7226e+00 +1.6296e+00
2005 0 +2.351947278e-04 +3.920023519e+01 +3.920023519e+01 +3.7232e+00 +1.6305e+00
2096 0 +9.468221134e-05 +3.920009468e+01 +3.920009468e+01 +3.7232e+00 +1.6304e+00
2116 0 +3.013185864e-05 +3.920003013e+01 +3.920003013e+01 +3.7232e+00 +1.6304e+00
2814 0 +2.901383971e-05 +3.920002901e+01 +3.920002901e+01 +3.7232e+00 +1.6304e+00
3001 0 +1.651235957e-05 +3.920001651e+01 +3.920001651e+01 +3.7232e+00 +1.6304e+00
3368 0 +4.197763033e-06 +3.920000420e+01 +3.920000420e+01 +3.7232e+00 +1.6304e+00
3406 0 +3.531880253e-06 +3.920000353e+01 +3.920000353e+01 +3.7232e+00 +1.6304e+00
3462 0 +2.413250137e-06 +3.920000241e+01 +3.920000241e+01 +3.7232e+00 +1.6304e+00
3895 0 +2.413250137e-06 +3.920000241e+01 +3.920000241e+01 +3.7232e+00 +1.6304e+00
% f evaluations | g evaluations | best noise-free fitness - Fopt (-3.225000000000e+01) + sum g_i+ | measured fitness | best measured fitness or single-digit g-values | x1 | x2...
1 0 +3.173586845e+01 -5.141315488e-01 -5.141315488e-01 +0.0000e+00 +0.0000e+00
4 0 +1.639122274e+01 -1.585877726e+01 -1.585877726e+01 +4.5791e+00 -3.3538e+00
10 0 +1.278933608e+01 -1.946066392e+01 -1.946066392e+01 +3.8942e+00 -1.8710e+00
18 0 +1.167868574e+01 -2.057131426e+01 -2.057131426e+01 +4.2910e+00 -2.5703e+00
57 0 +9.616716981e+00 -2.263328302e+01 -2.263328302e+01 +3.1578e+00 -1.8557e+00
87 0 +8.232267995e+00 -2.401773200e+01 -2.401773200e+01 +4.0592e+00 -9.6473e-01
91 0 +2.338048822e+00 -2.991195118e+01 -2.991195118e+01 +2.8998e+00 +9.3273e-01
99 0 +6.002735679e-01 -3.164972643e+01 -3.164972643e+01 +4.0467e+00 +1.2166e+00
115 0 +5.264896978e-01 -3.172351030e+01 -3.172351030e+01 +3.9906e+00 +1.2255e+00
146 0 +5.113583843e-01 -3.173864162e+01 -3.173864162e+01 +3.8084e+00 +1.1037e+00
154 0 +4.718659475e-01 -3.177813405e+01 -3.177813405e+01 +3.7486e+00 +1.0532e+00
163 0 +3.843570038e-01 -3.186564300e+01 -3.186564300e+01 +3.9027e+00 +1.0485e+00
224 0 +1.001164170e-01 -3.214988358e+01 -3.214988358e+01 +3.5569e+00 +1.0387e+00
288 0 +9.016683702e-02 -3.215983316e+01 -3.215983316e+01 +3.6231e+00 +1.0473e+00
362 0 +4.581709208e-02 -3.220418291e+01 -3.220418291e+01 +3.5610e+00 +1.0609e+00
449 0 +3.524939133e-02 -3.221475061e+01 -3.221475061e+01 +3.6252e+00 +1.0678e+00
453 0 +3.251198336e-02 -3.221748802e+01 -3.221748802e+01 +3.5796e+00 +1.0592e+00
458 0 +1.986088445e-02 -3.223013912e+01 -3.223013912e+01 +3.5926e+00 +1.0658e+00
516 0 +1.126915762e-02 -3.223873084e+01 -3.223873084e+01 +3.5908e+00 +1.0629e+00
753 0 +8.318276240e-03 -3.224168172e+01 -3.224168172e+01 +3.5877e+00 +1.0603e+00
855 0 +6.731990051e-03 -3.224326801e+01 -3.224326801e+01 +3.5940e+00 +1.0609e+00
871 0 +3.031946900e-03 -3.224696805e+01 -3.224696805e+01 +3.5949e+00 +1.0623e+00
1004 0 +2.331163726e-03 -3.224766884e+01 -3.224766884e+01 +3.5948e+00 +1.0612e+00
1049 0 +1.642256109e-03 -3.224835774e+01 -3.224835774e+01 +3.5956e+00 +1.0613e+00
1083 0 +1.001099707e-03 -3.224899890e+01 -3.224899890e+01 +3.5966e+00 +1.0619e+00
1118 0 +9.944113879e-04 -3.224900559e+01 -3.224900559e+01 +3.5950e+00 +1.0615e+00
1148 0 +3.495010413e-04 -3.224965050e+01 -3.224965050e+01 +3.5959e+00 +1.0616e+00
1150 0 +2.361205884e-04 -3.224976388e+01 -3.224976388e+01 +3.5961e+00 +1.0617e+00
1383 0 +2.295029371e-04 -3.224977050e+01 -3.224977050e+01 +3.5962e+00 +1.0616e+00
1559 0 +5.161977034e-05 -3.224994838e+01 -3.224994838e+01 +3.5960e+00 +1.0616e+00
1725 0 +4.356518613e-05 -3.224995643e+01 -3.224995643e+01 +3.5960e+00 +1.0616e+00
1928 0 +2.889549300e-05 -3.224997110e+01 -3.224997110e+01 +3.5960e+00 +1.0616e+00
1950 0 +2.877803313e-05 -3.224997122e+01 -3.224997122e+01 +3.5960e+00 +1.0616e+00
2815 0 +2.877803313e-05 -3.224997122e+01 -3.224997122e+01 +3.5960e+00 +1.0616e+00
% f evaluations | g evaluations | best noise-free fitness - Fopt (3.681200000000e+02) + sum g_i+ | measured fitness | best measured fitness or single-digit g-values | x1 | x2...
1 0 +4.105932118e+00 +3.722259321e+02 +3.722259321e+02 +0.0000e+00 +0.0000e+00
8 0 +3.330854535e+00 +3.714508545e+02 +3.714508545e+02 -2.9868e-01 -1.4650e+00
19 0 +2.290439388e+00 +3.704104394e+02 +3.704104394e+02 -3.3449e+00 -7.6047e-01
22 0 +1.441227042e+00 +3.695612270e+02 +3.695612270e+02 -1.9248e+00 -6.6712e-01
55 0 +9.423391570e-01 +3.690623392e+02 +3.690623392e+02 -2.3345e+00 -1.4106e+00
83 0 +1.706306710e-01 +3.682906307e+02 +3.682906307e+02 -2.5860e+00 -1.0666e+00
261 0 +1.091033245e-01 +3.682291033e+02 +3.682291033e+02 -2.4871e+00 -1.0766e+00
371 0 +5.770047800e-02 +3.681777005e+02 +3.681777005e+02 -2.4935e+00 -1.0754e+00
553 0 +3.520390130e-02 +3.681552039e+02 +3.681552039e+02 -2.4960e+00 -1.0937e+00
564 0 +3.215789530e-02 +3.681521579e+02 +3.681521579e+02 -2.4500e+00 -1.0797e+00
573 0 +1.659756055e-02 +3.681365976e+02 +3.681365976e+02 -2.4477e+00 -1.0901e+00
1048 0 +4.705095523e-03 +3.681247051e+02 +3.681247051e+02 -2.4602e+00 -1.0889e+00
1303 0 +3.939537247e-03 +3.681239395e+02 +3.681239395e+02 -2.4659e+00 -1.0904e+00
1317 0 +3.078540681e-03 +3.681230785e+02 +3.681230785e+02 -2.4605e+00 -1.0892e+00
1363 0 +2.162716202e-03 +3.681221627e+02 +3.681221627e+02 -2.4636e+00 -1.0895e+00
1477 0 +2.137088381e-03 +3.681221371e+02 +3.681221371e+02 -2.4632e+00 -1.0898e+00
1480 0 +1.313769238e-03 +3.681213138e+02 +3.681213138e+02 -2.4629e+00 -1.0892e+00
1481 0 +1.004898214e-03 +3.681210049e+02 +3.681210049e+02 -2.4637e+00 -1.0899e+00
1558 0 +9.887589725e-04 +3.681209888e+02 +3.681209888e+02 -2.4623e+00 -1.0897e+00
1580 0 +4.164930945e-04 +3.681204165e+02 +3.681204165e+02 -2.4632e+00 -1.0896e+00
1619 0 +2.655190000e-04 +3.681202655e+02 +3.681202655e+02 -2.4633e+00 -1.0895e+00
1635 0 +2.509977304e-04 +3.681202510e+02 +3.681202510e+02 -2.4633e+00 -1.0897e+00
1885 0 +2.321546942e-04 +3.681202322e+02 +3.681202322e+02 -2.4630e+00 -1.0896e+00
2115 0 +2.878861284e-05 +3.681200288e+02 +3.681200288e+02 -2.4632e+00 -1.0896e+00
3496 0 +1.638072212e-05 +3.681200164e+02 +3.681200164e+02 -2.4632e+00 -1.0896e+00
4723 0 +1.638072212e-05 +3.681200164e+02 +3.681200164e+02 -2.4632e+00 -1.0896e+00
% f evaluations | g evaluations | best noise-free fitness - Fopt (4.739000000000e+01) + sum g_i+ | measured fitness | best measured fitness or single-digit g-values | x1 | x2...
1 0 +2.059824998e+01 +6.798824998e+01 +6.798824998e+01 +0.0000e+00 +0.0000e+00
2 0 +1.117194169e+01 +5.856194169e+01 +5.856194169e+01 +5.4943e-01 +2.1105e+00
3 0 +3.409548635e+00 +5.079954864e+01 +5.079954864e+01 -5.1367e-01 +2.0720e+00
10 0 +2.534328021e+00 +4.992432802e+01 +4.992432802e+01 -2.6352e-02 +3.6363e+00
13 0 +2.388366025e+00 +4.977836603e+01 +4.977836603e+01 +7.1023e-02 +3.5127e+00
16 0 +1.416224559e+00 +4.880622456e+01 +4.880622456e+01 +2.6614e-02 +3.8953e+00
36 0 +2.516294265e-01 +4.764162943e+01 +4.764162943e+01 -3.7679e-01 +2.8250e+00
177 0 +2.495077381e-01 +4.763950774e+01 +4.763950774e+01 -5.2172e-01 +2.6606e+00
192 0 +1.810885687e-01 +4.757108857e+01 +4.757108857e+01 -4.6181e-01 +2.7655e+00
267 0 +1.219471292e-01 +4.751194713e+01 +4.751194713e+01 -5.0160e-01 +2.5951e+00
310 0 +6.869818239e-02 +4.745869818e+01 +4.745869818e+01 -5.2411e-01 +2.6329e+00
408 0 +4.282282093e-02 +4.743282282e+01 +4.743282282e+01 -5.0580e-01 +2.6299e+00
459 0 +3.206711730e-02 +4.742206712e+01 +4.742206712e+01 -5.0673e-01 +2.6396e+00
502 0 +1.703711601e-02 +4.740703712e+01 +4.740703712e+01 -4.9952e-01 +2.6389e+00
513 0 +7.769081122e-03 +4.739776908e+01 +4.739776908e+01 -4.9889e-01 +2.6301e+00
744 0 +5.966114489e-03 +4.739596611e+01 +4.739596611e+01 -4.9582e-01 +2.6311e+00
772 0 +1.213052811e-03 +4.739121305e+01 +4.739121305e+01 -4.9754e-01 +2.6290e+00
806 0 +1.072047099e-03 +4.739107205e+01 +4.739107205e+01 -4.9722e-01 +2.6298e+00
1428 0 +1.037506181e-03 +4.739103751e+01 +4.739103751e+01 -4.9746e-01 +2.6293e+00
1456 0 +9.919513075e-04 +4.739099195e+01 +4.739099195e+01 -4.9813e-01 +2.6289e+00
1669 0 +5.578756024e-04 +4.739055788e+01 +4.739055788e+01 -4.9743e-01 +2.6298e+00
1868 0 +4.323798080e-04 +4.739043238e+01 +4.739043238e+01 -4.9750e-01 +2.6299e+00
1892 0 +3.756162545e-04 +4.739037562e+01 +4.739037562e+01 -4.9755e-01 +2.6296e+00
3283 0 +3.756162545e-04 +4.739037562e+01 +4.739037562e+01 -4.9755e-01 +2.6296e+00
% f evaluations | g evaluations | best noise-free fitness - Fopt (-3.428900000000e+02) + sum g_i+ | measured fitness | best measured fitness or single-digit g-values | x1 | x2...
1 0 +4.121949560e+01 -3.016705044e+02 -3.016705044e+02 +0.0000e+00 +0.0000e+00
3 0 +1.480495896e+01 -3.280850410e+02 -3.280850410e+02 +4.8108e+00 -1.4939e+00
9 0 +6.351383782e+00 -3.365386162e+02 -3.365386162e+02 +4.1633e+00 -2.0413e+00
16 0 +5.043550801e+00 -3.378464492e+02 -3.378464492e+02 +3.8622e+00 -3.0464e+00
31 0 +4.778870743e+00 -3.381111293e+02 -3.381111293e+02 +1.5853e+00 -3.7807e+00
40 0 +2.352658651e+00 -3.405373413e+02 -3.405373413e+02 +2.1077e+00 -3.6255e+00
43 0 +1.591634624e+00 -3.412983654e+02 -3.412983654e+02 +2.8783e+00 -1.9580e+00
104 0 +9.538639628e-01 -3.419361360e+02 -3.419361360e+02 +1.9033e+00 -2.9454e+00
136 0 +1.583771869e-01 -3.427316228e+02 -3.427316228e+02 +2.3288e+00 -2.7430e+00
260 0 +1.067949224e-01 -3.427832051e+02 -3.427832051e+02 +2.2652e+00 -2.7327e+00
356 0 +9.819444564e-02 -3.427918056e+02 -3.427918056e+02 +2.2838e+00 -2.6853e+00
380 0 +5.806602312e-02 -3.428319340e+02 -3.428319340e+02 +2.2850e+00 -2.7429e+00
586 0 +4.710547672e-02 -3.428428945e+02 -3.428428945e+02 +2.2602e+00 -2.7511e+00
632 0 +3.603319960e-02 -3.428539668e+02 -3.428539668e+02 +2.2358e+00 -2.7943e+00
693 0 +1.868410413e-02 -3.428713159e+02 -3.428713159e+02 +2.2427e+00 -2.7767e+00
802 0 +1.660168789e-02 -3.428733983e+02 -3.428733983e+02 +2.2516e+00 -2.7683e+00
815 0 +1.121014317e-02 -3.428787899e+02 -3.428787899e+02 +2.2449e+00 -2.7660e+00
915 0 +9.637077689e-03 -3.428803629e+02 -3.428803629e+02 +2.2393e+00 -2.7769e+00
918 0 +8.002514973e-03 -3.428819975e+02 -3.428819975e+02 +2.2399e+00 -2.7747e+00
962 0 +3.046961942e-03 -3.428869530e+02 -3.428869530e+02 +2.2423e+00 -2.7724e+00
1178 0 +1.937390843e-03 -3.428880626e+02 -3.428880626e+02 +2.2433e+00 -2.7713e+00
1219 0 +1.295788455e-03 -3.428887042e+02 -3.428887042e+02 +2.2440e+00 -2.7699e+00
1602 0 +1.176944293e-03 -3.428888231e+02 -3.428888231e+02 +2.2441e+00 -2.7707e+00
1706 0 +9.987023925e-04 -3.428890013e+02 -3.428890013e+02 +2.2447e+00 -2.7696e+00
1760 0 +7.005599639e-04 -3.428892994e+02 -3.428892994e+02 +2.2442e+00 -2.7701e+00
1979 0 +4.003228273e-04 -3.428895997e+02 -3.428895997e+02 +2.2440e+00 -2.7702e+00
2001 0 +1.564860623e-04 -3.428898435e+02 -3.428898435e+02 +2.2440e+00 -2.7704e+00
2087 0 +4.999506621e-05 -3.428899500e+02 -3.428899500e+02 +2.2440e+00 -2.7704e+00
3211 0 +4.999506621e-05 -3.428899500e+02 -3.428899500e+02 +2.2440e+00 -2.7704e+00
% f evaluations | g evaluations | best noise-free fitness - Fopt (9.102000000000e+01) + sum g_i+ | measured fitness | best measured fitness or single-digit g-values | x1 | x2...
1 0 +3.958589699e+00 +9.497858970e+01 +9.497858970e+01 +0.0000e+00 +0.0000e+00
8 0 +8.014230897e-01 +9.182142309e+01 +9.182142309e+01 +1.0573e+00 -8.4236e-01
37 0 +7.849743229e-01 +9.180497432e+01 +9.180497432e+01 +5.3057e-01 -9.5468e-01
95 0 +3.045902285e-01 +9.132459023e+01 +9.132459023e+01 +7.5969e-01 -8.2436e-01
140 0 +2.363893530e-01 +9.125638935e+01 +9.125638935e+01 +6.1977e-01 -8.3997e-01
203 0 +1.497673078e-01 +9.116976731e+01 +9.116976731e+01 +6.4519e-01 -8.2232e-01
246 0 +1.179877561e-01 +9.113798776e+01 +9.113798776e+01 +5.0841e-01 -9.0444e-01
248 0 +3.382407406e-02 +9.105382407e+01 +9.105382407e+01 +5.7929e-01 -8.6606e-01
650 0 +3.026149825e-02 +9.105026150e+01 +9.105026150e+01 +5.3935e-01 -8.8346e-01
763 0 +7.853637933e-03 +9.102785364e+01 +9.102785364e+01 +5.6350e-01 -8.7152e-01
1232 0 +3.409750606e-03 +9.102340975e+01 +9.102340975e+01 +5.6482e-01 -8.7278e-01
1288 0 +3.342282020e-03 +9.102334228e+01 +9.102334228e+01 +5.6291e-01 -8.7513e-01
1289 0 +3.092739999e-03 +9.102309274e+01 +9.102309274e+01 +5.6173e-01 -8.7426e-01
1314 0 +1.835857431e-03 +9.102183586e+01 +9.102183586e+01 +5.6334e-01 -8.7379e-01
1371 0 +1.082947905e-03 +9.102108295e+01 +9.102108295e+01 +5.6144e-01 -8.7462e-01
1383 0 +2.349501901e-04 +9.102023495e+01 +9.102023495e+01 +5.6233e-01 -8.7443e-01
1565 0 +2.312809931e-04 +9.102023128e+01 +9.102023128e+01 +5.6251e-01 -8.7430e-01
1871 0 +1.539369335e-04 +9.102015394e+01 +9.102015394e+01 +5.6245e-01 -8.7439e-01
2022 0 +1.289775554e-04 +9.102012898e+01 +9.102012898e+01 +5.6240e-01 -8.7442e-01
2030 0 +1.247206214e-04 +9.102012472e+01 +9.102012472e+01 +5.6235e-01 -8.7443e-01
2079 0 +9.624719853e-05 +9.102009625e+01 +9.102009625e+01 +5.6244e-01 -8.7440e-01
2101 0 +3.986622455e-05 +9.102003987e+01 +9.102003987e+01 +5.6241e-01 -8.7441e-01
2102 0 +2.887035687e-05 +9.102002887e+01 +9.102002887e+01 +5.6241e-01 -8.7439e-01
2953 0 +2.887035687e-05 +9.102002887e+01 +9.102002887e+01 +5.6241e-01 -8.7439e-01
% f evaluations | g evaluations | best noise-free fitness - Fopt (7.324200000000e+02) + sum g_i+ | measured fitness | best measured fitness or single-digit g-values | x1 | x2...
1 0 +1.268036730e+01 +7.451003673e+02 +7.451003673e+02 +0.0000e+00 +0.0000e+00
3 0 +8.697054996e+00 +7.411170550e+02 +7.411170550e+02 -1.2095e+00 -4.6684e+00
15 0 +1.391244610e+00 +7.338112446e+02 +7.338112446e+02 -3.0987e+00 -2.6968e+00
41 0 +9.224677977e-01 +7.333424678e+02 +7.333424678e+02 -2.6003e+00 -2.7424e+00
220 0 +7.491889502e-01 +7.331691890e+02 +7.331691890e+02 -2.3124e+00 -3.0397e+00
263 0 +3.763525531e-01 +7.327963526e+02 +7.327963526e+02 -2.9318e+00 -2.3274e+00
542 0 +3.643564768e-01 +7.327843565e+02 +7.327843565e+02 -2.7175e+00 -2.2419e+00
549 0 +2.439032221e-01 +7.326639032e+02 +7.326639032e+02 -2.8912e+00 -2.1996e+00
575 0 +1.990735635e-01 +7.326190736e+02 +7.326190736e+02 -2.8142e+00 -2.2711e+00
598 0 +1.591674193e-01 +7.325791674e+02 +7.325791674e+02 -2.8251e+00 -2.2647e+00
615 0 +5.887386439e-02 +7.324788739e+02 +7.324788739e+02 -2.7495e+00 -2.3487e+00
971 0 +4.341429682e-02 +7.324634143e+02 +7.324634143e+02 -2.7520e+00 -2.3815e+00
1010 0 +3.904270309e-02 +7.324590427e+02 +7.324590427e+02 -2.7485e+00 -2.3742e+00
1060 0 +3.887732977e-02 +7.324588773e+02 +7.324588773e+02 -2.7379e+00 -2.3790e+00
1072 0 +3.215614723e-02 +7.324521561e+02 +7.324521561e+02 -2.7464e+00 -2.3631e+00
1101 0 +1.858799264e-02 +7.324385880e+02 +7.324385880e+02 -2.7480e+00 -2.3695e+00
1154 0 +1.647245020e-02 +7.324364725e+02 +7.324364725e+02 -2.7401e+00 -2.3899e+00
1246 0 +8.388751880e-03 +7.324283888e+02 +7.324283888e+02 -2.7429e+00 -2.3771e+00
1340 0 +6.894735494e-03 +7.324268947e+02 +7.324268947e+02 -2.7364e+00 -2.3853e+00
1411 0 +3.602804908e-03 +7.324236028e+02 +7.324236028e+02 -2.7390e+00 -2.3814e+00
1426 0 +3.100228919e-03 +7.324231002e+02 +7.324231002e+02 -2.7372e+00 -2.3838e+00
1433 0 +3.065160815e-03 +7.324230652e+02 +7.324230652e+02 -2.7371e+00 -2.3844e+00
1452 0 +2.549665052e-03 +7.324225497e+02 +7.324225497e+02 -2.7399e+00 -2.3821e+00
1567 0 +1.337928035e-03 +7.324213379e+02 +7.324213379e+02 -2.7394e+00 -2.3827e+00
1579 0 +9.829513521e-04 +7.324209830e+02 +7.324209830e+02 -2.7387e+00 -2.3825e+00
1695 0 +3.256114458e-04 +7.324203256e+02 +7.324203256e+02 -2.7392e+00 -2.3824e+00
1720 0 +2.542758267e-04 +7.324202543e+02 +7.324202543e+02 -2.7391e+00 -2.3824e+00
1803 0 +3.078361340e-05 +7.324200308e+02 +7.324200308e+02 -2.7392e+00 -2.3824e+00
3199 0 +3.078361340e-05 +7.324200308e+02 +7.324200308e+02 -2.7392e+00 -2.3824e+00
% f evaluations | g evaluations | best noise-free fitness - Fopt (3.542000000000e+01) + sum g_i+ | measured fitness | best measured fitness or single-digit g-values | x1 | x2...
1 0 +1.163794923e+01 +4.705794923e+01 +4.705794923e+01 +0.0000e+00 +0.0000e+00
6 0 +6.438432357e+00 +4.185843236e+01 +4.185843236e+01 +2.3624e+00 -3.1023e+00
15 0 +3.341928849e+00 +3.876192885e+01 +3.876192885e+01 +2.2901e+00 -3.1695e+00
17 0 +1.565074134e+00 +3.698507413e+01 +3.698507413e+01 +2.7613e+00 -2.3800e+00
119 0 +9.545597500e-01 +3.637455975e+01 +3.637455975e+01 +3.8487e+00 -2.2054e+00
272 0 +7.706723567e-01 +3.619067236e+01 +3.619067236e+01 +3.5851e+00 -2.1325e+00
281 0 +7.573629064e-01 +3.617736291e+01 +3.617736291e+01 +3.0712e+00 -2.6850e+00
338 0 +2.465581913e-01 +3.566655819e+01 +3.566655819e+01 +3.8648e+00 -2.2666e+00
431 0 +1.009605705e-01 +3.552096057e+01 +3.552096057e+01 +3.7906e+00 -2.3309e+00
436 0 +9.228154261e-02 +3.551228154e+01 +3.551228154e+01 +3.7042e+00 -2.3484e+00
449 0 +4.019902695e-02 +3.546019903e+01 +3.546019903e+01 +3.7018e+00 -2.3418e+00
624 0 +3.197390490e-02 +3.545197390e+01 +3.545197390e+01 +3.7265e+00 -2.3362e+00
1066 0 +1.779696619e-02 +3.543779697e+01 +3.543779697e+01 +3.6765e+00 -2.3555e+00
1170 0 +1.712216399e-02 +3.543712216e+01 +3.543712216e+01 +3.7059e+00 -2.3391e+00
1361 0 +7.624189271e-03 +3.542762419e+01 +3.542762419e+01 +3.6803e+00 -2.3491e+00
1441 0 +7.552167105e-03 +3.542755217e+01 +3.542755217e+01 +3.6795e+00 -2.3503e+00
1571 0 +4.099399984e-03 +3.542409940e+01 +3.542409940e+01 +3.6892e+00 -2.3469e+00
1643 0 +3.857147896e-03 +3.542385715e+01 +3.542385715e+01 +3.6850e+00 -2.3475e+00
1695 0 +3.033704008e-03 +3.542303370e+01 +3.542303370e+01 +3.6878e+00 -2.3484e+00
1742 0 +1.819609053e-03 +3.542181961e+01 +3.542181961e+01 +3.6858e+00 -2.3479e+00
1788 0 +1.001111906e-03 +3.542100111e+01 +3.542100111e+01 +3.6869e+00 -2.3481e+00
1894 0 +9.984589015e-04 +3.542099846e+01 +3.542099846e+01 +3.6866e+00 -2.3476e+00
2043 0 +4.016326428e-04 +3.542040163e+01 +3.542040163e+01 +3.6864e+00 -2.3480e+00
2295 0 +2.415010868e-04 +3.542024150e+01 +3.542024150e+01 +3.6865e+00 -2.3480e+00
2404 0 +2.329914012e-04 +3.542023299e+01 +3.542023299e+01 +3.6862e+00 -2.3481e+00
2643 0 +4.039468388e-05 +3.542004039e+01 +3.542004039e+01 +3.6864e+00 -2.3480e+00
2652 0 +2.953525394e-05 +3.542002954e+01 +3.542002954e+01 +3.6864e+00 -2.3480e+00
3769 0 +2.953525394e-05 +3.542002954e+01 +3.542002954e+01 +3.6864e+00 -2.3480e+00
