% f evaluations | g evaluations | best noise-free fitness - Fopt (-1.694000000000e+01) + sum g_i+ | measured fitness | best measured fitness or single-digit g-values | x1 | x2...
1 0 +4.074075597e+01 +2.380075597e+01 +2.380075597e+01 +0.0000e+00 +0.0000e+00
18 0 +3.115528006e+01 +1.421528006e+01 +1.421528006e+01 +8.8082e-01 -1.4876e-02
21 0 +2.584609782e+01 +8.906097822e+00 +8.906097822e+00 +2.8827e+00 -6.1164e+00
26 0 +1.054018667e+01 -6.399813333e+00 -6.399813333e+00 +2.7371e+00 -2.8960e-02
27 0 +2.529252640e+00 -1.441074736e+01 -1.441074736e+01 +4.5318e+00 +9.2602e-01
77 0 +1.395424390e+00 -1.554457561e+01 -1.554457561e+01 +3.6579e+00 +1.3484e+00
90 0 +1.016029820e+00 -1.592397018e+01 -1.592397018e+01 +3.3919e+00 +3.0471e+00
121 0 +7.050313148e-01 -1.623496869e+01 -1.623496869e+01 +3.7774e+00 +2.3666e+00
150 0 +5.279000034e-01 -1.641210000e+01 -1.641210000e+01 +3.7381e+00 +2.1759e+00
187 0 +4.673430884e-01 -1.647265691e+01 -1.647265691e+01 +3.5560e+00 +2.9258e+00
193 0 +1.639799990e-01 -1.677602000e+01 -1.677602000e+01 +3.6556e+00 +2.4124e+00
315 0 +9.288707063e-02 -1.684711293e+01 -1.684711293e+01 +3.6374e+00 +2.5632e+00
527 0 +3.248357783e-02 -1.690751642e+01 -1.690751642e+01 +3.6455e+00 +2.5418e+00
548 0 +2.743058947e-02 -1.691256941e+01 -1.691256941e+01 +3.6583e+00 +2.5318e+00
820 0 +1.400216257e-02 -1.692599784e+01 -1.692599784e+01 +3.6535e+00 +2.5544e+00
962 0 +7.610131524e-03 -1.693238987e+01 -1.693238987e+01 +3.6538e+00 +2.5479e+00
1196 0 +4.137234508e-03 -1.693586277e+01 -1.693586277e+01 +3.6572e+00 +2.5473e+00
1237 0 +3.874500989e-03 -1.693612550e+01 -1.693612550e+01 +3.6554e+00 +2.5522e+00
1239 0 +3.602747574e-03 -1.693639725e+01 -1.693639725e+01 +3.6567e+00 +2.5502e+00
1287 0 +3.508932921e-03 -1.693649107e+01 -1.693649107e+01 +3.6555e+00 +2.5508e+00
1297 0 +3.324923174e-03 -1.693667508e+01 -1.693667508e+01 +3.6563e+00 +2.5514e+00
1316 0 +2.263271019e-03 -1.693773673e+01 -1.693773673e+01 +3.6555e+00 +2.5506e+00
1388 0 +1.561424194e-03 -1.693843858e+01 -1.693843858e+01 +3.6558e+00 +2.5499e+00
1392 0 +1.100409249e-03 -1.693889959e+01 -1.693889959e+01 +3.6561e+00 +2.5501e+00
1406 0 +9.863362679e-04 -1.693901366e+01 -1.693901366e+01 +3.6556e+00 +2.5503e+00
1648 0 +5.426892013e-04 -1.693945731e+01 -1.693945731e+01 +3.6560e+00 +2.5499e+00
1655 0 +2.717642445e-04 -1.693972824e+01 -1.693972824e+01 +3.6561e+00 +2.5497e+00
1763 0 +2.338824936e-04 -1.693976612e+01 -1.693976612e+01 +3.6561e+00 +2.5495e+00
1819 0 +3.182340716e-05 -1.693996818e+01 -1.693996818e+01 +3.6560e+00 +2.5496e+00
1942 0 +2.992094054e-05 -1.693997008e+01 -1.693997008e+01 +3.6560e+00 +2.5496e+00
1956 0 +2.927471396e-05 -1.693997073e+01 -1.693997073e+01 +3.6560e+00 +2.5496e+00
2045 0 +2.881036320e-05 -1.693997119e+01 -1.693997119e+01 +3.6560e+00 +2.5496e+00
2833 0 +2.881036320e-05 -1.693997119e+01 -1.693997119e+01 +3.6560e+00 +2.5496e+00
% f evaluations | g evaluations | best noise-free fitness - Fopt (1.881000000000e+01) + sum g_i+ | measured fitness | best measured fitness or single-digit g-values | x1 | x2...
1 0 +2.207574042e+01 +4.088574042e+01 +4.088574042e+01 +0.0000e+00 +0.0000e+00
5 0 +5.235663585e+00 +2.404566358e+01 +2.404566358e+01 -2.1320e+00 +3.3158e+00
13 0 +2.668428765e+00 +2.147842876e+01 +2.147842876e+01 -6.8581e-01 +2.5659e+00
33 0 +1.899683049e+00 +2.070968305e+01 +2.070968305e+01 +6.7537e-01 +1.2411e+00
64 0 +1.704495132e+00 +2.051449513e+01 +2.051449513e+01 +7.2809e-01 +1.8547e+00
75 0 +1.312511718e+00 +2.012251172e+01 +2.012251172e+01 -8.3582e-01 +1.6634e+00
88 0 +5.291765658e-01 +1.933917657e+01 +1.933917657e+01 +4.3071e-01 +1.7247e+00
179 0 +2.487522204e-01 +1.905875222e+01 +1.905875222e+01 -2.4577e-01 +1.8590e+00
266 0 +9.777320800e-02 +1.890777321e+01 +1.890777321e+01 -2.4072e-01 +1.7871e+00
354 0 +5.854611721e-02 +1.886854612e+01 +1.886854612e+01 -2.4933e-01 +1.7820e+00
665 0 +2.357745915e-02 +1.883357746e+01 +1.883357746e+01 -1.8652e-01 +1.7860e+00
684 0 +2.056810712e-02 +1.883056811e+01 +1.883056811e+01 -2.0409e-01 +1.7837e+00
721 0 +1.698604930e-02 +1.882698605e+01 +1.882698605e+01 -1.8241e-01 +1.7750e+00
740 0 +1.685075645e-02 +1.882685076e+01 +1.882685076e+01 -2.0231e-01 +1.7848e+00
761 0 +1.635572612e-02 +1.882635573e+01 +1.882635573e+01 -1.9170e-01 +1.7756e+00
772 0 +8.088285247e-03 +1.881808829e+01 +1.881808829e+01 -1.9016e-01 +1.7782e+00
775 0 +7.617747269e-03 +1.881761775e+01 +1.881761775e+01 -1.9434e-01 +1.7803e+00
807 0 +5.017994240e-03 +1.881501799e+01 +1.881501799e+01 -1.9002e-01 +1.7796e+00
1183 0 +3.070381914e-03 +1.881307038e+01 +1.881307038e+01 -1.9180e-01 +1.7799e+00
1294 0 +1.169539325e-03 +1.881116954e+01 +1.881116954e+01 -1.9133e-01 +1.7811e+00
1451 0 +9.980196925e-04 +1.881099802e+01 +1.881099802e+01 -1.9055e-01 +1.7810e+00
1671 0 +7.839904756e-04 +1.881078399e+01 +1.881078399e+01 -1.9083e-01 +1.7808e+00
1695 0 +3.614502162e-04 +1.881036145e+01 +1.881036145e+01 -1.9102e-01 +1.7809e+00
1792 0 +2.296090633e-04 +1.881022961e+01 +1.881022961e+01 -1.9131e-01 +1.7807e+00
3217 0 +2.296090633e-04 +1.881022961e+01 +1.881022961e+01 -1.9131e-01 +1.7807e+00
% f evaluations | g evaluations | best noise-free fitness - Fopt (2.731500000000e+02) + sum g_i+ | measured fitness | best measured fitness or single-digit g-values | x1 | x2...
1 0 +6.129627523e+01 +3.344462752e+02 +3.344462752e+02 +0.0000e+00 +0.0000e+00
2 0 +4.219422165e+01 +3.153442216e+02 +3.153442216e+02 +1.4327e+00 +1.2824e+00
4 0 +7.705949951e+00 +2.808559500e+02 +2.808559500e+02 -2.8837e+00 +1.5316e+00
9 0 +5.500705282e+00 +2.786507053e+02 +2.786507053e+02 -4.0520e+00 +8.2745e-02
30 0 +5.130179825e+00 +2.782801798e+02 +2.782801798e+02 -3.9955e+00 +1.8803e+00
37 0 +4.244147164e+00 +2.773941472e+02 +2.773941472e+02 -3.8003e+00 +9.4845e-01
70 0 +2.872860980e+00 +2.760228610e+02 +2.760228610e+02 -3.9071e+00 +2.4863e+00
89 0 +2.723311204e+00 +2.758733112e+02 +2.758733112e+02 -3.9309e+00 +2.1651e+00
113 0 +1.807549739e+00 +2.749575497e+02 +2.749575497e+02 -3.1574e+00 +3.5831e+00
119 0 +1.599352411e+00 +2.747493524e+02 +2.747493524e+02 -3.0633e+00 +3.8831e+00
123 0 +1.546516368e+00 +2.746965164e+02 +2.746965164e+02 -4.2245e+00 +2.6044e+00
130 0 +1.443115058e+00 +2.745931151e+02 +2.745931151e+02 -2.8969e+00 +4.4376e+00
153 0 +8.812174256e-01 +2.740312174e+02 +2.740312174e+02 -3.2050e+00 +4.4335e+00
160 0 +8.585446617e-01 +2.740085447e+02 +2.740085447e+02 -3.6509e+00 +3.1900e+00
174 0 +4.405156393e-01 +2.735905156e+02 +2.735905156e+02 -3.6881e+00 +3.5741e+00
259 0 +2.509098732e-01 +2.734009099e+02 +2.734009099e+02 -3.5370e+00 +3.9888e+00
361 0 +1.917964832e-01 +2.733417965e+02 +2.733417965e+02 -3.5111e+00 +3.8870e+00
397 0 +1.858363542e-01 +2.733358364e+02 +2.733358364e+02 -3.6489e+00 +3.6984e+00
404 0 +1.737742199e-01 +2.733237742e+02 +2.733237742e+02 -3.5924e+00 +3.7588e+00
481 0 +1.682108670e-01 +2.733182109e+02 +2.733182109e+02 -3.5066e+00 +3.7992e+00
544 0 +2.872501853e-02 +2.731787250e+02 +2.731787250e+02 -3.5838e+00 +3.7409e+00
900 0 +1.881752945e-02 +2.731688175e+02 +2.731688175e+02 -3.5874e+00 +3.7390e+00
920 0 +1.638740511e-02 +2.731663874e+02 +2.731663874e+02 -3.5851e+00 +3.7388e+00
1207 0 +7.735486342e-03 +2.731577355e+02 +2.731577355e+02 -3.5757e+00 +3.7619e+00
1254 0 +3.181388814e-03 +2.731531814e+02 +2.731531814e+02 -3.5799e+00 +3.7511e+00
1415 0 +3.033375450e-03 +2.731530334e+02 +2.731530334e+02 -3.5777e+00 +3.7551e+00
1808 0 +1.662908176e-03 +2.731516629e+02 +2.731516629e+02 -3.5786e+00 +3.7548e+00
1859 0 +1.121137182e-03 +2.731511211e+02 +2.731511211e+02 -3.5793e+00 +3.7541e+00
2054 0 +1.034041290e-03 +2.731510340e+02 +2.731510340e+02 -3.5787e+00 +3.7539e+00
2077 0 +1.000459373e-03 +2.731510005e+02 +2.731510005e+02 -3.5791e+00 +3.7531e+00
2079 0 +9.834041175e-04 +2.731509834e+02 +2.731509834e+02 -3.5791e+00 +3.7544e+00
2103 0 +6.520765803e-04 +2.731506521e+02 +2.731506521e+02 -3.5793e+00 +3.7536e+00
2274 0 +4.081092283e-04 +2.731504081e+02 +2.731504081e+02 -3.5792e+00 +3.7534e+00
2291 0 +3.614032750e-04 +2.731503614e+02 +2.731503614e+02 -3.5793e+00 +3.7533e+00
2316 0 +2.974876669e-04 +2.731502975e+02 +2.731502975e+02 -3.5793e+00 +3.7537e+00
2322 0 +2.846953789e-04 +2.731502847e+02 +2.731502847e+02 -3.5792e+00 +3.7535e+00
2342 0 +2.023691101e-04 +2.731502024e+02 +2.731502024e+02 -3.5792e+00 +3.7535e+00
2391 0 +4.761678872e-05 +2.731500476e+02 +2.731500476e+02 -3.5792e+00 +3.7536e+00
2763 0 +3.399386316e-05 +2.731500340e+02 +2.731500340e+02 -3.5792e+00 +3.7536e+00
2804 0 +2.884942450e-05 +2.731500288e+02 +2.731500288e+02 -3.5792e+00 +3.7536e+00
2913 0 +8.595009035e-06 +2.731500086e+02 +2.731500086e+02 -3.5792e+00 +3.7536e+00
4141 0 +8.595009035e-06 +2.731500086e+02 +2.731500086e+02 -3.5792e+00 +3.7536e+00
% f evaluations | g evaluations | best noise-free fitness - Fopt (3.718000000000e+01) + sum g_i+ | measured fitness | best measured fitness or single-digit g-values | x1 | x2...
1 0 +1.670141745e+01 +5.388141745e+01 +5.388141745e+01 +0.0000e+00 +0.0000e+00
3 0 +3.457641378e+00 +4.063764138e+01 +4.063764138e+01 -4.1924e+00 +2.5800e+00
37 0 +2.257654089e+00 +3.943765409e+01 +3.943765409e+01 -2.2163e+00 +1.7493e+00
141 0 +1.143777788e+00 +3.832377779e+01 +3.832377779e+01 -3.0320e+00 +1.7994e+00
151 0 +8.521270772e-01 +3.803212708e+01 +3.803212708e+01 -4.3436e+00 +2.3192e+00
250 0 +2.760759074e-01 +3.745607591e+01 +3.745607591e+01 -3.8851e+00 +2.1728e+00
366 0 +2.695535726e-01 +3.744955357e+01 +3.744955357e+01 -3.9689e+00 +2.0720e+00
383 0 +1.629135676e-01 +3.734291357e+01 +3.734291357e+01 -3.8711e+00 +2.1270e+00
394 0 +1.063825935e-01 +3.728638259e+01 +3.728638259e+01 -3.9409e+00 +2.0369e+00
627 0 +1.011795146e-01 +3.728117951e+01 +3.728117951e+01 -3.8622e+00 +2.0977e+00
628 0 +3.340947396e-02 +3.721340947e+01 +3.721340947e+01 -3.9118e+00 +2.0522e+00
635 0 +1.728062945e-02 +3.719728063e+01 +3.719728063e+01 -3.8836e+00 +2.0586e+00
738 0 +1.475943100e-02 +3.719475943e+01 +3.719475943e+01 -3.8904e+00 +2.0596e+00
925 0 +7.454209970e-03 +3.718745421e+01 +3.718745421e+01 -3.8976e+00 +2.0603e+00
988 0 +7.287273448e-03 +3.718728727e+01 +3.718728727e+01 -3.8998e+00 +2.0595e+00
1090 0 +3.327498427e-03 +3.718332750e+01 +3.718332750e+01 -3.8972e+00 +2.0608e+00
1197 0 +2.734843077e-03 +3.718273484e+01 +3.718273484e+01 -3.8988e+00 +2.0604e+00
1298 0 +1.833596913e-03 +3.718183360e+01 +3.718183360e+01 -3.8993e+00 +2.0598e+00
1304 0 +1.099104986e-03 +3.718109910e+01 +3.718109910e+01 -3.8998e+00 +2.0598e+00
1554 0 +1.019719319e-03 +3.718101972e+01 +3.718101972e+01 -3.9001e+00 +2.0601e+00
1584 0 +9.992250946e-04 +3.718099923e+01 +3.718099923e+01 -3.8983e+00 +2.0599e+00
1909 0 +2.735255387e-04 +3.718027353e+01 +3.718027353e+01 -3.8992e+00 +2.0600e+00
1912 0 +2.884554637e-05 +3.718002885e+01 +3.718002885e+01 -3.8992e+00 +2.0600e+00
3055 0 +2.884554637e-05 +3.718002885e+01 +3.718002885e+01 -3.8992e+00 +2.0600e+00
% f evaluations | g evaluations | best noise-free fitness - Fopt (-1.479000000000e+02) + sum g_i+ | measured fitness | best measured fitness or single-digit g-values | x1 | x2...
1 0 +7.591358693e+00 -1.403086413e+02 -1.403086413e+02 +0.0000e+00 +0.0000e+00
13 0 +1.452316948e+00 -1.464476831e+02 -1.464476831e+02 -2.0096e+00 -1.3634e-01
71 0 +1.253985869e+00 -1.466460141e+02 -1.466460141e+02 -1.5384e+00 +5.4283e-01
269 0 +2.510416512e-01 -1.476489583e+02 -1.476489583e+02 -1.4464e+00 -3.6621e-03
416 0 +9.790933134e-02 -1.478020907e+02 -1.478020907e+02 -1.6358e+00 +1.5936e-01
471 0 +5.999142304e-02 -1.478400086e+02 -1.478400086e+02 -1.6233e+00 +1.1622e-01
526 0 +3.283283256e-02 -1.478671672e+02 -1.478671672e+02 -1.6908e+00 +1.5945e-01
704 0 +1.957282671e-02 -1.478804272e+02 -1.478804272e+02 -1.6644e+00 +1.2369e-01
868 0 +9.678611831e-03 -1.478903214e+02 -1.478903214e+02 -1.6764e+00 +1.4051e-01
959 0 +1.175983136e-03 -1.478988240e+02 -1.478988240e+02 -1.6710e+00 +1.3542e-01
3775 0 +1.175983136e-03 -1.478988240e+02 -1.478988240e+02 -1.6710e+00 +1.3542e-01
% f evaluations | g evaluations | best noise-free fitness - Fopt (4.817100000000e+02) + sum g_i+ | measured fitness | best measured fitness or single-digit g-values | x1 | x2...
1 0 +5.673745622e+01 +5.384474562e+02 +5.384474562e+02 +0.0000e+00 +0.0000e+00
4 0 +1.734670330e+01 +4.990567033e+02 +4.990567033e+02 +4.5048e+00 +4.2929e-01
9 0 +7.529433172e+00 +4.892394332e+02 +4.892394332e+02 -1.1122e+00 -5.3494e+00
18 0 +5.279185273e+00 +4.869891853e+02 +4.869891853e+02 +2.2844e+00 -2.9301e+00
29 0 +2.714601315e+00 +4.844246013e+02 +4.844246013e+02 +6.1850e-01 -4.1846e+00
48 0 +1.851386024e+00 +4.835613860e+02 +4.835613860e+02 +5.5368e-01 -4.5858e+00
55 0 +1.717621062e+00 +4.834276211e+02 +4.834276211e+02 +7.6256e-01 -4.3799e+00
61 0 +8.519998305e-01 +4.825619998e+02 +4.825619998e+02 +8.1602e-01 -3.5910e+00
142 0 +7.434233238e-01 +4.824534233e+02 +4.824534233e+02 +1.2869e+00 -2.8883e+00
189 0 +4.150437355e-02 +4.817515044e+02 +4.817515044e+02 +1.0406e+00 -2.9564e+00
760 0 +3.211463921e-02 +4.817421146e+02 +4.817421146e+02 +1.0441e+00 -3.0124e+00
773 0 +1.636269490e-02 +4.817263627e+02 +4.817263627e+02 +1.0356e+00 -2.9989e+00
1030 0 +1.009411564e-02 +4.817200941e+02 +4.817200941e+02 +1.0382e+00 -3.0066e+00
1089 0 +7.624447157e-03 +4.817176244e+02 +4.817176244e+02 +1.0389e+00 -3.0076e+00
1104 0 +3.658745702e-03 +4.817136587e+02 +4.817136587e+02 +1.0408e+00 -3.0038e+00
1203 0 +1.636305205e-03 +4.817116363e+02 +4.817116363e+02 +1.0406e+00 -3.0009e+00
1253 0 +1.334872626e-03 +4.817113349e+02 +4.817113349e+02 +1.0404e+00 -3.0010e+00
1268 0 +1.103561890e-03 +4.817111036e+02 +4.817111036e+02 +1.0410e+00 -3.0001e+00
1329 0 +1.010013511e-03 +4.817110100e+02 +4.817110100e+02 +1.0411e+00 -3.0001e+00
1348 0 +4.127094338e-04 +4.817104127e+02 +4.817104127e+02 +1.0408e+00 -3.0007e+00
1484 0 +2.295447683e-04 +4.817102295e+02 +4.817102295e+02 +1.0409e+00 -3.0006e+00
2016 0 +2.171909210e-04 +4.817102172e+02 +4.817102172e+02 +1.0408e+00 -3.0008e+00
2168 0 +3.169328926e-05 +4.817100317e+02 +4.817100317e+02 +1.0408e+00 -3.0008e+00
2404 0 +2.878331287e-05 +4.817100288e+02 +4.817100288e+02 +1.0408e+00 -3.0008e+00
4483 0 +2.878331287e-05 +4.817100288e+02 +4.817100288e+02 +1.0408e+00 -3.0008e+00
% f evaluations | g evaluations | best noise-free fitness - Fopt (-3.646000000000e+01) + sum g_i+ | measured fitness | best measured fitness or single-digit g-values | x1 | x2...
1 0 +1.164360519e+01 -2.481639481e+01 -2.481639481e+01 +0.0000e+00 +0.0000e+00
14 0 +5.504367319e-01 -3.590956327e+01 -3.590956327e+01 +2.1927e+00 -2.6309e+00
197 0 +1.718880469e-01 -3.628811195e+01 -3.628811195e+01 +2.1618e+00 -2.8795e+00
437 0 +1.133609199e-01 -3.634663908e+01 -3.634663908e+01 +2.0524e+00 -2.7238e+00
460 0 +8.797270152e-02 -3.637202730e+01 -3.637202730e+01 +2.1484e+00 -2.8608e+00
471 0 +1.684287385e-02 -3.644315713e+01 -3.644315713e+01 +2.1161e+00 -2.8479e+00
480 0 +8.935610777e-03 -3.645106439e+01 -3.645106439e+01 +2.1256e+00 -2.8502e+00
851 0 +8.239032923e-03 -3.645176097e+01 -3.645176097e+01 +2.1175e+00 -2.8397e+00
1288 0 +5.741378483e-03 -3.645425862e+01 -3.645425862e+01 +2.1213e+00 -2.8460e+00
1336 0 +4.777324371e-03 -3.645522268e+01 -3.645522268e+01 +2.1216e+00 -2.8480e+00
1735 0 +4.571858316e-03 -3.645542814e+01 -3.645542814e+01 +2.1227e+00 -2.8493e+00
1754 0 +4.126661194e-03 -3.645587334e+01 -3.645587334e+01 +2.1204e+00 -2.8473e+00
1808 0 +3.320216830e-03 -3.645667978e+01 -3.645667978e+01 +2.1201e+00 -2.8463e+00
1817 0 +1.975265400e-03 -3.645802473e+01 -3.645802473e+01 +2.1214e+00 -2.8468e+00
2002 0 +1.655341145e-03 -3.645834466e+01 -3.645834466e+01 +2.1218e+00 -2.8477e+00
2019 0 +1.361266722e-03 -3.645863873e+01 -3.645863873e+01 +2.1215e+00 -2.8465e+00
2168 0 +3.010060993e-04 -3.645969899e+01 -3.645969899e+01 +2.1215e+00 -2.8471e+00
2501 0 +2.542138140e-04 -3.645974579e+01 -3.645974579e+01 +2.1216e+00 -2.8474e+00
2576 0 +2.503985405e-04 -3.645974960e+01 -3.645974960e+01 +2.1217e+00 -2.8474e+00
2670 0 +3.512914903e-05 -3.645996487e+01 -3.645996487e+01 +2.1216e+00 -2.8472e+00
2935 0 +2.877817671e-05 -3.645997122e+01 -3.645997122e+01 +2.1216e+00 -2.8472e+00
4057 0 +2.877817671e-05 -3.645997122e+01 -3.645997122e+01 +2.1216e+00 -2.8472e+00
% f evaluations | g evaluations | best noise-free fitness - Fopt (3.920000000000e+01) + sum g_i+ | measured fitness | best measured fitness or single-digit g-values | x1 | x2...
1 0 +4.629593665e+01 +8.549593665e+01 +8.549593665e+01 +0.0000e+00 +0.0000e+00
2 0 +1.983427893e-01 +3.939834279e+01 +3.939834279e+01 +3.6531e+00 +1.5119e+00
274 0 +1.584412888e-01 +3.935844129e+01 +3.935844129e+01 +3.8129e+00 +1.6895e+00
359 0 +4.042466636e-02 +3.924042467e+01 +3.924042467e+01 +3.7387e+00 +1.6346e+00
656 0 +3.966944809e-02 +3.923966945e+01 +3.923966945e+01 +3.7417e+00 +1.6528e+00
801 0 +3.440850266e-02 +3.923440850e+01 +3.923440850e+01 +3.7128e+00 +1.6339e+00
983 0 +2.563540071e-02 +3.922563540e+01 +3.922563540e+01 +3.7151e+00 +1.6161e+00
1086 0 +2.158687560e-02 +3.922158688e+01 +3.922158688e+01 +3.7083e+00 +1.6129e+00
1192 0 +1.044430023e-02 +3.921044430e+01 +3.921044430e+01 +3.7220e+00 +1.6259e+00
1218 0 +7.949011261e-03 +3.920794901e+01 +3.920794901e+01 +3.7198e+00 +1.6238e+00
1260 0 +7.564135845e-03 +3.920756414e+01 +3.920756414e+01 +3.7268e+00 +1.6317e+00
1399 0 +3.286732618e-03 +3.920328673e+01 +3.920328673e+01 +3.7252e+00 +1.6320e+00
1438 0 +1.552328816e-03 +3.920155233e+01 +3.920155233e+01 +3.7229e+00 +1.6301e+00
1453 0 +1.154158044e-03 +3.920115416e+01 +3.920115416e+01 +3.7230e+00 +1.6303e+00
1776 0 +1.028647089e-03 +3.920102865e+01 +3.920102865e+01 +3.7238e+00 +1.6310e+00
1830 0 +2.423938103e-04 +3.920024239e+01 +3.920024239e+01 +3.7233e+00 +1.6304e+00
1936 0 +2.301888571e-04 +3.920023019e+01 +3.920023019e+01 +3.7231e+00 +1.6303e+00
2235 0 +2.135164827e-04 +3.920021352e+01 +3.920021352e+01 +3.7232e+00 +1.6305e+00
2280 0 +4.416864807e-05 +3.920004417e+01 +3.920004417e+01 +3.7232e+00 +1.6304e+00
2314 0 +3.553303258e-05 +3.920003553e+01 +3.920003553e+01 +3.7232e+00 +1.6304e+00
2316 0 +3.238597690e-05 +3.920003239e+01 +3.920003239e+01 +3.7232e+00 +1.6304e+00
2406 0 +2.946440059e-05 +3.920002946e+01 +3.920002946e+01 +3.7232e+00 +1.6304e+00
2674 0 +2.881403327e-05 +3.920002881e+01 +3.920002881e+01 +3.7232e+00 +1.6304e+00
2730 0 +2.389708009e-05 +3.920002390e+01 +3.920002390e+01 +3.7232e+00 +1.6304e+00
3793 0 +2.389708009e-05 +3.920002390e+01 +3.920002390e+01 +3.7232e+00 +1.6304e+00
% f evaluations | g evaluations | best noise-free fitness - Fopt (-3.225000000000e+01) + sum g_i+ | measured fitness | best measured fitness or single-digit g-values | x1 | x2...
1 0 +3.173586845e+01 -5.141315488e-01 -5.141315488e-01 +0.0000e+00 +0.0000e+00
6 0 +4.080058654e+00 -2.816994135e+01 -2.816994135e+01 +1.9396e+00 +2.0125e+00
38 0 +2.575989212e+00 -2.967401079e+01 -2.967401079e+01 +2.4051e+00 +3.7881e-01
55 0 +5.955634953e-01 -3.165443650e+01 -3.165443650e+01 +4.0784e+00 +1.1753e+00
207 0 +4.608066492e-01 -3.178919335e+01 -3.178919335e+01 +3.6957e+00 +1.0539e+00
300 0 +3.229447550e-01 -3.192705524e+01 -3.192705524e+01 +3.4129e+00 +9.5615e-01
306 0 +3.031590293e-01 -3.194684097e+01 -3.194684097e+01 +3.6439e+00 +1.0487e+00
369 0 +2.433055960e-01 -3.200669440e+01 -3.200669440e+01 +3.7918e+00 +1.0432e+00
386 0 +1.709023311e-01 -3.207909767e+01 -3.207909767e+01 +3.6159e+00 +1.0130e+00
479 0 +1.161090276e-01 -3.213389097e+01 -3.213389097e+01 +3.5485e+00 +1.0452e+00
511 0 +1.007261693e-01 -3.214927383e+01 -3.214927383e+01 +3.6137e+00 +1.0446e+00
555 0 +8.810882536e-02 -3.216189117e+01 -3.216189117e+01 +3.5674e+00 +1.0565e+00
656 0 +5.978923249e-02 -3.219021077e+01 -3.219021077e+01 +3.5961e+00 +1.0433e+00
687 0 +5.421522638e-02 -3.219578477e+01 -3.219578477e+01 +3.5571e+00 +1.0461e+00
708 0 +2.266504301e-02 -3.222733496e+01 -3.222733496e+01 +3.5783e+00 +1.0590e+00
802 0 +1.950227662e-02 -3.223049772e+01 -3.223049772e+01 +3.5772e+00 +1.0567e+00
812 0 +1.812808397e-02 -3.223187192e+01 -3.223187192e+01 +3.5859e+00 +1.0552e+00
815 0 +1.727909153e-02 -3.223272091e+01 -3.223272091e+01 +3.6107e+00 +1.0611e+00
821 0 +1.416744168e-02 -3.223583256e+01 -3.223583256e+01 +3.5890e+00 +1.0596e+00
847 0 +5.915710930e-03 -3.224408429e+01 -3.224408429e+01 +3.5938e+00 +1.0622e+00
1039 0 +5.286936536e-03 -3.224471306e+01 -3.224471306e+01 +3.5959e+00 +1.0608e+00
1092 0 +3.765597639e-03 -3.224623440e+01 -3.224623440e+01 +3.5977e+00 +1.0612e+00
1235 0 +1.115769590e-03 -3.224888423e+01 -3.224888423e+01 +3.5955e+00 +1.0612e+00
1411 0 +1.050952652e-03 -3.224894905e+01 -3.224894905e+01 +3.5960e+00 +1.0613e+00
1427 0 +9.843526326e-04 -3.224901565e+01 -3.224901565e+01 +3.5965e+00 +1.0619e+00
1670 0 +5.658426112e-04 -3.224943416e+01 -3.224943416e+01 +3.5959e+00 +1.0615e+00
1717 0 +3.421415559e-04 -3.224965786e+01 -3.224965786e+01 +3.5959e+00 +1.0616e+00
1738 0 +3.734500045e-05 -3.224996265e+01 -3.224996265e+01 +3.5960e+00 +1.0616e+00
2282 0 +3.072148178e-05 -3.224996928e+01 -3.224996928e+01 +3.5960e+00 +1.0616e+00
2339 0 +3.008164066e-05 -3.224996992e+01 -3.224996992e+01 +3.5960e+00 +1.0616e+00
2396 0 +2.945791571e-05 -3.224997054e+01 -3.224997054e+01 +3.5960e+00 +1.0616e+00
2413 0 +7.973499550e-06 -3.224999203e+01 -3.224999203e+01 +3.5960e+00 +1.0616e+00
2898 0 +1.693724059e-07 -3.224999983e+01 -3.224999983e+01 +3.5960e+00 +1.0616e+00
3919 0 +1.693724059e-07 -3.224999983e+01 -3.224999983e+01 +3.5960e+00 +1.0616e+00
% f evaluations | g evaluations | best noise-free fitness - Fopt (3.681200000000e+02) + sum g_i+ | measured fitness | best measured fitness or single-digit g-values | x1 | x2...
1 0 +4.105932118e+00 +3.722259321e+02 +3.722259321e+02 +0.0000e+00 +0.0000e+00
17 0 +4.028233146e+00 +3.721482331e+02 +3.721482331e+02 -1.9039e+00 -2.2492e+00
57 0 +3.025967831e+00 +3.711459678e+02 +3.711459678e+02 -3.5370e+00 -1.5729e+00
76 0 +1.930543256e+00 +3.700505433e+02 +3.700505433e+02 -2.2820e+00 -6.2800e-01
211 0 +1.185696920e+00 +3.693056969e+02 +3.693056969e+02 -2.3058e+00 -1.2799e+00
264 0 +1.061019084e+00 +3.691810191e+02 +3.691810191e+02 -2.8893e+00 -1.3726e+00
274 0 +7.608953321e-01 +3.688808953e+02 +3.688808953e+02 -2.9982e+00 -9.5505e-01
335 0 +6.300613200e-01 +3.687500613e+02 +3.687500613e+02 -2.3419e+00 -1.2211e+00
348 0 +5.999115474e-01 +3.687199115e+02 +3.687199115e+02 -2.1454e+00 -1.2601e+00
395 0 +3.629687335e-01 +3.684829687e+02 +3.684829687e+02 -2.6701e+00 -1.2442e+00
399 0 +2.760745057e-01 +3.683960745e+02 +3.683960745e+02 -2.6899e+00 -1.1589e+00
484 0 +1.790846076e-01 +3.682990846e+02 +3.682990846e+02 -2.5607e+00 -1.1570e+00
500 0 +1.687526096e-01 +3.682887526e+02 +3.682887526e+02 -2.6004e+00 -1.0690e+00
585 0 +7.284308442e-02 +3.681928431e+02 +3.681928431e+02 -2.4099e+00 -1.0854e+00
617 0 +6.938587789e-02 +3.681893859e+02 +3.681893859e+02 -2.4381e+00 -1.0982e+00
645 0 +3.507727104e-02 +3.681550773e+02 +3.681550773e+02 -2.4780e+00 -1.1028e+00
782 0 +8.161274475e-03 +3.681281613e+02 +3.681281613e+02 -2.4702e+00 -1.0896e+00
1142 0 +7.837099561e-03 +3.681278371e+02 +3.681278371e+02 -2.4619e+00 -1.0873e+00
1254 0 +7.642774039e-03 +3.681276428e+02 +3.681276428e+02 -2.4704e+00 -1.0896e+00
1258 0 +7.138808778e-03 +3.681271388e+02 +3.681271388e+02 -2.4624e+00 -1.0901e+00
1270 0 +3.396929781e-03 +3.681233969e+02 +3.681233969e+02 -2.4600e+00 -1.0893e+00
1437 0 +3.157088237e-03 +3.681231571e+02 +3.681231571e+02 -2.4608e+00 -1.0890e+00
1489 0 +1.138681930e-03 +3.681211387e+02 +3.681211387e+02 -2.4624e+00 -1.0898e+00
1534 0 +1.060251666e-03 +3.681210603e+02 +3.681210603e+02 -2.4633e+00 -1.0899e+00
1538 0 +1.015088341e-03 +3.681210151e+02 +3.681210151e+02 -2.4623e+00 -1.0895e+00
1559 0 +3.973530731e-04 +3.681203974e+02 +3.681203974e+02 -2.4633e+00 -1.0896e+00
1620 0 +3.763274693e-04 +3.681203763e+02 +3.681203763e+02 -2.4633e+00 -1.0896e+00
1693 0 +2.537485265e-04 +3.681202537e+02 +3.681202537e+02 -2.4631e+00 -1.0897e+00
1694 0 +2.425551518e-04 +3.681202426e+02 +3.681202426e+02 -2.4630e+00 -1.0896e+00
1765 0 +2.389056453e-04 +3.681202389e+02 +3.681202389e+02 -2.4631e+00 -1.0896e+00
1777 0 +4.279554730e-05 +3.681200428e+02 +3.681200428e+02 -2.4632e+00 -1.0896e+00
2022 0 +2.979680329e-05 +3.681200298e+02 +3.681200298e+02 -2.4632e+00 -1.0896e+00
2242 0 +2.914070041e-05 +3.681200291e+02 +3.681200291e+02 -2.4632e+00 -1.0896e+00
3193 0 +2.914070041e-05 +3.681200291e+02 +3.681200291e+02 -2.4632e+00 -1.0896e+00
% f evaluations | g evaluations | best noise-free fitness - Fopt (4.739000000000e+01) + sum g_i+ | measured fitness | best measured fitness or single-digit g-values | x1 | x2...
1 0 +2.059824998e+01 +6.798824998e+01 +6.798824998e+01 +0.0000e+00 +0.0000e+00
2 0 +1.295817728e+01 +6.034817728e+01 +6.034817728e+01 -1.1524e+00 -6.9381e-01
9 0 +5.456820311e+00 +5.284682031e+01 +5.284682031e+01 -8.1578e-01 +7.1724e-01
18 0 +3.341850854e+00 +5.073185085e+01 +5.073185085e+01 -2.0930e+00 +8.6389e-02
28 0 +3.149961012e+00 +5.053996101e+01 +5.053996101e+01 -2.1702e+00 +1.2036e-01
34 0 +2.439035834e+00 +4.982903583e+01 +4.982903583e+01 -1.5427e+00 +4.6132e-01
41 0 +2.239760322e+00 +4.962976032e+01 +4.962976032e+01 -1.5251e+00 +1.1401e+00
86 0 +1.267399015e+00 +4.865739902e+01 +4.865739902e+01 -6.2965e-01 +2.0120e+00
125 0 +8.630817854e-01 +4.825308179e+01 +4.825308179e+01 -3.4911e-01 +2.3954e+00
145 0 +5.258215271e-01 +4.791582153e+01 +4.791582153e+01 -6.4653e-01 +2.1725e+00
192 0 +1.097237230e-01 +4.749972372e+01 +4.749972372e+01 -5.4884e-01 +2.5608e+00
471 0 +7.117104436e-02 +4.746117104e+01 +4.746117104e+01 -5.2221e-01 +2.6378e+00
530 0 +5.761443144e-02 +4.744761443e+01 +4.744761443e+01 -5.2993e-01 +2.6020e+00
544 0 +3.396278816e-02 +4.742396279e+01 +4.742396279e+01 -5.1088e-01 +2.5998e+00
696 0 +2.989243455e-02 +4.741989243e+01 +4.741989243e+01 -5.0569e-01 +2.6129e+00
932 0 +1.714746830e-02 +4.740714747e+01 +4.740714747e+01 -4.8874e-01 +2.6404e+00
1063 0 +1.646485505e-02 +4.740646486e+01 +4.740646486e+01 -4.9937e-01 +2.6179e+00
1075 0 +1.271494038e-02 +4.740271494e+01 +4.740271494e+01 -4.9976e-01 +2.6240e+00
1186 0 +8.882331729e-03 +4.739888233e+01 +4.739888233e+01 -5.0153e-01 +2.6277e+00
1239 0 +8.419184432e-03 +4.739841918e+01 +4.739841918e+01 -5.0159e-01 +2.6273e+00
1365 0 +4.978390851e-03 +4.739497839e+01 +4.739497839e+01 -4.9791e-01 +2.6271e+00
1438 0 +3.904991105e-03 +4.739390499e+01 +4.739390499e+01 -4.9794e-01 +2.6272e+00
1439 0 +1.940329894e-03 +4.739194033e+01 +4.739194033e+01 -4.9761e-01 +2.6300e+00
1464 0 +1.000512964e-03 +4.739100051e+01 +4.739100051e+01 -4.9711e-01 +2.6305e+00
1756 0 +9.940018142e-04 +4.739099400e+01 +4.739099400e+01 -4.9743e-01 +2.6304e+00
1781 0 +4.863099642e-04 +4.739048631e+01 +4.739048631e+01 -4.9773e-01 +2.6296e+00
1946 0 +2.541010819e-04 +4.739025410e+01 +4.739025410e+01 -4.9756e-01 +2.6298e+00
1995 0 +2.501175853e-04 +4.739025012e+01 +4.739025012e+01 -4.9760e-01 +2.6294e+00
2107 0 +2.321859193e-04 +4.739023219e+01 +4.739023219e+01 -4.9772e-01 +2.6294e+00
2213 0 +1.374843885e-04 +4.739013748e+01 +4.739013748e+01 -4.9761e-01 +2.6296e+00
2266 0 +2.880940739e-05 +4.739002881e+01 +4.739002881e+01 -4.9760e-01 +2.6296e+00
3169 0 +2.880940739e-05 +4.739002881e+01 +4.739002881e+01 -4.9760e-01 +2.6296e+00
% f evaluations | g evaluations | best noise-free fitness - Fopt (-3.428900000000e+02) + sum g_i+ | measured fitness | best measured fitness or single-digit g-values | x1 | x2...
1 0 +4.121949560e+01 -3.016705044e+02 -3.016705044e+02 +0.0000e+00 +0.0000e+00
2 0 +2.129119340e+01 -3.215988066e+02 -3.215988066e+02 +4.7450e+00 -1.3132e-01
4 0 +1.981740684e+01 -3.230725932e+02 -3.230725932e+02 +4.1429e-01 +3.1109e+00
8 0 +9.911700934e+00 -3.329782991e+02 -3.329782991e+02 +2.3982e+00 +2.6221e+00
10 0 +7.580229862e+00 -3.353097701e+02 -3.353097701e+02 +3.3709e+00 -1.4298e+00
13 0 +3.476097690e+00 -3.394139023e+02 -3.394139023e+02 +3.3001e+00 -1.0107e+00
30 0 +8.134547300e-01 -3.420765453e+02 -3.420765453e+02 +2.2438e+00 -2.3904e+00
41 0 +2.475137125e-01 -3.426424863e+02 -3.426424863e+02 +2.4258e+00 -2.6423e+00
210 0 +1.167047149e-01 -3.427732953e+02 -3.427732953e+02 +2.2583e+00 -2.7372e+00
300 0 +1.660455872e-02 -3.428733954e+02 -3.428733954e+02 +2.2566e+00 -2.7548e+00
640 0 +1.327641744e-02 -3.428767236e+02 -3.428767236e+02 +2.2422e+00 -2.7741e+00
641 0 +1.181987965e-02 -3.428781801e+02 -3.428781801e+02 +2.2462e+00 -2.7665e+00
653 0 +1.124985793e-03 -3.428888750e+02 -3.428888750e+02 +2.2435e+00 -2.7706e+00
1106 0 +1.056020433e-03 -3.428889440e+02 -3.428889440e+02 +2.2434e+00 -2.7710e+00
1320 0 +9.972606893e-04 -3.428890027e+02 -3.428890027e+02 +2.2437e+00 -2.7704e+00
1358 0 +3.636146602e-04 -3.428896364e+02 -3.428896364e+02 +2.2441e+00 -2.7704e+00
1434 0 +2.581102742e-04 -3.428897419e+02 -3.428897419e+02 +2.2440e+00 -2.7706e+00
1660 0 +2.415232749e-04 -3.428897585e+02 -3.428897585e+02 +2.2440e+00 -2.7703e+00
1689 0 +1.480098961e-04 -3.428898520e+02 -3.428898520e+02 +2.2440e+00 -2.7704e+00
1732 0 +2.948254837e-05 -3.428899705e+02 -3.428899705e+02 +2.2440e+00 -2.7704e+00
1797 0 +2.878511981e-05 -3.428899712e+02 -3.428899712e+02 +2.2440e+00 -2.7704e+00
2701 0 +2.878511981e-05 -3.428899712e+02 -3.428899712e+02 +2.2440e+00 -2.7704e+00
% f evaluations | g evaluations | best noise-free fitness - Fopt (9.102000000000e+01) + sum g_i+ | measured fitness | best measured fitness or single-digit g-values | x1 | x2...
1 0 +3.958589699e+00 +9.497858970e+01 +9.497858970e+01 +0.0000e+00 +0.0000e+00
12 0 +3.152665043e+00 +9.417266504e+01 +9.417266504e+01 +1.3353e+00 +4.7951e-01
38 0 +3.730050224e-01 +9.139300502e+01 +9.139300502e+01 +1.5291e-01 -1.0707e+00
328 0 +2.657598798e-01 +9.128575988e+01 +9.128575988e+01 +4.5593e-01 -8.6344e-01
435 0 +2.104054709e-01 +9.123040547e+01 +9.123040547e+01 +6.1234e-01 -8.6904e-01
489 0 +1.072201832e-01 +9.112722018e+01 +9.112722018e+01 +4.9998e-01 -9.2569e-01
516 0 +1.054222327e-01 +9.112542223e+01 +9.112542223e+01 +5.5235e-01 -8.9989e-01
576 0 +9.947398998e-02 +9.111947399e+01 +9.111947399e+01 +5.4826e-01 -8.4740e-01
593 0 +8.008920518e-02 +9.110008921e+01 +9.110008921e+01 +5.3322e-01 -8.7567e-01
599 0 +4.008712021e-02 +9.106008712e+01 +9.106008712e+01 +5.7193e-01 -8.5940e-01
712 0 +3.193077232e-02 +9.105193077e+01 +9.105193077e+01 +5.9134e-01 -8.6423e-01
742 0 +2.505302690e-02 +9.104505303e+01 +9.104505303e+01 +5.7840e-01 -8.6620e-01
774 0 +1.723272326e-02 +9.103723272e+01 +9.103723272e+01 +5.7019e-01 -8.7017e-01
1102 0 +1.665912012e-02 +9.103665912e+01 +9.103665912e+01 +5.7180e-01 -8.7511e-01
1128 0 +1.636565432e-02 +9.103636565e+01 +9.103636565e+01 +5.7115e-01 -8.6638e-01
1191 0 +8.208185204e-03 +9.102820819e+01 +9.102820819e+01 +5.5344e-01 -8.7731e-01
1194 0 +7.557620825e-03 +9.102755762e+01 +9.102755762e+01 +5.6283e-01 -8.7164e-01
1198 0 +3.040206619e-03 +9.102304021e+01 +9.102304021e+01 +5.6428e-01 -8.7442e-01
1245 0 +1.023318285e-03 +9.102102332e+01 +9.102102332e+01 +5.6229e-01 -8.7414e-01
1382 0 +5.205168741e-04 +9.102052052e+01 +9.102052052e+01 +5.6241e-01 -8.7429e-01
1554 0 +2.909288878e-04 +9.102029093e+01 +9.102029093e+01 +5.6233e-01 -8.7448e-01
1857 0 +3.200407311e-05 +9.102003200e+01 +9.102003200e+01 +5.6242e-01 -8.7440e-01
2231 0 +2.892660750e-05 +9.102002893e+01 +9.102002893e+01 +5.6240e-01 -8.7439e-01
3859 0 +2.892660750e-05 +9.102002893e+01 +9.102002893e+01 +5.6240e-01 -8.7439e-01
% f evaluations | g evaluations | best noise-free fitness - Fopt (7.324200000000e+02) + sum g_i+ | measured fitness | best measured fitness or single-digit g-values | x1 | x2...
1 0 +1.268036730e+01 +7.451003673e+02 +7.451003673e+02 +0.0000e+00 +0.0000e+00
2 0 +1.186883689e+01 +7.442888369e+02 +7.442888369e+02 -2.6565e-01 -3.7865e+00
3 0 +9.600806777e+00 +7.420208068e+02 +7.420208068e+02 -7.4195e-01 -8.4318e-02
7 0 +2.427101509e+00 +7.348471015e+02 +7.348471015e+02 -1.7545e+00 -3.3651e+00
26 0 +1.762226080e+00 +7.341822261e+02 +7.341822261e+02 -3.0254e+00 -2.2215e+00
39 0 +1.500299366e+00 +7.339202994e+02 +7.339202994e+02 -3.3210e+00 -1.3713e+00
44 0 +1.041193683e+00 +7.334611937e+02 +7.334611937e+02 -2.6906e+00 -1.9723e+00
60 0 +7.429529004e-01 +7.331629529e+02 +7.331629529e+02 -3.1347e+00 -1.8213e+00
110 0 +5.367215070e-01 +7.329567215e+02 +7.329567215e+02 -3.0007e+00 -2.3194e+00
215 0 +4.370384199e-01 +7.328570384e+02 +7.328570384e+02 -2.4707e+00 -2.6889e+00
216 0 +3.638054696e-01 +7.327838055e+02 +7.327838055e+02 -2.7276e+00 -2.3421e+00
226 0 +3.248502183e-01 +7.327448502e+02 +7.327448502e+02 -2.8958e+00 -2.2797e+00
270 0 +2.731872964e-01 +7.326931873e+02 +7.326931873e+02 -2.7098e+00 -2.3065e+00
271 0 +3.257743665e-02 +7.324525774e+02 +7.324525774e+02 -2.7183e+00 -2.4159e+00
505 0 +3.213402941e-02 +7.324521340e+02 +7.324521340e+02 -2.7354e+00 -2.4037e+00
805 0 +8.696588822e-03 +7.324286966e+02 +7.324286966e+02 -2.7359e+00 -2.3887e+00
924 0 +7.733675360e-03 +7.324277337e+02 +7.324277337e+02 -2.7353e+00 -2.3838e+00
1002 0 +7.490421107e-03 +7.324274904e+02 +7.324274904e+02 -2.7418e+00 -2.3797e+00
1100 0 +7.003979753e-03 +7.324270040e+02 +7.324270040e+02 -2.7399e+00 -2.3810e+00
1169 0 +3.381112253e-03 +7.324233811e+02 +7.324233811e+02 -2.7415e+00 -2.3801e+00
1227 0 +3.074190295e-03 +7.324230742e+02 +7.324230742e+02 -2.7408e+00 -2.3818e+00
1319 0 +1.234640198e-03 +7.324212346e+02 +7.324212346e+02 -2.7384e+00 -2.3833e+00
1390 0 +9.605851616e-04 +7.324209606e+02 +7.324209606e+02 -2.7392e+00 -2.3823e+00
1394 0 +7.220435588e-04 +7.324207220e+02 +7.324207220e+02 -2.7392e+00 -2.3822e+00
1443 0 +5.097341686e-04 +7.324205097e+02 +7.324205097e+02 -2.7392e+00 -2.3825e+00
1485 0 +3.667406902e-04 +7.324203667e+02 +7.324203667e+02 -2.7392e+00 -2.3824e+00
1505 0 +2.368837328e-04 +7.324202369e+02 +7.324202369e+02 -2.7393e+00 -2.3822e+00
1520 0 +2.295824210e-04 +7.324202296e+02 +7.324202296e+02 -2.7392e+00 -2.3825e+00
1537 0 +5.104757679e-05 +7.324200510e+02 +7.324200510e+02 -2.7392e+00 -2.3824e+00
1914 0 +4.309004999e-05 +7.324200431e+02 +7.324200431e+02 -2.7392e+00 -2.3824e+00
1926 0 +2.890821168e-05 +7.324200289e+02 +7.324200289e+02 -2.7392e+00 -2.3824e+00
2213 0 +2.714963216e-06 +7.324200027e+02 +7.324200027e+02 -2.7392e+00 -2.3824e+00
3211 0 +2.714963216e-06 +7.324200027e+02 +7.324200027e+02 -2.7392e+00 -2.3824e+00
% f evaluations | g evaluations | best noise-free fitness - Fopt (3.542000000000e+01) + sum g_i+ | measured fitness | best measured fitness or single-digit g-values | x1 | x2...
1 0 +1.163794923e+01 +4.705794923e+01 +4.705794923e+01 +0.0000e+00 +0.0000e+00
6 0 +4.030697142e+00 +3.945069714e+01 +3.945069714e+01 +4.2115e+00 -1.5110e+00
14 0 +2.940334483e+00 +3.836033448e+01 +3.836033448e+01 +2.6912e+00 -1.9555e+00
25 0 +2.453562836e+00 +3.787356284e+01 +3.787356284e+01 +2.1425e+00 -3.2458e+00
30 0 +7.515980624e-01 +3.617159806e+01 +3.617159806e+01 +3.5356e+00 -2.4396e+00
76 0 +5.507062063e-01 +3.597070621e+01 +3.597070621e+01 +3.3445e+00 -2.6072e+00
89 0 +4.576331481e-01 +3.587763315e+01 +3.587763315e+01 +3.4460e+00 -2.4200e+00
147 0 +3.698830789e-01 +3.578988308e+01 +3.578988308e+01 +3.7510e+00 -2.2060e+00
196 0 +3.890330049e-02 +3.545890330e+01 +3.545890330e+01 +3.7304e+00 -2.3317e+00
506 0 +2.348978353e-02 +3.544348978e+01 +3.544348978e+01 +3.6934e+00 -2.3398e+00
607 0 +1.714915717e-02 +3.543714916e+01 +3.543714916e+01 +3.6806e+00 -2.3551e+00
884 0 +1.210571196e-02 +3.543210571e+01 +3.543210571e+01 +3.6965e+00 -2.3445e+00
904 0 +9.914531650e-03 +3.542991453e+01 +3.542991453e+01 +3.6949e+00 -2.3463e+00
1059 0 +6.104502817e-03 +3.542610450e+01 +3.542610450e+01 +3.6874e+00 -2.3488e+00
1192 0 +2.615448323e-03 +3.542261545e+01 +3.542261545e+01 +3.6875e+00 -2.3473e+00
1810 0 +1.534149611e-03 +3.542153415e+01 +3.542153415e+01 +3.6871e+00 -2.3476e+00
2109 0 +3.754819212e-04 +3.542037548e+01 +3.542037548e+01 +3.6865e+00 -2.3480e+00
2203 0 +1.469944489e-04 +3.542014699e+01 +3.542014699e+01 +3.6864e+00 -2.3480e+00
2436 0 +2.895780685e-05 +3.542002896e+01 +3.542002896e+01 +3.6864e+00 -2.3480e+00
2451 0 +1.536354520e-05 +3.542001536e+01 +3.542001536e+01 +3.6864e+00 -2.3480e+00
3149 0 +7.468512777e-07 +3.542000075e+01 +3.542000075e+01 +3.6864e+00 -2.3480e+00
4297 0 +7.468512777e-07 +3.542000075e+01 +3.542000075e+01 +3.6864e+00 -2.3480e+00
