% f evaluations | g evaluations | best noise-free fitness - Fopt (1.238300000000e+02) + sum g_i+ | measured fitness | best measured fitness or single-digit g-values | x1 | x2...
1 0 +2.535000000e+02 +3.773300000e+02 +3.773300000e+02
19531 0 +2.448559892e+02 +3.686859892e+02 +3.686859892e+02
20967 0 +1.887650042e+02 +3.125950042e+02 +3.125950042e+02
25614 0 +1.763756117e+02 +3.002056117e+02 +3.002056117e+02
26945 0 +1.682608379e+02 +2.920908379e+02 +2.920908379e+02
28051 0 +1.638826162e+02 +2.877126162e+02 +2.877126162e+02
28519 0 +1.594587384e+02 +2.832887384e+02 +2.832887384e+02
28574 0 +1.518375610e+02 +2.756675610e+02 +2.756675610e+02
30303 0 +1.472107592e+02 +2.710407592e+02 +2.710407592e+02
30472 0 +1.259221390e+02 +2.497521390e+02 +2.497521390e+02
32813 0 +1.207499402e+02 +2.445799402e+02 +2.445799402e+02
33435 0 +1.126963808e+02 +2.365263808e+02 +2.365263808e+02
35049 0 +9.191328764e+01 +2.157432876e+02 +2.157432876e+02
37424 0 +9.074418554e+01 +2.145741855e+02 +2.145741855e+02
38200 0 +8.281154664e+01 +2.066415466e+02 +2.066415466e+02
40979 0 +6.918606415e+01 +1.930160641e+02 +1.930160641e+02
41314 0 +4.666253707e+01 +1.704925371e+02 +1.704925371e+02
58348 0 +4.531846845e+01 +1.691484685e+02 +1.691484685e+02
58509 0 +4.003013986e+01 +1.638601399e+02 +1.638601399e+02
72992 0 +3.962718225e+01 +1.634571822e+02 +1.634571822e+02
78149 0 +3.882845477e+01 +1.626584548e+02 +1.626584548e+02
83660 0 +3.796009509e+01 +1.617900951e+02 +1.617900951e+02
90129 0 +3.708431731e+01 +1.609143173e+02 +1.609143173e+02
97489 0 +3.629336390e+01 +1.601233639e+02 +1.601233639e+02
108381 0 +3.542970538e+01 +1.592597054e+02 +1.592597054e+02
121816 0 +3.459142633e+01 +1.584214263e+02 +1.584214263e+02
136493 0 +3.382122231e+01 +1.576512223e+02 +1.576512223e+02
156177 0 +3.310512198e+01 +1.569351220e+02 +1.569351220e+02
180841 0 +3.235570803e+01 +1.561857080e+02 +1.561857080e+02
211491 0 +3.162207355e+01 +1.554520735e+02 +1.554520735e+02
249464 0 +3.090251106e+01 +1.547325111e+02 +1.547325111e+02
309330 0 +3.019826091e+01 +1.540282609e+02 +1.540282609e+02
400001 0 +2.958179845e+01 +1.534117984e+02 +1.534117984e+02
% f evaluations | g evaluations | best noise-free fitness - Fopt (4.751000000000e+01) + sum g_i+ | measured fitness | best measured fitness or single-digit g-values | x1 | x2...
1 0 +2.535000000e+02 +3.010100000e+02 +3.010100000e+02
17083 0 +2.303364048e+02 +2.778464048e+02 +2.778464048e+02
23716 0 +2.219317644e+02 +2.694417644e+02 +2.694417644e+02
25235 0 +1.780754267e+02 +2.255854267e+02 +2.255854267e+02
27814 0 +1.541522965e+02 +2.016622965e+02 +2.016622965e+02
29124 0 +1.311464106e+02 +1.786564106e+02 +1.786564106e+02
31471 0 +1.234754132e+02 +1.709854132e+02 +1.709854132e+02
33118 0 +1.151134155e+02 +1.626234155e+02 +1.626234155e+02
33350 0 +1.133634175e+02 +1.608734175e+02 +1.608734175e+02
34671 0 +1.078837167e+02 +1.553937167e+02 +1.553937167e+02
36657 0 +1.045685634e+02 +1.520785634e+02 +1.520785634e+02
36787 0 +9.639979816e+01 +1.439097982e+02 +1.439097982e+02
38683 0 +9.292367089e+01 +1.404336709e+02 +1.404336709e+02
39114 0 +8.965937038e+01 +1.371693704e+02 +1.371693704e+02
39264 0 +8.741982493e+01 +1.349298249e+02 +1.349298249e+02
40347 0 +8.514332478e+01 +1.326533248e+02 +1.326533248e+02
40364 0 +8.175645043e+01 +1.292664504e+02 +1.292664504e+02
41604 0 +7.244906316e+01 +1.199590632e+02 +1.199590632e+02
41668 0 +6.922276430e+01 +1.167327643e+02 +1.167327643e+02
42766 0 +6.131313135e+01 +1.088231314e+02 +1.088231314e+02
48679 0 +5.942369561e+01 +1.069336956e+02 +1.069336956e+02
50042 0 +5.861040613e+01 +1.061204061e+02 +1.061204061e+02
50740 0 +5.750606343e+01 +1.050160634e+02 +1.050160634e+02
50776 0 +5.458728059e+01 +1.020972806e+02 +1.020972806e+02
52060 0 +5.233365987e+01 +9.984365987e+01 +9.984365987e+01
55865 0 +5.126333187e+01 +9.877333187e+01 +9.877333187e+01
56326 0 +4.800847686e+01 +9.551847686e+01 +9.551847686e+01
57200 0 +4.753671416e+01 +9.504671416e+01 +9.504671416e+01
58940 0 +4.618840357e+01 +9.369840357e+01 +9.369840357e+01
61916 0 +4.377161728e+01 +9.128161728e+01 +9.128161728e+01
64703 0 +4.314440696e+01 +9.065440696e+01 +9.065440696e+01
66439 0 +4.202689105e+01 +8.953689105e+01 +8.953689105e+01
70701 0 +4.122992111e+01 +8.873992111e+01 +8.873992111e+01
70994 0 +3.982955569e+01 +8.733955569e+01 +8.733955569e+01
76971 0 +3.914375102e+01 +8.665375102e+01 +8.665375102e+01
78410 0 +3.880094250e+01 +8.631094250e+01 +8.631094250e+01
84934 0 +3.793829447e+01 +8.544829447e+01 +8.544829447e+01
90669 0 +3.708213289e+01 +8.459213289e+01 +8.459213289e+01
96698 0 +3.621946897e+01 +8.372946897e+01 +8.372946897e+01
104990 0 +3.547504495e+01 +8.298504495e+01 +8.298504495e+01
115719 0 +3.467304896e+01 +8.218304896e+01 +8.218304896e+01
126618 0 +3.381733570e+01 +8.132733570e+01 +8.132733570e+01
139702 0 +3.310052298e+01 +8.061052298e+01 +8.061052298e+01
156263 0 +3.235637316e+01 +7.986637316e+01 +7.986637316e+01
177990 0 +3.161972123e+01 +7.912972123e+01 +7.912972123e+01
204284 0 +3.089218232e+01 +7.840218232e+01 +7.840218232e+01
236073 0 +3.019895885e+01 +7.770895885e+01 +7.770895885e+01
282705 0 +2.951132752e+01 +7.702132752e+01 +7.702132752e+01
360827 0 +2.884018693e+01 +7.635018693e+01 +7.635018693e+01
400001 0 +2.860520034e+01 +7.611520034e+01 +7.611520034e+01
% f evaluations | g evaluations | best noise-free fitness - Fopt (5.534000000000e+01) + sum g_i+ | measured fitness | best measured fitness or single-digit g-values | x1 | x2...
1 0 +2.535000000e+02 +3.088400000e+02 +3.088400000e+02
21399 0 +2.480165523e+02 +3.033565523e+02 +3.033565523e+02
23531 0 +2.444874259e+02 +2.998274259e+02 +2.998274259e+02
23894 0 +2.122041082e+02 +2.675441082e+02 +2.675441082e+02
24605 0 +1.938259743e+02 +2.491659743e+02 +2.491659743e+02
25495 0 +1.761353784e+02 +2.314753784e+02 +2.314753784e+02
26608 0 +1.704553788e+02 +2.257953788e+02 +2.257953788e+02
27557 0 +1.542041473e+02 +2.095441473e+02 +2.095441473e+02
30011 0 +1.470640914e+02 +2.024040914e+02 +2.024040914e+02
31466 0 +1.354728402e+02 +1.908128402e+02 +1.908128402e+02
31858 0 +1.283233653e+02 +1.836633653e+02 +1.836633653e+02
33164 0 +1.240738252e+02 +1.794138252e+02 +1.794138252e+02
34015 0 +1.136798359e+02 +1.690198359e+02 +1.690198359e+02
35814 0 +1.112985559e+02 +1.666385559e+02 +1.666385559e+02
35985 0 +1.048177174e+02 +1.601577174e+02 +1.601577174e+02
36342 0 +9.329623880e+01 +1.486362388e+02 +1.486362388e+02
39978 0 +8.399700533e+01 +1.393370053e+02 +1.393370053e+02
40345 0 +7.524786747e+01 +1.305878675e+02 +1.305878675e+02
43067 0 +7.269844021e+01 +1.280384402e+02 +1.280384402e+02
43862 0 +7.152266480e+01 +1.268626648e+02 +1.268626648e+02
44743 0 +6.164627305e+01 +1.169862731e+02 +1.169862731e+02
46683 0 +5.947155628e+01 +1.148115563e+02 +1.148115563e+02
48900 0 +5.883548127e+01 +1.141754813e+02 +1.141754813e+02
49465 0 +5.724775340e+01 +1.125877534e+02 +1.125877534e+02
49846 0 +4.767324084e+01 +1.030132408e+02 +1.030132408e+02
58604 0 +4.666136469e+01 +1.020013647e+02 +1.020013647e+02
58605 0 +4.510862457e+01 +1.004486246e+02 +1.004486246e+02
61991 0 +4.461517124e+01 +9.995517124e+01 +9.995517124e+01
63435 0 +4.302837488e+01 +9.836837488e+01 +9.836837488e+01
65064 0 +4.186364846e+01 +9.720364846e+01 +9.720364846e+01
68462 0 +4.098762304e+01 +9.632762304e+01 +9.632762304e+01
70561 0 +4.060189577e+01 +9.594189577e+01 +9.594189577e+01
72835 0 +3.967034821e+01 +9.501034821e+01 +9.501034821e+01
75338 0 +3.889969047e+01 +9.423969047e+01 +9.423969047e+01
82865 0 +3.793102073e+01 +9.327102073e+01 +9.327102073e+01
89064 0 +3.710761148e+01 +9.244761148e+01 +9.244761148e+01
98536 0 +3.621599206e+01 +9.155599206e+01 +9.155599206e+01
109200 0 +3.545203436e+01 +9.079203436e+01 +9.079203436e+01
121282 0 +3.466536862e+01 +9.000536862e+01 +9.000536862e+01
137920 0 +3.386683744e+01 +8.920683744e+01 +8.920683744e+01
156549 0 +3.311021476e+01 +8.845021476e+01 +8.845021476e+01
177159 0 +3.235824444e+01 +8.769824444e+01 +8.769824444e+01
201038 0 +3.161180450e+01 +8.695180450e+01 +8.695180450e+01
229584 0 +3.089885316e+01 +8.623885316e+01 +8.623885316e+01
270874 0 +3.019937822e+01 +8.553937822e+01 +8.553937822e+01
334082 0 +2.951068241e+01 +8.485068241e+01 +8.485068241e+01
400001 0 +2.898473070e+01 +8.432473070e+01 +8.432473070e+01
% f evaluations | g evaluations | best noise-free fitness - Fopt (-9.033000000000e+01) + sum g_i+ | measured fitness | best measured fitness or single-digit g-values | x1 | x2...
1 0 +2.535000000e+02 +1.631700000e+02 +1.631700000e+02
20758 0 +2.345965157e+02 +1.442665157e+02 +1.442665157e+02
22746 0 +2.062727825e+02 +1.159427825e+02 +1.159427825e+02
24150 0 +1.912823449e+02 +1.009523449e+02 +1.009523449e+02
24681 0 +1.869167867e+02 +9.658678667e+01 +9.658678667e+01
25003 0 +1.813577883e+02 +9.102778826e+01 +9.102778826e+01
26028 0 +1.771890969e+02 +8.685909689e+01 +8.685909689e+01
26633 0 +1.608729289e+02 +7.054292890e+01 +7.054292890e+01
27842 0 +1.576105766e+02 +6.728057659e+01 +6.728057659e+01
28925 0 +1.478770174e+02 +5.754701736e+01 +5.754701736e+01
30500 0 +1.406233977e+02 +5.029339765e+01 +5.029339765e+01
30963 0 +1.200534216e+02 +2.972342160e+01 +2.972342160e+01
33049 0 +1.154667499e+02 +2.513674992e+01 +2.513674992e+01
33179 0 +1.111043333e+02 +2.077433328e+01 +2.077433328e+01
33884 0 +1.065479659e+02 +1.621796587e+01 +1.621796587e+01
34325 0 +1.004548983e+02 +1.012489826e+01 +1.012489826e+01
34754 0 +8.749482939e+01 -2.835170608e+00 -2.835170608e+00
39265 0 +8.638182412e+01 -3.948175881e+00 -3.948175881e+00
39858 0 +8.111262542e+01 -9.217374585e+00 -9.217374585e+00
40372 0 +7.294586962e+01 -1.738413038e+01 -1.738413038e+01
42067 0 +7.137056905e+01 -1.895943095e+01 -1.895943095e+01
42521 0 +6.994831800e+01 -2.038168200e+01 -2.038168200e+01
43817 0 +6.115603023e+01 -2.917396977e+01 -2.917396977e+01
45899 0 +5.846328757e+01 -3.186671243e+01 -3.186671243e+01
46775 0 +5.395972244e+01 -3.637027756e+01 -3.637027756e+01
49129 0 +5.301896744e+01 -3.731103256e+01 -3.731103256e+01
52311 0 +5.099659373e+01 -3.933340627e+01 -3.933340627e+01
53031 0 +4.985179899e+01 -4.047820101e+01 -4.047820101e+01
56215 0 +4.845610578e+01 -4.187389422e+01 -4.187389422e+01
56816 0 +4.762877792e+01 -4.270122208e+01 -4.270122208e+01
58380 0 +4.664327491e+01 -4.368672509e+01 -4.368672509e+01
61219 0 +4.499153140e+01 -4.533846860e+01 -4.533846860e+01
63601 0 +4.227431411e+01 -4.805568589e+01 -4.805568589e+01
67126 0 +4.165521384e+01 -4.867478616e+01 -4.867478616e+01
72403 0 +4.026631636e+01 -5.006368364e+01 -5.006368364e+01
73728 0 +3.953993898e+01 -5.079006102e+01 -5.079006102e+01
78749 0 +3.885351456e+01 -5.147648544e+01 -5.147648544e+01
82739 0 +3.767787929e+01 -5.265212071e+01 -5.265212071e+01
88263 0 +3.714519477e+01 -5.318480523e+01 -5.318480523e+01
95650 0 +3.622023253e+01 -5.410976747e+01 -5.410976747e+01
104891 0 +3.547525831e+01 -5.485474169e+01 -5.485474169e+01
116045 0 +3.458632265e+01 -5.574367735e+01 -5.574367735e+01
129415 0 +3.385744212e+01 -5.647255788e+01 -5.647255788e+01
143518 0 +3.311091337e+01 -5.721908663e+01 -5.721908663e+01
162379 0 +3.233963275e+01 -5.799036725e+01 -5.799036725e+01
189649 0 +3.161729962e+01 -5.871270038e+01 -5.871270038e+01
234453 0 +3.090062185e+01 -5.942937815e+01 -5.942937815e+01
315193 0 +3.019945085e+01 -6.013054915e+01 -6.013054915e+01
400001 0 +2.970313820e+01 -6.062686180e+01 -6.062686180e+01
% f evaluations | g evaluations | best noise-free fitness - Fopt (6.561000000000e+01) + sum g_i+ | measured fitness | best measured fitness or single-digit g-values | x1 | x2...
1 0 +2.535000000e+02 +3.191100000e+02 +3.191100000e+02
20186 0 +2.369001932e+02 +3.025101932e+02 +3.025101932e+02
22427 0 +2.249061124e+02 +2.905161124e+02 +2.905161124e+02
25268 0 +2.225453703e+02 +2.881553703e+02 +2.881553703e+02
25968 0 +2.180956930e+02 +2.837056930e+02 +2.837056930e+02
26294 0 +1.995649540e+02 +2.651749540e+02 +2.651749540e+02
26517 0 +1.971794367e+02 +2.627894367e+02 +2.627894367e+02
28650 0 +1.944102001e+02 +2.600202001e+02 +2.600202001e+02
28920 0 +1.882347421e+02 +2.538447421e+02 +2.538447421e+02
29008 0 +1.654106886e+02 +2.310206886e+02 +2.310206886e+02
30697 0 +1.279336881e+02 +1.935436881e+02 +1.935436881e+02
32333 0 +1.147980519e+02 +1.804080519e+02 +1.804080519e+02
36032 0 +1.077002933e+02 +1.733102933e+02 +1.733102933e+02
36770 0 +9.773042401e+01 +1.633404240e+02 +1.633404240e+02
37303 0 +9.240709411e+01 +1.580170941e+02 +1.580170941e+02
40216 0 +8.126402880e+01 +1.468740288e+02 +1.468740288e+02
42756 0 +7.840167651e+01 +1.440116765e+02 +1.440116765e+02
43285 0 +6.739442019e+01 +1.330044202e+02 +1.330044202e+02
44564 0 +6.243543331e+01 +1.280454333e+02 +1.280454333e+02
50297 0 +6.032209484e+01 +1.259320948e+02 +1.259320948e+02
51166 0 +5.923977995e+01 +1.248497800e+02 +1.248497800e+02
51860 0 +5.478684432e+01 +1.203968443e+02 +1.203968443e+02
53654 0 +5.329587187e+01 +1.189058719e+02 +1.189058719e+02
54054 0 +4.225690690e+01 +1.078669069e+02 +1.078669069e+02
68482 0 +4.159840220e+01 +1.072084022e+02 +1.072084022e+02
70995 0 +4.015220085e+01 +1.057622009e+02 +1.057622009e+02
75511 0 +3.974475981e+01 +1.053547598e+02 +1.053547598e+02
76438 0 +3.877416531e+01 +1.043841653e+02 +1.043841653e+02
80899 0 +3.781239170e+01 +1.034223917e+02 +1.034223917e+02
84711 0 +3.713410307e+01 +1.027441031e+02 +1.027441031e+02
91611 0 +3.621568719e+01 +1.018256872e+02 +1.018256872e+02
98554 0 +3.542066611e+01 +1.010306661e+02 +1.010306661e+02
107178 0 +3.451762633e+01 +1.001276263e+02 +1.001276263e+02
115792 0 +3.387490583e+01 +9.948490583e+01 +9.948490583e+01
128285 0 +3.311196585e+01 +9.872196585e+01 +9.872196585e+01
142867 0 +3.234143566e+01 +9.795143566e+01 +9.795143566e+01
159363 0 +3.161554715e+01 +9.722554715e+01 +9.722554715e+01
180027 0 +3.089992236e+01 +9.650992236e+01 +9.650992236e+01
205265 0 +3.019063278e+01 +9.580063278e+01 +9.580063278e+01
240970 0 +2.951093703e+01 +9.512093703e+01 +9.512093703e+01
294633 0 +2.883953844e+01 +9.444953844e+01 +9.444953844e+01
384095 0 +2.818333662e+01 +9.379333662e+01 +9.379333662e+01
400001 0 +2.809439056e+01 +9.370439056e+01 +9.370439056e+01
% f evaluations | g evaluations | best noise-free fitness - Fopt (9.348200000000e+02) + sum g_i+ | measured fitness | best measured fitness or single-digit g-values | x1 | x2...
1 0 +2.535000000e+02 +1.188320000e+03 +1.188320000e+03
7633 0 +2.277448569e+02 +1.162564857e+03 +1.162564857e+03
23306 0 +2.046527628e+02 +1.139472763e+03 +1.139472763e+03
25946 0 +2.030515539e+02 +1.137871554e+03 +1.137871554e+03
26232 0 +1.920679114e+02 +1.126887911e+03 +1.126887911e+03
26798 0 +1.774907765e+02 +1.112310776e+03 +1.112310776e+03
29127 0 +1.435536552e+02 +1.078373655e+03 +1.078373655e+03
32163 0 +1.408203466e+02 +1.075640347e+03 +1.075640347e+03
32187 0 +1.230940956e+02 +1.057914096e+03 +1.057914096e+03
33178 0 +1.212904835e+02 +1.056110483e+03 +1.056110483e+03
33317 0 +1.113492232e+02 +1.046169223e+03 +1.046169223e+03
33809 0 +1.079013797e+02 +1.042721380e+03 +1.042721380e+03
35552 0 +1.064808363e+02 +1.041300836e+03 +1.041300836e+03
35558 0 +1.020840506e+02 +1.036904051e+03 +1.036904051e+03
37536 0 +8.290212650e+01 +1.017722127e+03 +1.017722127e+03
38193 0 +8.007598110e+01 +1.014895981e+03 +1.014895981e+03
39591 0 +5.712954736e+01 +9.919495474e+02 +9.919495474e+02
51818 0 +5.484111667e+01 +9.896611167e+02 +9.896611167e+02
54726 0 +5.307058563e+01 +9.878905856e+02 +9.878905856e+02
56265 0 +5.212132248e+01 +9.869413225e+02 +9.869413225e+02
56671 0 +5.083659704e+01 +9.856565970e+02 +9.856565970e+02
57227 0 +4.971280777e+01 +9.845328078e+02 +9.845328078e+02
58192 0 +4.807109812e+01 +9.828910981e+02 +9.828910981e+02
59238 0 +4.760732361e+01 +9.824273236e+02 +9.824273236e+02
60040 0 +4.605597773e+01 +9.808759777e+02 +9.808759777e+02
60907 0 +4.549691289e+01 +9.803169129e+02 +9.803169129e+02
63554 0 +4.397708826e+01 +9.787970883e+02 +9.787970883e+02
65635 0 +4.361220862e+01 +9.784322086e+02 +9.784322086e+02
67619 0 +4.254758517e+01 +9.773675852e+02 +9.773675852e+02
69957 0 +4.165594318e+01 +9.764759432e+02 +9.764759432e+02
73591 0 +4.045862605e+01 +9.752786260e+02 +9.752786260e+02
74823 0 +3.968586364e+01 +9.745058636e+02 +9.745058636e+02
80280 0 +3.889246852e+01 +9.737124685e+02 +9.737124685e+02
83427 0 +3.791501702e+01 +9.727350170e+02 +9.727350170e+02
91474 0 +3.715210076e+01 +9.719721008e+02 +9.719721008e+02
99077 0 +3.623632961e+01 +9.710563296e+02 +9.710563296e+02
108796 0 +3.546045694e+01 +9.702804569e+02 +9.702804569e+02
122084 0 +3.467362362e+01 +9.694936236e+02 +9.694936236e+02
138662 0 +3.387287125e+01 +9.686928712e+02 +9.686928712e+02
159757 0 +3.310761014e+01 +9.679276101e+02 +9.679276101e+02
184839 0 +3.235203058e+01 +9.671720306e+02 +9.671720306e+02
221046 0 +3.162214530e+01 +9.664421453e+02 +9.664421453e+02
271652 0 +3.090290062e+01 +9.657229006e+02 +9.657229006e+02
363458 0 +3.019940978e+01 +9.650194098e+02 +9.650194098e+02
400001 0 +2.999577511e+01 +9.648157751e+02 +9.648157751e+02
% f evaluations | g evaluations | best noise-free fitness - Fopt (-6.371000000000e+01) + sum g_i+ | measured fitness | best measured fitness or single-digit g-values | x1 | x2...
1 0 +2.535000000e+02 +1.897900000e+02 +1.897900000e+02
18514 0 +2.534186176e+02 +1.897086176e+02 +1.897086176e+02
19187 0 +2.010918537e+02 +1.373818537e+02 +1.373818537e+02
24055 0 +1.961466495e+02 +1.324366495e+02 +1.324366495e+02
24873 0 +1.764717254e+02 +1.127617254e+02 +1.127617254e+02
27785 0 +1.712530908e+02 +1.075430908e+02 +1.075430908e+02
28088 0 +1.509003635e+02 +8.719036345e+01 +8.719036345e+01
29031 0 +1.401168415e+02 +7.640684155e+01 +7.640684155e+01
29271 0 +1.269186648e+02 +6.320866483e+01 +6.320866483e+01
32066 0 +9.588210849e+01 +3.217210849e+01 +3.217210849e+01
37206 0 +9.209686785e+01 +2.838686785e+01 +2.838686785e+01
38047 0 +8.422538541e+01 +2.051538541e+01 +2.051538541e+01
38180 0 +5.322300955e+01 -1.048699045e+01 -1.048699045e+01
51881 0 +4.418069087e+01 -1.952930913e+01 -1.952930913e+01
54824 0 +4.119135885e+01 -2.251864115e+01 -2.251864115e+01
69351 0 +4.037791454e+01 -2.333208546e+01 -2.333208546e+01
72126 0 +3.961522610e+01 -2.409477390e+01 -2.409477390e+01
75994 0 +3.864069109e+01 -2.506930891e+01 -2.506930891e+01
80121 0 +3.777006087e+01 -2.593993913e+01 -2.593993913e+01
84912 0 +3.715034677e+01 -2.655965323e+01 -2.655965323e+01
92218 0 +3.623429044e+01 -2.747570956e+01 -2.747570956e+01
99603 0 +3.546862631e+01 -2.824137369e+01 -2.824137369e+01
109001 0 +3.466370421e+01 -2.904629579e+01 -2.904629579e+01
118858 0 +3.381855871e+01 -2.989144129e+01 -2.989144129e+01
130693 0 +3.311290043e+01 -3.059709957e+01 -3.059709957e+01
143498 0 +3.232974915e+01 -3.138025085e+01 -3.138025085e+01
160066 0 +3.161913095e+01 -3.209086905e+01 -3.209086905e+01
179756 0 +3.088687875e+01 -3.282312125e+01 -3.282312125e+01
203161 0 +3.019831864e+01 -3.351168136e+01 -3.351168136e+01
237290 0 +2.950999014e+01 -3.420000986e+01 -3.420000986e+01
295570 0 +2.883855229e+01 -3.487144771e+01 -3.487144771e+01
400001 0 +2.821634799e+01 -3.549365201e+01 -3.549365201e+01
% f evaluations | g evaluations | best noise-free fitness - Fopt (1.000000000000e+03) + sum g_i+ | measured fitness | best measured fitness or single-digit g-values | x1 | x2...
1 0 +2.535000000e+02 +1.253500000e+03 +1.253500000e+03
22827 0 +2.427842073e+02 +1.242784207e+03 +1.242784207e+03
23106 0 +2.085648590e+02 +1.208564859e+03 +1.208564859e+03
23341 0 +1.841889767e+02 +1.184188977e+03 +1.184188977e+03
26636 0 +1.796029040e+02 +1.179602904e+03 +1.179602904e+03
26780 0 +1.591059055e+02 +1.159105906e+03 +1.159105906e+03
29806 0 +1.361642461e+02 +1.136164246e+03 +1.136164246e+03
32456 0 +1.166078775e+02 +1.116607878e+03 +1.116607878e+03
33317 0 +1.103294255e+02 +1.110329426e+03 +1.110329426e+03
35117 0 +1.032565380e+02 +1.103256538e+03 +1.103256538e+03
36203 0 +9.929539908e+01 +1.099295399e+03 +1.099295399e+03
38398 0 +9.375376651e+01 +1.093753767e+03 +1.093753767e+03
39835 0 +8.796215116e+01 +1.087962151e+03 +1.087962151e+03
41096 0 +7.912095524e+01 +1.079120955e+03 +1.079120955e+03
41612 0 +7.532651223e+01 +1.075326512e+03 +1.075326512e+03
43053 0 +7.321580037e+01 +1.073215800e+03 +1.073215800e+03
43731 0 +6.878004900e+01 +1.068780049e+03 +1.068780049e+03
46574 0 +6.589372701e+01 +1.065893727e+03 +1.065893727e+03
48115 0 +6.208382668e+01 +1.062083827e+03 +1.062083827e+03
48740 0 +5.746610573e+01 +1.057466106e+03 +1.057466106e+03
49515 0 +4.330248370e+01 +1.043302484e+03 +1.043302484e+03
66053 0 +4.262298254e+01 +1.042622983e+03 +1.042622983e+03
68827 0 +4.078195726e+01 +1.040781957e+03 +1.040781957e+03
71233 0 +4.068301554e+01 +1.040683016e+03 +1.040683016e+03
72969 0 +3.973696083e+01 +1.039736961e+03 +1.039736961e+03
77616 0 +3.867606273e+01 +1.038676063e+03 +1.038676063e+03
83290 0 +3.784409169e+01 +1.037844092e+03 +1.037844092e+03
88257 0 +3.690103737e+01 +1.036901037e+03 +1.036901037e+03
94886 0 +3.621524827e+01 +1.036215248e+03 +1.036215248e+03
102246 0 +3.544712232e+01 +1.035447122e+03 +1.035447122e+03
112420 0 +3.466729649e+01 +1.034667296e+03 +1.034667296e+03
123641 0 +3.385393645e+01 +1.033853936e+03 +1.033853936e+03
136065 0 +3.310830103e+01 +1.033108301e+03 +1.033108301e+03
153156 0 +3.235770438e+01 +1.032357704e+03 +1.032357704e+03
171078 0 +3.159791662e+01 +1.031597917e+03 +1.031597917e+03
193532 0 +3.089658573e+01 +1.030896586e+03 +1.030896586e+03
220360 0 +3.019793685e+01 +1.030197937e+03 +1.030197937e+03
265506 0 +2.951097633e+01 +1.029510976e+03 +1.029510976e+03
335709 0 +2.883976806e+01 +1.028839768e+03 +1.028839768e+03
400001 0 +2.837257286e+01 +1.028372573e+03 +1.028372573e+03
% f evaluations | g evaluations | best noise-free fitness - Fopt (3.197000000000e+01) + sum g_i+ | measured fitness | best measured fitness or single-digit g-values | x1 | x2...
1 0 +2.535000000e+02 +2.854700000e+02 +2.854700000e+02
20915 0 +2.448927314e+02 +2.768627314e+02 +2.768627314e+02
22770 0 +2.377176718e+02 +2.696876718e+02 +2.696876718e+02
23040 0 +1.195489265e+02 +1.515189265e+02 +1.515189265e+02
35259 0 +1.144707153e+02 +1.464407153e+02 +1.464407153e+02
36428 0 +1.074232456e+02 +1.393932456e+02 +1.393932456e+02
36716 0 +9.456846326e+01 +1.265384633e+02 +1.265384633e+02
39224 0 +8.700139858e+01 +1.189713986e+02 +1.189713986e+02
39789 0 +8.349705743e+01 +1.154670574e+02 +1.154670574e+02
40276 0 +7.211432668e+01 +1.040843267e+02 +1.040843267e+02
43969 0 +6.993996030e+01 +1.019099603e+02 +1.019099603e+02
45895 0 +6.604074871e+01 +9.801074871e+01 +9.801074871e+01
47080 0 +6.165659505e+01 +9.362659505e+01 +9.362659505e+01
47703 0 +4.283867913e+01 +7.480867913e+01 +7.480867913e+01
65948 0 +4.162141515e+01 +7.359141515e+01 +7.359141515e+01
70539 0 +4.049451458e+01 +7.246451458e+01 +7.246451458e+01
74532 0 +3.955096589e+01 +7.152096589e+01 +7.152096589e+01
79244 0 +3.887744885e+01 +7.084744885e+01 +7.084744885e+01
82385 0 +3.797012834e+01 +6.994012834e+01 +6.994012834e+01
90014 0 +3.696121759e+01 +6.893121759e+01 +6.893121759e+01
96350 0 +3.625679633e+01 +6.822679633e+01 +6.822679633e+01
103103 0 +3.545202737e+01 +6.742202737e+01 +6.742202737e+01
113208 0 +3.459003562e+01 +6.656003562e+01 +6.656003562e+01
126003 0 +3.387869334e+01 +6.584869334e+01 +6.584869334e+01
140992 0 +3.310948396e+01 +6.507948396e+01 +6.507948396e+01
161960 0 +3.235917548e+01 +6.432917548e+01 +6.432917548e+01
188842 0 +3.162275830e+01 +6.359275830e+01 +6.359275830e+01
225501 0 +3.090250814e+01 +6.287250814e+01 +6.287250814e+01
274403 0 +3.019787906e+01 +6.216787906e+01 +6.216787906e+01
352337 0 +2.951148316e+01 +6.148148316e+01 +6.148148316e+01
400001 0 +2.918756440e+01 +6.115756440e+01 +6.115756440e+01
% f evaluations | g evaluations | best noise-free fitness - Fopt (5.819000000000e+01) + sum g_i+ | measured fitness | best measured fitness or single-digit g-values | x1 | x2...
1 0 +2.535000000e+02 +3.116900000e+02 +3.116900000e+02
22297 0 +2.415374905e+02 +2.997274905e+02 +2.997274905e+02
25031 0 +2.373423426e+02 +2.955323426e+02 +2.955323426e+02
25846 0 +2.109182505e+02 +2.691082505e+02 +2.691082505e+02
25848 0 +1.965035982e+02 +2.546935982e+02 +2.546935982e+02
26899 0 +1.813283126e+02 +2.395183126e+02 +2.395183126e+02
27207 0 +1.633512450e+02 +2.215412450e+02 +2.215412450e+02
28024 0 +1.609238907e+02 +2.191138907e+02 +2.191138907e+02
29642 0 +1.374976314e+02 +1.956876314e+02 +1.956876314e+02
31351 0 +1.266809704e+02 +1.848709704e+02 +1.848709704e+02
31380 0 +1.114719766e+02 +1.696619766e+02 +1.696619766e+02
35840 0 +1.000028081e+02 +1.581928081e+02 +1.581928081e+02
37222 0 +9.817039623e+01 +1.563603962e+02 +1.563603962e+02
38817 0 +9.228004809e+01 +1.504700481e+02 +1.504700481e+02
40199 0 +9.032030949e+01 +1.485103095e+02 +1.485103095e+02
40376 0 +8.558965284e+01 +1.437796528e+02 +1.437796528e+02
40987 0 +8.464242640e+01 +1.428324264e+02 +1.428324264e+02
41489 0 +7.205252218e+01 +1.302425222e+02 +1.302425222e+02
44715 0 +6.091155863e+01 +1.191015586e+02 +1.191015586e+02
47295 0 +5.601266392e+01 +1.142026639e+02 +1.142026639e+02
52080 0 +5.249908573e+01 +1.106890857e+02 +1.106890857e+02
52797 0 +5.199360576e+01 +1.101836058e+02 +1.101836058e+02
54673 0 +4.902950832e+01 +1.072195083e+02 +1.072195083e+02
58180 0 +4.747958776e+01 +1.056695878e+02 +1.056695878e+02
60193 0 +4.660168681e+01 +1.047916868e+02 +1.047916868e+02
61045 0 +4.533388820e+01 +1.035238882e+02 +1.035238882e+02
63685 0 +4.408289677e+01 +1.022728968e+02 +1.022728968e+02
65231 0 +4.358984586e+01 +1.017798459e+02 +1.017798459e+02
65877 0 +4.246990414e+01 +1.006599041e+02 +1.006599041e+02
69621 0 +4.080854472e+01 +9.899854472e+01 +9.899854472e+01
71765 0 +4.036779623e+01 +9.855779623e+01 +9.855779623e+01
74075 0 +3.979794411e+01 +9.798794411e+01 +9.798794411e+01
77726 0 +3.867514950e+01 +9.686514950e+01 +9.686514950e+01
84264 0 +3.791090209e+01 +9.610090209e+01 +9.610090209e+01
89619 0 +3.709073490e+01 +9.528073490e+01 +9.528073490e+01
96764 0 +3.628707502e+01 +9.447707502e+01 +9.447707502e+01
104527 0 +3.542434978e+01 +9.361434978e+01 +9.361434978e+01
113474 0 +3.464179232e+01 +9.283179232e+01 +9.283179232e+01
123944 0 +3.388169572e+01 +9.207169572e+01 +9.207169572e+01
136689 0 +3.308211856e+01 +9.127211856e+01 +9.127211856e+01
151237 0 +3.235229013e+01 +9.054229013e+01 +9.054229013e+01
169581 0 +3.161468533e+01 +8.980468533e+01 +8.980468533e+01
194540 0 +3.088814367e+01 +8.907814367e+01 +8.907814367e+01
229057 0 +3.019697791e+01 +8.838697791e+01 +8.838697791e+01
289070 0 +2.951192312e+01 +8.770192312e+01 +8.770192312e+01
400001 0 +2.892868138e+01 +8.711868138e+01 +8.711868138e+01
% f evaluations | g evaluations | best noise-free fitness - Fopt (-4.840000000000e+00) + sum g_i+ | measured fitness | best measured fitness or single-digit g-values | x1 | x2...
1 0 +2.535000000e+02 +2.486600000e+02 +2.486600000e+02
21784 0 +2.264162443e+02 +2.215762443e+02 +2.215762443e+02
22649 0 +2.154803757e+02 +2.106403757e+02 +2.106403757e+02
24122 0 +2.132314731e+02 +2.083914731e+02 +2.083914731e+02
24750 0 +1.886821222e+02 +1.838421222e+02 +1.838421222e+02
27246 0 +1.692105014e+02 +1.643705014e+02 +1.643705014e+02
28356 0 +1.540041658e+02 +1.491641658e+02 +1.491641658e+02
29194 0 +1.469036698e+02 +1.420636698e+02 +1.420636698e+02
29973 0 +1.388151563e+02 +1.339751563e+02 +1.339751563e+02
33101 0 +1.364022400e+02 +1.315622400e+02 +1.315622400e+02
33144 0 +1.309511050e+02 +1.261111050e+02 +1.261111050e+02
33959 0 +1.265299778e+02 +1.216899778e+02 +1.216899778e+02
34989 0 +1.035788303e+02 +9.873883034e+01 +9.873883034e+01
35116 0 +9.742908282e+01 +9.258908282e+01 +9.258908282e+01
38843 0 +9.142181497e+01 +8.658181497e+01 +8.658181497e+01
39558 0 +9.045997802e+01 +8.561997802e+01 +8.561997802e+01
40250 0 +8.604478615e+01 +8.120478615e+01 +8.120478615e+01
40919 0 +8.182808972e+01 +7.698808972e+01 +7.698808972e+01
41797 0 +8.065509848e+01 +7.581509848e+01 +7.581509848e+01
41908 0 +7.691784120e+01 +7.207784120e+01 +7.207784120e+01
44285 0 +7.291662042e+01 +6.807662042e+01 +6.807662042e+01
45392 0 +7.221000615e+01 +6.737000615e+01 +6.737000615e+01
45538 0 +6.961159092e+01 +6.477159092e+01 +6.477159092e+01
46023 0 +6.808473068e+01 +6.324473068e+01 +6.324473068e+01
46332 0 +6.460848926e+01 +5.976848926e+01 +5.976848926e+01
47571 0 +6.115522332e+01 +5.631522332e+01 +5.631522332e+01
47631 0 +5.844516412e+01 +5.360516412e+01 +5.360516412e+01
49564 0 +5.739507235e+01 +5.255507235e+01 +5.255507235e+01
52650 0 +5.423577947e+01 +4.939577947e+01 +4.939577947e+01
52688 0 +5.295497971e+01 +4.811497971e+01 +4.811497971e+01
53788 0 +5.245249026e+01 +4.761249026e+01 +4.761249026e+01
53977 0 +5.071918996e+01 +4.587918996e+01 +4.587918996e+01
55346 0 +4.970479036e+01 +4.486479036e+01 +4.486479036e+01
56350 0 +4.682924441e+01 +4.198924441e+01 +4.198924441e+01
59580 0 +4.574382801e+01 +4.090382801e+01 +4.090382801e+01
61800 0 +4.503470810e+01 +4.019470810e+01 +4.019470810e+01
62935 0 +4.454698712e+01 +3.970698712e+01 +3.970698712e+01
64323 0 +4.327082223e+01 +3.843082223e+01 +3.843082223e+01
65863 0 +4.216410536e+01 +3.732410536e+01 +3.732410536e+01
67601 0 +4.119547281e+01 +3.635547281e+01 +3.635547281e+01
69221 0 +4.051794111e+01 +3.567794111e+01 +3.567794111e+01
73188 0 +3.979184356e+01 +3.495184356e+01 +3.495184356e+01
76875 0 +3.876862241e+01 +3.392862241e+01 +3.392862241e+01
82773 0 +3.792219866e+01 +3.308219866e+01 +3.308219866e+01
89466 0 +3.712213496e+01 +3.228213496e+01 +3.228213496e+01
96823 0 +3.614588608e+01 +3.130588608e+01 +3.130588608e+01
106127 0 +3.547893973e+01 +3.063893973e+01 +3.063893973e+01
116419 0 +3.464434979e+01 +2.980434979e+01 +2.980434979e+01
127782 0 +3.387937291e+01 +2.903937291e+01 +2.903937291e+01
143176 0 +3.311170080e+01 +2.827170080e+01 +2.827170080e+01
160582 0 +3.235661943e+01 +2.751661943e+01 +2.751661943e+01
183451 0 +3.162010310e+01 +2.678010310e+01 +2.678010310e+01
209415 0 +3.087629716e+01 +2.603629716e+01 +2.603629716e+01
244652 0 +3.019945661e+01 +2.535945661e+01 +2.535945661e+01
297119 0 +2.951191515e+01 +2.467191515e+01 +2.467191515e+01
400001 0 +2.884234436e+01 +2.400234436e+01 +2.400234436e+01
% f evaluations | g evaluations | best noise-free fitness - Fopt (-6.337000000000e+01) + sum g_i+ | measured fitness | best measured fitness or single-digit g-values | x1 | x2...
1 0 +2.535000000e+02 +1.901300000e+02 +1.901300000e+02
17798 0 +1.338248476e+02 +7.045484765e+01 +7.045484765e+01
32063 0 +1.258902137e+02 +6.252021368e+01 +6.252021368e+01
32530 0 +1.201112626e+02 +5.674126257e+01 +5.674126257e+01
35134 0 +1.116700714e+02 +4.830007142e+01 +4.830007142e+01
36463 0 +1.058441268e+02 +4.247412675e+01 +4.247412675e+01
36637 0 +1.044259714e+02 +4.105597140e+01 +4.105597140e+01
36810 0 +8.357454143e+01 +2.020454143e+01 +2.020454143e+01
39788 0 +8.257662863e+01 +1.920662863e+01 +1.920662863e+01
42224 0 +7.742602919e+01 +1.405602919e+01 +1.405602919e+01
43105 0 +7.138665824e+01 +8.016658239e+00 +8.016658239e+00
44064 0 +7.032719256e+01 +6.957192558e+00 +6.957192558e+00
44982 0 +6.653113094e+01 +3.161130942e+00 +3.161130942e+00
45472 0 +5.374361851e+01 -9.626381488e+00 -9.626381488e+00
49776 0 +5.328878046e+01 -1.008121954e+01 -1.008121954e+01
53171 0 +5.056636397e+01 -1.280363603e+01 -1.280363603e+01
53822 0 +4.710289600e+01 -1.626710400e+01 -1.626710400e+01
59046 0 +4.477063999e+01 -1.859936001e+01 -1.859936001e+01
60927 0 +4.350870280e+01 -1.986129720e+01 -1.986129720e+01
64560 0 +4.250169883e+01 -2.086830117e+01 -2.086830117e+01
67402 0 +4.076911891e+01 -2.260088109e+01 -2.260088109e+01
70222 0 +4.058415486e+01 -2.278584514e+01 -2.278584514e+01
73545 0 +3.968115007e+01 -2.368884993e+01 -2.368884993e+01
77437 0 +3.889000172e+01 -2.447999828e+01 -2.447999828e+01
82970 0 +3.792393472e+01 -2.544606528e+01 -2.544606528e+01
86458 0 +3.714522961e+01 -2.622477039e+01 -2.622477039e+01
94634 0 +3.627657408e+01 -2.709342592e+01 -2.709342592e+01
102354 0 +3.546572857e+01 -2.790427143e+01 -2.790427143e+01
111280 0 +3.467174998e+01 -2.869825002e+01 -2.869825002e+01
123648 0 +3.388155035e+01 -2.948844965e+01 -2.948844965e+01
136461 0 +3.310743760e+01 -3.026256240e+01 -3.026256240e+01
150550 0 +3.235853084e+01 -3.101146916e+01 -3.101146916e+01
166999 0 +3.160764495e+01 -3.176235505e+01 -3.176235505e+01
187012 0 +3.090106780e+01 -3.246893220e+01 -3.246893220e+01
209925 0 +3.019461664e+01 -3.317538336e+01 -3.317538336e+01
238469 0 +2.950381103e+01 -3.386618897e+01 -3.386618897e+01
276236 0 +2.883870765e+01 -3.453129235e+01 -3.453129235e+01
329596 0 +2.818302937e+01 -3.518697063e+01 -3.518697063e+01
400001 0 +2.763814567e+01 -3.573185433e+01 -3.573185433e+01
% f evaluations | g evaluations | best noise-free fitness - Fopt (2.750000000000e+00) + sum g_i+ | measured fitness | best measured fitness or single-digit g-values | x1 | x2...
1 0 +2.535000000e+02 +2.562500000e+02 +2.562500000e+02
9753 0 +1.662236166e+02 +1.689736166e+02 +1.689736166e+02
27087 0 +1.588877772e+02 +1.616377772e+02 +1.616377772e+02
27245 0 +1.578771747e+02 +1.606271747e+02 +1.606271747e+02
28150 0 +1.413738153e+02 +1.441238153e+02 +1.441238153e+02
28991 0 +1.300777421e+02 +1.328277421e+02 +1.328277421e+02
30956 0 +1.273253541e+02 +1.300753541e+02 +1.300753541e+02
32250 0 +1.231869396e+02 +1.259369396e+02 +1.259369396e+02
33494 0 +1.111023411e+02 +1.138523411e+02 +1.138523411e+02
33884 0 +1.027871178e+02 +1.055371178e+02 +1.055371178e+02
36084 0 +9.865316210e+01 +1.014031621e+02 +1.014031621e+02
37243 0 +9.768170393e+01 +1.004317039e+02 +1.004317039e+02
38051 0 +8.743024491e+01 +9.018024491e+01 +9.018024491e+01
38940 0 +8.546400082e+01 +8.821400082e+01 +8.821400082e+01
39765 0 +8.270521131e+01 +8.545521131e+01 +8.545521131e+01
40670 0 +7.698396358e+01 +7.973396358e+01 +7.973396358e+01
41461 0 +7.238039633e+01 +7.513039633e+01 +7.513039633e+01
44274 0 +6.575460422e+01 +6.850460422e+01 +6.850460422e+01
47349 0 +6.186561062e+01 +6.461561062e+01 +6.461561062e+01
48184 0 +6.110680099e+01 +6.385680099e+01 +6.385680099e+01
48675 0 +5.901104991e+01 +6.176104991e+01 +6.176104991e+01
49447 0 +5.823510176e+01 +6.098510176e+01 +6.098510176e+01
49909 0 +5.736415401e+01 +6.011415401e+01 +6.011415401e+01
51351 0 +5.593897551e+01 +5.868897551e+01 +5.868897551e+01
52706 0 +5.227255330e+01 +5.502255330e+01 +5.502255330e+01
54686 0 +5.042391604e+01 +5.317391604e+01 +5.317391604e+01
55922 0 +4.966636358e+01 +5.241636358e+01 +5.241636358e+01
56584 0 +4.813053050e+01 +5.088053050e+01 +5.088053050e+01
58294 0 +4.617573235e+01 +4.892573235e+01 +4.892573235e+01
60811 0 +4.570698314e+01 +4.845698314e+01 +4.845698314e+01
62438 0 +4.264942227e+01 +4.539942227e+01 +4.539942227e+01
66184 0 +4.109171586e+01 +4.384171586e+01 +4.384171586e+01
70424 0 +4.073497879e+01 +4.348497879e+01 +4.348497879e+01
71897 0 +3.897306889e+01 +4.172306889e+01 +4.172306889e+01
75396 0 +3.738313590e+01 +4.013313590e+01 +4.013313590e+01
86915 0 +3.712436299e+01 +3.987436299e+01 +3.987436299e+01
92282 0 +3.622021515e+01 +3.897021515e+01 +3.897021515e+01
98524 0 +3.535086113e+01 +3.810086113e+01 +3.810086113e+01
110396 0 +3.461939551e+01 +3.736939551e+01 +3.736939551e+01
122046 0 +3.387055743e+01 +3.662055743e+01 +3.662055743e+01
137337 0 +3.311152419e+01 +3.586152419e+01 +3.586152419e+01
158476 0 +3.235466033e+01 +3.510466033e+01 +3.510466033e+01
183650 0 +3.161592792e+01 +3.436592792e+01 +3.436592792e+01
213857 0 +3.090283663e+01 +3.365283663e+01 +3.365283663e+01
251123 0 +3.019313364e+01 +3.294313364e+01 +3.294313364e+01
299172 0 +2.951201645e+01 +3.226201645e+01 +3.226201645e+01
371004 0 +2.883971031e+01 +3.158971031e+01 +3.158971031e+01
400001 0 +2.862555538e+01 +3.137555538e+01 +3.137555538e+01
% f evaluations | g evaluations | best noise-free fitness - Fopt (-4.681000000000e+01) + sum g_i+ | measured fitness | best measured fitness or single-digit g-values | x1 | x2...
1 0 +2.535000000e+02 +2.066900000e+02 +2.066900000e+02
19268 0 +2.494241019e+02 +2.026141019e+02 +2.026141019e+02
21657 0 +2.359198843e+02 +1.891098843e+02 +1.891098843e+02
21941 0 +2.255405888e+02 +1.787305888e+02 +1.787305888e+02
22035 0 +2.055440002e+02 +1.587340002e+02 +1.587340002e+02
24568 0 +1.960422960e+02 +1.492322960e+02 +1.492322960e+02
25647 0 +1.657830032e+02 +1.189730032e+02 +1.189730032e+02
27584 0 +1.443958804e+02 +9.758588043e+01 +9.758588043e+01
29326 0 +1.263217985e+02 +7.951179851e+01 +7.951179851e+01
30926 0 +1.224049071e+02 +7.559490709e+01 +7.559490709e+01
31514 0 +1.044147336e+02 +5.760473364e+01 +5.760473364e+01
34909 0 +1.003332438e+02 +5.352324381e+01 +5.352324381e+01
35009 0 +9.945048718e+01 +5.264048718e+01 +5.264048718e+01
35112 0 +8.714186492e+01 +4.033186492e+01 +4.033186492e+01
37153 0 +8.319203530e+01 +3.638203530e+01 +3.638203530e+01
39598 0 +7.302720479e+01 +2.621720479e+01 +2.621720479e+01
42079 0 +7.120969448e+01 +2.439969448e+01 +2.439969448e+01
42483 0 +6.995140507e+01 +2.314140507e+01 +2.314140507e+01
44727 0 +6.770044092e+01 +2.089044092e+01 +2.089044092e+01
45966 0 +6.691253047e+01 +2.010253047e+01 +2.010253047e+01
46642 0 +6.531968134e+01 +1.850968134e+01 +1.850968134e+01
47248 0 +6.181655229e+01 +1.500655229e+01 +1.500655229e+01
47263 0 +6.008721664e+01 +1.327721664e+01 +1.327721664e+01
48661 0 +5.580993146e+01 +8.999931458e+00 +8.999931458e+00
49702 0 +5.308501923e+01 +6.275019230e+00 +6.275019230e+00
52332 0 +5.204601123e+01 +5.236011230e+00 +5.236011230e+00
53109 0 +5.086147584e+01 +4.051475842e+00 +4.051475842e+00
53258 0 +4.969916622e+01 +2.889166216e+00 +2.889166216e+00
57277 0 +4.876674829e+01 +1.956748286e+00 +1.956748286e+00
57994 0 +4.783302045e+01 +1.023020454e+00 +1.023020454e+00
58686 0 +4.586992818e+01 -9.400718231e-01 -9.400718231e-01
60553 0 +4.549322955e+01 -1.316770452e+00 -1.316770452e+00
62484 0 +4.463446238e+01 -2.175537617e+00 -2.175537617e+00
64059 0 +4.274304245e+01 -4.066957550e+00 -4.066957550e+00
65607 0 +4.190909396e+01 -4.900906036e+00 -4.900906036e+00
68207 0 +4.151953191e+01 -5.290468085e+00 -5.290468085e+00
71013 0 +4.043586682e+01 -6.374133176e+00 -6.374133176e+00
72991 0 +3.974670520e+01 -7.063294800e+00 -7.063294800e+00
75417 0 +3.834137586e+01 -8.468624145e+00 -8.468624145e+00
80496 0 +3.783572035e+01 -8.974279647e+00 -8.974279647e+00
87103 0 +3.712619483e+01 -9.683805169e+00 -9.683805169e+00
94034 0 +3.625890433e+01 -1.055109567e+01 -1.055109567e+01
103179 0 +3.547553920e+01 -1.133446080e+01 -1.133446080e+01
113499 0 +3.455452448e+01 -1.225547552e+01 -1.225547552e+01
124701 0 +3.384602927e+01 -1.296397073e+01 -1.296397073e+01
136407 0 +3.310276953e+01 -1.370723047e+01 -1.370723047e+01
150299 0 +3.235396437e+01 -1.445603563e+01 -1.445603563e+01
168617 0 +3.161730468e+01 -1.519269532e+01 -1.519269532e+01
190357 0 +3.089950826e+01 -1.591049174e+01 -1.591049174e+01
216967 0 +3.019672176e+01 -1.661327824e+01 -1.661327824e+01
245667 0 +2.951203824e+01 -1.729796176e+01 -1.729796176e+01
283315 0 +2.884017229e+01 -1.796982771e+01 -1.796982771e+01
333676 0 +2.818229815e+01 -1.862770185e+01 -1.862770185e+01
400001 0 +2.764586501e+01 -1.916413499e+01 -1.916413499e+01
% f evaluations | g evaluations | best noise-free fitness - Fopt (6.134000000000e+01) + sum g_i+ | measured fitness | best measured fitness or single-digit g-values | x1 | x2...
1 0 +2.535000000e+02 +3.148400000e+02 +3.148400000e+02
22008 0 +2.483724846e+02 +3.097124846e+02 +3.097124846e+02
23454 0 +2.279550951e+02 +2.892950951e+02 +2.892950951e+02
24150 0 +2.160194267e+02 +2.773594267e+02 +2.773594267e+02
26529 0 +2.078010925e+02 +2.691410925e+02 +2.691410925e+02
27349 0 +1.968145285e+02 +2.581545285e+02 +2.581545285e+02
28046 0 +1.919842161e+02 +2.533242161e+02 +2.533242161e+02
28218 0 +1.889642590e+02 +2.503042590e+02 +2.503042590e+02
28949 0 +1.777015694e+02 +2.390415694e+02 +2.390415694e+02
29101 0 +1.728783129e+02 +2.342183129e+02 +2.342183129e+02
29786 0 +1.628649366e+02 +2.242049366e+02 +2.242049366e+02
29851 0 +1.602783543e+02 +2.216183543e+02 +2.216183543e+02
29920 0 +1.580011751e+02 +2.193411751e+02 +2.193411751e+02
30958 0 +1.462072063e+02 +2.075472063e+02 +2.075472063e+02
31228 0 +1.423401306e+02 +2.036801306e+02 +2.036801306e+02
32484 0 +1.235840981e+02 +1.849240981e+02 +1.849240981e+02
32507 0 +1.161738167e+02 +1.775138167e+02 +1.775138167e+02
33730 0 +1.124150763e+02 +1.737550763e+02 +1.737550763e+02
35156 0 +1.117527777e+02 +1.730927777e+02 +1.730927777e+02
35561 0 +9.781614604e+01 +1.591561460e+02 +1.591561460e+02
37507 0 +9.354168111e+01 +1.548816811e+02 +1.548816811e+02
37914 0 +9.092144154e+01 +1.522614415e+02 +1.522614415e+02
39355 0 +8.844595502e+01 +1.497859550e+02 +1.497859550e+02
40514 0 +8.459687762e+01 +1.459368776e+02 +1.459368776e+02
40775 0 +7.408855156e+01 +1.354285516e+02 +1.354285516e+02
44686 0 +7.040666038e+01 +1.317466604e+02 +1.317466604e+02
46166 0 +6.753575426e+01 +1.288757543e+02 +1.288757543e+02
47190 0 +6.163314029e+01 +1.229731403e+02 +1.229731403e+02
50176 0 +5.819003307e+01 +1.195300331e+02 +1.195300331e+02
50910 0 +5.640347379e+01 +1.177434738e+02 +1.177434738e+02
51673 0 +5.586939333e+01 +1.172093933e+02 +1.172093933e+02
52723 0 +5.130995603e+01 +1.126499560e+02 +1.126499560e+02
54816 0 +5.105144248e+01 +1.123914425e+02 +1.123914425e+02
57566 0 +4.747176476e+01 +1.088117648e+02 +1.088117648e+02
60272 0 +4.665757215e+01 +1.079975721e+02 +1.079975721e+02
60954 0 +4.556323082e+01 +1.069032308e+02 +1.069032308e+02
62384 0 +4.457437611e+01 +1.059143761e+02 +1.059143761e+02
63550 0 +4.336342550e+01 +1.047034255e+02 +1.047034255e+02
66927 0 +4.253132098e+01 +1.038713210e+02 +1.038713210e+02
67200 0 +4.168272509e+01 +1.030227251e+02 +1.030227251e+02
72156 0 +4.031830531e+01 +1.016583053e+02 +1.016583053e+02
74316 0 +3.980274546e+01 +1.011427455e+02 +1.011427455e+02
79069 0 +3.867315335e+01 +1.000131533e+02 +1.000131533e+02
82565 0 +3.801174232e+01 +9.935174232e+01 +9.935174232e+01
89781 0 +3.681559454e+01 +9.815559454e+01 +9.815559454e+01
96979 0 +3.628526129e+01 +9.762526129e+01 +9.762526129e+01
106067 0 +3.547516699e+01 +9.681516699e+01 +9.681516699e+01
114564 0 +3.463559595e+01 +9.597559595e+01 +9.597559595e+01
126514 0 +3.387629008e+01 +9.521629008e+01 +9.521629008e+01
142119 0 +3.309069915e+01 +9.443069915e+01 +9.443069915e+01
159175 0 +3.235818193e+01 +9.369818193e+01 +9.369818193e+01
180487 0 +3.161226260e+01 +9.295226260e+01 +9.295226260e+01
207076 0 +3.089055751e+01 +9.223055751e+01 +9.223055751e+01
236489 0 +3.019705826e+01 +9.153705826e+01 +9.153705826e+01
279152 0 +2.951166177e+01 +9.085166177e+01 +9.085166177e+01
341343 0 +2.883946023e+01 +9.017946023e+01 +9.017946023e+01
400001 0 +2.842491077e+01 +8.976491077e+01 +8.976491077e+01
