% f evaluations | g evaluations | best noise-free fitness - Fopt (-4.620900000000e+02) + sum g_i+ | measured fitness | best measured fitness or single-digit g-values | x1 | x2...
1 0 +8.291370946e+01 -3.791762905e+02 -3.791762905e+02 +0.0000e+00 +0.0000e+00 +0.0000e+00
2 0 +7.318131052e+01 -3.889086895e+02 -3.889086895e+02 -4.8204e+00 +3.0761e+00 +1.5468e+00
38 0 +7.101480694e+01 -3.910751931e+02 -3.910751931e+02 -2.4281e+00 +3.2849e+00 +1.4080e+00
39 0 +7.078939402e+01 -3.913006060e+02 -3.913006060e+02 -3.1062e+00 +2.4156e+00 +7.5498e-01
46 0 +6.609630532e+01 -3.959936947e+02 -3.959936947e+02 -2.3893e+00 +3.1359e+00 +1.2841e+00
50 0 +3.717439797e+01 -4.249156020e+02 -4.249156020e+02 -3.0509e+00 +1.7513e+00 +1.8954e+00
116 0 +2.980395666e+01 -4.322860433e+02 -4.322860433e+02 -1.8460e+00 +2.2698e+00 +2.2757e+00
141 0 +2.595686579e+01 -4.361331342e+02 -4.361331342e+02 -4.8270e-01 +1.8029e+00 +1.5164e+00
148 0 +1.598369325e+01 -4.461063068e+02 -4.461063068e+02 +1.3827e+00 +7.0180e-01 +1.5409e+00
211 0 +1.522988944e+01 -4.468601106e+02 -4.468601106e+02 +2.3380e-01 +2.3540e+00 +1.5757e+00
225 0 +1.596149629e+00 -4.604938504e+02 -4.604938504e+02 +2.2608e+00 +2.2826e+00 +2.2001e+00
2078 0 +1.559295029e+00 -4.605307050e+02 -4.605307050e+02 +2.3239e+00 +2.2585e+00 +2.2015e+00
2404 0 +1.547547124e+00 -4.605424529e+02 -4.605424529e+02 +2.3323e+00 +1.6918e+00 +2.1981e+00
2431 0 +1.353271729e+00 -4.607367283e+02 -4.607367283e+02 +2.3385e+00 +1.6720e+00 +2.2098e+00
2438 0 +1.289457694e+00 -4.608005423e+02 -4.608005423e+02 +2.3117e+00 +1.7162e+00 +2.2074e+00
2448 0 +1.045931123e+00 -4.610440689e+02 -4.610440689e+02 +2.3330e+00 +1.7142e+00 +2.2113e+00
2574 0 +1.018968545e+00 -4.610710315e+02 -4.610710315e+02 +2.3330e+00 +1.7030e+00 +2.2109e+00
2712 0 +9.974849684e-01 -4.610925150e+02 -4.610925150e+02 +2.3383e+00 +1.7021e+00 +2.2133e+00
3966 0 +9.949590574e-01 -4.610950409e+02 -4.610950409e+02 +2.3408e+00 +1.7040e+00 +2.2136e+00
% f evaluations | g evaluations | best noise-free fitness - Fopt (7.766000000000e+01) + sum g_i+ | measured fitness | best measured fitness or single-digit g-values | x1 | x2...
1 0 +7.513059916e+01 +1.527905992e+02 +1.527905992e+02 +0.0000e+00 +0.0000e+00 +0.0000e+00
10 0 +5.218824576e+01 +1.298482458e+02 +1.298482458e+02 -2.8995e+00 -4.7808e-01 +5.4659e-01
86 0 +4.819638866e+01 +1.258563887e+02 +1.258563887e+02 -5.6489e-01 +1.2890e+00 +7.6740e-01
88 0 +3.110304486e+01 +1.087630449e+02 +1.087630449e+02 -6.8371e-01 -9.1368e-01 +1.1119e+00
94 0 +2.832285915e+01 +1.059828592e+02 +1.059828592e+02 -1.5467e+00 -9.8877e-01 +9.3921e-01
97 0 +8.853799630e+00 +8.651379963e+01 +8.651379963e+01 +3.0488e-01 -9.1500e-01 +9.6001e-01
354 0 +8.041128664e+00 +8.570112866e+01 +8.570112866e+01 +2.2910e+00 -1.4530e+00 +6.1122e-01
419 0 +4.683586043e+00 +8.234358604e+01 +8.234358604e+01 +1.3544e+00 -8.8105e-01 +9.8583e-01
3085 0 +4.677769090e+00 +8.233776909e+01 +8.233776909e+01 +4.4769e-01 -8.2576e-01 +1.2630e+00
% f evaluations | g evaluations | best noise-free fitness - Fopt (1.156800000000e+02) + sum g_i+ | measured fitness | best measured fitness or single-digit g-values | x1 | x2...
1 0 +3.277339865e+01 +1.484533986e+02 +1.484533986e+02 +0.0000e+00 +0.0000e+00 +0.0000e+00
97 0 +2.277399449e+01 +1.384539945e+02 +1.384539945e+02 +1.1594e+00 +2.4023e-02 -3.5401e-01
184 0 +1.935900793e+01 +1.350390079e+02 +1.350390079e+02 +1.2988e+00 -2.0583e+00 -3.6831e-01
224 0 +1.558927148e+01 +1.312692715e+02 +1.312692715e+02 +2.1272e+00 -1.1183e+00 -4.1774e-01
234 0 +1.329200008e+01 +1.289720001e+02 +1.289720001e+02 +1.5672e-01 -3.5457e-01 +2.3187e-01
255 0 +6.762636654e+00 +1.224426367e+02 +1.224426367e+02 +2.0741e+00 -1.6565e+00 +2.1547e-01
337 0 +5.726773445e+00 +1.214067734e+02 +1.214067734e+02 +2.1211e+00 -1.6583e+00 -4.5519e-02
848 0 +3.547003657e+00 +1.192270037e+02 +1.192270037e+02 +1.1568e+00 -1.5520e+00 -7.1015e-02
4382 0 +3.547003657e+00 +1.192270037e+02 +1.192270037e+02 +1.1568e+00 -1.5520e+00 -7.1015e-02
% f evaluations | g evaluations | best noise-free fitness - Fopt (-3.710000000000e+00) + sum g_i+ | measured fitness | best measured fitness or single-digit g-values | x1 | x2...
1 0 +7.982158397e+01 +7.611158397e+01 +7.611158397e+01 +0.0000e+00 +0.0000e+00 +0.0000e+00
5 0 +5.695825703e+01 +5.324825703e+01 +5.324825703e+01 +2.8397e+00 +5.1398e-01 +1.6105e+00
7 0 +3.692523173e+01 +3.321523173e+01 +3.321523173e+01 +3.2034e+00 -8.0858e-01 +1.0795e+00
25 0 +3.223845203e+01 +2.852845203e+01 +2.852845203e+01 +3.2349e+00 -5.4952e-01 +1.5616e+00
51 0 +2.014575307e+01 +1.643575307e+01 +1.643575307e+01 +2.8989e+00 -5.3441e-01 +1.4882e+00
143 0 +1.964917814e+01 +1.593917814e+01 +1.593917814e+01 +2.0330e+00 -1.1811e+00 +1.1457e+00
144 0 +1.923635605e+01 +1.552635605e+01 +1.552635605e+01 +2.2242e+00 -1.2904e+00 +1.0823e+00
157 0 +1.787482818e+01 +1.416482818e+01 +1.416482818e+01 +2.0630e+00 -1.2091e+00 +1.1752e+00
224 0 +1.311337459e+01 +9.403374594e+00 +9.403374594e+00 +1.2714e+00 -2.9129e+00 +1.7148e+00
320 0 +1.594185833e+00 -2.115814167e+00 -2.115814167e+00 +3.1185e+00 -2.2815e+00 +1.4870e+00
3986 0 +1.594185833e+00 -2.115814167e+00 -2.115814167e+00 +3.1185e+00 -2.2815e+00 +1.4870e+00
% f evaluations | g evaluations | best noise-free fitness - Fopt (1.321800000000e+02) + sum g_i+ | measured fitness | best measured fitness or single-digit g-values | x1 | x2...
1 0 +1.554324192e+02 +2.876124192e+02 +2.876124192e+02 +0.0000e+00 +0.0000e+00 +0.0000e+00
2 0 +1.008331120e+02 +2.330131120e+02 +2.330131120e+02 +4.0975e+00 -4.5116e-01 +1.7129e+00
11 0 +8.534465709e+01 +2.175246571e+02 +2.175246571e+02 -2.3834e+00 +1.1434e+00 +1.9846e+00
15 0 +7.604511260e+01 +2.082251126e+02 +2.082251126e+02 +1.1137e+00 -1.4795e+00 +3.5980e+00
21 0 +6.645148483e+01 +1.986314848e+02 +1.986314848e+02 +1.8309e+00 -1.6084e+00 +2.2746e+00
50 0 +4.537276124e+01 +1.775527612e+02 +1.775527612e+02 +2.0005e+00 +1.0301e+00 +1.9632e+00
63 0 +3.121075782e+01 +1.633907578e+02 +1.633907578e+02 +3.1249e+00 +2.6182e+00 +3.4493e+00
95 0 +1.949594402e+01 +1.516759440e+02 +1.516759440e+02 +3.4882e+00 +1.9554e+00 +3.1615e+00
112 0 +1.487306324e+01 +1.470530632e+02 +1.470530632e+02 +3.6277e+00 +8.6106e-01 +3.3764e+00
249 0 +1.404289397e+01 +1.462228940e+02 +1.462228940e+02 +2.7459e+00 +1.4494e+00 +2.4725e+00
288 0 +1.355191349e+01 +1.457319135e+02 +1.457319135e+02 +1.6171e+00 +2.0403e+00 +2.7778e+00
367 0 +1.088013722e+01 +1.430601372e+02 +1.430601372e+02 +2.8493e+00 +8.9384e-01 +3.1034e+00
435 0 +5.359927357e+00 +1.375399274e+02 +1.375399274e+02 +2.8643e+00 +1.4864e+00 +3.4946e+00
1461 0 +4.145864170e+00 +1.363258642e+02 +1.363258642e+02 +3.7555e+00 +2.0423e+00 +3.1315e+00
6804 0 +4.145864170e+00 +1.363258642e+02 +1.363258642e+02 +3.7555e+00 +2.0423e+00 +3.1315e+00
% f evaluations | g evaluations | best noise-free fitness - Fopt (-3.930000000000e+01) + sum g_i+ | measured fitness | best measured fitness or single-digit g-values | x1 | x2...
1 0 +1.073363865e+02 +6.803638651e+01 +6.803638651e+01 +0.0000e+00 +0.0000e+00 +0.0000e+00
2 0 +8.402138944e+01 +4.472138944e+01 +4.472138944e+01 +2.5381e+00 -4.7200e+00 +7.9023e-01
9 0 +1.332297517e+01 -2.597702483e+01 -2.597702483e+01 +2.4689e+00 -1.9128e+00 +1.3715e+00
373 0 +8.415096700e+00 -3.088490330e+01 -3.088490330e+01 +2.5115e+00 -1.3150e+00 +1.6668e+00
512 0 +4.221587865e+00 -3.507841214e+01 -3.507841214e+01 +2.4522e+00 -7.0764e-01 +2.2998e+00
1221 0 +4.044211685e+00 -3.525578832e+01 -3.525578832e+01 +2.4242e+00 -1.2621e+00 +2.0260e+00
1465 0 +3.342424306e+00 -3.595757569e+01 -3.595757569e+01 +2.4670e+00 -1.2220e+00 +1.9958e+00
2134 0 +2.276605949e+00 -3.702339405e+01 -3.702339405e+01 +2.4726e+00 -1.2291e+00 +2.0361e+00
2412 0 +1.397897101e+00 -3.790210290e+01 -3.790210290e+01 +2.4919e+00 -1.2260e+00 +2.0215e+00
3358 0 +1.276282281e+00 -3.802371772e+01 -3.802371772e+01 +2.5317e+00 -1.2088e+00 +2.0182e+00
3967 0 +1.170884737e+00 -3.812911526e+01 -3.812911526e+01 +2.5208e+00 -1.2173e+00 +2.0248e+00
4501 0 +1.101847162e+00 -3.819815284e+01 -3.819815284e+01 +2.5126e+00 -1.2335e+00 +2.0225e+00
7375 0 +1.101847162e+00 -3.819815284e+01 -3.819815284e+01 +2.5126e+00 -1.2335e+00 +2.0225e+00
% f evaluations | g evaluations | best noise-free fitness - Fopt (4.296000000000e+01) + sum g_i+ | measured fitness | best measured fitness or single-digit g-values | x1 | x2...
1 0 +1.319913973e+02 +1.749513973e+02 +1.749513973e+02 +0.0000e+00 +0.0000e+00 +0.0000e+00
15 0 +1.183718288e+02 +1.613318288e+02 +1.613318288e+02 -3.5353e+00 +4.3807e-01 +3.9593e-01
26 0 +9.327608300e+01 +1.362360830e+02 +1.362360830e+02 -4.4891e+00 +9.1400e-01 +1.5226e+00
43 0 +7.516021334e+01 +1.181202133e+02 +1.181202133e+02 -5.1883e+00 +2.7652e+00 +2.0117e+00
46 0 +6.869608043e+01 +1.116560804e+02 +1.116560804e+02 -3.2992e+00 +2.3699e+00 +1.2981e+00
50 0 +5.583179560e+01 +9.879179560e+01 +9.879179560e+01 -3.7591e+00 +1.3087e+00 +2.2304e+00
78 0 +4.258614717e+01 +8.554614717e+01 +8.554614717e+01 -1.6824e+00 -4.9676e-01 +2.0113e+00
121 0 +2.935890421e+01 +7.231890421e+01 +7.231890421e+01 -2.3762e+00 +1.1069e+00 +2.5344e+00
165 0 +2.012607793e+01 +6.308607793e+01 +6.308607793e+01 -7.7731e-01 +1.6594e+00 +2.4873e+00
193 0 +6.349931703e+00 +4.930993170e+01 +4.930993170e+01 +1.4812e+00 +2.3248e+00 +2.4731e+00
206 0 +2.430733500e+00 +4.539073350e+01 +4.539073350e+01 +1.4345e+00 +1.7106e+00 +2.4635e+00
3694 0 +2.430733500e+00 +4.539073350e+01 +4.539073350e+01 +1.4345e+00 +1.7106e+00 +2.4635e+00
% f evaluations | g evaluations | best noise-free fitness - Fopt (2.842200000000e+02) + sum g_i+ | measured fitness | best measured fitness or single-digit g-values | x1 | x2...
1 0 +5.344902637e+01 +3.376690264e+02 +3.376690264e+02 +0.0000e+00 +0.0000e+00 +0.0000e+00
5 0 +4.724208689e+01 +3.314620869e+02 +3.314620869e+02 +1.0548e+00 +2.6824e+00 +9.4307e-01
19 0 +3.921147642e+01 +3.234314764e+02 +3.234314764e+02 +2.1074e+00 +2.5635e+00 +2.8772e-01
90 0 +2.850553122e+01 +3.127255312e+02 +3.127255312e+02 +1.3540e+00 +1.6109e+00 +7.7698e-01
107 0 +2.185347867e+01 +3.060734787e+02 +3.060734787e+02 +1.0920e+00 +1.6158e-01 +1.1229e+00
138 0 +2.129752640e+01 +3.055175264e+02 +3.055175264e+02 +1.1910e+00 +3.9553e-01 +3.0126e-01
174 0 +7.471162582e+00 +2.916911626e+02 +2.916911626e+02 +1.1122e+00 +3.7648e-01 +7.4160e-01
575 0 +7.026538059e+00 +2.912465381e+02 +2.912465381e+02 +4.5346e-02 -8.0093e-01 +7.3924e-01
659 0 +6.842257820e+00 +2.910622578e+02 +2.910622578e+02 +8.1501e-02 -8.3515e-01 +7.3064e-01
679 0 +6.284518332e+00 +2.905045183e+02 +2.905045183e+02 +7.5334e-02 -2.3326e-01 +7.2585e-01
730 0 +5.431637191e+00 +2.896516372e+02 +2.896516372e+02 +9.9430e-02 -2.0619e-01 +7.3427e-01
1041 0 +5.356368782e+00 +2.895763688e+02 +2.895763688e+02 +1.7753e-01 -2.3201e-01 +7.4979e-01
1433 0 +5.215313427e+00 +2.894353134e+02 +2.894353134e+02 +1.3628e-01 -2.3704e-01 +7.4446e-01
3792 0 +5.147357498e+00 +2.893673575e+02 +2.893673575e+02 +1.3311e-01 -2.0554e-01 +7.4668e-01
% f evaluations | g evaluations | best noise-free fitness - Fopt (-3.217000000000e+01) + sum g_i+ | measured fitness | best measured fitness or single-digit g-values | x1 | x2...
1 0 +7.339161758e+01 +4.122161758e+01 +4.122161758e+01 +0.0000e+00 +0.0000e+00 +0.0000e+00
25 0 +6.593690263e+01 +3.376690263e+01 +3.376690263e+01 +1.9997e+00 +1.4830e+00 +2.4945e-01
29 0 +5.710788268e+01 +2.493788268e+01 +2.493788268e+01 +6.3447e-01 +3.6936e+00 -1.3489e+00
30 0 +3.350754667e+01 +1.337546670e+00 +1.337546670e+00 -5.1283e-01 +1.5538e+00 +8.7784e-02
31 0 +2.800496085e+01 -4.165039147e+00 -4.165039147e+00 +9.3183e-01 +1.3586e+00 -2.2004e-01
35 0 +2.310809714e+01 -9.061902855e+00 -9.061902855e+00 +3.4467e-01 +1.3970e+00 -4.7131e-01
142 0 +1.664629440e+01 -1.552370560e+01 -1.552370560e+01 -1.5604e+00 +2.4273e+00 -2.3072e-01
211 0 +1.587055584e+01 -1.629944416e+01 -1.629944416e+01 +1.1962e+00 +1.3670e+00 +1.3497e-01
226 0 +1.496587056e+01 -1.720412944e+01 -1.720412944e+01 +1.1422e+00 +1.8981e+00 +4.5480e-01
363 0 +1.471283452e+01 -1.745716548e+01 -1.745716548e+01 -2.8629e-01 +1.9335e+00 +1.2397e-01
381 0 +8.204306159e+00 -2.396569384e+01 -2.396569384e+01 +4.5167e-01 +2.9357e+00 +1.2612e-01
838 0 +6.293149077e+00 -2.587685092e+01 -2.587685092e+01 +4.2083e-01 +1.8343e+00 -2.4829e-01
3360 0 +6.293149077e+00 -2.587685092e+01 -2.587685092e+01 +4.2083e-01 +1.8343e+00 -2.4829e-01
% f evaluations | g evaluations | best noise-free fitness - Fopt (-5.858000000000e+01) + sum g_i+ | measured fitness | best measured fitness or single-digit g-values | x1 | x2...
1 0 +7.121136986e+01 +1.263136986e+01 +1.263136986e+01 +0.0000e+00 +0.0000e+00 +0.0000e+00
8 0 +3.000541184e+01 -2.857458816e+01 -2.857458816e+01 +9.3760e-01 -4.0116e+00 +8.9697e-01
21 0 +2.296809262e+01 -3.561190738e+01 -3.561190738e+01 +2.4342e+00 -2.0427e+00 +3.1271e-02
155 0 +9.321585734e+00 -4.925841427e+01 -4.925841427e+01 +2.5197e+00 -3.2033e+00 +9.2943e-01
188 0 +7.402522104e+00 -5.117747790e+01 -5.117747790e+01 +2.4961e+00 -2.4703e+00 +2.5765e-01
574 0 +6.420405902e+00 -5.215959410e+01 -5.215959410e+01 +1.5987e+00 -2.0154e+00 +6.7718e-01
850 0 +3.037370930e+00 -5.554262907e+01 -5.554262907e+01 +2.5094e+00 -3.0473e+00 +9.6446e-01
2331 0 +1.314512777e+00 -5.726548722e+01 -5.726548722e+01 +2.5787e+00 -3.1119e+00 +9.6096e-01
2615 0 +1.107495184e+00 -5.747250482e+01 -5.747250482e+01 +2.5826e+00 -2.4693e+00 +9.5978e-01
2896 0 +8.573866492e-01 -5.772261335e+01 -5.772261335e+01 +2.5201e+00 -2.5094e+00 +9.6846e-01
3067 0 +7.457117675e-01 -5.783428823e+01 -5.783428823e+01 +2.5927e+00 -2.4782e+00 +9.6642e-01
3078 0 +6.096123319e-01 -5.797038767e+01 -5.797038767e+01 +2.5519e+00 -2.5041e+00 +9.6099e-01
3140 0 +3.551680537e-01 -5.822483195e+01 -5.822483195e+01 +2.5573e+00 -2.5141e+00 +9.6567e-01
3433 0 +1.832153330e-01 -5.839678467e+01 -5.839678467e+01 +2.5728e+00 -2.4960e+00 +9.6863e-01
3463 0 +1.278293905e-01 -5.845217061e+01 -5.845217061e+01 +2.5686e+00 -2.5133e+00 +9.7029e-01
3507 0 +8.844571644e-02 -5.849155428e+01 -5.849155428e+01 +2.5757e+00 -2.5107e+00 +9.6894e-01
3540 0 +2.529723148e-02 -5.855470277e+01 -5.855470277e+01 +2.5899e+00 -2.5110e+00 +9.7003e-01
3566 0 +1.915966077e-02 -5.856084034e+01 -5.856084034e+01 +2.5888e+00 -2.5018e+00 +9.7197e-01
3628 0 +1.888240250e-02 -5.856111760e+01 -5.856111760e+01 +2.5874e+00 -2.5036e+00 +9.7055e-01
3642 0 +1.244409107e-02 -5.856755591e+01 -5.856755591e+01 +2.5864e+00 -2.5106e+00 +9.7241e-01
3690 0 +5.999661133e-03 -5.857400034e+01 -5.857400034e+01 +2.5853e+00 -2.5071e+00 +9.7248e-01
3776 0 +5.648722736e-03 -5.857435128e+01 -5.857435128e+01 +2.5893e+00 -2.5078e+00 +9.7117e-01
3777 0 +2.758832378e-03 -5.857724117e+01 -5.857724117e+01 +2.5875e+00 -2.5079e+00 +9.7221e-01
3788 0 +1.380779686e-03 -5.857861922e+01 -5.857861922e+01 +2.5887e+00 -2.5070e+00 +9.7217e-01
3818 0 +6.110235275e-04 -5.857938898e+01 -5.857938898e+01 +2.5901e+00 -2.5073e+00 +9.7286e-01
3875 0 +5.003316282e-04 -5.857949967e+01 -5.857949967e+01 +2.5901e+00 -2.5063e+00 +9.7270e-01
3885 0 +2.512443069e-04 -5.857974876e+01 -5.857974876e+01 +2.5894e+00 -2.5074e+00 +9.7264e-01
3995 0 +9.755041952e-05 -5.857990245e+01 -5.857990245e+01 +2.5899e+00 -2.5073e+00 +9.7266e-01
4006 0 +4.430029866e-05 -5.857995570e+01 -5.857995570e+01 +2.5903e+00 -2.5069e+00 +9.7280e-01
4115 0 +1.714856243e-05 -5.857998285e+01 -5.857998285e+01 +2.5902e+00 -2.5072e+00 +9.7273e-01
4155 0 +1.609111705e-05 -5.857998391e+01 -5.857998391e+01 +2.5904e+00 -2.5072e+00 +9.7281e-01
4161 0 +9.973142632e-06 -5.857999003e+01 -5.857999003e+01 +2.5903e+00 -2.5071e+00 +9.7279e-01
4212 0 +2.704205386e-06 -5.857999730e+01 -5.857999730e+01 +2.5903e+00 -2.5072e+00 +9.7278e-01
4324 0 +1.216179285e-06 -5.857999878e+01 -5.857999878e+01 +2.5903e+00 -2.5072e+00 +9.7279e-01
4390 0 +5.190721026e-07 -5.857999948e+01 -5.857999948e+01 +2.5904e+00 -2.5072e+00 +9.7280e-01
4530 0 +3.479915094e-07 -5.857999965e+01 -5.857999965e+01 +2.5904e+00 -2.5072e+00 +9.7280e-01
4534 0 +2.159839951e-07 -5.857999978e+01 -5.857999978e+01 +2.5904e+00 -2.5072e+00 +9.7280e-01
4614 0 +1.188062342e-07 -5.857999988e+01 -5.857999988e+01 +2.5904e+00 -2.5072e+00 +9.7280e-01
4635 0 +1.129968510e-07 -5.857999989e+01 -5.857999989e+01 +2.5904e+00 -2.5072e+00 +9.7280e-01
4657 0 +8.322301426e-08 -5.857999992e+01 -5.857999992e+01 +2.5904e+00 -2.5072e+00 +9.7280e-01
4678 0 +4.397209352e-08 -5.857999996e+01 -5.857999996e+01 +2.5904e+00 -2.5072e+00 +9.7280e-01
4709 0 +3.873983445e-08 -5.857999996e+01 -5.857999996e+01 +2.5904e+00 -2.5072e+00 +9.7280e-01
4726 0 +2.638490315e-08 -5.857999997e+01 -5.857999997e+01 +2.5904e+00 -2.5072e+00 +9.7280e-01
4728 0 +9.783306609e-09 -5.857999999e+01 -5.857999999e+01 +2.5904e+00 -2.5072e+00 +9.7280e-01
4963 0 +7.999005902e-10 -5.858000000e+01 -5.858000000e+01 +2.5904e+00 -2.5072e+00 +9.7280e-01
% f evaluations | g evaluations | best noise-free fitness - Fopt (-6.049200000000e+02) + sum g_i+ | measured fitness | best measured fitness or single-digit g-values | x1 | x2...
1 0 +7.190000143e+01 -5.330199986e+02 -5.330199986e+02 +0.0000e+00 +0.0000e+00 +0.0000e+00
12 0 +5.855936649e+01 -5.463606335e+02 -5.463606335e+02 -2.8898e+00 -1.6310e+00 +7.6624e-01
32 0 +5.217883197e+01 -5.527411680e+02 -5.527411680e+02 -4.0934e+00 -6.7900e-01 +1.1081e+00
42 0 +3.248310204e+01 -5.724368980e+02 -5.724368980e+02 -1.0446e+00 +1.1780e-01 +1.8702e+00
57 0 +3.085404750e+01 -5.740659525e+02 -5.740659525e+02 -1.3080e+00 -2.1170e+00 +1.0898e+00
60 0 +2.369891619e+01 -5.812210838e+02 -5.812210838e+02 +5.3653e-02 -5.6848e-01 +1.3172e+00
69 0 +1.267058721e+01 -5.922494128e+02 -5.922494128e+02 -7.1192e-02 -1.6385e+00 +1.4488e+00
168 0 +7.639131419e+00 -5.972808686e+02 -5.972808686e+02 -1.0796e+00 -1.5897e+00 +1.7673e+00
340 0 +7.305164659e+00 -5.976148353e+02 -5.976148353e+02 -8.5060e-01 -1.0315e+00 +1.7842e+00
352 0 +5.168950351e+00 -5.997510496e+02 -5.997510496e+02 -9.7515e-01 -1.0295e+00 +1.7671e+00
503 0 +3.742473433e+00 -6.011775266e+02 -6.011775266e+02 +8.9306e-01 -9.8058e-01 +1.7579e+00
3479 0 +3.742473433e+00 -6.011775266e+02 -6.011775266e+02 +8.9306e-01 -9.8058e-01 +1.7579e+00
% f evaluations | g evaluations | best noise-free fitness - Fopt (1.337000000000e+02) + sum g_i+ | measured fitness | best measured fitness or single-digit g-values | x1 | x2...
1 0 +5.242128301e+01 +1.861212830e+02 +1.861212830e+02 +0.0000e+00 +0.0000e+00 +0.0000e+00
30 0 +4.664600018e+01 +1.803460002e+02 +1.803460002e+02 -9.0174e-01 +3.8217e-01 +2.5310e-01
43 0 +4.292572694e+01 +1.766257269e+02 +1.766257269e+02 -1.2598e+00 +7.9440e-01 +2.8524e-02
70 0 +3.342987070e+01 +1.671298707e+02 +1.671298707e+02 +7.8254e-01 -1.3322e-01 +2.4868e-01
82 0 +3.130934772e+01 +1.650093477e+02 +1.650093477e+02 +2.4446e+00 -1.9302e+00 +4.3442e-01
83 0 +2.847864197e+01 +1.621786420e+02 +1.621786420e+02 +1.5397e+00 -5.2101e-01 -1.9828e-01
160 0 +2.717845082e+01 +1.608784508e+02 +1.608784508e+02 +1.3645e+00 +1.6468e+00 +2.9329e-01
170 0 +2.134845790e+01 +1.550484579e+02 +1.550484579e+02 +1.8842e-01 +1.5237e+00 +1.0574e-01
180 0 +1.010171366e+01 +1.438017137e+02 +1.438017137e+02 +1.5247e+00 +8.6986e-01 +3.2860e-01
286 0 +7.865853184e+00 +1.415658532e+02 +1.415658532e+02 +1.5835e+00 +3.0595e-01 +5.9654e-02
716 0 +6.454972799e+00 +1.401549728e+02 +1.401549728e+02 +1.5328e+00 +4.0619e-01 +4.2559e-02
1771 0 +5.801279809e+00 +1.395012798e+02 +1.395012798e+02 +4.5287e-01 +3.4349e-01 +3.7965e-01
1819 0 +4.944687383e+00 +1.386446874e+02 +1.386446874e+02 +5.3907e-01 +9.3077e-01 +3.6145e-01
2027 0 +4.885954186e+00 +1.385859542e+02 +1.385859542e+02 +4.4390e-01 +9.7448e-01 +3.7102e-01
4753 0 +4.885954186e+00 +1.385859542e+02 +1.385859542e+02 +4.4390e-01 +9.7448e-01 +3.7102e-01
% f evaluations | g evaluations | best noise-free fitness - Fopt (-2.098000000000e+01) + sum g_i+ | measured fitness | best measured fitness or single-digit g-values | x1 | x2...
1 0 +4.293454209e+01 +2.195454209e+01 +2.195454209e+01 +0.0000e+00 +0.0000e+00 +0.0000e+00
83 0 +3.204054786e+01 +1.106054786e+01 +1.106054786e+01 -1.1133e-01 +2.7016e+00 +2.0197e-02
102 0 +1.388101895e+01 -7.098981052e+00 -7.098981052e+00 +2.1822e-01 +1.9081e+00 +1.5803e-02
178 0 +1.175940489e+01 -9.220595108e+00 -9.220595108e+00 +1.1393e+00 +2.0069e+00 -4.3168e-01
434 0 +1.066800646e+01 -1.031199354e+01 -1.031199354e+01 +1.1708e+00 +1.3578e+00 -4.0547e-01
483 0 +5.922930734e+00 -1.505706927e+01 -1.505706927e+01 +1.1158e+00 +1.3825e+00 -6.4794e-02
670 0 +4.233469650e+00 -1.674653035e+01 -1.674653035e+01 +2.0577e+00 +1.9450e+00 +2.8968e-01
737 0 +3.766236461e+00 -1.721376354e+01 -1.721376354e+01 +1.0630e+00 +1.2673e+00 +2.4457e-01
946 0 +3.628015488e+00 -1.735198451e+01 -1.735198451e+01 +1.1238e+00 +1.8766e+00 +2.6384e-01
1034 0 +3.509219643e+00 -1.747078036e+01 -1.747078036e+01 +1.0889e+00 +1.9757e+00 +2.5573e-01
1067 0 +2.037774487e+00 -1.894222551e+01 -1.894222551e+01 +1.0317e+00 +1.9158e+00 +2.4639e-01
1101 0 +1.429122282e+00 -1.955087772e+01 -1.955087772e+01 +1.0408e+00 +1.9037e+00 +2.5812e-01
1102 0 +1.285136828e+00 -1.969486317e+01 -1.969486317e+01 +1.0467e+00 +1.9355e+00 +2.6097e-01
1205 0 +1.144434268e+00 -1.983556573e+01 -1.983556573e+01 +1.0475e+00 +1.9192e+00 +2.6449e-01
1317 0 +1.063845572e+00 -1.991615443e+01 -1.991615443e+01 +1.0514e+00 +1.9193e+00 +2.6423e-01
1329 0 +1.037905911e+00 -1.994209409e+01 -1.994209409e+01 +1.0555e+00 +1.9147e+00 +2.6300e-01
1422 0 +1.013178136e+00 -1.996682186e+01 -1.996682186e+01 +1.0670e+00 +1.9171e+00 +2.6156e-01
1482 0 +9.955627829e-01 -1.998443722e+01 -1.998443722e+01 +1.0631e+00 +1.9187e+00 +2.6362e-01
2675 0 +9.949590573e-01 -1.998504094e+01 -1.998504094e+01 +1.0635e+00 +1.9192e+00 +2.6400e-01
% f evaluations | g evaluations | best noise-free fitness - Fopt (1.353300000000e+02) + sum g_i+ | measured fitness | best measured fitness or single-digit g-values | x1 | x2...
1 0 +3.053061949e+01 +1.658606195e+02 +1.658606195e+02 +0.0000e+00 +0.0000e+00 +0.0000e+00
83 0 +2.976270598e+01 +1.650927060e+02 +1.650927060e+02 -2.9873e-01 -1.6136e+00 +8.8819e-03
86 0 +2.561018613e+01 +1.609401861e+02 +1.609401861e+02 -3.3392e-01 -1.4751e+00 +1.9720e-03
114 0 +2.396483144e+01 +1.592948314e+02 +1.592948314e+02 -1.4962e+00 -9.5821e-01 +3.2046e-01
134 0 +2.314660922e+01 +1.584766092e+02 +1.584766092e+02 -3.9945e-01 +6.2881e-01 +2.0516e-01
167 0 +1.577723801e+01 +1.511072380e+02 +1.511072380e+02 +4.3747e-01 +1.8316e+00 +1.0476e+00
172 0 +9.181167633e+00 +1.445111676e+02 +1.445111676e+02 +4.8515e-01 -4.6428e-02 +3.3040e-01
225 0 +8.960347978e+00 +1.442903480e+02 +1.442903480e+02 +4.6847e-01 +5.1916e-01 +3.0995e-01
432 0 +7.977784761e+00 +1.433077848e+02 +1.433077848e+02 +4.4530e-01 -2.5939e-02 +7.0656e-01
457 0 +3.895214742e+00 +1.392252147e+02 +1.392252147e+02 -4.2659e-01 +5.6766e-03 +9.4288e-01
3797 0 +3.895214742e+00 +1.392252147e+02 +1.392252147e+02 -4.2659e-01 +5.6766e-03 +9.4288e-01
% f evaluations | g evaluations | best noise-free fitness - Fopt (4.066000000000e+01) + sum g_i+ | measured fitness | best measured fitness or single-digit g-values | x1 | x2...
1 0 +2.067564417e+02 +2.474164417e+02 +2.474164417e+02 +0.0000e+00 +0.0000e+00 +0.0000e+00
2 0 +8.187450454e+01 +1.225345045e+02 +1.225345045e+02 -3.4218e+00 +5.5543e-01 +2.1672e+00
14 0 +5.843007299e+01 +9.909007299e+01 +9.909007299e+01 -1.8052e+00 +4.1356e-01 +3.5575e+00
18 0 +4.206001568e+01 +8.272001568e+01 +8.272001568e+01 -1.1065e+00 +1.0106e-01 +3.3201e+00
27 0 +3.744793226e+01 +7.810793226e+01 +7.810793226e+01 -1.9155e+00 -2.7078e-01 +3.9558e+00
129 0 +2.613748613e+01 +6.679748613e+01 +6.679748613e+01 +1.0671e+00 +9.0883e-01 +3.2221e+00
157 0 +2.178688324e+01 +6.244688324e+01 +6.244688324e+01 +1.5191e-01 +1.2478e+00 +3.2971e+00
269 0 +2.104201591e+01 +6.170201591e+01 +6.170201591e+01 +1.1964e+00 +1.3131e+00 +3.5309e+00
287 0 +1.761659092e+01 +5.827659092e+01 +5.827659092e+01 -1.6871e-01 +7.0563e-01 +3.9257e+00
293 0 +1.233409312e+01 +5.299409312e+01 +5.299409312e+01 +1.0667e+00 +1.3195e+00 +3.5700e+00
364 0 +5.941749172e+00 +4.660174917e+01 +4.660174917e+01 +1.0420e+00 +6.8404e-01 +3.9255e+00
1103 0 +2.825347714e+00 +4.348534771e+01 +4.348534771e+01 +2.0237e+00 +1.2106e+00 +3.9088e+00
1993 0 +2.808961575e+00 +4.346896157e+01 +4.346896157e+01 +3.0628e+00 +1.2527e+00 +3.9072e+00
2296 0 +1.943209042e+00 +4.260320904e+01 +4.260320904e+01 +3.0048e+00 +1.7966e+00 +3.9191e+00
2308 0 +5.989301677e-01 +4.125893017e+01 +4.125893017e+01 +3.0099e+00 +1.2458e+00 +3.9135e+00
2824 0 +1.566687094e-01 +4.081666871e+01 +4.081666871e+01 +3.0310e+00 +1.2553e+00 +3.9244e+00
3035 0 +7.732536440e-02 +4.073732536e+01 +4.073732536e+01 +3.0508e+00 +1.2466e+00 +3.9176e+00
3160 0 +7.429921220e-02 +4.073429921e+01 +4.073429921e+01 +3.0340e+00 +1.2496e+00 +3.9225e+00
3185 0 +5.593546703e-02 +4.071593547e+01 +4.071593547e+01 +3.0461e+00 +1.2381e+00 +3.9226e+00
3201 0 +2.951342127e-02 +4.068951342e+01 +4.068951342e+01 +3.0427e+00 +1.2450e+00 +3.9215e+00
3233 0 +2.111622871e-02 +4.068111623e+01 +4.068111623e+01 +3.0416e+00 +1.2479e+00 +3.9232e+00
3293 0 +1.669732443e-02 +4.067669732e+01 +4.067669732e+01 +3.0441e+00 +1.2449e+00 +3.9228e+00
3314 0 +1.348541846e-02 +4.067348542e+01 +4.067348542e+01 +3.0458e+00 +1.2500e+00 +3.9230e+00
3322 0 +9.535101348e-03 +4.066953510e+01 +4.066953510e+01 +3.0525e+00 +1.2487e+00 +3.9228e+00
3333 0 +6.180164286e-03 +4.066618016e+01 +4.066618016e+01 +3.0494e+00 +1.2473e+00 +3.9224e+00
3379 0 +4.633546640e-03 +4.066463355e+01 +4.066463355e+01 +3.0492e+00 +1.2485e+00 +3.9241e+00
3443 0 +1.075051280e-03 +4.066107505e+01 +4.066107505e+01 +3.0512e+00 +1.2467e+00 +3.9234e+00
3497 0 +4.400145775e-04 +4.066044001e+01 +4.066044001e+01 +3.0509e+00 +1.2476e+00 +3.9237e+00
3534 0 +2.920785707e-04 +4.066029208e+01 +4.066029208e+01 +3.0515e+00 +1.2469e+00 +3.9237e+00
3548 0 +2.806499058e-04 +4.066028065e+01 +4.066028065e+01 +3.0520e+00 +1.2466e+00 +3.9239e+00
3558 0 +1.402741436e-05 +4.066001403e+01 +4.066001403e+01 +3.0518e+00 +1.2472e+00 +3.9239e+00
3646 0 +9.743473285e-06 +4.066000974e+01 +4.066000974e+01 +3.0520e+00 +1.2473e+00 +3.9239e+00
3864 0 +6.791403365e-06 +4.066000679e+01 +4.066000679e+01 +3.0520e+00 +1.2473e+00 +3.9240e+00
3924 0 +6.615368349e-06 +4.066000662e+01 +4.066000662e+01 +3.0520e+00 +1.2472e+00 +3.9239e+00
3937 0 +4.131722640e-06 +4.066000413e+01 +4.066000413e+01 +3.0519e+00 +1.2472e+00 +3.9240e+00
3963 0 +3.361926339e-06 +4.066000336e+01 +4.066000336e+01 +3.0519e+00 +1.2472e+00 +3.9240e+00
3976 0 +2.869699145e-07 +4.066000029e+01 +4.066000029e+01 +3.0520e+00 +1.2472e+00 +3.9240e+00
4196 0 +2.817857307e-07 +4.066000028e+01 +4.066000028e+01 +3.0520e+00 +1.2472e+00 +3.9240e+00
4202 0 +2.014812210e-07 +4.066000020e+01 +4.066000020e+01 +3.0520e+00 +1.2472e+00 +3.9240e+00
4216 0 +1.457476841e-07 +4.066000015e+01 +4.066000015e+01 +3.0520e+00 +1.2472e+00 +3.9240e+00
4224 0 +1.276385362e-07 +4.066000013e+01 +4.066000013e+01 +3.0520e+00 +1.2472e+00 +3.9240e+00
4247 0 +1.402622019e-08 +4.066000001e+01 +4.066000001e+01 +3.0520e+00 +1.2472e+00 +3.9240e+00
4357 0 +1.063086330e-08 +4.066000001e+01 +4.066000001e+01 +3.0520e+00 +1.2472e+00 +3.9240e+00
4363 0 +9.239066401e-09 +4.066000001e+01 +4.066000001e+01 +3.0520e+00 +1.2472e+00 +3.9240e+00
4674 0 +8.007390306e-10 +4.066000000e+01 +4.066000000e+01 +3.0520e+00 +1.2472e+00 +3.9240e+00
