% f evaluations | g evaluations | best noise-free fitness - Fopt (-4.620900000000e+02) + sum g_i+ | measured fitness | best measured fitness or single-digit g-values | x1 | x2...
1 0 +1.181909657e+02 -3.438990343e+02 -3.438990343e+02 +0.0000e+00 +0.0000e+00 +0.0000e+00 +0.0000e+00 +0.0000e+00
13 0 +5.726798824e+01 -4.048220118e+02 -4.048220118e+02 +1.3588e+00 +2.3056e+00 +1.8073e+00 -1.0806e+00 +2.2428e+00
68 0 +3.583486185e+01 -4.262551382e+02 -4.262551382e+02 -6.6334e-01 +3.1131e+00 +6.8401e-01 +1.6799e+00 +1.5710e+00
258 0 +3.440770925e+01 -4.276822907e+02 -4.276822907e+02 +1.3986e-01 +2.2602e+00 +1.1271e+00 +1.4947e+00 +1.6030e+00
370 0 +3.308905226e+01 -4.290009477e+02 -4.290009477e+02 +2.7041e-01 +2.2915e+00 +1.5418e+00 +4.4961e-01 +1.3329e+00
457 0 +3.113457593e+01 -4.309554241e+02 -4.309554241e+02 +7.4523e-01 +8.5596e-01 +2.1540e+00 +3.3488e-01 +1.6589e+00
470 0 +2.947088601e+01 -4.326191140e+02 -4.326191140e+02 +2.0986e-01 +2.3233e+00 +1.7635e+00 -6.1704e-02 +1.9961e+00
755 0 +2.673510755e+01 -4.353548925e+02 -4.353548925e+02 -8.7131e-01 +3.8819e+00 +1.5916e+00 +1.1509e+00 +1.6427e+00
959 0 +2.442043726e+01 -4.376695627e+02 -4.376695627e+02 +1.3177e+00 +3.2188e+00 +1.1918e+00 +3.8332e-01 +1.5984e+00
1026 0 +1.827801088e+01 -4.438119891e+02 -4.438119891e+02 +2.3144e+00 +3.8058e+00 +7.2078e-01 +1.1559e+00 +2.3297e+00
2134 0 +1.433460026e+01 -4.477553997e+02 -4.477553997e+02 +2.2870e+00 +3.9943e+00 +1.5003e+00 +3.1837e-01 +2.3017e+00
2293 0 +1.192388241e+01 -4.501661176e+02 -4.501661176e+02 +3.8275e-01 +3.8626e+00 +1.5793e+00 +3.0648e-01 +2.3331e+00
3125 0 +8.779482283e+00 -4.533105177e+02 -4.533105177e+02 +1.2698e+00 +2.9951e+00 +1.6047e+00 +2.9183e-01 +1.9824e+00
4535 0 +6.689445277e+00 -4.554005547e+02 -4.554005547e+02 +2.2219e+00 +2.3593e+00 +1.6289e+00 +7.3891e-01 +1.9756e+00
10111 0 +6.689445277e+00 -4.554005547e+02 -4.554005547e+02 +2.2219e+00 +2.3593e+00 +1.6289e+00 +7.3891e-01 +1.9756e+00
% f evaluations | g evaluations | best noise-free fitness - Fopt (7.766000000000e+01) + sum g_i+ | measured fitness | best measured fitness or single-digit g-values | x1 | x2...
1 0 +1.918840342e+02 +2.695440342e+02 +2.695440342e+02 +0.0000e+00 +0.0000e+00 +0.0000e+00 +0.0000e+00 +0.0000e+00
17 0 +1.412535539e+02 +2.189135539e+02 +2.189135539e+02 +2.3171e+00 -2.8976e-01 -4.7895e+00 +4.2407e+00 +2.2717e+00
39 0 +1.222294984e+02 +1.998894984e+02 +1.998894984e+02 +1.6666e+00 -1.1002e+00 +1.0787e+00 +1.6599e+00 +2.6532e-01
40 0 +1.117787529e+02 +1.894387529e+02 +1.894387529e+02 +1.6262e+00 -1.0748e+00 -2.0405e-01 +3.7120e-02 +2.1381e+00
42 0 +5.243074033e+01 +1.300907403e+02 +1.300907403e+02 +1.7961e+00 -1.7478e+00 +1.7729e-01 +3.5082e+00 +1.7590e+00
320 0 +4.774948749e+01 +1.254094875e+02 +1.254094875e+02 +4.7884e-01 -1.9075e-01 +5.6700e-01 +3.6663e+00 +1.0760e+00
383 0 +4.095112103e+01 +1.186111210e+02 +1.186111210e+02 +4.0743e-01 -2.0998e+00 +2.8912e-01 +4.1958e+00 +1.7382e+00
488 0 +3.838133756e+01 +1.160413376e+02 +1.160413376e+02 -5.8704e-01 -6.9642e-01 -2.6554e-01 +4.2140e+00 +1.8322e+00
518 0 +2.977192079e+01 +1.074319208e+02 +1.074319208e+02 +5.3536e-01 -1.0498e+00 +6.7958e-01 +4.1709e+00 +1.7891e+00
632 0 +1.941563222e+01 +9.707563222e+01 +9.707563222e+01 +1.4007e+00 +6.5897e-01 +1.5079e-01 +3.2988e+00 +2.1024e+00
897 0 +1.642274341e+01 +9.408274341e+01 +9.408274341e+01 +1.4947e+00 -8.6558e-01 +7.6759e-01 +2.4878e+00 +2.1379e+00
905 0 +1.558035662e+01 +9.324035662e+01 +9.324035662e+01 +1.4287e+00 -3.1748e-02 +1.6363e-01 +2.8327e+00 +2.4288e+00
1788 0 +1.329506319e+01 +9.095506319e+01 +9.095506319e+01 +3.5827e-01 -4.4764e-03 +7.2012e-01 +3.3644e+00 +1.7703e+00
1950 0 +1.134523747e+01 +8.900523747e+01 +8.900523747e+01 +1.4138e+00 +7.7496e-01 +6.9176e-01 +3.7707e+00 +1.7882e+00
2404 0 +8.556518342e+00 +8.621651834e+01 +8.621651834e+01 +1.4218e+00 -9.2453e-01 +7.3375e-01 +3.3119e+00 +1.7784e+00
4458 0 +8.143182848e+00 +8.580318285e+01 +8.580318285e+01 +1.3862e+00 -8.8398e-01 +7.1395e-01 +3.2945e+00 +1.7596e+00
5905 0 +8.052565771e+00 +8.571256577e+01 +8.571256577e+01 +1.3597e+00 -5.2935e-02 +6.6866e-01 +3.3085e+00 +1.7704e+00
6524 0 +7.743551386e+00 +8.540355139e+01 +8.540355139e+01 +1.3992e+00 -1.7264e-01 +6.7769e-01 +3.3278e+00 +1.7753e+00
10004 0 +7.743551386e+00 +8.540355139e+01 +8.540355139e+01 +1.3992e+00 -1.7264e-01 +6.7769e-01 +3.3278e+00 +1.7753e+00
% f evaluations | g evaluations | best noise-free fitness - Fopt (1.156800000000e+02) + sum g_i+ | measured fitness | best measured fitness or single-digit g-values | x1 | x2...
1 0 +2.457187506e+02 +3.613987506e+02 +3.613987506e+02 +0.0000e+00 +0.0000e+00 +0.0000e+00 +0.0000e+00 +0.0000e+00
7 0 +1.909678251e+02 +3.066478251e+02 +3.066478251e+02 -1.3822e+00 +1.0075e+00 +6.1738e-02 -3.7158e-01 +2.0078e+00
38 0 +1.633258826e+02 +2.790058826e+02 +2.790058826e+02 -1.3307e+00 +1.6909e-01 -5.6312e-01 +2.1270e-01 +1.7630e+00
68 0 +1.463293546e+02 +2.620093546e+02 +2.620093546e+02 -8.8889e-01 -1.5014e+00 -2.6017e-01 -4.3408e-01 +1.8023e+00
76 0 +2.393768660e+01 +1.396176866e+02 +1.396176866e+02 +1.3015e+00 -1.7156e-01 +4.1524e-01 +2.6319e+00 +3.2545e+00
703 0 +2.295457896e+01 +1.386345790e+02 +1.386345790e+02 +9.3313e-02 -1.6788e-01 -2.7047e-01 +3.5630e+00 +3.3675e+00
851 0 +1.704659366e+01 +1.327265937e+02 +1.327265937e+02 +1.2027e+00 -3.7732e-01 -3.2308e-01 +3.0550e+00 +2.9912e+00
1402 0 +1.258283047e+01 +1.282628305e+02 +1.282628305e+02 +1.1614e+00 -2.1346e-01 -2.8032e-01 +3.1504e+00 +2.9162e+00
2608 0 +1.225005540e+01 +1.279300554e+02 +1.279300554e+02 +2.1076e+00 -2.3366e+00 -8.5483e-01 +3.5547e+00 +3.2899e+00
2758 0 +7.243503386e+00 +1.229235034e+02 +1.229235034e+02 +2.2704e+00 -2.2095e-01 +2.9138e-01 +3.0929e+00 +3.2789e+00
6780 0 +6.826268665e+00 +1.225062687e+02 +1.225062687e+02 +2.1348e+00 -1.4630e-01 -3.7063e-01 +3.1025e+00 +2.9223e+00
7732 0 +6.726959218e+00 +1.224069592e+02 +1.224069592e+02 +2.1262e+00 -1.6299e-01 -3.3793e-01 +3.0820e+00 +2.9089e+00
9364 0 +6.305716709e+00 +1.219857167e+02 +1.219857167e+02 +2.1511e+00 -1.8933e-01 -3.5861e-01 +3.0965e+00 +2.9147e+00
16133 0 +6.305716709e+00 +1.219857167e+02 +1.219857167e+02 +2.1511e+00 -1.8933e-01 -3.5861e-01 +3.0965e+00 +2.9147e+00
% f evaluations | g evaluations | best noise-free fitness - Fopt (-3.710000000000e+00) + sum g_i+ | measured fitness | best measured fitness or single-digit g-values | x1 | x2...
1 0 +2.580895641e+02 +2.543795641e+02 +2.543795641e+02 +0.0000e+00 +0.0000e+00 +0.0000e+00 +0.0000e+00 +0.0000e+00
46 0 +2.322885056e+02 +2.285785056e+02 +2.285785056e+02 +3.3407e+00 -1.0833e+00 +1.5360e+00 +1.8056e+00 -7.2649e-01
47 0 +2.187934068e+02 +2.150834068e+02 +2.150834068e+02 +2.3475e+00 -8.6541e-01 +1.1623e+00 -3.6266e-01 +1.6565e-01
73 0 +1.679067266e+02 +1.641967266e+02 +1.641967266e+02 -9.0907e-03 +1.0239e+00 +8.7585e-01 +9.3966e-01 +8.4767e-01
89 0 +1.225682687e+02 +1.188582687e+02 +1.188582687e+02 +1.0743e+00 +4.0502e-01 -7.2641e-01 +3.1422e+00 +1.8320e+00
101 0 +8.777048807e+01 +8.406048807e+01 +8.406048807e+01 +1.4637e-01 +1.6313e+00 +1.1107e+00 +1.3165e+00 +2.8109e+00
163 0 +6.122482933e+01 +5.751482933e+01 +5.751482933e+01 +2.1660e+00 -4.2915e+00 +1.2269e+00 +2.8827e+00 +2.1671e+00
213 0 +2.899027005e+01 +2.528027005e+01 +2.528027005e+01 +1.3370e+00 -1.6140e+00 +1.7971e+00 +2.7021e+00 +3.1513e+00
370 0 +2.855589759e+01 +2.484589759e+01 +2.484589759e+01 +1.2022e+00 -3.7224e+00 +7.5086e-01 +3.5012e+00 +2.2153e+00
554 0 +2.452836543e+01 +2.081836543e+01 +2.081836543e+01 +9.4544e-01 -2.3236e+00 +7.9469e-01 +3.9488e+00 +2.8460e+00
726 0 +1.980679423e+01 +1.609679423e+01 +1.609679423e+01 +2.0996e+00 -1.5347e+00 +1.2153e+00 +4.7291e+00 +2.4728e+00
1063 0 +1.070928840e+01 +6.999288396e+00 +6.999288396e+00 +3.0279e+00 -6.5057e-01 +1.1553e+00 +3.9177e+00 +2.8769e+00
1300 0 +9.376205724e+00 +5.666205724e+00 +5.666205724e+00 +1.1977e+00 -1.6426e+00 +1.1838e+00 +3.9103e+00 +2.8649e+00
2968 0 +8.612824451e+00 +4.902824451e+00 +4.902824451e+00 +3.1210e+00 -2.3146e+00 +1.7906e+00 +3.4508e+00 +3.1220e+00
3542 0 +7.110472180e+00 +3.400472180e+00 +3.400472180e+00 +1.2618e+00 -1.4788e+00 +1.1636e+00 +3.9167e+00 +3.1516e+00
3693 0 +5.487024628e+00 +1.777024628e+00 +1.777024628e+00 +1.1842e+00 -2.3172e+00 +1.2027e+00 +3.8968e+00 +3.1531e+00
14209 0 +5.409140839e+00 +1.699140839e+00 +1.699140839e+00 +1.1485e+00 -2.3117e+00 +1.2148e+00 +3.9190e+00 +3.1513e+00
% f evaluations | g evaluations | best noise-free fitness - Fopt (1.321800000000e+02) + sum g_i+ | measured fitness | best measured fitness or single-digit g-values | x1 | x2...
1 0 +1.867275087e+02 +3.189075087e+02 +3.189075087e+02 +0.0000e+00 +0.0000e+00 +0.0000e+00 +0.0000e+00 +0.0000e+00
21 0 +1.207005180e+02 +2.528805180e+02 +2.528805180e+02 +1.6684e+00 -1.5437e-01 -4.7921e-01 -9.6423e-01 +1.2700e+00
85 0 +1.079833276e+02 +2.401633276e+02 +2.401633276e+02 -1.8321e+00 +3.8655e-02 +2.4226e+00 -2.6773e-02 +2.5150e+00
89 0 +1.048822081e+02 +2.370622081e+02 +2.370622081e+02 -2.3902e+00 +1.6006e+00 +2.5291e+00 -1.1120e+00 +1.1162e+00
99 0 +8.282252701e+01 +2.150025270e+02 +2.150025270e+02 +2.7840e-01 +3.1492e+00 +5.2489e-01 -1.0241e+00 +1.5041e+00
200 0 +8.039247308e+01 +2.125724731e+02 +2.125724731e+02 +3.1119e+00 +2.8961e+00 +1.2321e+00 -1.3904e+00 +1.2939e+00
232 0 +4.959108325e+01 +1.817710833e+02 +1.817710833e+02 +9.1832e-01 +2.0012e+00 +2.8289e+00 -2.4380e+00 +1.9143e+00
297 0 +3.595618566e+01 +1.681361857e+02 +1.681361857e+02 +3.7718e+00 +2.6720e+00 +2.3746e+00 -2.8485e+00 +1.5690e+00
479 0 +2.785097186e+01 +1.600309719e+02 +1.600309719e+02 +3.6314e+00 +2.1189e+00 +2.0151e+00 -2.0066e+00 +2.4351e+00
915 0 +1.498326933e+01 +1.471632693e+02 +1.471632693e+02 +2.7193e+00 +1.5190e+00 +2.8710e+00 -2.0605e+00 +1.8048e+00
2562 0 +1.081395811e+01 +1.429939581e+02 +1.429939581e+02 +1.6819e+00 +2.2985e+00 +2.8639e+00 -2.0045e+00 +2.1704e+00
5218 0 +8.782275135e+00 +1.409622751e+02 +1.409622751e+02 +2.7779e+00 +2.2896e+00 +3.4510e+00 -1.5626e+00 +1.8145e+00
6429 0 +8.493085269e+00 +1.406730853e+02 +1.406730853e+02 +2.8102e+00 +2.3125e+00 +3.4285e+00 -2.3691e+00 +1.8105e+00
6574 0 +8.102839889e+00 +1.402828399e+02 +1.402828399e+02 +3.7235e+00 +2.3098e+00 +3.4106e+00 -1.5290e+00 +1.8099e+00
7970 0 +7.344413813e+00 +1.395244138e+02 +1.395244138e+02 +2.7956e+00 +2.2392e+00 +3.4324e+00 -1.9585e+00 +1.8140e+00
8133 0 +6.695924060e+00 +1.388759241e+02 +1.388759241e+02 +2.7364e+00 +2.2782e+00 +3.4561e+00 -1.9559e+00 +1.8143e+00
15934 0 +6.695924060e+00 +1.388759241e+02 +1.388759241e+02 +2.7364e+00 +2.2782e+00 +3.4561e+00 -1.9559e+00 +1.8143e+00
% f evaluations | g evaluations | best noise-free fitness - Fopt (-3.930000000000e+01) + sum g_i+ | measured fitness | best measured fitness or single-digit g-values | x1 | x2...
1 0 +1.324979894e+02 +9.319798943e+01 +9.319798943e+01 +0.0000e+00 +0.0000e+00 +0.0000e+00 +0.0000e+00 +0.0000e+00
15 0 +1.028425226e+02 +6.354252258e+01 +6.354252258e+01 +1.8121e-01 +1.5056e-01 +1.9960e+00 +2.3520e+00 -8.0634e-01
24 0 +8.722303105e+01 +4.792303105e+01 +4.792303105e+01 -7.2760e-01 +7.9935e-01 +1.1150e+00 +3.4424e+00 +1.7693e-01
48 0 +8.233290226e+01 +4.303290226e+01 +4.303290226e+01 +9.2521e-01 +2.8116e-01 +2.4456e+00 +6.3370e-01 +7.3645e-01
57 0 +6.362477329e+01 +2.432477329e+01 +2.432477329e+01 +8.4291e-01 +3.1627e-01 +6.0170e-01 +3.8473e+00 -4.4393e-01
75 0 +5.420012584e+01 +1.490012584e+01 +1.490012584e+01 +8.0428e-01 -1.9621e+00 +2.2455e+00 +1.4217e+00 +1.0737e+00
114 0 +5.207126267e+01 +1.277126267e+01 +1.277126267e+01 +2.2253e+00 +1.7989e-01 +2.1919e+00 +2.1470e+00 +5.3402e-02
132 0 +3.739721982e+01 -1.902780180e+00 -1.902780180e+00 +6.8027e-01 +3.5515e-01 +1.8061e+00 +3.1580e+00 +6.4996e-01
152 0 +3.011439413e+01 -9.185605874e+00 -9.185605874e+00 +6.1622e-01 +4.1844e-01 +1.3231e+00 +2.1720e+00 +7.1367e-01
310 0 +2.785745234e+01 -1.144254766e+01 -1.144254766e+01 +4.5882e-01 -1.2646e+00 +2.1979e+00 +3.8253e+00 +2.5055e-01
589 0 +2.197548271e+01 -1.732451729e+01 -1.732451729e+01 +9.5768e-01 -2.0271e+00 +1.7487e+00 +2.9941e+00 +9.7268e-01
731 0 +1.339894037e+01 -2.590105963e+01 -2.590105963e+01 +1.5903e+00 -6.1131e-01 +1.6438e+00 +3.3654e+00 +2.9957e-01
1541 0 +1.142443071e+01 -2.787556929e+01 -2.787556929e+01 +6.6356e-01 -2.0247e+00 +2.3987e+00 +3.3661e+00 +1.0073e+00
3418 0 +1.040337864e+01 -2.889662136e+01 -2.889662136e+01 +5.6619e-01 -3.9571e-01 +1.8165e+00 +2.9621e+00 +7.0874e-01
4301 0 +8.632203473e+00 -3.066779653e+01 -3.066779653e+01 +6.1221e-01 -4.9951e-01 +1.7497e+00 +3.4001e+00 +6.9548e-01
4893 0 +8.395199930e+00 -3.090480007e+01 -3.090480007e+01 +5.8203e-01 -1.3157e+00 +1.7295e+00 +3.3537e+00 +6.9533e-01
6931 0 +7.993154598e+00 -3.130684540e+01 -3.130684540e+01 +6.3976e-01 -1.2215e+00 +1.7675e+00 +2.9262e+00 +9.9448e-01
7713 0 +7.328475267e+00 -3.197152473e+01 -3.197152473e+01 +5.6630e-01 -4.5291e-01 +1.7391e+00 +2.9605e+00 +9.9501e-01
7917 0 +7.207206271e+00 -3.209279373e+01 -3.209279373e+01 +5.0835e-01 -1.1861e+00 +1.7323e+00 +2.9635e+00 +9.9840e-01
7957 0 +6.574222695e+00 -3.272577731e+01 -3.272577731e+01 +5.5900e-01 -1.1932e+00 +1.7150e+00 +2.9546e+00 +1.0030e+00
11999 0 +6.574222695e+00 -3.272577731e+01 -3.272577731e+01 +5.5900e-01 -1.1932e+00 +1.7150e+00 +2.9546e+00 +1.0030e+00
% f evaluations | g evaluations | best noise-free fitness - Fopt (4.296000000000e+01) + sum g_i+ | measured fitness | best measured fitness or single-digit g-values | x1 | x2...
1 0 +1.213836096e+02 +1.643436096e+02 +1.643436096e+02 +0.0000e+00 +0.0000e+00 +0.0000e+00 +0.0000e+00 +0.0000e+00
44 0 +6.469448698e+01 +1.076544870e+02 +1.076544870e+02 -1.6837e+00 +2.6120e-01 -5.8774e-01 +1.3990e+00 +6.0180e-01
376 0 +3.050318629e+01 +7.346318629e+01 +7.346318629e+01 -5.1788e-01 +3.4167e+00 +1.9584e+00 +1.4037e+00 +8.9271e-01
618 0 +2.844957480e+01 +7.140957480e+01 +7.140957480e+01 -1.4230e+00 +2.6309e+00 +2.7523e+00 +9.4833e-01 +2.7194e-01
762 0 +2.582376740e+01 +6.878376740e+01 +6.878376740e+01 -1.4547e+00 +2.6026e+00 +2.3583e+00 +5.7737e-01 +5.7238e-01
813 0 +8.670935155e+00 +5.163093516e+01 +5.163093516e+01 -4.4067e-01 +2.4922e+00 +2.2334e+00 +1.0387e+00 +5.8615e-01
3213 0 +8.423461238e+00 +5.138346124e+01 +5.138346124e+01 +1.6028e+00 +2.5308e+00 +2.2234e+00 +9.8093e-01 +5.6270e-01
8111 0 +7.831023284e+00 +5.079102328e+01 +5.079102328e+01 +5.2330e-01 +1.7762e+00 +2.1818e+00 +1.0003e+00 +2.3106e-01
14999 0 +7.831023284e+00 +5.079102328e+01 +5.079102328e+01 +5.2330e-01 +1.7762e+00 +2.1818e+00 +1.0003e+00 +2.3106e-01
% f evaluations | g evaluations | best noise-free fitness - Fopt (2.842200000000e+02) + sum g_i+ | measured fitness | best measured fitness or single-digit g-values | x1 | x2...
1 0 +9.418868072e+01 +3.784086807e+02 +3.784086807e+02 +0.0000e+00 +0.0000e+00 +0.0000e+00 +0.0000e+00 +0.0000e+00
35 0 +9.174432830e+01 +3.759643283e+02 +3.759643283e+02 +2.1917e+00 -1.0579e+00 -1.9489e-01 +4.2616e-01 +9.8248e-01
45 0 +8.861146523e+01 +3.728314652e+02 +3.728314652e+02 +9.4224e-01 -1.3568e+00 -5.1098e-01 -4.2783e-01 +1.7549e+00
126 0 +5.317614363e+01 +3.373961436e+02 +3.373961436e+02 -9.0308e-01 +7.0101e-01 -1.7138e+00 +1.8228e+00 +1.1220e+00
318 0 +5.215288903e+01 +3.363728890e+02 +3.363728890e+02 -1.1418e+00 -2.6551e+00 -1.9433e-02 +2.6362e+00 +1.2678e+00
380 0 +3.048336765e+01 +3.147033677e+02 +3.147033677e+02 -7.0385e-02 -1.5931e+00 +4.8583e-01 +1.2684e+00 +1.5061e+00
592 0 +2.671936191e+01 +3.109393619e+02 +3.109393619e+02 +1.9816e-01 -1.5809e+00 -3.4179e-02 +3.0351e+00 +1.5185e+00
603 0 +2.527117521e+01 +3.094911752e+02 +3.094911752e+02 +4.4948e-01 -1.0002e+00 +6.0765e-01 +2.2072e+00 +1.1673e+00
1195 0 +2.479636881e+01 +3.090163688e+02 +3.090163688e+02 +1.2768e+00 -1.3705e-01 -4.4679e-03 +1.3590e+00 +1.1503e+00
1228 0 +2.017400116e+01 +3.043940012e+02 +3.043940012e+02 +9.6644e-01 +1.4618e+00 +4.4226e-01 +2.3010e+00 +1.5160e+00
1434 0 +1.828812629e+01 +3.025081263e+02 +3.025081263e+02 +1.2626e-01 -1.0391e+00 +4.8236e-01 +2.2602e+00 +1.2379e+00
1954 0 +1.681855385e+01 +3.010385539e+02 +3.010385539e+02 +1.2695e+00 -3.4229e-01 +1.0101e+00 +2.2242e+00 +1.5209e+00
2179 0 +1.534462539e+01 +2.995646254e+02 +2.995646254e+02 +1.1579e+00 -3.3400e-01 +9.8828e-01 +2.1750e+00 +1.5652e+00
2384 0 +1.275731038e+01 +2.969773104e+02 +2.969773104e+02 +1.2126e+00 -2.9039e-01 +1.0150e+00 +1.7607e+00 +1.8779e+00
2559 0 +1.088765349e+01 +2.951076535e+02 +2.951076535e+02 +2.0696e+00 +3.7980e-01 +1.0110e+00 +1.8759e+00 +1.5287e+00
2683 0 +9.402592513e+00 +2.936225925e+02 +2.936225925e+02 +2.0138e+00 +1.2280e+00 +1.0259e+00 +1.8151e+00 +1.5219e+00
3818 0 +8.216622327e+00 +2.924366223e+02 +2.924366223e+02 +1.6773e-01 -1.0505e+00 +1.0176e+00 +2.1984e+00 +1.5260e+00
3981 0 +7.405172456e+00 +2.916251725e+02 +2.916251725e+02 +1.2082e-01 -2.1709e-01 +1.0326e+00 +2.6807e+00 +1.5125e+00
4055 0 +6.819320882e+00 +2.910393209e+02 +2.910393209e+02 +2.2121e-01 +6.1209e-01 +1.0355e+00 +2.2202e+00 +1.5290e+00
6702 0 +6.632765398e+00 +2.908527654e+02 +2.908527654e+02 +1.7366e-01 -1.5284e-01 +1.0382e+00 +2.2359e+00 +1.5364e+00
11523 0 +6.632765398e+00 +2.908527654e+02 +2.908527654e+02 +1.7366e-01 -1.5284e-01 +1.0382e+00 +2.2359e+00 +1.5364e+00
% f evaluations | g evaluations | best noise-free fitness - Fopt (-3.217000000000e+01) + sum g_i+ | measured fitness | best measured fitness or single-digit g-values | x1 | x2...
1 0 +2.171020752e+02 +1.849320752e+02 +1.849320752e+02 +0.0000e+00 +0.0000e+00 +0.0000e+00 +0.0000e+00 +0.0000e+00
10 0 +1.554137238e+02 +1.232437238e+02 +1.232437238e+02 +2.3885e+00 +4.3700e+00 -1.6466e+00 -1.3482e+00 +2.9695e+00
21 0 +1.137615373e+02 +8.159153735e+01 +8.159153735e+01 +1.2055e+00 +3.7157e+00 -5.7461e-01 -1.4348e+00 +2.0405e+00
89 0 +1.066971239e+02 +7.452712391e+01 +7.452712391e+01 -2.0099e-01 +4.7011e+00 +2.8087e-01 -1.3481e+00 +2.0239e+00
152 0 +6.701628287e+01 +3.484628287e+01 +3.484628287e+01 -1.4646e+00 -7.2597e-01 -9.8227e-02 +6.1817e-01 +2.7613e+00
163 0 +3.247917330e+01 +3.091733013e-01 +3.091733013e-01 -2.2273e-01 +9.7490e-01 -1.2880e-01 +6.8413e-01 +3.7634e+00
458 0 +9.944243460e+00 -2.222575654e+01 -2.222575654e+01 +5.4703e-01 +2.6166e+00 -1.1368e-01 +2.7466e-01 +3.3802e+00
2564 0 +9.634573404e+00 -2.253542660e+01 -2.253542660e+01 -4.6037e-01 +1.0334e+00 -1.4468e-01 -1.2554e-01 +3.4201e+00
2582 0 +7.232595707e+00 -2.493740429e+01 -2.493740429e+01 -5.4026e-01 +1.0354e+00 -1.2138e-01 -1.3473e-01 +3.3903e+00
8637 0 +6.812014708e+00 -2.535798529e+01 -2.535798529e+01 -5.2096e-01 +1.8255e+00 -1.4577e-01 -1.4728e-01 +3.4038e+00
9459 0 +6.414956560e+00 -2.575504344e+01 -2.575504344e+01 -5.2828e-01 +1.8238e+00 -1.3114e-01 -1.3281e-01 +3.3888e+00
12653 0 +6.299353645e+00 -2.587064636e+01 -2.587064636e+01 -5.2783e-01 +1.8483e+00 -1.0919e-01 -1.3115e-01 +3.3930e+00
14053 0 +6.140367525e+00 -2.602963248e+01 -2.602963248e+01 -4.9838e-01 +1.8375e+00 -1.4802e-01 -1.4095e-01 +3.3913e+00
14180 0 +6.009982595e+00 -2.616001740e+01 -2.616001740e+01 -5.1354e-01 +1.8547e+00 -1.4616e-01 -1.4003e-01 +3.3902e+00
16860 0 +5.969749306e+00 -2.620025069e+01 -2.620025069e+01 -5.0944e-01 +1.8544e+00 -1.3524e-01 -1.3920e-01 +3.3909e+00
% f evaluations | g evaluations | best noise-free fitness - Fopt (-5.858000000000e+01) + sum g_i+ | measured fitness | best measured fitness or single-digit g-values | x1 | x2...
1 0 +2.560737752e+02 +1.974937752e+02 +1.974937752e+02 +0.0000e+00 +0.0000e+00 +0.0000e+00 +0.0000e+00 +0.0000e+00
5 0 +1.417382072e+02 +8.315820723e+01 +8.315820723e+01 -2.0993e+00 +2.1887e+00 +6.5784e-01 -7.2079e-01 +3.5900e+00
12 0 +1.313382989e+02 +7.275829886e+01 +7.275829886e+01 -5.9783e-01 +9.0120e-02 +5.8119e-01 -9.7103e-01 +3.4918e+00
30 0 +1.249878412e+02 +6.640784120e+01 +6.640784120e+01 -3.4705e+00 +3.1739e-01 -1.0403e-01 +1.9443e+00 +1.9436e+00
40 0 +1.065160162e+02 +4.793601616e+01 +4.793601616e+01 -2.7416e+00 +1.3903e+00 +9.6745e-01 +1.1648e+00 +3.0789e+00
64 0 +7.906273385e+01 +2.048273385e+01 +2.048273385e+01 -7.2808e-01 -1.3154e+00 +4.6192e-01 +1.8721e+00 +2.2740e+00
70 0 +7.643972166e+01 +1.785972166e+01 +1.785972166e+01 -1.3880e+00 -2.3812e+00 -5.5313e-01 +7.0395e-01 +1.7480e+00
80 0 +7.203585040e+01 +1.345585040e+01 +1.345585040e+01 -1.8162e+00 -1.6058e+00 -6.1224e-02 +9.8185e-01 +2.6939e+00
127 0 +5.778307302e+01 -7.969269786e-01 -7.969269786e-01 -9.0144e-01 -1.0497e+00 +9.7890e-01 +1.4055e+00 +3.4808e+00
130 0 +5.716405099e+01 -1.415949014e+00 -1.415949014e+00 -1.0247e+00 +4.6401e-01 +3.7249e-01 +1.3733e+00 +3.5538e+00
246 0 +4.430508199e+01 -1.427491801e+01 -1.427491801e+01 +1.6114e+00 -2.1971e+00 -1.2411e+00 +1.8871e+00 +2.9380e+00
359 0 +3.427003552e+01 -2.430996448e+01 -2.430996448e+01 -4.8276e-01 -1.0194e+00 -7.0846e-01 +1.4292e+00 +3.2561e+00
392 0 +3.246903769e+01 -2.611096231e+01 -2.611096231e+01 +8.5489e-01 -2.5138e+00 +6.8163e-01 +1.4124e+00 +3.2792e+00
398 0 +3.113726669e+01 -2.744273331e+01 -2.744273331e+01 -4.1976e-01 -1.2599e+00 +2.6206e-01 +1.4312e+00 +3.2375e+00
431 0 +1.560772545e+01 -4.297227455e+01 -4.297227455e+01 +2.5525e+00 -2.5813e+00 +3.6638e-01 +1.8083e+00 +3.3440e+00
1746 0 +1.079922971e+01 -4.778077029e+01 -4.778077029e+01 +2.6083e+00 -3.3570e+00 +4.2681e-01 +1.8782e+00 +3.2953e+00
4102 0 +6.591280898e+00 -5.198871910e+01 -5.198871910e+01 +6.1937e-01 -1.7374e+00 +3.4757e-01 +1.8662e+00 +3.5886e+00
4772 0 +6.326668767e+00 -5.225333123e+01 -5.225333123e+01 +6.8007e-01 -2.4809e+00 +3.7282e-01 +1.8620e+00 +3.5672e+00
15433 0 +6.183927309e+00 -5.239607269e+01 -5.239607269e+01 +5.9361e-01 -2.4704e+00 +3.8826e-01 +1.8437e+00 +3.5837e+00
16986 0 +5.699072968e+00 -5.288092703e+01 -5.288092703e+01 +7.1399e-01 -2.5115e+00 +3.7844e-01 +1.8606e+00 +3.5826e+00
16988 0 +5.257286234e+00 -5.332271377e+01 -5.332271377e+01 +6.2784e-01 -2.4945e+00 +3.7030e-01 +1.8579e+00 +3.5790e+00
20751 0 +5.257286234e+00 -5.332271377e+01 -5.332271377e+01 +6.2784e-01 -2.4945e+00 +3.7030e-01 +1.8579e+00 +3.5790e+00
% f evaluations | g evaluations | best noise-free fitness - Fopt (-6.049200000000e+02) + sum g_i+ | measured fitness | best measured fitness or single-digit g-values | x1 | x2...
1 0 +9.358817336e+01 -5.113318266e+02 -5.113318266e+02 +0.0000e+00 +0.0000e+00 +0.0000e+00 +0.0000e+00 +0.0000e+00
96 0 +8.827410981e+01 -5.166458902e+02 -5.166458902e+02 -1.2812e+00 -1.1951e+00 +1.7986e+00 +6.7696e-02 -3.2703e-01
130 0 +8.615079887e+01 -5.187692011e+02 -5.187692011e+02 -4.3121e-01 -1.1707e-01 +2.0227e+00 +1.7803e+00 -1.9009e+00
146 0 +7.417670052e+01 -5.307432995e+02 -5.307432995e+02 -2.2990e+00 -2.8750e-01 +9.2633e-01 +1.1884e+00 -7.8219e-01
178 0 +5.023995662e+01 -5.546800434e+02 -5.546800434e+02 -1.2621e+00 -3.5076e-01 +9.5087e-01 +1.9899e-01 +3.4227e-01
179 0 +4.457191730e+01 -5.603480827e+02 -5.603480827e+02 -2.1197e+00 +3.0067e-01 +1.4608e+00 +2.6048e+00 -5.9024e-01
256 0 +4.101502032e+01 -5.639049797e+02 -5.639049797e+02 -7.9886e-01 -1.9656e+00 +2.1331e+00 +2.8091e+00 -8.0200e-01
266 0 +3.616794024e+01 -5.687520598e+02 -5.687520598e+02 -2.1407e+00 -1.6556e+00 +1.5300e+00 +2.7978e+00 -5.7104e-01
395 0 +2.673126655e+01 -5.781887334e+02 -5.781887334e+02 +3.6728e-02 -4.4474e-01 +1.4604e+00 +1.8352e+00 -6.3804e-01
422 0 +2.384261720e+01 -5.810773828e+02 -5.810773828e+02 -1.1022e+00 +4.1394e-01 +1.6417e+00 +1.4588e+00 +2.9892e-02
922 0 +2.145502222e+01 -5.834649778e+02 -5.834649778e+02 -2.0253e+00 -2.3435e+00 +2.0089e+00 +2.3285e+00 -3.0596e-01
1215 0 +8.115387551e+00 -5.968046124e+02 -5.968046124e+02 +6.6371e-02 -1.8052e+00 +2.0145e+00 +1.4851e+00 +6.6667e-02
5563 0 +7.540489390e+00 -5.973795106e+02 -5.973795106e+02 +9.8761e-01 -2.1899e-01 +1.3931e+00 +1.9364e+00 +3.6220e-01
5584 0 +7.021593611e+00 -5.978984064e+02 -5.978984064e+02 +9.3634e-01 +6.5147e-01 +1.4792e+00 +1.8952e+00 +3.4329e-01
5736 0 +5.173612317e+00 -5.997463877e+02 -5.997463877e+02 +9.9321e-01 +5.2487e-01 +2.0573e+00 +1.8870e+00 +3.4718e-01
5960 0 +5.119626736e+00 -5.998003733e+02 -5.998003733e+02 +9.8659e-01 -1.1018e+00 +1.4773e+00 +1.8904e+00 +3.3163e-01
6034 0 +4.551699888e+00 -6.003683001e+02 -6.003683001e+02 +9.9134e-01 -1.0254e+00 +1.9924e+00 +1.9081e+00 +3.4146e-01
6189 0 +3.950974858e+00 -6.009690251e+02 -6.009690251e+02 +9.3767e-01 -2.0284e-01 +2.0177e+00 +1.8731e+00 +3.5212e-01
6199 0 +2.977821896e+00 -6.019421781e+02 -6.019421781e+02 +9.1949e-01 -2.7853e-01 +2.0572e+00 +1.8850e+00 +3.4930e-01
6375 0 +2.801159672e+00 -6.021188403e+02 -6.021188403e+02 +9.3913e-01 -1.0061e+00 +2.0389e+00 +1.9222e+00 +3.5159e-01
6848 0 +1.840337618e+00 -6.030796624e+02 -6.030796624e+02 +9.3143e-01 -1.0029e+00 +2.0480e+00 +1.8656e+00 +3.5556e-01
6853 0 +1.633989074e+00 -6.032860109e+02 -6.032860109e+02 +9.0887e-01 -1.0153e+00 +2.0545e+00 +1.8940e+00 +3.6283e-01
7848 0 +1.577185281e+00 -6.033428147e+02 -6.033428147e+02 +9.2415e-01 -9.8292e-01 +2.0643e+00 +1.8725e+00 +3.5846e-01
8539 0 +1.496597780e+00 -6.034234022e+02 -6.034234022e+02 +9.9025e-01 -2.1896e-01 +2.0508e+00 +1.8836e+00 +3.5654e-01
8593 0 +1.477942427e+00 -6.034420576e+02 -6.034420576e+02 +9.7092e-01 -1.8812e-01 +2.0682e+00 +1.8774e+00 +3.5223e-01
8655 0 +1.400407329e+00 -6.035195927e+02 -6.035195927e+02 +9.8322e-01 -2.3093e-01 +2.0560e+00 +1.8899e+00 +3.6120e-01
8667 0 +1.207947910e+00 -6.037120521e+02 -6.037120521e+02 +9.8090e-01 -2.0367e-01 +2.0651e+00 +1.8956e+00 +3.5848e-01
8698 0 +1.169259892e+00 -6.037507401e+02 -6.037507401e+02 +9.8643e-01 -2.1782e-01 +2.0666e+00 +1.8929e+00 +3.5927e-01
8707 0 +1.127723613e+00 -6.037922764e+02 -6.037922764e+02 +9.8829e-01 -2.0803e-01 +2.0627e+00 +1.8885e+00 +3.5925e-01
8843 0 +1.039042938e+00 -6.038809571e+02 -6.038809571e+02 +9.9909e-01 -2.0047e-01 +2.0675e+00 +1.8857e+00 +3.6124e-01
9006 0 +1.013190705e+00 -6.039068093e+02 -6.039068093e+02 +9.9688e-01 -1.9858e-01 +2.0698e+00 +1.8889e+00 +3.6086e-01
9200 0 +9.997239213e-01 -6.039202761e+02 -6.039202761e+02 +9.9552e-01 -1.9672e-01 +2.0716e+00 +1.8873e+00 +3.6230e-01
11435 0 +9.949590606e-01 -6.039250409e+02 -6.039250409e+02 +9.9840e-01 -1.9577e-01 +2.0736e+00 +1.8880e+00 +3.6240e-01
% f evaluations | g evaluations | best noise-free fitness - Fopt (1.337000000000e+02) + sum g_i+ | measured fitness | best measured fitness or single-digit g-values | x1 | x2...
1 0 +2.379222058e+02 +3.716222058e+02 +3.716222058e+02 +0.0000e+00 +0.0000e+00 +0.0000e+00 +0.0000e+00 +0.0000e+00
6 0 +2.339483131e+02 +3.676483131e+02 +3.676483131e+02 -1.1251e+00 -1.9114e+00 -8.5420e-01 +1.0861e+00 -4.0631e-02
7 0 +1.938484315e+02 +3.275484315e+02 +3.275484315e+02 +3.1546e+00 -8.4290e-01 +5.8520e-01 +4.2088e+00 +2.0346e+00
11 0 +1.449963956e+02 +2.786963956e+02 +2.786963956e+02 -1.1124e+00 -6.3687e-01 -5.2419e-01 +1.7685e+00 +1.3644e+00
12 0 +9.666227495e+01 +2.303622749e+02 +2.303622749e+02 +1.8336e+00 +1.8325e-01 -2.6371e-02 +1.3334e+00 +2.0633e+00
26 0 +7.903704308e+01 +2.127370431e+02 +2.127370431e+02 +1.0195e+00 +1.5623e+00 -4.7557e-01 +4.0012e+00 +3.6139e+00
40 0 +5.949299098e+01 +1.931929910e+02 +1.931929910e+02 +2.7392e-02 +1.6726e+00 -5.9534e-01 +9.5109e-01 +3.6386e+00
63 0 +5.229555724e+01 +1.859955572e+02 +1.859955572e+02 +5.5256e-01 -6.1305e-01 -2.7012e-01 +1.9545e+00 +2.5791e+00
179 0 +4.362836196e+01 +1.773283620e+02 +1.773283620e+02 -1.5861e+00 +1.3187e+00 -2.5420e-01 +2.3767e+00 +3.6504e+00
427 0 +3.581220579e+01 +1.695122058e+02 +1.695122058e+02 +9.2313e-01 +8.8357e-01 +4.1993e-01 +1.5156e+00 +3.0139e+00
450 0 +3.140687504e+01 +1.651068750e+02 +1.651068750e+02 +2.3492e+00 +9.4490e-01 -3.3683e-01 +2.8450e+00 +3.1289e+00
537 0 +2.844095521e+01 +1.621409552e+02 +1.621409552e+02 +1.8549e-01 +1.5329e+00 -2.3135e-01 +1.9326e+00 +3.4314e+00
614 0 +1.907003885e+01 +1.527700388e+02 +1.527700388e+02 +1.5260e+00 +9.2862e-01 -3.1185e-01 +1.9131e+00 +3.0984e+00
1975 0 +1.805918447e+01 +1.517591845e+02 +1.517591845e+02 +1.5719e+00 +1.6869e+00 -3.3979e-01 +1.5723e+00 +3.6691e+00
2232 0 +1.492690471e+01 +1.486269047e+02 +1.486269047e+02 +1.5384e+00 +1.8845e+00 +3.3574e-01 +1.4856e+00 +3.3470e+00
3009 0 +1.306363695e+01 +1.467636370e+02 +1.467636370e+02 +5.4874e-01 +1.6884e+00 -1.7905e-01 +2.3756e+00 +3.0219e+00
3352 0 +1.221969501e+01 +1.459196950e+02 +1.459196950e+02 +2.4231e+00 +1.8389e+00 -1.5291e-01 +1.5143e+00 +3.0407e+00
3736 0 +1.036173307e+01 +1.440617331e+02 +1.440617331e+02 +2.4541e+00 +2.5546e+00 -2.2123e-01 +1.5060e+00 +3.0144e+00
3821 0 +8.429890797e+00 +1.421298908e+02 +1.421298908e+02 +2.3864e+00 +9.7586e-01 -2.1651e-01 +1.4764e+00 +2.9942e+00
3838 0 +7.687866919e+00 +1.413878669e+02 +1.413878669e+02 +2.4354e+00 +9.8520e-01 -1.4046e-01 +1.9303e+00 +2.9890e+00
4610 0 +6.998858049e+00 +1.406988580e+02 +1.406988580e+02 +2.3979e+00 +9.1317e-01 -2.1261e-01 +1.9346e+00 +2.9957e+00
7031 0 +5.217008447e+00 +1.389170084e+02 +1.389170084e+02 +2.4607e+00 +9.3714e-01 -2.2662e-01 +1.9236e+00 +2.9999e+00
17798 0 +5.217008447e+00 +1.389170084e+02 +1.389170084e+02 +2.4607e+00 +9.3714e-01 -2.2662e-01 +1.9236e+00 +2.9999e+00
% f evaluations | g evaluations | best noise-free fitness - Fopt (-2.098000000000e+01) + sum g_i+ | measured fitness | best measured fitness or single-digit g-values | x1 | x2...
1 0 +1.257910081e+02 +1.048110081e+02 +1.048110081e+02 +0.0000e+00 +0.0000e+00 +0.0000e+00 +0.0000e+00 +0.0000e+00
39 0 +1.089457584e+02 +8.796575843e+01 +8.796575843e+01 +3.6242e-01 -1.8225e+00 -9.0820e-01 -2.1504e+00 +1.9939e+00
41 0 +8.039202701e+01 +5.941202701e+01 +5.941202701e+01 -4.9641e-02 +1.2795e+00 -8.2359e-01 +1.5689e+00 +2.0787e-01
45 0 +4.011427093e+01 +1.913427093e+01 +1.913427093e+01 -3.5035e-02 +9.2867e-01 -3.2569e-01 +8.7176e-01 +2.1025e+00
544 0 +3.923516691e+01 +1.825516691e+01 +1.825516691e+01 +1.9080e-01 +5.6555e-01 -4.9161e-01 +1.1641e+00 +1.8288e+00
565 0 +3.235766146e+01 +1.137766146e+01 +1.137766146e+01 +1.2292e+00 +3.9809e-01 -3.0219e-01 +1.3137e+00 +1.7793e+00
624 0 +2.197010501e+01 +9.901050141e-01 +9.901050141e-01 +2.3507e+00 +2.6232e+00 -8.3259e-01 +7.9098e-01 +1.8268e+00
992 0 +1.993188296e+01 -1.048117045e+00 -1.048117045e+00 -1.6955e-01 +1.9736e+00 -2.9620e-01 +3.7792e-01 +2.2285e+00
1111 0 +1.882749068e+01 -2.152509322e+00 -2.152509322e+00 +1.0445e+00 +1.3201e+00 -2.7025e-01 +1.2897e+00 +2.1837e+00
1138 0 +9.491654042e+00 -1.148834596e+01 -1.148834596e+01 +1.0473e+00 +1.9554e+00 -2.3108e-01 +1.2973e+00 +2.4799e+00
3498 0 +8.481307621e+00 -1.249869238e+01 -1.249869238e+01 +1.0830e+00 +1.8583e+00 -2.6536e-01 -5.7159e-02 +2.4606e+00
5619 0 +7.851534393e+00 -1.312846561e+01 -1.312846561e+01 +1.9847e+00 +1.9161e+00 +1.8186e-01 -6.3841e-02 +2.4669e+00
6023 0 +5.466952724e+00 -1.551304728e+01 -1.551304728e+01 +1.0588e+00 +1.0982e+00 +2.5268e-01 +3.2932e-01 +2.4904e+00
6604 0 +2.879845965e+00 -1.810015403e+01 -1.810015403e+01 +2.0014e+00 +2.6753e+00 +2.4277e-01 +4.0708e-01 +2.4805e+00
6704 0 +2.477310190e+00 -1.850268981e+01 -1.850268981e+01 +2.0104e+00 +2.6459e+00 +2.5810e-01 +3.6650e-01 +2.4889e+00
8014 0 +1.636938865e+00 -1.934306114e+01 -1.934306114e+01 +2.0310e+00 +2.7435e+00 +2.6513e-01 +3.7063e-01 +2.4835e+00
13269 0 +1.529978498e+00 -1.945002150e+01 -1.945002150e+01 +2.0167e+00 +2.7267e+00 +2.5208e-01 +3.8770e-01 +2.4890e+00
13318 0 +1.428134319e+00 -1.955186568e+01 -1.955186568e+01 +2.0202e+00 +2.7326e+00 +2.5369e-01 +3.8550e-01 +2.4906e+00
13322 0 +1.401867505e+00 -1.957813250e+01 -1.957813250e+01 +2.0296e+00 +2.7333e+00 +2.5142e-01 +3.7931e-01 +2.4853e+00
13326 0 +1.195957547e+00 -1.978404245e+01 -1.978404245e+01 +2.0498e+00 +2.7269e+00 +2.5864e-01 +3.7517e-01 +2.4884e+00
13337 0 +1.174177111e+00 -1.980582289e+01 -1.980582289e+01 +2.0400e+00 +2.7360e+00 +2.5443e-01 +3.8351e-01 +2.4863e+00
13343 0 +1.120916777e+00 -1.985908322e+01 -1.985908322e+01 +2.0462e+00 +2.7184e+00 +2.5987e-01 +3.8771e-01 +2.4878e+00
13433 0 +1.085099690e+00 -1.989490031e+01 -1.989490031e+01 +2.0521e+00 +2.7270e+00 +2.6179e-01 +3.8961e-01 +2.4861e+00
13515 0 +1.068277891e+00 -1.991172211e+01 -1.991172211e+01 +2.0552e+00 +2.7388e+00 +2.5544e-01 +3.9125e-01 +2.4899e+00
13589 0 +1.041131278e+00 -1.993886872e+01 -1.993886872e+01 +2.0552e+00 +2.7271e+00 +2.6010e-01 +3.8880e-01 +2.4900e+00
13607 0 +1.014127263e+00 -1.996587274e+01 -1.996587274e+01 +2.0554e+00 +2.7352e+00 +2.6157e-01 +3.8541e-01 +2.4884e+00
13809 0 +9.980505603e-01 -1.998194944e+01 -1.998194944e+01 +2.0593e+00 +2.7355e+00 +2.6261e-01 +3.8639e-01 +2.4902e+00
16580 0 +9.949590601e-01 -1.998504094e+01 -1.998504094e+01 +2.0600e+00 +2.7386e+00 +2.6400e-01 +3.8640e-01 +2.4904e+00
% f evaluations | g evaluations | best noise-free fitness - Fopt (1.353300000000e+02) + sum g_i+ | measured fitness | best measured fitness or single-digit g-values | x1 | x2...
1 0 +1.969743684e+02 +3.323043684e+02 +3.323043684e+02 +0.0000e+00 +0.0000e+00 +0.0000e+00 +0.0000e+00 +0.0000e+00
9 0 +1.253282849e+02 +2.606582849e+02 +2.606582849e+02 -1.6424e+00 -4.8938e+00 +2.0356e-01 -2.0319e-01 +2.4751e+00
28 0 +1.039714466e+02 +2.393014466e+02 +2.393014466e+02 -2.0458e-02 -2.3708e+00 -3.8218e-02 -4.7675e-01 +1.9458e+00
31 0 +1.012763768e+02 +2.366063768e+02 +2.366063768e+02 -2.2585e+00 -4.3849e+00 -2.4776e-01 -2.9429e+00 +2.5980e+00
45 0 +9.853185963e+01 +2.338618596e+02 +2.338618596e+02 -1.6425e+00 -4.3512e+00 -1.2901e+00 -2.9581e+00 +1.9337e+00
47 0 +9.326919212e+01 +2.285991921e+02 +2.285991921e+02 -2.1647e+00 -4.3701e+00 -6.9804e-01 -2.5201e+00 +2.4679e+00
83 0 +7.681962034e+01 +2.121496203e+02 +2.121496203e+02 -1.6441e+00 -2.4196e+00 +3.0607e-01 -1.3522e+00 +1.6943e+00
118 0 +5.623811724e+01 +1.915681172e+02 +1.915681172e+02 -3.0697e-01 -5.4713e-02 -1.3525e+00 -1.7260e+00 +2.3354e+00
132 0 +4.547675777e+01 +1.808067578e+02 +1.808067578e+02 -2.6566e+00 -2.2812e+00 -1.3125e-01 -2.7210e+00 +2.4306e+00
233 0 +2.791442663e+01 +1.632444266e+02 +1.632444266e+02 -1.3741e+00 +2.1232e+00 +4.3000e-01 -3.0391e+00 +2.2287e+00
260 0 +2.600285239e+01 +1.613328524e+02 +1.613328524e+02 -4.1950e-01 +6.4695e-01 +4.1306e-01 -3.1168e+00 +2.9602e+00
678 0 +2.003791836e+01 +1.553679184e+02 +1.553679184e+02 -1.4101e+00 -8.1810e-01 +3.1904e-01 -2.2341e+00 +2.9285e+00
708 0 +1.920628081e+01 +1.545362808e+02 +1.545362808e+02 -4.8781e-01 -7.7769e-01 +2.3649e-01 -2.1937e+00 +2.4468e+00
1170 0 +1.136563237e+01 +1.466956324e+02 +1.466956324e+02 -1.3756e+00 -5.3100e-02 +3.9531e-01 -3.0185e+00 +2.8351e+00
1646 0 +1.097615023e+01 +1.463061502e+02 +1.463061502e+02 +5.3821e-01 -1.2902e+00 +4.4924e-01 -2.9883e+00 +3.1588e+00
2397 0 +9.246299151e+00 +1.445762992e+02 +1.445762992e+02 +4.9300e-01 -1.6670e-02 +3.5049e-01 -2.6143e+00 +2.9176e+00
2802 0 +7.713069316e+00 +1.430430693e+02 +1.430430693e+02 +4.3763e-01 +3.8376e-02 +3.5135e-01 -2.5826e+00 +2.8924e+00
3023 0 +3.878244777e+00 +1.392082448e+02 +1.392082448e+02 +5.2683e-01 +4.7582e-04 +3.6580e-01 -3.0443e+00 +2.8545e+00
10327 0 +3.878244777e+00 +1.392082448e+02 +1.392082448e+02 +5.2683e-01 +4.7582e-04 +3.6580e-01 -3.0443e+00 +2.8545e+00
% f evaluations | g evaluations | best noise-free fitness - Fopt (4.066000000000e+01) + sum g_i+ | measured fitness | best measured fitness or single-digit g-values | x1 | x2...
1 0 +1.724702693e+02 +2.131302693e+02 +2.131302693e+02 +0.0000e+00 +0.0000e+00 +0.0000e+00 +0.0000e+00 +0.0000e+00
21 0 +1.524961880e+02 +1.931561880e+02 +1.931561880e+02 -1.0927e+00 +7.2846e-02 +3.4985e-02 +2.4318e-01 +7.2689e-01
46 0 +1.451667441e+02 +1.858267441e+02 +1.858267441e+02 -9.4151e-01 -4.2766e+00 +2.2750e+00 +4.3342e-01 +1.7644e+00
53 0 +1.077441264e+02 +1.484041264e+02 +1.484041264e+02 -2.7968e-01 -9.3598e-01 +8.9359e-01 -5.8875e-01 +1.3831e+00
119 0 +9.649762058e+01 +1.371576206e+02 +1.371576206e+02 -6.5301e-01 +7.3889e-01 +8.7734e-01 -2.6085e+00 +1.7891e+00
140 0 +8.952351139e+01 +1.301835114e+02 +1.301835114e+02 +1.2554e+00 -3.3490e-01 +1.0605e+00 -8.1670e-01 +7.9465e-01
147 0 +7.678931377e+01 +1.174493138e+02 +1.174493138e+02 +1.4372e+00 +9.7097e-01 +2.1299e+00 -3.0650e+00 +8.1899e-01
158 0 +6.746592590e+01 +1.081259259e+02 +1.081259259e+02 -2.2538e+00 +1.0081e+00 +2.7749e+00 -2.2740e+00 +1.5016e+00
166 0 +6.484740065e+01 +1.055074006e+02 +1.055074006e+02 +8.3592e-01 +1.1793e+00 +2.2503e+00 -3.7234e+00 +1.6328e+00
183 0 +6.208062287e+01 +1.027406229e+02 +1.027406229e+02 -1.8053e+00 +1.5859e+00 +2.3689e+00 -3.0879e+00 +1.4228e+00
197 0 +5.513936388e+01 +9.579936388e+01 +9.579936388e+01 -9.3139e-01 +1.3456e+00 +2.2452e+00 -2.7863e+00 +1.3359e+00
232 0 +4.498516326e+01 +8.564516326e+01 +8.564516326e+01 +3.0631e+00 +6.1243e-01 +2.9928e+00 -2.2075e+00 +1.4735e+00
306 0 +3.445998890e+01 +7.511998890e+01 +7.511998890e+01 +2.9987e+00 +1.8548e+00 +2.7363e+00 -2.2497e+00 +9.5834e-01
344 0 +3.282641719e+01 +7.348641719e+01 +7.348641719e+01 +2.0712e+00 +2.9914e+00 +2.4373e+00 -2.2945e+00 +7.5327e-01
492 0 +2.925010144e+01 +6.991010144e+01 +6.991010144e+01 +1.9543e+00 +2.0107e+00 +2.8158e+00 -4.2072e+00 +1.7067e+00
547 0 +2.864584563e+01 +6.930584563e+01 +6.930584563e+01 +1.1837e+00 +3.4428e+00 +3.8434e+00 -1.7850e+00 +1.6631e+00
587 0 +2.559839215e+01 +6.625839215e+01 +6.625839215e+01 +1.2764e+00 +1.8475e+00 +3.9648e+00 -2.7314e+00 +1.7196e+00
676 0 +1.428017332e+01 +5.494017332e+01 +5.494017332e+01 +1.0759e+00 +1.9820e+00 +3.3694e+00 -3.1624e+00 +1.7314e+00
983 0 +1.292399035e+01 +5.358399035e+01 +5.358399035e+01 +2.0139e+00 +2.9021e+00 +3.3385e+00 -3.5626e+00 +1.4076e+00
1123 0 +1.211015558e+01 +5.277015558e+01 +5.277015558e+01 +1.1169e+00 +2.0393e+00 +2.8726e+00 -2.6950e+00 +1.4005e+00
1184 0 +1.177070528e+01 +5.243070528e+01 +5.243070528e+01 +1.0229e+00 +1.2234e+00 +3.9247e+00 -2.3441e+00 +1.4318e+00
2067 0 +1.159305107e+01 +5.225305107e+01 +5.225305107e+01 +1.0686e+00 +1.1622e+00 +3.2678e+00 -2.6634e+00 +1.4378e+00
2083 0 +1.138068414e+01 +5.204068414e+01 +5.204068414e+01 +1.2110e+00 +1.2256e+00 +3.4492e+00 -2.7007e+00 +1.4186e+00
2455 0 +1.025764614e+01 +5.091764614e+01 +5.091764614e+01 +1.1736e+00 +2.0203e+00 +3.3581e+00 -3.0842e+00 +1.4336e+00
2509 0 +8.435432929e+00 +4.909543293e+01 +4.909543293e+01 +1.1360e+00 +2.0671e+00 +3.3068e+00 -3.1182e+00 +1.4219e+00
9449 0 +8.435432929e+00 +4.909543293e+01 +4.909543293e+01 +1.1360e+00 +2.0671e+00 +3.3068e+00 -3.1182e+00 +1.4219e+00
