% f evaluations | g evaluations | best noise-free fitness - Fopt (-4.620900000000e+02) + sum g_i+ | measured fitness | best measured fitness or single-digit g-values | x1 | x2...
1 0 +1.181909657e+02 -3.438990343e+02 -3.438990343e+02 +0.0000e+00 +0.0000e+00 +0.0000e+00 +0.0000e+00 +0.0000e+00
21 0 +1.075032637e+02 -3.545867363e+02 -3.545867363e+02 -2.1338e+00 +1.4912e+00 -9.8479e-01 -7.9480e-01 +2.2778e+00
102 0 +8.895933449e+01 -3.731306655e+02 -3.731306655e+02 -1.6868e+00 +2.7409e-02 -3.3266e-01 -1.0375e-01 +2.1210e+00
128 0 +7.882978605e+01 -3.832602139e+02 -3.832602139e+02 +1.2962e+00 -8.7252e-01 +3.1746e-01 +1.6779e+00 +1.7216e+00
164 0 +7.102374554e+01 -3.910662545e+02 -3.910662545e+02 -7.3234e-01 +3.0015e+00 -1.0363e+00 +1.6541e+00 +1.6846e+00
187 0 +6.317319613e+01 -3.989168039e+02 -3.989168039e+02 -6.9588e-01 +3.4898e+00 +7.2266e-01 +8.7652e-01 +2.0873e+00
410 0 +5.365557379e+01 -4.084344262e+02 -4.084344262e+02 +9.2257e-01 +3.7094e+00 +4.9576e-01 +1.1607e+00 +2.3587e+00
430 0 +3.732859557e+01 -4.247614044e+02 -4.247614044e+02 +1.9944e+00 +1.5602e+00 +1.4359e+00 +1.1827e+00 +2.3035e+00
469 0 +2.672088103e+01 -4.353691190e+02 -4.353691190e+02 +1.3887e+00 +3.6370e+00 +1.0603e+00 +6.3652e-01 +2.0035e+00
651 0 +1.314147207e+01 -4.489485279e+02 -4.489485279e+02 +1.3991e+00 +3.8793e+00 +1.5506e+00 +6.9695e-01 +2.2604e+00
3393 0 +9.530960007e+00 -4.525590400e+02 -4.525590400e+02 +1.2928e+00 +2.2852e+00 +1.6425e+00 +6.4911e-01 +1.9864e+00
3490 0 +7.801621957e+00 -4.542883780e+02 -4.542883780e+02 +2.3134e+00 +2.2602e+00 +1.7344e+00 +3.2366e-01 +2.0007e+00
6385 0 +6.660594821e+00 -4.554294052e+02 -4.554294052e+02 +3.7534e-01 +2.3151e+00 +1.6406e+00 +7.2293e-01 +1.9767e+00
10831 0 +6.660594821e+00 -4.554294052e+02 -4.554294052e+02 +3.7534e-01 +2.3151e+00 +1.6406e+00 +7.2293e-01 +1.9767e+00
% f evaluations | g evaluations | best noise-free fitness - Fopt (7.766000000000e+01) + sum g_i+ | measured fitness | best measured fitness or single-digit g-values | x1 | x2...
1 0 +1.918840342e+02 +2.695440342e+02 +2.695440342e+02 +0.0000e+00 +0.0000e+00 +0.0000e+00 +0.0000e+00 +0.0000e+00
10 0 +1.020144178e+02 +1.796744178e+02 +1.796744178e+02 +2.2620e+00 -5.1769e+00 -1.6407e-01 +1.9349e+00 +2.1069e+00
111 0 +6.829642817e+01 +1.459564282e+02 +1.459564282e+02 +1.7011e+00 -1.7612e+00 +6.0007e-01 +1.3533e+00 +2.0911e+00
417 0 +2.765110105e+01 +1.053111010e+02 +1.053111010e+02 +3.3287e-01 -8.8237e-01 -1.0856e+00 +3.3723e+00 +2.1477e+00
920 0 +1.984549913e+01 +9.750549913e+01 +9.750549913e+01 +1.3796e+00 -1.7533e+00 +2.1890e-01 +2.9278e+00 +1.7313e+00
1411 0 +1.589846719e+01 +9.355846719e+01 +9.355846719e+01 +4.7335e-01 +4.8117e-01 +5.9799e-01 +3.3639e+00 +2.4492e+00
2110 0 +1.412568761e+01 +9.178568761e+01 +9.178568761e+01 +4.7059e-01 -5.6119e-02 +7.3285e-01 +2.8851e+00 +2.1121e+00
2161 0 +1.240876686e+01 +9.006876686e+01 +9.006876686e+01 +4.7215e-01 -1.1432e-01 +5.9346e-01 +2.8753e+00 +2.1465e+00
2343 0 +1.190577183e+01 +8.956577183e+01 +8.956577183e+01 +3.7859e-01 -8.4449e-01 +7.5095e-01 +2.9439e+00 +2.1252e+00
2645 0 +1.135913752e+01 +8.901913752e+01 +8.901913752e+01 +4.9726e-01 -1.2562e-01 +6.5379e-01 +3.3729e+00 +2.1435e+00
3051 0 +1.029195924e+01 +8.795195924e+01 +8.795195924e+01 +5.6977e-01 +2.7693e-02 +6.8320e-01 +3.3178e+00 +2.1433e+00
3448 0 +9.905606414e+00 +8.756560641e+01 +8.756560641e+01 +4.9603e-01 -2.4852e-01 +6.8070e-01 +3.3118e+00 +2.1556e+00
3560 0 +9.486101569e+00 +8.714610157e+01 +8.714610157e+01 +5.9484e-01 -8.1699e-01 +6.6970e-01 +3.3282e+00 +2.1365e+00
3583 0 +8.767039440e+00 +8.642703944e+01 +8.642703944e+01 +3.5759e-01 -7.8268e-01 +6.5362e-01 +3.3407e+00 +2.1589e+00
4286 0 +8.304831469e+00 +8.596483147e+01 +8.596483147e+01 +3.7587e-01 +7.1019e-03 +6.5640e-01 +3.3319e+00 +2.1470e+00
9093 0 +7.776991175e+00 +8.543699117e+01 +8.543699117e+01 +4.0708e-01 -6.1553e-03 +6.4150e-01 +3.3309e+00 +2.1533e+00
12401 0 +7.776991175e+00 +8.543699117e+01 +8.543699117e+01 +4.0708e-01 -6.1553e-03 +6.4150e-01 +3.3309e+00 +2.1533e+00
% f evaluations | g evaluations | best noise-free fitness - Fopt (1.156800000000e+02) + sum g_i+ | measured fitness | best measured fitness or single-digit g-values | x1 | x2...
1 0 +2.457187506e+02 +3.613987506e+02 +3.613987506e+02 +0.0000e+00 +0.0000e+00 +0.0000e+00 +0.0000e+00 +0.0000e+00
5 0 +1.990954160e+02 +3.147754160e+02 +3.147754160e+02 +6.9880e-01 +4.6461e+00 +6.3647e-01 +2.9958e+00 +1.8037e+00
10 0 +1.423863030e+02 +2.580663030e+02 +2.580663030e+02 -6.2658e-01 +3.2799e+00 -7.3116e-01 +1.7614e+00 +2.5116e+00
12 0 +1.370994070e+02 +2.527794070e+02 +2.527794070e+02 -1.2852e+00 +2.9869e+00 -9.2747e-01 +1.0303e+00 +2.1998e+00
18 0 +1.243152755e+02 +2.399952755e+02 +2.399952755e+02 -1.2100e+00 +3.1794e+00 -3.7621e-01 +2.7156e+00 +1.7049e+00
23 0 +8.816583260e+01 +2.038458326e+02 +2.038458326e+02 -1.9843e+00 +1.0585e+00 -2.1677e+00 +1.4812e+00 +2.9608e+00
53 0 +4.693645965e+01 +1.626164596e+02 +1.626164596e+02 +4.7735e-01 -4.0075e-01 -1.2500e+00 +3.6021e+00 +2.8545e+00
269 0 +4.605190456e+01 +1.617319046e+02 +1.617319046e+02 +1.1643e+00 -5.9334e-01 -2.0357e+00 +2.2303e+00 +3.3294e+00
282 0 +2.753751968e+01 +1.432175197e+02 +1.432175197e+02 +2.0386e+00 +2.5999e-01 -2.4329e-01 +3.5688e+00 +2.9585e+00
822 0 +2.182956192e+01 +1.375095619e+02 +1.375095619e+02 +1.2119e+00 -1.8963e+00 -7.9359e-01 +3.1366e+00 +3.2573e+00
1071 0 +1.658328382e+01 +1.322632838e+02 +1.322632838e+02 +2.5981e-01 -1.0082e+00 -8.5046e-01 +3.4505e+00 +3.2670e+00
1150 0 +1.472205584e+01 +1.304020558e+02 +1.304020558e+02 +1.1567e+00 -1.8005e+00 -1.2425e+00 +3.0741e+00 +3.3052e+00
1549 0 +1.226352911e+01 +1.279435291e+02 +1.279435291e+02 +2.8038e-01 -9.0995e-01 +2.4474e-01 +3.4705e+00 +3.6316e+00
1920 0 +1.083329814e+01 +1.265132981e+02 +1.265132981e+02 +1.1233e+00 -2.4360e-01 -3.7555e-01 +2.6862e+00 +3.5545e+00
3435 0 +9.300990647e+00 +1.249809906e+02 +1.249809906e+02 +3.3409e-01 -2.6304e-01 -3.6404e-01 +3.1104e+00 +3.2923e+00
3603 0 +8.980551013e+00 +1.246605510e+02 +1.246605510e+02 +2.1854e-01 -2.1134e-01 -3.9202e-01 +3.0839e+00 +3.3169e+00
3708 0 +8.633572514e+00 +1.243135725e+02 +1.243135725e+02 +2.9255e-01 -1.1341e-01 -3.8116e-01 +3.0822e+00 +3.3005e+00
4026 0 +8.035012974e+00 +1.237150130e+02 +1.237150130e+02 +2.4294e-01 -2.3642e-01 -3.1398e-01 +3.0821e+00 +3.2864e+00
4165 0 +7.583236366e+00 +1.232632364e+02 +1.232632364e+02 +2.3207e-01 -1.5860e-01 -3.7663e-01 +3.0819e+00 +3.2833e+00
4246 0 +7.367877709e+00 +1.230478777e+02 +1.230478777e+02 +2.0820e-01 -1.4808e-01 -3.3223e-01 +3.0749e+00 +3.2952e+00
4564 0 +7.237712674e+00 +1.229177127e+02 +1.229177127e+02 +2.2730e-01 -1.7566e-01 -3.3460e-01 +3.0911e+00 +3.2871e+00
4740 0 +6.997411928e+00 +1.226774119e+02 +1.226774119e+02 +2.2061e-01 -1.6500e-01 -3.4969e-01 +3.0897e+00 +3.2983e+00
7357 0 +6.964708362e+00 +1.226447084e+02 +1.226447084e+02 +2.2256e-01 -1.6377e-01 -3.5124e-01 +3.0888e+00 +3.2949e+00
% f evaluations | g evaluations | best noise-free fitness - Fopt (-3.710000000000e+00) + sum g_i+ | measured fitness | best measured fitness or single-digit g-values | x1 | x2...
1 0 +2.580895641e+02 +2.543795641e+02 +2.543795641e+02 +0.0000e+00 +0.0000e+00 +0.0000e+00 +0.0000e+00 +0.0000e+00
5 0 +1.262504851e+02 +1.225404851e+02 +1.225404851e+02 -1.7064e+00 -1.4208e+00 +2.1346e+00 +3.4285e+00 +1.8572e+00
18 0 +1.098873788e+02 +1.061773788e+02 +1.061773788e+02 -2.8221e+00 +1.4256e-01 +1.6874e+00 +3.9716e+00 +2.2671e+00
34 0 +9.271526389e+01 +8.900526389e+01 +8.900526389e+01 -1.1904e-01 +2.6043e-01 +1.9434e+00 +2.8230e+00 +2.8958e+00
315 0 +8.372238083e+01 +8.001238083e+01 +8.001238083e+01 +2.0878e+00 -3.4472e+00 -8.4165e-02 +1.7685e+00 +2.4293e+00
361 0 +4.797429473e+01 +4.426429473e+01 +4.426429473e+01 +1.5126e+00 -1.4825e+00 +1.1873e+00 +1.7731e+00 +2.4274e+00
367 0 +4.013837603e+01 +3.642837603e+01 +3.642837603e+01 +1.1521e+00 -1.0337e+00 +1.6459e-01 +4.0244e+00 +2.8063e+00
518 0 +3.228205479e+01 +2.857205479e+01 +2.857205479e+01 +1.0874e+00 -1.5899e+00 +7.9778e-01 +2.9906e+00 +2.5048e+00
649 0 +3.156283467e+01 +2.785283467e+01 +2.785283467e+01 +9.4804e-01 -1.0437e+00 +1.1285e+00 +3.5243e+00 +2.5438e+00
663 0 +2.993915462e+01 +2.622915462e+01 +2.622915462e+01 +1.4512e+00 -2.9907e+00 +1.1331e+00 +3.4988e+00 +2.5478e+00
750 0 +2.662790551e+01 +2.291790551e+01 +2.291790551e+01 +2.4638e-01 -1.5791e+00 +1.1915e+00 +3.0115e+00 +2.4497e+00
754 0 +1.802235660e+01 +1.431235660e+01 +1.431235660e+01 +2.0044e+00 -1.4765e+00 +1.2931e+00 +3.9888e+00 +2.8336e+00
795 0 +1.737241483e+01 +1.366241483e+01 +1.366241483e+01 +1.2501e+00 -2.2360e+00 +6.9098e-01 +4.3922e+00 +2.8131e+00
1662 0 +1.467811932e+01 +1.096811932e+01 +1.096811932e+01 +2.1631e+00 -9.3385e-01 +1.8946e+00 +3.9274e+00 +3.1549e+00
2665 0 +1.045821466e+01 +6.748214655e+00 +6.748214655e+00 +1.3661e+00 -2.2715e+00 +1.7639e+00 +4.3223e+00 +3.1425e+00
3304 0 +7.217411246e+00 +3.507411246e+00 +3.507411246e+00 +1.1542e+00 -2.2761e+00 +1.7827e+00 +3.8665e+00 +3.1329e+00
3659 0 +6.551620369e+00 +2.841620369e+00 +2.841620369e+00 +1.2112e+00 -1.4874e+00 +1.7773e+00 +3.9142e+00 +3.1269e+00
4051 0 +5.681737654e+00 +1.971737654e+00 +1.971737654e+00 +1.2043e+00 -1.4834e+00 +1.7663e+00 +3.9203e+00 +3.1414e+00
20310 0 +5.681737654e+00 +1.971737654e+00 +1.971737654e+00 +1.2043e+00 -1.4834e+00 +1.7663e+00 +3.9203e+00 +3.1414e+00
% f evaluations | g evaluations | best noise-free fitness - Fopt (1.321800000000e+02) + sum g_i+ | measured fitness | best measured fitness or single-digit g-values | x1 | x2...
1 0 +1.867275087e+02 +3.189075087e+02 +3.189075087e+02 +0.0000e+00 +0.0000e+00 +0.0000e+00 +0.0000e+00 +0.0000e+00
28 0 +1.861343338e+02 +3.183143338e+02 +3.183143338e+02 +5.1101e-02 +2.4175e+00 -1.7184e+00 -6.9286e-01 +2.9155e-01
42 0 +1.795652113e+02 +3.117452113e+02 +3.117452113e+02 +1.1878e+00 +1.1469e-01 -1.0773e+00 -2.1465e+00 -1.3787e-01
63 0 +1.760772427e+02 +3.082572427e+02 +3.082572427e+02 -3.4673e+00 -3.5850e-01 -4.5755e-01 -4.7177e-01 +2.3245e+00
66 0 +1.624689829e+02 +2.946489829e+02 +2.946489829e+02 +3.3676e+00 +8.6851e-01 -1.3109e+00 +9.8340e-02 +1.4693e+00
68 0 +1.349949980e+02 +2.671749980e+02 +2.671749980e+02 -1.2282e+00 +8.8585e-01 -1.1034e+00 -3.1668e+00 +2.0192e+00
92 0 +1.120846712e+02 +2.442646712e+02 +2.442646712e+02 -2.7358e+00 +3.5995e+00 +2.3665e-01 -1.9414e+00 +1.4985e+00
94 0 +1.062994684e+02 +2.384794684e+02 +2.384794684e+02 +9.9211e-01 +4.9423e-01 +1.0098e+00 -4.0238e+00 +2.2958e+00
97 0 +1.029339410e+02 +2.351139410e+02 +2.351139410e+02 +3.1141e+00 +2.7283e+00 +6.1547e-01 -7.8267e-01 +6.2884e-01
103 0 +5.437846738e+01 +1.865584674e+02 +1.865584674e+02 +1.6865e+00 +1.4579e+00 +4.8376e-01 -2.7944e+00 +2.2457e+00
205 0 +5.108564969e+01 +1.832656497e+02 +1.832656497e+02 +4.5650e-01 +6.2071e-01 +2.2318e+00 -1.5097e+00 +2.1487e+00
238 0 +3.279575801e+01 +1.649757580e+02 +1.649757580e+02 +1.6520e+00 +5.8403e-01 +1.9038e+00 -1.5636e+00 +1.8766e+00
240 0 +2.805930100e+01 +1.602393010e+02 +1.602393010e+02 +2.8318e+00 +7.6445e-01 +2.7108e+00 -2.3926e+00 +2.4033e+00
246 0 +2.598537276e+01 +1.581653728e+02 +1.581653728e+02 +3.5046e+00 +1.4681e+00 +2.7733e+00 -1.5226e+00 +2.1155e+00
679 0 +1.925141743e+01 +1.514314174e+02 +1.514314174e+02 +1.7363e+00 +2.9529e+00 +3.5109e+00 -2.4704e+00 +2.1755e+00
794 0 +1.576413747e+01 +1.479441375e+02 +1.479441375e+02 +1.8699e+00 +1.5328e+00 +2.3436e+00 -2.4099e+00 +2.1571e+00
1575 0 +1.330238343e+01 +1.454823834e+02 +1.454823834e+02 +1.6019e+00 +6.3918e-01 +2.9050e+00 -2.4043e+00 +2.4861e+00
2173 0 +1.238067291e+01 +1.445606729e+02 +1.445606729e+02 +3.7165e+00 +2.7643e+00 +2.7984e+00 -1.9654e+00 +2.4644e+00
2177 0 +1.171587504e+01 +1.438958750e+02 +1.438958750e+02 +2.8507e+00 +2.1816e+00 +2.9985e+00 -1.9834e+00 +2.4771e+00
2849 0 +1.079843187e+01 +1.429784319e+02 +1.429784319e+02 +1.9157e+00 +1.4511e+00 +2.8132e+00 -1.5753e+00 +2.4834e+00
3584 0 +8.758285546e+00 +1.409382855e+02 +1.409382855e+02 +1.8236e+00 +2.3484e+00 +2.8202e+00 -1.5146e+00 +2.4789e+00
3680 0 +7.573541600e+00 +1.397535416e+02 +1.397535416e+02 +1.8101e+00 +1.4432e+00 +2.8759e+00 -2.3960e+00 +2.4773e+00
5358 0 +7.089504408e+00 +1.392695044e+02 +1.392695044e+02 +1.9079e+00 +2.2876e+00 +2.8762e+00 -1.9567e+00 +2.4912e+00
5578 0 +6.873380177e+00 +1.390533802e+02 +1.390533802e+02 +1.7938e+00 +2.2781e+00 +2.8549e+00 -1.9654e+00 +2.4722e+00
6956 0 +6.353642316e+00 +1.385336423e+02 +1.385336423e+02 +1.8047e+00 +2.2963e+00 +2.8570e+00 -1.9501e+00 +2.4846e+00
10341 0 +6.353642316e+00 +1.385336423e+02 +1.385336423e+02 +1.8047e+00 +2.2963e+00 +2.8570e+00 -1.9501e+00 +2.4846e+00
% f evaluations | g evaluations | best noise-free fitness - Fopt (-3.930000000000e+01) + sum g_i+ | measured fitness | best measured fitness or single-digit g-values | x1 | x2...
1 0 +1.324979894e+02 +9.319798943e+01 +9.319798943e+01 +0.0000e+00 +0.0000e+00 +0.0000e+00 +0.0000e+00 +0.0000e+00
44 0 +1.260078803e+02 +8.670788029e+01 +8.670788029e+01 -1.4425e+00 -1.1454e+00 -1.9148e-01 +8.2114e-01 -3.5709e-01
47 0 +1.028139376e+02 +6.351393763e+01 +6.351393763e+01 -1.4438e-01 -1.8765e+00 +2.0781e+00 +2.9408e+00 -1.2332e+00
64 0 +6.410938308e+01 +2.480938308e+01 +2.480938308e+01 -6.0235e-01 -1.9186e+00 +1.8282e+00 +8.3069e-01 +2.8496e-01
81 0 +5.986229222e+01 +2.056229222e+01 +2.056229222e+01 -3.6453e+00 -2.6614e+00 +1.2887e+00 +3.2952e+00 +7.3315e-01
86 0 +5.737702334e+01 +1.807702334e+01 +1.807702334e+01 +4.3889e-01 -4.3600e+00 +1.3913e+00 +3.3020e+00 +1.0940e+00
184 0 +4.473644887e+01 +5.436448875e+00 +5.436448875e+00 +2.3846e+00 -1.4317e+00 +1.2768e+00 +3.4997e+00 +7.6521e-01
189 0 +3.022871670e+01 -9.071283304e+00 -9.071283304e+00 +4.0013e-01 -3.8153e-01 +1.1852e+00 +2.1432e+00 +9.9054e-01
728 0 +2.534287920e+01 -1.395712080e+01 -1.395712080e+01 +1.5853e+00 -1.1595e+00 +1.8364e+00 +2.2139e+00 +3.7538e-01
777 0 +2.161269999e+01 -1.768730001e+01 -1.768730001e+01 +1.6042e+00 -2.0007e+00 +1.7238e+00 +2.4670e+00 +4.0609e-01
918 0 +1.833169658e+01 -2.096830342e+01 -2.096830342e+01 +5.8655e-01 +1.7051e-01 +1.6415e+00 +2.9434e+00 +7.2343e-01
1929 0 +1.739388567e+01 -2.190611433e+01 -2.190611433e+01 +6.5502e-01 +4.3403e-01 +1.7419e+00 +2.9257e+00 +6.5275e-01
2265 0 +1.475005229e+01 -2.454994771e+01 -2.454994771e+01 +1.5815e+00 -5.3562e-01 +1.7782e+00 +3.0119e+00 +2.7978e-01
3348 0 +9.074029268e+00 -3.022597073e+01 -3.022597073e+01 +5.7360e-01 -1.3116e+00 +1.7452e+00 +3.3471e+00 +6.7873e-01
11120 0 +9.074029268e+00 -3.022597073e+01 -3.022597073e+01 +5.7360e-01 -1.3116e+00 +1.7452e+00 +3.3471e+00 +6.7873e-01
% f evaluations | g evaluations | best noise-free fitness - Fopt (4.296000000000e+01) + sum g_i+ | measured fitness | best measured fitness or single-digit g-values | x1 | x2...
1 0 +1.213836096e+02 +1.643436096e+02 +1.643436096e+02 +0.0000e+00 +0.0000e+00 +0.0000e+00 +0.0000e+00 +0.0000e+00
22 0 +1.082865499e+02 +1.512465499e+02 +1.512465499e+02 +4.7402e-01 +7.9022e-02 -1.2495e+00 +1.9975e-01 +3.5036e-01
34 0 +9.279046236e+01 +1.357504624e+02 +1.357504624e+02 -4.9457e-01 -1.9828e+00 -3.6112e-01 +1.8332e+00 +5.6770e-01
111 0 +7.645877190e+01 +1.194187719e+02 +1.194187719e+02 -8.0513e-01 -5.0270e-02 +2.0701e+00 +1.2596e+00 +1.4281e-01
140 0 +4.976528698e+01 +9.272528698e+01 +9.272528698e+01 -9.3606e-01 +3.8995e-01 +2.2950e+00 -5.5971e-01 +5.8999e-01
153 0 +4.485581621e+01 +8.781581621e+01 +8.781581621e+01 -2.5510e-01 +1.5782e+00 +2.6998e+00 +2.0869e+00 +1.8378e-01
378 0 +3.964003459e+01 +8.260003459e+01 +8.260003459e+01 -1.4476e+00 +1.7054e+00 +2.8147e+00 +2.1663e-01 -5.4775e-02
495 0 +2.482984878e+01 +6.778984878e+01 +6.778984878e+01 +5.1477e-01 +1.7617e+00 +1.3380e+00 +9.8981e-01 +6.3483e-01
725 0 +1.560198089e+01 +5.856198089e+01 +5.856198089e+01 -4.2458e-01 +1.6685e+00 +2.0998e+00 +1.0059e+00 +2.5620e-01
2399 0 +8.571797856e+00 +5.153179786e+01 +5.153179786e+01 +1.4621e+00 +2.6122e+00 +2.2363e+00 +1.0194e+00 +2.0494e-01
3686 0 +7.032041133e+00 +4.999204113e+01 +4.999204113e+01 +1.4977e+00 +1.7474e+00 +2.1791e+00 +1.0956e+00 +8.6944e-01
4697 0 +6.303845933e+00 +4.926384593e+01 +4.926384593e+01 +1.4733e+00 +8.8130e-01 +2.1700e+00 +5.8485e-01 +5.8426e-01
4768 0 +5.034373806e+00 +4.799437381e+01 +4.799437381e+01 +1.4591e+00 +1.6771e+00 +2.2055e+00 +6.0827e-01 +5.8628e-01
4941 0 +4.892405534e+00 +4.785240553e+01 +4.785240553e+01 +1.4705e+00 +1.7605e+00 +2.1907e+00 +6.1302e-01 +6.0406e-01
5783 0 +4.305425734e+00 +4.726542573e+01 +4.726542573e+01 +1.5191e+00 +1.7025e+00 +2.1513e+00 +6.1275e-01 +5.8157e-01
6610 0 +3.966964342e+00 +4.692696434e+01 +4.692696434e+01 +1.4710e+00 +1.7493e+00 +2.1994e+00 +6.0579e-01 +5.7144e-01
7210 0 +3.857980310e+00 +4.681798031e+01 +4.681798031e+01 +1.4742e+00 +1.7117e+00 +2.1906e+00 +6.1072e-01 +5.7271e-01
11141 0 +3.857980310e+00 +4.681798031e+01 +4.681798031e+01 +1.4742e+00 +1.7117e+00 +2.1906e+00 +6.1072e-01 +5.7271e-01
% f evaluations | g evaluations | best noise-free fitness - Fopt (2.842200000000e+02) + sum g_i+ | measured fitness | best measured fitness or single-digit g-values | x1 | x2...
1 0 +9.418868072e+01 +3.784086807e+02 +3.784086807e+02 +0.0000e+00 +0.0000e+00 +0.0000e+00 +0.0000e+00 +0.0000e+00
67 0 +7.591217231e+01 +3.601321723e+02 +3.601321723e+02 -7.2668e-01 +5.7802e-01 +1.2241e+00 +2.5155e+00 +4.7168e-01
80 0 +6.312359304e+01 +3.473435930e+02 +3.473435930e+02 -2.4660e-01 +4.9215e-01 +1.0821e+00 +2.1111e+00 +1.0822e+00
141 0 +5.352204969e+01 +3.377420497e+02 +3.377420497e+02 -8.5889e-01 -9.9821e-01 +1.2210e+00 +1.7237e+00 +4.1680e-01
199 0 +4.347696880e+01 +3.276969688e+02 +3.276969688e+02 -1.0302e+00 -2.1586e-01 +6.1732e-01 +2.1555e+00 +9.4916e-01
289 0 +3.951564265e+01 +3.237356427e+02 +3.237356427e+02 +1.1748e+00 -8.3838e-01 +3.9383e-01 +1.5261e+00 +1.5582e+00
439 0 +2.428796100e+01 +3.085079610e+02 +3.085079610e+02 +4.0350e-01 -1.5882e+00 +5.7437e-01 +1.7574e+00 +1.5185e+00
818 0 +2.207285315e+01 +3.062928531e+02 +3.062928531e+02 +1.3004e+00 +5.9024e-01 +1.0454e+00 +1.7128e+00 +1.5152e+00
922 0 +1.965375856e+01 +3.038737586e+02 +3.038737586e+02 -1.5004e-02 +1.5268e+00 +1.0237e+00 +1.7733e+00 +1.5315e+00
1611 0 +1.753003579e+01 +3.017500358e+02 +3.017500358e+02 +1.0747e+00 -1.0217e+00 +2.6685e-01 +2.2442e+00 +1.8199e+00
2466 0 +1.567168415e+01 +2.998916841e+02 +2.998916841e+02 +1.1595e+00 -1.3873e-01 +5.8670e-01 +2.1617e+00 +1.5114e+00
2511 0 +1.002440066e+01 +2.942444007e+02 +2.942444007e+02 +1.9916e+00 -1.0608e+00 +5.0058e-01 +2.6280e+00 +1.5510e+00
4203 0 +6.344173503e+00 +2.905641735e+02 +2.905641735e+02 +2.0264e+00 -1.9944e-01 -2.1059e-02 +2.2129e+00 +1.5292e+00
4255 0 +3.949468059e+00 +2.881694681e+02 +2.881694681e+02 +2.0774e+00 -1.9356e-01 +4.1655e-01 +2.2590e+00 +1.5256e+00
9326 0 +3.949468059e+00 +2.881694681e+02 +2.881694681e+02 +2.0774e+00 -1.9356e-01 +4.1655e-01 +2.2590e+00 +1.5256e+00
% f evaluations | g evaluations | best noise-free fitness - Fopt (-3.217000000000e+01) + sum g_i+ | measured fitness | best measured fitness or single-digit g-values | x1 | x2...
1 0 +2.171020752e+02 +1.849320752e+02 +1.849320752e+02 +0.0000e+00 +0.0000e+00 +0.0000e+00 +0.0000e+00 +0.0000e+00
60 0 +1.602438639e+02 +1.280738639e+02 +1.280738639e+02 +1.4356e-01 +2.8545e+00 -2.1041e+00 -1.6281e+00 +1.3325e+00
66 0 +1.128584509e+02 +8.068845087e+01 +8.068845087e+01 +1.4943e+00 +1.4215e+00 -4.9001e-01 +2.3214e-01 +1.5056e+00
93 0 +8.515102529e+01 +5.298102529e+01 +5.298102529e+01 +2.3027e-01 -1.9112e+00 -1.1047e+00 -1.8046e+00 +2.7567e+00
102 0 +7.319822253e+01 +4.102822253e+01 +4.102822253e+01 +1.2718e-01 +1.2523e+00 -4.9984e-01 +4.1787e-02 +2.9874e+00
149 0 +3.535822233e+01 +3.188222326e+00 +3.188222326e+00 -6.2209e-01 +9.9457e-01 -1.5043e-01 -4.5751e-02 +2.7952e+00
337 0 +3.378441284e+01 +1.614412841e+00 +1.614412841e+00 +5.9007e-01 +8.2576e-01 -1.7336e-01 -4.9057e-01 +3.3991e+00
341 0 +3.218483780e+01 +1.483779655e-02 +1.483779655e-02 +4.9810e-01 +1.1698e+00 -1.2104e+00 -2.3539e-01 +3.4071e+00
435 0 +2.400728275e+01 -8.162717251e+00 -8.162717251e+00 +1.2303e+00 +1.8687e+00 -2.2694e-01 -1.6485e-01 +2.7163e+00
630 0 +1.300515573e+01 -1.916484427e+01 -1.916484427e+01 +5.4164e-01 +1.0911e+00 -8.1215e-02 +3.3939e-01 +3.6699e+00
739 0 +1.138834899e+01 -2.078165101e+01 -2.078165101e+01 +4.2611e-01 +2.4442e+00 -1.2336e-01 +3.3507e-01 +3.7039e+00
1913 0 +8.107603539e+00 -2.406239646e+01 -2.406239646e+01 +4.9322e-01 +2.7297e+00 -1.8667e-01 -5.6694e-01 +3.3982e+00
2491 0 +7.233902350e+00 -2.493609765e+01 -2.493609765e+01 +4.6167e-01 +1.8317e+00 -1.4637e-01 -5.4085e-01 +3.6574e+00
7128 0 +7.233902350e+00 -2.493609765e+01 -2.493609765e+01 +4.6167e-01 +1.8317e+00 -1.4637e-01 -5.4085e-01 +3.6574e+00
% f evaluations | g evaluations | best noise-free fitness - Fopt (-5.858000000000e+01) + sum g_i+ | measured fitness | best measured fitness or single-digit g-values | x1 | x2...
1 0 +2.560737752e+02 +1.974937752e+02 +1.974937752e+02 +0.0000e+00 +0.0000e+00 +0.0000e+00 +0.0000e+00 +0.0000e+00
2 0 +2.511041011e+02 +1.925241011e+02 +1.925241011e+02 -3.7998e-01 -1.1181e+00 -1.6388e+00 -3.5365e+00 +2.1506e+00
3 0 +1.424872397e+02 +8.390723967e+01 +8.390723967e+01 -1.4715e+00 -4.2121e+00 -2.2165e+00 +4.2611e+00 +3.3712e+00
11 0 +1.130125145e+02 +5.443251446e+01 +5.443251446e+01 +1.0780e+00 -2.8728e+00 -2.6913e+00 +1.7736e+00 +2.9156e+00
29 0 +9.766538496e+01 +3.908538496e+01 +3.908538496e+01 -2.7901e+00 -3.8359e+00 +1.0976e+00 -6.0137e-01 +3.2875e+00
34 0 +8.931286852e+01 +3.073286852e+01 +3.073286852e+01 +1.6077e+00 -9.0963e-01 -6.4854e-01 +1.0324e-01 +2.2308e+00
46 0 +7.759014142e+01 +1.901014142e+01 +1.901014142e+01 +4.2518e-01 -5.7150e-02 +1.0852e+00 +7.6671e-01 +3.5967e+00
338 0 +6.925202739e+01 +1.067202739e+01 +1.067202739e+01 +2.1995e+00 -2.0478e+00 -1.3206e+00 +2.3103e+00 +3.0166e+00
365 0 +6.128044974e+01 +2.700449744e+00 +2.700449744e+00 -1.2686e+00 -8.0108e-01 +7.5926e-01 +2.1822e+00 +2.6448e+00
367 0 +4.987799467e+01 -8.702005334e+00 -8.702005334e+00 +7.9035e-01 -1.1602e+00 +1.5415e-01 +2.2884e+00 +2.5779e+00
482 0 +4.672455277e+01 -1.185544723e+01 -1.185544723e+01 +1.3521e+00 -1.1734e+00 -1.1613e-01 +1.0065e+00 +2.6689e+00
494 0 +1.774718161e+01 -4.083281839e+01 -4.083281839e+01 +6.2868e-01 -2.5945e+00 +4.3815e-01 +1.8297e+00 +2.9592e+00
600 0 +1.107021969e+01 -4.750978031e+01 -4.750978031e+01 +1.5670e+00 -3.3089e+00 +3.7018e-01 +2.7352e+00 +3.2646e+00
4867 0 +1.044244744e+01 -4.813755256e+01 -4.813755256e+01 +2.5396e+00 -1.8127e+00 +9.2931e-01 +2.7669e+00 +3.3060e+00
4993 0 +8.140355443e+00 -5.043964456e+01 -5.043964456e+01 +1.6704e+00 -2.4354e+00 +9.3269e-01 +1.8368e+00 +3.2658e+00
5180 0 +6.890543544e+00 -5.168945646e+01 -5.168945646e+01 +1.6496e+00 -1.8150e+00 +9.2569e-01 +1.8491e+00 +3.2689e+00
5256 0 +6.506973327e+00 -5.207302667e+01 -5.207302667e+01 +1.6145e+00 -1.7981e+00 +9.6140e-01 +1.4916e+00 +3.2930e+00
5620 0 +5.920101050e+00 -5.265989895e+01 -5.265989895e+01 +2.6860e+00 -2.4355e+00 +9.4543e-01 +1.4287e+00 +3.2745e+00
5741 0 +5.098521955e+00 -5.348147804e+01 -5.348147804e+01 +2.5756e+00 -3.2576e+00 +9.6081e-01 +2.2829e+00 +3.2797e+00
7279 0 +3.566726138e+00 -5.501327386e+01 -5.501327386e+01 +2.6827e+00 -1.6768e+00 +9.6957e-01 +1.8683e+00 +3.2908e+00
7817 0 +2.919314607e+00 -5.566068539e+01 -5.566068539e+01 +2.5890e+00 -2.5682e+00 +9.5271e-01 +1.8864e+00 +3.2838e+00
14608 0 +2.919314607e+00 -5.566068539e+01 -5.566068539e+01 +2.5890e+00 -2.5682e+00 +9.5271e-01 +1.8864e+00 +3.2838e+00
% f evaluations | g evaluations | best noise-free fitness - Fopt (-6.049200000000e+02) + sum g_i+ | measured fitness | best measured fitness or single-digit g-values | x1 | x2...
1 0 +9.358817336e+01 -5.113318266e+02 -5.113318266e+02 +0.0000e+00 +0.0000e+00 +0.0000e+00 +0.0000e+00 +0.0000e+00
22 0 +4.448216982e+01 -5.604378302e+02 -5.604378302e+02 -1.9380e+00 -9.8453e-01 +9.9043e-01 -1.8938e-01 +2.4526e-02
205 0 +4.305766676e+01 -5.618623332e+02 -5.618623332e+02 +9.2387e-01 -1.2440e+00 +1.6225e+00 +1.1228e+00 -3.1245e-01
214 0 +3.464612363e+01 -5.702738764e+02 -5.702738764e+02 -6.1254e-01 -1.0180e+00 +1.4484e+00 +1.8293e+00 -8.2139e-01
235 0 +2.668061553e+01 -5.782393845e+02 -5.782393845e+02 +2.0529e-02 -2.3005e+00 +1.0284e+00 +1.5611e+00 +1.3071e-02
593 0 +2.530195936e+01 -5.796180406e+02 -5.796180406e+02 -5.3151e-02 -1.1339e+00 +1.3072e+00 +1.4718e+00 -3.5664e-01
814 0 +1.703624486e+01 -5.878837551e+02 -5.878837551e+02 -1.7356e-02 -1.0851e+00 +1.3859e+00 +2.8317e+00 +3.2665e-01
1050 0 +1.654109992e+01 -5.883789001e+02 -5.883789001e+02 +9.0053e-01 +4.3659e-01 +9.7297e-01 +2.3285e+00 -3.1854e-01
1980 0 +1.483347430e+01 -5.900865257e+02 -5.900865257e+02 +7.7179e-01 -1.8324e+00 +1.4780e+00 +1.9294e+00 +2.9276e-02
1982 0 +1.385767153e+01 -5.910623285e+02 -5.910623285e+02 +9.0182e-01 +5.7749e-01 +1.4626e+00 +1.4150e+00 +2.5541e-02
2567 0 +1.367417379e+01 -5.912458262e+02 -5.912458262e+02 +9.2286e-01 +5.5114e-01 +2.0131e+00 +9.9640e-01 +2.9659e-02
2585 0 +1.144665514e+01 -5.934733449e+02 -5.934733449e+02 +8.8298e-01 -3.2080e-01 +2.0103e+00 +2.3089e+00 +8.4649e-02
2702 0 +6.670440055e+00 -5.982495599e+02 -5.982495599e+02 +9.1383e-01 -3.6930e-01 +2.0428e+00 +1.4554e+00 +4.6959e-02
3629 0 +5.837358048e+00 -5.990826420e+02 -5.990826420e+02 +9.4519e-01 -3.7740e-01 +1.4914e+00 +1.8607e+00 +5.1101e-02
3803 0 +3.389604729e+00 -6.015303953e+02 -6.015303953e+02 +9.7223e-01 -1.0279e+00 +1.4861e+00 +1.9010e+00 +7.2369e-02
10959 0 +3.307879469e+00 -6.016121205e+02 -6.016121205e+02 +9.7409e-01 -1.0331e+00 +1.4722e+00 +2.3234e+00 +5.1845e-02
11104 0 +3.219906066e+00 -6.017000939e+02 -6.017000939e+02 +9.9635e-01 -1.0065e+00 +1.4802e+00 +2.3299e+00 +4.3747e-02
15422 0 +3.219906066e+00 -6.017000939e+02 -6.017000939e+02 +9.9635e-01 -1.0065e+00 +1.4802e+00 +2.3299e+00 +4.3747e-02
% f evaluations | g evaluations | best noise-free fitness - Fopt (1.337000000000e+02) + sum g_i+ | measured fitness | best measured fitness or single-digit g-values | x1 | x2...
1 0 +2.379222058e+02 +3.716222058e+02 +3.716222058e+02 +0.0000e+00 +0.0000e+00 +0.0000e+00 +0.0000e+00 +0.0000e+00
14 0 +1.937863267e+02 +3.274863267e+02 +3.274863267e+02 -7.0069e-01 +3.4212e+00 +6.6366e-01 -7.2129e-01 +9.8931e-01
29 0 +1.233661664e+02 +2.570661664e+02 +2.570661664e+02 -3.1523e+00 -1.5839e+00 -7.0115e-01 +1.8929e+00 +1.4183e+00
47 0 +1.172282325e+02 +2.509282325e+02 +2.509282325e+02 -2.9630e+00 +1.3861e+00 -1.8544e-01 +1.3581e+00 +1.9972e+00
57 0 +1.077320756e+02 +2.414320756e+02 +2.414320756e+02 +8.8476e-01 +3.4377e-01 -1.7368e-01 +3.7459e+00 +1.3316e+00
96 0 +7.012032865e+01 +2.038203286e+02 +2.038203286e+02 -2.3821e+00 +8.1893e-01 -2.3188e-01 +7.9639e-01 +3.1229e+00
181 0 +5.979836721e+01 +1.934983672e+02 +1.934983672e+02 -2.0151e+00 +1.0481e+00 +4.5282e-01 +1.4243e+00 +3.3902e+00
219 0 +5.329469013e+01 +1.869946901e+02 +1.869946901e+02 -2.5743e+00 +3.6142e-01 -1.6195e-01 +1.4632e+00 +3.0963e+00
241 0 +4.711312149e+01 +1.808131215e+02 +1.808131215e+02 +2.1615e+00 +1.0582e+00 -2.9851e-01 +1.8347e+00 +2.5402e+00
267 0 +3.875940181e+01 +1.724594018e+02 +1.724594018e+02 +1.4678e+00 +2.4893e+00 -5.3949e-02 +1.4566e+00 +2.7996e+00
324 0 +3.051627719e+01 +1.642162772e+02 +1.642162772e+02 +8.7116e-01 +8.0706e-01 -2.0947e-01 +2.7894e+00 +3.3952e+00
351 0 +2.202581667e+01 +1.557258167e+02 +1.557258167e+02 +4.0824e-01 +1.3537e-01 -7.4501e-01 +2.3507e+00 +3.6082e+00
369 0 +2.159761960e+01 +1.552976196e+02 +1.552976196e+02 +1.4670e+00 -1.2691e+00 -6.6710e-01 +1.9161e+00 +3.6926e+00
1571 0 +1.534332162e+01 +1.490433216e+02 +1.490433216e+02 +2.4819e+00 +8.9458e-01 -6.9128e-01 +9.8700e-01 +3.3697e+00
2658 0 +1.343283234e+01 +1.471328323e+02 +1.471328323e+02 +2.4928e+00 +1.7324e+00 -7.1502e-01 +2.3529e+00 +3.3582e+00
3156 0 +8.846536887e+00 +1.425465369e+02 +1.425465369e+02 +2.4547e+00 +2.2747e-01 +4.3062e-01 +1.8706e+00 +3.3579e+00
5347 0 +7.395574347e+00 +1.410955743e+02 +1.410955743e+02 +2.4238e+00 +1.4075e-01 -1.4334e-01 +1.8629e+00 +3.6884e+00
5406 0 +6.851643814e+00 +1.405516438e+02 +1.405516438e+02 +2.3911e+00 +1.7161e+00 -1.7058e-01 +2.3644e+00 +3.3604e+00
10828 0 +6.851643814e+00 +1.405516438e+02 +1.405516438e+02 +2.3911e+00 +1.7161e+00 -1.7058e-01 +2.3644e+00 +3.3604e+00
% f evaluations | g evaluations | best noise-free fitness - Fopt (-2.098000000000e+01) + sum g_i+ | measured fitness | best measured fitness or single-digit g-values | x1 | x2...
1 0 +1.257910081e+02 +1.048110081e+02 +1.048110081e+02 +0.0000e+00 +0.0000e+00 +0.0000e+00 +0.0000e+00 +0.0000e+00
90 0 +7.972119292e+01 +5.874119292e+01 +5.874119292e+01 -1.9735e-01 +5.9429e-01 -3.7720e-01 -2.4932e+00 +2.4896e+00
97 0 +7.325036851e+01 +5.227036851e+01 +5.227036851e+01 +9.5525e-01 +3.3105e+00 -1.1439e+00 -1.7934e+00 +2.0896e+00
338 0 +7.101474373e+01 +5.003474373e+01 +5.003474373e+01 -1.0221e+00 +1.0988e+00 -6.3865e-01 -1.6478e+00 +1.5066e+00
342 0 +6.670987525e+01 +4.572987525e+01 +4.572987525e+01 -1.6541e+00 +2.7576e+00 -1.1955e+00 +2.9179e-03 +1.6235e+00
363 0 +6.294723568e+01 +4.196723568e+01 +4.196723568e+01 +1.3356e-01 +1.0947e+00 -1.0994e+00 -1.0998e+00 +1.5763e+00
401 0 +5.797705967e+01 +3.699705967e+01 +3.699705967e+01 +5.5377e-01 +2.0067e+00 -1.0660e+00 -7.7536e-01 +2.1843e+00
411 0 +3.876295912e+01 +1.778295912e+01 +1.778295912e+01 -1.0967e-01 +3.2787e+00 -3.6031e-01 +3.9035e-02 +1.9422e+00
489 0 +3.342825784e+01 +1.244825784e+01 +1.244825784e+01 -1.0381e+00 +2.0074e+00 -1.2966e+00 +8.3163e-01 +2.1097e+00
695 0 +2.391834624e+01 +2.938346241e+00 +2.938346241e+00 +1.7652e+00 +1.9159e+00 -8.1583e-01 -4.6340e-01 +2.1890e+00
828 0 +1.898719574e+01 -1.992804260e+00 -1.992804260e+00 +1.1538e+00 +1.8759e+00 -3.4728e-01 +8.4735e-01 +2.1073e+00
1842 0 +1.631061356e+01 -4.669386440e+00 -4.669386440e+00 +1.0134e+00 +1.0128e+00 -3.3549e-01 +7.3697e-01 +2.1688e+00
1999 0 +1.556150849e+01 -5.418491509e+00 -5.418491509e+00 +1.0279e+00 +2.7111e+00 -2.8682e-01 +4.7606e-01 +2.1507e+00
2025 0 +1.233475917e+01 -8.645240833e+00 -8.645240833e+00 +1.0510e+00 +2.8072e+00 -3.8128e-01 +3.9115e-01 +2.4227e+00
2271 0 +1.170647192e+01 -9.273528079e+00 -9.273528079e+00 +2.6665e-02 +2.6879e+00 -3.7465e-01 +4.0728e-01 +2.2150e+00
2610 0 +1.123502083e+01 -9.744979170e+00 -9.744979170e+00 +2.3384e-01 +1.9998e+00 -4.1725e-01 +3.8028e-01 +2.4854e+00
3360 0 +9.536456794e+00 -1.144354321e+01 -1.144354321e+01 +1.0332e+00 +1.9196e+00 -3.3742e-01 +8.5394e-01 +2.4384e+00
7190 0 +7.411136919e+00 -1.356886308e+01 -1.356886308e+01 +1.1550e-01 +1.9304e+00 -3.5022e-01 -4.5488e-02 +2.4714e+00
8222 0 +6.845657107e+00 -1.413434289e+01 -1.413434289e+01 +6.6499e-02 +1.9295e+00 -3.1724e-01 +3.8072e-01 +2.1654e+00
14052 0 +6.845657107e+00 -1.413434289e+01 -1.413434289e+01 +6.6499e-02 +1.9295e+00 -3.1724e-01 +3.8072e-01 +2.1654e+00
% f evaluations | g evaluations | best noise-free fitness - Fopt (1.353300000000e+02) + sum g_i+ | measured fitness | best measured fitness or single-digit g-values | x1 | x2...
1 0 +1.969743684e+02 +3.323043684e+02 +3.323043684e+02 +0.0000e+00 +0.0000e+00 +0.0000e+00 +0.0000e+00 +0.0000e+00
2 0 +6.358095989e+01 +1.989109599e+02 +1.989109599e+02 -3.3730e+00 -5.5370e-01 +4.6464e-02 -1.7277e+00 +2.5702e+00
147 0 +4.747021789e+01 +1.828002179e+02 +1.828002179e+02 -1.4507e+00 -3.0679e+00 +4.7775e-01 -2.9016e+00 +2.5449e+00
360 0 +4.634890155e+01 +1.816789015e+02 +1.816789015e+02 -2.1751e+00 -1.3901e+00 +5.6371e-01 -1.7121e+00 +3.1356e+00
385 0 +2.629728977e+01 +1.616272898e+02 +1.616272898e+02 -4.3272e-01 -2.4404e+00 +3.1352e-01 -2.1548e+00 +2.9033e+00
486 0 +1.637524345e+01 +1.517052434e+02 +1.517052434e+02 -5.6858e-01 -8.2760e-01 +4.6161e-01 -3.0464e+00 +2.4998e+00
1437 0 +1.485933621e+01 +1.501893362e+02 +1.501893362e+02 -1.4882e+00 +9.4340e-01 +3.8517e-01 -2.6257e+00 +2.4869e+00
1546 0 +9.069766841e+00 +1.443997668e+02 +1.443997668e+02 -5.0597e-01 +9.3109e-06 +3.8901e-01 -2.1905e+00 +2.5086e+00
3077 0 +8.821724734e+00 +1.441517247e+02 +1.441517247e+02 -4.3471e-01 -1.3540e+00 +3.2275e-01 -2.6250e+00 +2.8807e+00
6506 0 +7.432358300e+00 +1.427623583e+02 +1.427623583e+02 -1.3696e+00 -8.1489e-01 +3.8146e-01 -2.6188e+00 +3.1567e+00
6792 0 +7.187598740e+00 +1.425175987e+02 +1.425175987e+02 -1.4433e+00 +8.1457e-02 +4.2598e-01 -2.6367e+00 +3.1709e+00
8782 0 +6.978006484e+00 +1.423080065e+02 +1.423080065e+02 -1.4241e+00 +7.9078e-01 +3.5711e-01 -2.6120e+00 +3.1616e+00
8869 0 +6.637582780e+00 +1.419675828e+02 +1.419675828e+02 -1.3835e+00 +8.3859e-01 +4.2631e-01 -2.6244e+00 +3.1750e+00
15098 0 +6.637582780e+00 +1.419675828e+02 +1.419675828e+02 -1.3835e+00 +8.3859e-01 +4.2631e-01 -2.6244e+00 +3.1750e+00
% f evaluations | g evaluations | best noise-free fitness - Fopt (4.066000000000e+01) + sum g_i+ | measured fitness | best measured fitness or single-digit g-values | x1 | x2...
1 0 +1.724702693e+02 +2.131302693e+02 +2.131302693e+02 +0.0000e+00 +0.0000e+00 +0.0000e+00 +0.0000e+00 +0.0000e+00
3 0 +1.713935574e+02 +2.120535574e+02 +2.120535574e+02 -1.7508e+00 -3.0952e+00 +1.4900e+00 -3.3880e+00 -4.7903e-01
13 0 +1.402028479e+02 +1.808628479e+02 +1.808628479e+02 +6.8600e-01 +3.6063e-02 +9.9904e-01 -2.7118e+00 -1.1705e+00
27 0 +9.216823124e+01 +1.328282312e+02 +1.328282312e+02 +1.1192e-01 +3.4701e-01 +1.4960e+00 -6.1843e-01 +4.9101e-01
37 0 +8.736407323e+01 +1.280240732e+02 +1.280240732e+02 -8.1210e-01 -9.9652e-01 +5.8437e-01 -1.5938e+00 +7.7849e-01
69 0 +8.107640835e+01 +1.217364083e+02 +1.217364083e+02 -7.3544e-01 +9.0173e-01 +1.1200e+00 -2.3575e+00 +1.0226e+00
71 0 +7.697526763e+01 +1.176352676e+02 +1.176352676e+02 -9.4813e-01 -4.6220e-01 +2.2736e+00 -1.9976e+00 +1.0711e+00
91 0 +7.142521542e+01 +1.120852154e+02 +1.120852154e+02 +2.0872e+00 +1.9756e+00 +1.3835e+00 -2.0291e+00 +1.1470e+00
92 0 +5.529531717e+01 +9.595531717e+01 +9.595531717e+01 -1.7039e-01 +2.1924e+00 +2.4363e+00 -9.1847e-01 +1.0301e+00
135 0 +3.259861868e+01 +7.325861868e+01 +7.325861868e+01 +1.4723e-01 -8.7661e-01 +3.4262e+00 -2.7033e+00 +1.6989e+00
365 0 +2.828017445e+01 +6.894017445e+01 +6.894017445e+01 +8.9437e-01 +2.7215e+00 +3.2723e+00 -3.2133e+00 +1.4590e+00
453 0 +1.933687653e+01 +5.999687653e+01 +5.999687653e+01 +1.1550e+00 +5.1025e-01 +2.8307e+00 -2.6314e+00 +1.0467e+00
1097 0 +1.855469610e+01 +5.921469610e+01 +5.921469610e+01 +1.2576e+00 +1.1184e+00 +3.4109e+00 -3.0705e+00 +1.4218e+00
1554 0 +1.531387724e+01 +5.597387724e+01 +5.597387724e+01 +1.2336e+00 +2.0851e+00 +3.2857e+00 -3.0685e+00 +1.0261e+00
2008 0 +1.404133403e+01 +5.470133403e+01 +5.470133403e+01 +9.9950e-01 +1.9269e+00 +3.3627e+00 -2.2488e+00 +1.0153e+00
2560 0 +1.066166727e+01 +5.132166727e+01 +5.132166727e+01 +2.0581e+00 +1.1991e+00 +3.3115e+00 -2.2352e+00 +1.0054e+00
3019 0 +9.109513198e+00 +4.976951320e+01 +4.976951320e+01 +2.9957e+00 +1.2895e+00 +3.3965e+00 -2.2484e+00 +1.0591e+00
6580 0 +7.260680755e+00 +4.792068075e+01 +4.792068075e+01 +2.9805e+00 +1.9591e+00 +3.3437e+00 -2.7309e+00 +1.4434e+00
6584 0 +6.720749693e+00 +4.738074969e+01 +4.738074969e+01 +2.9724e+00 +2.0535e+00 +3.3202e+00 -3.1513e+00 +1.4139e+00
6695 0 +5.557016435e+00 +4.621701643e+01 +4.621701643e+01 +3.0233e+00 +1.9640e+00 +3.3617e+00 -3.0939e+00 +1.4057e+00
6977 0 +5.095536743e+00 +4.575553674e+01 +4.575553674e+01 +3.0192e+00 +4.1797e-01 +3.3377e+00 -3.1318e+00 +1.4196e+00
7359 0 +4.992286320e+00 +4.565228632e+01 +4.565228632e+01 +3.0182e+00 +1.9644e+00 +3.3462e+00 -3.1167e+00 +1.4145e+00
7496 0 +4.327020257e+00 +4.498702026e+01 +4.498702026e+01 +3.0334e+00 +2.0593e+00 +3.3059e+00 -3.1125e+00 +1.4231e+00
10212 0 +4.136645856e+00 +4.479664586e+01 +4.479664586e+01 +3.0014e+00 +1.2632e+00 +3.3514e+00 -3.1232e+00 +1.4104e+00
10979 0 +4.060583874e+00 +4.472058387e+01 +4.472058387e+01 +3.0499e+00 +2.0543e+00 +3.3393e+00 -3.1030e+00 +1.4165e+00
11841 0 +3.980572319e+00 +4.464057232e+01 +4.464057232e+01 +3.0519e+00 +2.0652e+00 +3.3287e+00 -3.1066e+00 +1.4175e+00
14058 0 +3.979836229e+00 +4.463983623e+01 +4.463983623e+01 +3.0520e+00 +2.0666e+00 +3.3280e+00 -3.1069e+00 +1.4173e+00
