% f evaluations | g evaluations | best noise-free fitness - Fopt (-4.620900000000e+02) + sum g_i+ | measured fitness | best measured fitness or single-digit g-values | x1 | x2...
1 0 +1.181909657e+02 -3.438990343e+02 -3.438990343e+02 +0.0000e+00 +0.0000e+00 +0.0000e+00 +0.0000e+00 +0.0000e+00
40 0 +1.087322396e+02 -3.533577604e+02 -3.533577604e+02 +8.8897e-01 -1.2441e-01 +1.0862e+00 +1.2602e+00 +3.4692e-01
43 0 +1.016478584e+02 -3.604421416e+02 -3.604421416e+02 +4.2479e-01 +4.5373e-01 +1.1363e+00 +3.0158e+00 +1.4252e+00
55 0 +9.996622664e+01 -3.621237734e+02 -3.621237734e+02 +2.7480e+00 -1.5298e+00 +1.2858e+00 -8.0809e-02 +1.8654e+00
61 0 +5.998803306e+01 -4.021019669e+02 -4.021019669e+02 +1.8232e+00 -9.4667e-02 +2.2103e+00 +9.6034e-01 +1.9326e+00
205 0 +5.017228462e+01 -4.119177154e+02 -4.119177154e+02 +5.2654e-01 +1.1579e-01 -1.1496e-01 +2.9128e-01 +1.2994e+00
492 0 +4.007373830e+01 -4.220162617e+02 -4.220162617e+02 +1.2358e+00 +3.9237e+00 -1.6406e-01 +3.5592e-01 +1.6790e+00
612 0 +2.853595573e+01 -4.335540443e+02 -4.335540443e+02 +4.2751e-01 +2.1751e+00 +6.0413e-01 +1.0915e+00 +2.0205e+00
716 0 +1.819611938e+01 -4.438938806e+02 -4.438938806e+02 +2.1668e+00 +2.2879e+00 +1.5657e+00 +1.1833e+00 +2.0538e+00
1484 0 +1.737796668e+01 -4.447120333e+02 -4.447120333e+02 +3.1586e-01 +2.3293e+00 +2.1697e+00 +1.6110e+00 +1.9417e+00
2597 0 +1.672701167e+01 -4.453629883e+02 -4.453629883e+02 +1.3218e+00 +2.8718e+00 +1.6227e+00 +1.1384e+00 +2.0383e+00
3362 0 +1.618396312e+01 -4.459060369e+02 -4.459060369e+02 +2.2836e+00 +3.0339e+00 +1.6454e+00 -2.0348e-01 +2.0277e+00
3414 0 +1.576414355e+01 -4.463258564e+02 -4.463258564e+02 +2.2079e+00 +3.6512e+00 +1.7200e+00 +1.1593e+00 +2.2802e+00
3431 0 +1.370564533e+01 -4.483843547e+02 -4.483843547e+02 +2.1925e+00 +3.8723e+00 +1.5305e+00 +7.4559e-01 +1.9925e+00
3534 0 +1.135266846e+01 -4.507373315e+02 -4.507373315e+02 +2.3148e+00 +2.3584e+00 +1.6651e+00 +2.6188e-01 +1.6338e+00
3981 0 +1.119383014e+01 -4.508961699e+02 -4.508961699e+02 +2.3008e+00 +2.2118e+00 +1.6624e+00 +6.8188e-01 +1.6317e+00
4439 0 +6.539458282e+00 -4.555505417e+02 -4.555505417e+02 +2.3006e+00 +1.4895e+00 +1.6818e+00 +7.5502e-01 +2.2673e+00
6305 0 +5.547151139e+00 -4.565428489e+02 -4.565428489e+02 +2.3085e+00 +2.3495e+00 +1.6272e+00 +1.1365e+00 +1.9852e+00
12044 0 +4.258893252e+00 -4.578311067e+02 -4.578311067e+02 +1.3200e+00 +2.2553e+00 +1.6471e+00 +7.2782e-01 +1.9880e+00
14649 0 +3.653234820e+00 -4.584367652e+02 -4.584367652e+02 +1.3199e+00 +2.2890e+00 +1.6264e+00 +7.1932e-01 +1.9787e+00
14686 0 +3.481281819e+00 -4.586087182e+02 -4.586087182e+02 +1.3218e+00 +2.2928e+00 +1.6444e+00 +7.2414e-01 +1.9936e+00
18102 0 +3.481281819e+00 -4.586087182e+02 -4.586087182e+02 +1.3218e+00 +2.2928e+00 +1.6444e+00 +7.2414e-01 +1.9936e+00
% f evaluations | g evaluations | best noise-free fitness - Fopt (7.766000000000e+01) + sum g_i+ | measured fitness | best measured fitness or single-digit g-values | x1 | x2...
1 0 +1.918840342e+02 +2.695440342e+02 +2.695440342e+02 +0.0000e+00 +0.0000e+00 +0.0000e+00 +0.0000e+00 +0.0000e+00
15 0 +1.775293437e+02 +2.551893437e+02 +2.551893437e+02 -2.8383e+00 +1.6152e+00 -1.2390e+00 -2.0348e-01 +2.1499e+00
22 0 +1.614928437e+02 +2.391528437e+02 +2.391528437e+02 -2.8616e+00 +3.1032e+00 -1.7089e+00 +3.3029e-01 +1.8839e+00
26 0 +1.411845882e+02 +2.188445882e+02 +2.188445882e+02 -1.0078e+00 +2.2124e+00 -1.3276e-02 +3.7908e-01 +2.5505e+00
41 0 +1.266483350e+02 +2.043083350e+02 +2.043083350e+02 -7.9651e-02 -1.5547e+00 -9.5421e-02 +8.4596e-01 +1.4120e+00
44 0 +1.206226047e+02 +1.982826047e+02 +1.982826047e+02 -9.7281e-01 -7.7158e-01 +3.9959e-01 +2.2092e+00 +1.6484e-01
56 0 +1.135366810e+02 +1.911966810e+02 +1.911966810e+02 -2.6744e+00 +2.0569e+00 -1.3765e+00 +1.6328e+00 +2.1592e+00
85 0 +1.078199770e+02 +1.854799770e+02 +1.854799770e+02 -1.0968e+00 +1.1191e+00 -9.6671e-01 +2.7507e+00 +2.3245e+00
99 0 +1.062005166e+02 +1.838605166e+02 +1.838605166e+02 +8.2169e-01 -2.2761e+00 -1.0117e+00 +9.6349e-01 +2.3042e+00
102 0 +8.833359554e+01 +1.659935955e+02 +1.659935955e+02 -3.9299e-01 -4.3797e-01 +2.4521e-01 +1.3096e+00 +2.0831e+00
120 0 +7.299889051e+01 +1.506588905e+02 +1.506588905e+02 -8.5280e-01 -6.6332e-01 -4.6291e-01 +2.9698e+00 +2.2958e+00
126 0 +5.784270534e+01 +1.355027053e+02 +1.355027053e+02 +8.3725e-01 -1.4657e+00 +7.1341e-02 +2.5223e+00 +2.1656e+00
138 0 +3.694686672e+01 +1.146068667e+02 +1.146068667e+02 -1.5336e+00 -8.6349e-01 +5.2250e-01 +3.8298e+00 +2.4670e+00
486 0 +2.067213611e+01 +9.833213611e+01 +9.833213611e+01 +3.4242e-01 -1.3198e-01 +7.0805e-01 +2.4072e+00 +1.7347e+00
893 0 +1.927022406e+01 +9.693022406e+01 +9.693022406e+01 +1.5331e+00 -2.2294e+00 +6.5156e-01 +3.3742e+00 +1.7638e+00
1775 0 +1.366357463e+01 +9.132357463e+01 +9.132357463e+01 +5.5116e-01 -2.0751e-04 +1.8174e-01 +3.7222e+00 +2.4507e+00
3586 0 +1.343022056e+01 +9.109022056e+01 +9.109022056e+01 +3.5083e-01 -9.0908e-01 +7.1284e-01 +3.2650e+00 +2.1820e+00
3606 0 +1.140648743e+01 +8.906648743e+01 +8.906648743e+01 +4.6285e-01 -1.7070e+00 +6.6209e-01 +3.7521e+00 +2.1833e+00
3905 0 +1.068019461e+01 +8.834019461e+01 +8.834019461e+01 +4.0727e-01 -9.5424e-01 +6.7681e-01 +3.7623e+00 +2.1699e+00
4479 0 +9.061846285e+00 +8.672184629e+01 +8.672184629e+01 +4.6520e-01 -8.0034e-01 +6.9189e-01 +3.3559e+00 +2.1709e+00
5358 0 +8.034747584e+00 +8.569474758e+01 +8.569474758e+01 +3.8969e-01 -1.1759e-01 +6.9936e-01 +3.3140e+00 +2.1478e+00
6130 0 +7.478518269e+00 +8.513851827e+01 +8.513851827e+01 +4.7788e-01 -8.6723e-01 +7.2258e-01 +3.3011e+00 +2.1454e+00
9209 0 +6.632400892e+00 +8.429240089e+01 +8.429240089e+01 +4.4822e-01 -8.4027e-01 +7.1448e-01 +3.3285e+00 +2.1472e+00
22648 0 +6.632400892e+00 +8.429240089e+01 +8.429240089e+01 +4.4822e-01 -8.4027e-01 +7.1448e-01 +3.3285e+00 +2.1472e+00
% f evaluations | g evaluations | best noise-free fitness - Fopt (1.156800000000e+02) + sum g_i+ | measured fitness | best measured fitness or single-digit g-values | x1 | x2...
1 0 +2.457187506e+02 +3.613987506e+02 +3.613987506e+02 +0.0000e+00 +0.0000e+00 +0.0000e+00 +0.0000e+00 +0.0000e+00
13 0 +1.789137130e+02 +2.945937130e+02 +2.945937130e+02 -2.3906e+00 -1.9553e+00 -2.2100e+00 +1.4301e+00 +1.0986e+00
18 0 +1.257564082e+02 +2.414364082e+02 +2.414364082e+02 -1.9493e+00 -3.3331e+00 -2.8687e+00 +3.5314e+00 +2.0337e+00
58 0 +1.104639713e+02 +2.261439713e+02 +2.261439713e+02 +3.8546e-01 -3.5161e+00 -2.5595e+00 +3.7995e+00 +2.3288e+00
69 0 +1.073930682e+02 +2.230730682e+02 +2.230730682e+02 +9.6407e-01 -4.5798e-01 -2.6738e+00 +1.3193e+00 +2.8233e+00
74 0 +9.158626290e+01 +2.072662629e+02 +2.072662629e+02 +5.6284e-01 -5.3186e-02 -2.9113e+00 +1.5068e+00 +2.9179e+00
102 0 +8.453054448e+01 +2.002105445e+02 +2.002105445e+02 +1.1896e+00 +3.2453e-01 -3.0073e+00 +3.3774e+00 +3.6822e+00
113 0 +8.027706975e+01 +1.959570698e+02 +1.959570698e+02 +3.3433e-01 -1.9797e+00 -6.2424e-01 +3.8445e+00 +3.1673e+00
141 0 +6.617436386e+01 +1.818543639e+02 +1.818543639e+02 +2.0625e+00 -3.1633e+00 -1.9482e+00 +2.3407e+00 +3.0213e+00
188 0 +6.207448828e+01 +1.777544883e+02 +1.777544883e+02 -1.7147e+00 -1.1147e-01 -6.5598e-01 +4.0672e+00 +3.2587e+00
206 0 +3.596715756e+01 +1.516471576e+02 +1.516471576e+02 -1.0153e+00 +3.5414e-01 -1.2438e+00 +2.6560e+00 +3.3266e+00
470 0 +3.413611178e+01 +1.498161118e+02 +1.498161118e+02 +1.0623e+00 -1.9235e+00 -2.3415e-01 +3.5397e+00 +3.3766e+00
512 0 +2.830773773e+01 +1.439877377e+02 +1.439877377e+02 +4.6741e-01 -1.7008e-01 -1.7303e-01 +3.0616e+00 +2.9714e+00
524 0 +2.042612444e+01 +1.361061244e+02 +1.361061244e+02 +2.8358e-01 -2.2687e+00 +1.5754e-01 +3.5361e+00 +2.9035e+00
840 0 +2.003379731e+01 +1.357137973e+02 +1.357137973e+02 +2.0933e+00 +4.7450e-01 -3.5982e-01 +2.6382e+00 +2.6603e+00
968 0 +1.932411882e+01 +1.350041188e+02 +1.350041188e+02 +1.1677e+00 -1.0051e+00 -3.2177e-01 +3.2348e+00 +3.3129e+00
1302 0 +1.851765760e+01 +1.341976576e+02 +1.341976576e+02 +1.2241e-01 -9.5520e-01 +2.3465e-01 +2.6440e+00 +3.0011e+00
1334 0 +1.610451743e+01 +1.317845174e+02 +1.317845174e+02 +1.2731e+00 -2.8553e-01 +2.3016e-01 +3.5416e+00 +2.9875e+00
1495 0 +1.364156112e+01 +1.293215611e+02 +1.293215611e+02 +1.1894e+00 -1.0015e+00 -2.1828e-01 +3.0539e+00 +3.2531e+00
3577 0 +1.251971376e+01 +1.281997138e+02 +1.281997138e+02 +1.2364e-01 -9.8484e-01 -3.4692e-01 +2.6643e+00 +2.9492e+00
3846 0 +1.172547756e+01 +1.274054776e+02 +1.274054776e+02 +1.5039e-01 -1.0498e+00 -3.5487e-01 +3.0613e+00 +2.9254e+00
4117 0 +1.124518623e+01 +1.269251862e+02 +1.269251862e+02 +1.9574e-01 -9.7766e-01 -2.6394e-01 +3.0980e+00 +2.9124e+00
8334 0 +1.124518623e+01 +1.269251862e+02 +1.269251862e+02 +1.9574e-01 -9.7766e-01 -2.6394e-01 +3.0980e+00 +2.9124e+00
% f evaluations | g evaluations | best noise-free fitness - Fopt (-3.710000000000e+00) + sum g_i+ | measured fitness | best measured fitness or single-digit g-values | x1 | x2...
1 0 +2.580895641e+02 +2.543795641e+02 +2.543795641e+02 +0.0000e+00 +0.0000e+00 +0.0000e+00 +0.0000e+00 +0.0000e+00
4 0 +1.555370064e+02 +1.518270064e+02 +1.518270064e+02 -4.2414e+00 +2.5578e-01 +7.3130e-01 +1.5327e+00 +3.0190e+00
17 0 +1.488408186e+02 +1.451308186e+02 +1.451308186e+02 -2.5697e+00 +4.6122e-01 +2.5029e-01 +9.1422e-01 +2.9576e+00
148 0 +1.472248279e+02 +1.435148279e+02 +1.435148279e+02 -3.0088e+00 -1.4097e+00 +5.1654e-01 +6.1834e-01 +2.4232e+00
161 0 +1.399865045e+02 +1.362765045e+02 +1.362765045e+02 -1.7993e+00 -1.9379e+00 +1.3132e+00 +9.2340e-01 +1.8026e+00
165 0 +1.275272906e+02 +1.238172906e+02 +1.238172906e+02 -1.0049e+00 -1.7492e-01 +1.3086e+00 +2.3822e+00 +6.7281e-01
166 0 +1.248633296e+02 +1.211533296e+02 +1.211533296e+02 -3.2220e+00 -9.8349e-01 +1.0303e-02 +1.3197e+00 +2.2650e+00
180 0 +9.134229221e+01 +8.763229221e+01 +8.763229221e+01 -8.0985e-01 +8.9405e-01 +1.8453e+00 +2.7248e+00 +1.4362e+00
183 0 +7.474752701e+01 +7.103752701e+01 +7.103752701e+01 +1.1142e+00 -2.2426e+00 +5.2861e-01 +1.7984e+00 +2.9955e+00
247 0 +6.132872068e+01 +5.761872068e+01 +5.761872068e+01 +2.0045e+00 -1.6734e+00 +9.4666e-01 +3.2144e+00 +3.0661e+00
258 0 +5.669622528e+01 +5.298622528e+01 +5.298622528e+01 +1.5897e+00 -6.5638e-01 +1.7880e+00 +3.1606e+00 +2.3863e+00
273 0 +5.254579536e+01 +4.883579536e+01 +4.883579536e+01 +2.9820e+00 -1.4149e+00 +1.8319e+00 +3.7258e+00 +1.7252e+00
294 0 +3.493850883e+01 +3.122850883e+01 +3.122850883e+01 +1.3990e+00 -3.1383e+00 +1.3123e+00 +3.0241e+00 +2.9416e+00
319 0 +2.598270508e+01 +2.227270508e+01 +2.227270508e+01 +1.7166e-01 -7.7121e-01 +1.2431e+00 +3.9416e+00 +2.4210e+00
611 0 +1.880277044e+01 +1.509277044e+01 +1.509277044e+01 +3.0660e+00 -3.1110e+00 +1.1658e+00 +3.4521e+00 +2.5645e+00
934 0 +1.641394437e+01 +1.270394437e+01 +1.270394437e+01 +1.1900e+00 -1.5011e+00 +1.2879e+00 +3.4906e+00 +2.4262e+00
1483 0 +1.454603843e+01 +1.083603843e+01 +1.083603843e+01 +1.1691e+00 -1.4569e+00 +1.2037e+00 +3.5331e+00 +2.5108e+00
1486 0 +1.398888726e+01 +1.027888726e+01 +1.027888726e+01 +2.0256e+00 -3.1297e+00 +1.1578e+00 +4.3473e+00 +2.4335e+00
1814 0 +1.291851376e+01 +9.208513757e+00 +9.208513757e+00 +2.2505e+00 -2.2696e+00 +1.1529e+00 +3.9056e+00 +2.4937e+00
1984 0 +8.692563592e+00 +4.982563592e+00 +4.982563592e+00 +1.1632e+00 -1.6004e+00 +1.1693e+00 +3.9392e+00 +2.8433e+00
2353 0 +7.638086695e+00 +3.928086695e+00 +3.928086695e+00 +2.1109e+00 -1.6244e+00 +1.1572e+00 +4.3340e+00 +2.8628e+00
2736 0 +7.138019495e+00 +3.428019495e+00 +3.428019495e+00 +3.0991e+00 -2.2648e+00 +1.1770e+00 +4.3405e+00 +2.8818e+00
3688 0 +4.357726320e+00 +6.477263204e-01 +6.477263204e-01 +3.0968e+00 -2.2607e+00 +1.2736e+00 +3.8948e+00 +3.1357e+00
4485 0 +4.149715614e+00 +4.397156143e-01 +4.397156143e-01 +3.0900e+00 -2.2910e+00 +1.2178e+00 +4.3680e+00 +3.1887e+00
4800 0 +3.856997084e+00 +1.469970840e-01 +1.469970840e-01 +3.0980e+00 -2.2322e+00 +1.1652e+00 +4.3421e+00 +3.1429e+00
5639 0 +3.416991835e+00 -2.930081647e-01 -2.930081647e-01 +3.0357e+00 -2.2912e+00 +1.1934e+00 +3.4938e+00 +3.1431e+00
7658 0 +3.172020150e+00 -5.379798498e-01 -5.379798498e-01 +3.1133e+00 -3.0728e+00 +1.1884e+00 +3.8949e+00 +3.1359e+00
7692 0 +2.650504877e+00 -1.059495123e+00 -1.059495123e+00 +3.0866e+00 -3.1025e+00 +1.1690e+00 +3.9264e+00 +3.1488e+00
7761 0 +2.593631656e+00 -1.116368344e+00 -1.116368344e+00 +3.0868e+00 -3.1234e+00 +1.1884e+00 +3.9060e+00 +3.1459e+00
7762 0 +2.551588746e+00 -1.158411254e+00 -1.158411254e+00 +3.1053e+00 -3.0967e+00 +1.2040e+00 +3.9204e+00 +3.1402e+00
7768 0 +2.428506711e+00 -1.281493289e+00 -1.281493289e+00 +3.0992e+00 -3.1214e+00 +1.1698e+00 +3.9137e+00 +3.1487e+00
7776 0 +2.195689468e+00 -1.514310532e+00 -1.514310532e+00 +3.0955e+00 -3.0955e+00 +1.1762e+00 +3.9068e+00 +3.1494e+00
7827 0 +2.069456575e+00 -1.640543425e+00 -1.640543425e+00 +3.1049e+00 -3.1076e+00 +1.1840e+00 +3.9114e+00 +3.1515e+00
7993 0 +2.036944968e+00 -1.673055032e+00 -1.673055032e+00 +3.1078e+00 -3.0975e+00 +1.1924e+00 +3.9080e+00 +3.1523e+00
8655 0 +1.992021092e+00 -1.717978908e+00 -1.717978908e+00 +3.1176e+00 -3.0997e+00 +1.1875e+00 +3.9104e+00 +3.1521e+00
10908 0 +1.989918116e+00 -1.720081884e+00 -1.720081884e+00 +3.1200e+00 -3.1003e+00 +1.1872e+00 +3.9104e+00 +3.1528e+00
% f evaluations | g evaluations | best noise-free fitness - Fopt (1.321800000000e+02) + sum g_i+ | measured fitness | best measured fitness or single-digit g-values | x1 | x2...
1 0 +1.867275087e+02 +3.189075087e+02 +3.189075087e+02 +0.0000e+00 +0.0000e+00 +0.0000e+00 +0.0000e+00 +0.0000e+00
10 0 +1.807219331e+02 +3.129019331e+02 +3.129019331e+02 -4.1538e-01 +1.7450e-01 +3.7662e+00 -2.1424e+00 -3.9158e-01
11 0 +1.624612990e+02 +2.946412990e+02 +2.946412990e+02 -8.9659e-01 +2.9086e+00 +9.1521e-01 -3.7480e+00 +5.9240e-01
14 0 +1.621592979e+02 +2.943392979e+02 +2.943392979e+02 +1.3459e+00 -1.7542e+00 +2.2660e-01 -2.1072e+00 +5.5424e-01
25 0 +1.526790593e+02 +2.848590593e+02 +2.848590593e+02 +3.0066e+00 -4.6516e+00 +2.4384e+00 -1.6049e+00 +5.2019e-01
26 0 +1.312395904e+02 +2.634195904e+02 +2.634195904e+02 +2.4117e+00 -3.0235e+00 +1.1296e+00 +2.9364e-01 +1.5275e+00
39 0 +1.208132954e+02 +2.529932954e+02 +2.529932954e+02 -3.0738e-01 +9.7376e-01 +3.3424e+00 -2.7583e+00 +1.2412e-01
61 0 +1.190438940e+02 +2.512238940e+02 +2.512238940e+02 -1.2536e+00 +2.7030e+00 +2.9836e+00 -2.9402e+00 +1.4999e-01
62 0 +1.118852708e+02 +2.440652708e+02 +2.440652708e+02 +2.3795e-01 +1.5530e+00 +1.0189e+00 -3.4911e+00 +7.0001e-01
86 0 +1.086025097e+02 +2.407825097e+02 +2.407825097e+02 -1.2721e-02 +1.3028e+00 +6.7315e-01 -1.3599e+00 +1.6683e+00
87 0 +8.288137095e+01 +2.150613709e+02 +2.150613709e+02 +4.9333e-01 +3.2109e-01 +2.7935e+00 -7.2530e-01 +1.6756e+00
88 0 +4.119568907e+01 +1.733756891e+02 +1.733756891e+02 -3.3542e-01 +2.7152e+00 +2.9297e+00 -1.9926e+00 +1.5344e+00
474 0 +2.573689110e+01 +1.579168911e+02 +1.579168911e+02 +3.6353e+00 +1.3226e+00 +2.7309e+00 -2.3490e+00 +1.7849e+00
1011 0 +1.043872235e+01 +1.426187224e+02 +1.426187224e+02 +1.7409e+00 +1.4109e+00 +2.9238e+00 -1.9663e+00 +2.1571e+00
4562 0 +8.907406846e+00 +1.410874068e+02 +1.410874068e+02 +2.8037e+00 +1.5199e+00 +2.7968e+00 -1.9690e+00 +1.7885e+00
7750 0 +7.794214541e+00 +1.399742145e+02 +1.399742145e+02 +2.7403e+00 +1.4989e+00 +2.8330e+00 -1.5183e+00 +1.7977e+00
17059 0 +7.794214541e+00 +1.399742145e+02 +1.399742145e+02 +2.7403e+00 +1.4989e+00 +2.8330e+00 -1.5183e+00 +1.7977e+00
% f evaluations | g evaluations | best noise-free fitness - Fopt (-3.930000000000e+01) + sum g_i+ | measured fitness | best measured fitness or single-digit g-values | x1 | x2...
1 0 +1.324979894e+02 +9.319798943e+01 +9.319798943e+01 +0.0000e+00 +0.0000e+00 +0.0000e+00 +0.0000e+00 +0.0000e+00
34 0 +1.266843567e+02 +8.738435670e+01 +8.738435670e+01 +1.4181e+00 +2.5396e+00 -6.1453e-01 +2.2890e+00 -9.0499e-01
45 0 +9.349213532e+01 +5.419213532e+01 +5.419213532e+01 +1.3951e+00 +1.9379e+00 -1.1673e+00 +3.6939e+00 +7.9589e-02
51 0 +9.048317579e+01 +5.118317579e+01 +5.118317579e+01 +1.7664e+00 -2.7078e+00 +2.4811e-01 +3.0368e+00 -5.1037e-01
69 0 +6.758798800e+01 +2.828798800e+01 +2.828798800e+01 -1.1726e+00 +5.2146e-01 +9.1985e-01 +3.4395e+00 +3.8998e-01
99 0 +6.102675231e+01 +2.172675231e+01 +2.172675231e+01 +5.0635e-01 -3.2423e+00 +1.5643e-01 +4.2327e+00 +3.3138e-02
153 0 +3.239690489e+01 -6.903095111e+00 -6.903095111e+00 +5.4857e-01 -3.8810e-01 +9.3222e-01 +2.9659e+00 +6.4372e-01
215 0 +2.775361295e+01 -1.154638705e+01 -1.154638705e+01 +6.3274e-01 +2.9023e-01 +1.7037e+00 +1.8415e+00 +7.0217e-01
334 0 +1.661114647e+01 -2.268885353e+01 -2.268885353e+01 +1.5658e+00 +1.4589e-01 +1.6665e+00 +2.9009e+00 +6.6841e-01
2039 0 +1.301108141e+01 -2.628891859e+01 -2.628891859e+01 +2.5027e+00 -6.2165e-01 +1.6177e+00 +3.3251e+00 +6.9659e-01
2044 0 +8.623923970e+00 -3.067607603e+01 -3.067607603e+01 +2.4167e+00 -1.2625e+00 +1.7548e+00 +3.4146e+00 +6.7423e-01
4216 0 +6.848489107e+00 -3.245151089e+01 -3.245151089e+01 +2.4816e+00 +4.1825e-01 +1.7328e+00 +3.3969e+00 +9.9386e-01
5089 0 +6.086697450e+00 -3.321330255e+01 -3.321330255e+01 +2.5080e+00 +4.2785e-01 +1.7616e+00 +3.3672e+00 +9.9041e-01
5967 0 +6.025402906e+00 -3.327459709e+01 -3.327459709e+01 +2.5283e+00 +3.9436e-01 +1.7259e+00 +3.8112e+00 +1.0023e+00
9013 0 +5.969749305e+00 -3.333025069e+01 -3.333025069e+01 +2.5336e+00 +3.8370e-01 +1.7344e+00 +3.8126e+00 +1.0040e+00
% f evaluations | g evaluations | best noise-free fitness - Fopt (4.296000000000e+01) + sum g_i+ | measured fitness | best measured fitness or single-digit g-values | x1 | x2...
1 0 +1.213836096e+02 +1.643436096e+02 +1.643436096e+02 +0.0000e+00 +0.0000e+00 +0.0000e+00 +0.0000e+00 +0.0000e+00
8 0 +1.206826391e+02 +1.636426391e+02 +1.636426391e+02 -2.9215e+00 +1.1203e+00 +1.8716e-01 +7.1425e-01 +4.0144e-01
26 0 +1.150622479e+02 +1.580222479e+02 +1.580222479e+02 +2.3339e-01 +4.6642e+00 -9.7468e-01 +5.4899e-02 +5.5726e-01
32 0 +6.301097360e+01 +1.059709736e+02 +1.059709736e+02 -3.8161e+00 +1.7467e+00 +1.2031e+00 +1.4450e+00 -2.4882e-01
192 0 +4.427801738e+01 +8.723801738e+01 +8.723801738e+01 +7.6854e-01 +2.8478e+00 +2.1166e+00 +9.3708e-01 +5.7187e-01
335 0 +3.402090385e+01 +7.698090385e+01 +7.698090385e+01 -1.5697e+00 +8.8320e-01 +2.0242e+00 +1.0202e+00 +5.0097e-01
643 0 +2.703867403e+01 +6.999867403e+01 +6.999867403e+01 -5.0474e-01 +3.3182e+00 +2.2793e+00 +1.9715e+00 +6.2467e-01
785 0 +2.649534781e+01 +6.945534781e+01 +6.945534781e+01 +1.4665e+00 +3.2061e+00 +2.3079e+00 +6.5449e-01 +6.6265e-01
849 0 +2.620263412e+01 +6.916263412e+01 +6.916263412e+01 -4.1606e-01 +3.3748e+00 +2.8249e+00 +1.4019e-01 -9.9081e-02
909 0 +2.497309365e+01 +6.793309365e+01 +6.793309365e+01 -4.6796e-01 +2.5424e+00 +2.7098e+00 +1.0875e+00 +3.1098e-01
1036 0 +1.938127904e+01 +6.234127904e+01 +6.234127904e+01 +4.9216e-01 +3.8651e+00 +2.2398e+00 +1.3806e+00 +5.9213e-01
1369 0 +1.572403076e+01 +5.868403076e+01 +5.868403076e+01 -4.5646e-01 +9.5968e-01 +1.7229e+00 +6.4765e-01 +6.0724e-01
1672 0 +1.209307036e+01 +5.505307036e+01 +5.505307036e+01 +5.2628e-01 +1.7183e+00 +2.1181e+00 +6.7331e-01 +6.1681e-01
4586 0 +1.109612721e+01 +5.405612721e+01 +5.405612721e+01 +5.2002e-01 +3.1204e-01 +2.2007e+00 +5.8273e-01 +8.6352e-01
4731 0 +8.685528396e+00 +5.164552840e+01 +5.164552840e+01 +1.4785e+00 +2.4580e+00 +2.2377e+00 +1.0195e+00 +5.4268e-01
5457 0 +7.825860330e+00 +5.078586033e+01 +5.078586033e+01 +6.0802e-01 +1.7546e+00 +2.1495e+00 +6.1445e-01 +5.9718e-01
6949 0 +7.603132204e+00 +5.056313220e+01 +5.056313220e+01 +5.9886e-01 +1.6789e+00 +2.1283e+00 +1.0058e+00 +5.8957e-01
7059 0 +7.393542530e+00 +5.035354253e+01 +5.035354253e+01 +5.6398e-01 +1.6975e+00 +2.1656e+00 +1.0671e+00 +5.8931e-01
7083 0 +5.636964719e+00 +4.859696472e+01 +4.859696472e+01 +5.9149e-01 +1.7634e+00 +2.1457e+00 +1.0139e+00 +5.8060e-01
7613 0 +4.470292589e+00 +4.743029259e+01 +4.743029259e+01 +5.5152e-01 +1.7287e+00 +2.2144e+00 +1.0372e+00 +5.9156e-01
8433 0 +4.304536110e+00 +4.726453611e+01 +4.726453611e+01 +5.6907e-01 +1.7396e+00 +2.1764e+00 +1.0288e+00 +5.9029e-01
16270 0 +4.304536110e+00 +4.726453611e+01 +4.726453611e+01 +5.6907e-01 +1.7396e+00 +2.1764e+00 +1.0288e+00 +5.9029e-01
% f evaluations | g evaluations | best noise-free fitness - Fopt (2.842200000000e+02) + sum g_i+ | measured fitness | best measured fitness or single-digit g-values | x1 | x2...
1 0 +9.418868072e+01 +3.784086807e+02 +3.784086807e+02 +0.0000e+00 +0.0000e+00 +0.0000e+00 +0.0000e+00 +0.0000e+00
29 0 +7.958949988e+01 +3.638094999e+02 +3.638094999e+02 -1.1107e+00 -1.6062e+00 -3.0810e-01 +2.7043e-01 +1.5633e+00
62 0 +7.528283761e+01 +3.595028376e+02 +3.595028376e+02 +1.1682e+00 -1.6205e+00 -1.2644e+00 +1.2615e+00 +5.6536e-01
93 0 +6.318649004e+01 +3.474064900e+02 +3.474064900e+02 +1.3933e+00 -1.5259e+00 -3.6451e-02 -3.8486e-01 +1.8167e+00
140 0 +6.287173174e+01 +3.470917317e+02 +3.470917317e+02 -1.5067e+00 -4.1384e-01 -4.4963e-01 +2.2623e+00 +8.9285e-01
224 0 +4.300246058e+01 +3.272224606e+02 +3.272224606e+02 -1.4751e-02 +3.9526e-01 +4.5265e-01 +2.7045e+00 +7.9256e-01
228 0 +3.837951960e+01 +3.225995196e+02 +3.225995196e+02 +2.3784e-01 +1.6733e+00 +9.5236e-01 +1.8421e+00 +1.5095e+00
237 0 +3.234328258e+01 +3.165632826e+02 +3.165632826e+02 +1.6044e-01 -2.3552e+00 +4.4422e-01 +3.0812e+00 +1.1952e+00
537 0 +2.737047705e+01 +3.115904771e+02 +3.115904771e+02 +1.7774e+00 +3.6548e-01 +4.7953e-01 +1.3713e+00 +1.5251e+00
597 0 +2.508257854e+01 +3.093025785e+02 +3.093025785e+02 -8.1568e-02 +1.4298e+00 -5.3043e-01 +1.8041e+00 +1.5261e+00
829 0 +1.463863836e+01 +2.988586384e+02 +2.988586384e+02 +1.9146e+00 +1.3741e+00 +1.0065e+00 +2.1910e+00 +1.5259e+00
2330 0 +1.440492606e+01 +2.986249261e+02 +2.986249261e+02 +9.7721e-01 -1.7257e-01 +4.7362e-01 +2.2380e+00 +1.5763e+00
3917 0 +1.401099853e+01 +2.982309985e+02 +2.982309985e+02 +2.1511e-02 -2.5976e-01 +4.1069e-01 +1.8498e+00 +1.1414e+00
4152 0 +1.341850570e+01 +2.976385057e+02 +2.976385057e+02 +1.5460e-01 +5.1142e-01 +4.6901e-01 +1.8554e+00 +1.1749e+00
4960 0 +1.296563963e+01 +2.971856396e+02 +2.971856396e+02 +1.3931e-01 +4.1872e-01 +4.1995e-01 +1.8257e+00 +1.1651e+00
6650 0 +1.240093563e+01 +2.966209356e+02 +2.966209356e+02 +1.4348e-01 +6.5828e-01 +4.9195e-01 +2.2137e+00 +1.1314e+00
6711 0 +9.650080879e+00 +2.938700809e+02 +2.938700809e+02 +1.8873e-01 -2.5130e-01 +4.6143e-01 +2.2201e+00 +1.1584e+00
18066 0 +9.467981702e+00 +2.936879817e+02 +2.936879817e+02 +1.0912e+00 -1.0136e+00 +4.6468e-01 +1.7938e+00 +1.1780e+00
18075 0 +9.289528111e+00 +2.935095281e+02 +2.935095281e+02 +1.1069e+00 -2.2394e-01 +4.6897e-01 +1.8542e+00 +1.1819e+00
18114 0 +8.954736410e+00 +2.931747364e+02 +2.931747364e+02 +1.0938e+00 -1.5068e-01 +4.9037e-01 +1.8183e+00 +1.1682e+00
18540 0 +7.219161757e+00 +2.914391618e+02 +2.914391618e+02 +1.0917e+00 -2.3339e-01 +4.6602e-01 +1.8267e+00 +1.1489e+00
22607 0 +7.219161757e+00 +2.914391618e+02 +2.914391618e+02 +1.0917e+00 -2.3339e-01 +4.6602e-01 +1.8267e+00 +1.1489e+00
% f evaluations | g evaluations | best noise-free fitness - Fopt (-3.217000000000e+01) + sum g_i+ | measured fitness | best measured fitness or single-digit g-values | x1 | x2...
1 0 +2.171020752e+02 +1.849320752e+02 +1.849320752e+02 +0.0000e+00 +0.0000e+00 +0.0000e+00 +0.0000e+00 +0.0000e+00
6 0 +1.171083611e+02 +8.493836114e+01 +8.493836114e+01 -2.7678e-02 +4.6282e+00 +2.5751e-01 -1.8903e+00 +3.2708e+00
20 0 +7.245712343e+01 +4.028712343e+01 +4.028712343e+01 +1.7351e+00 +4.7558e+00 -1.9842e+00 -5.2621e-01 +3.2887e+00
75 0 +4.632041794e+01 +1.415041794e+01 +1.415041794e+01 -3.6280e+00 +2.6519e+00 +3.0705e-01 -1.9480e-01 +3.0342e+00
410 0 +4.399545988e+01 +1.182545988e+01 +1.182545988e+01 -1.0704e+00 +3.4021e+00 -1.5049e-01 -1.0241e+00 +3.4566e+00
437 0 +3.507081917e+01 +2.900819175e+00 +2.900819175e+00 +1.2500e+00 +3.4410e+00 -1.2296e+00 +7.3342e-01 +3.3820e+00
440 0 +2.995760248e+01 -2.212397519e+00 -2.212397519e+00 +1.7878e-01 +1.8351e+00 -1.2755e-01 -2.4050e-01 +3.3870e+00
487 0 +2.282159783e+01 -9.348402169e+00 -9.348402169e+00 +4.3352e-01 +2.4305e+00 -1.8039e-01 -5.9918e-01 +3.0980e+00
616 0 +2.079982971e+01 -1.137017029e+01 -1.137017029e+01 -3.9924e-01 +1.1430e+00 +4.5261e-01 -2.4610e-01 +3.3761e+00
1068 0 +1.441401763e+01 -1.775598237e+01 -1.775598237e+01 +1.3144e+00 +3.4484e+00 -6.7718e-02 -1.9154e-01 +3.3759e+00
1072 0 +1.030717294e+01 -2.186282706e+01 -2.186282706e+01 +1.3387e+00 +2.7270e+00 -7.1520e-02 -1.5121e-01 +3.0166e+00
3934 0 +9.995669302e+00 -2.217433070e+01 -2.217433070e+01 +1.3948e+00 +1.7299e+00 -8.6986e-02 -1.2144e-01 +3.6686e+00
4354 0 +8.233250124e+00 -2.393674988e+01 -2.393674988e+01 +1.3682e+00 +1.7380e+00 -1.1539e-01 -1.3076e-01 +3.7304e+00
5533 0 +8.083532311e+00 -2.408646769e+01 -2.408646769e+01 +4.1881e-01 +3.4466e+00 -1.1530e-01 -5.5478e-01 +3.6856e+00
5630 0 +7.226710894e+00 -2.494328911e+01 -2.494328911e+01 +1.4388e+00 +3.4754e+00 -1.5056e-01 -5.6871e-01 +3.6821e+00
6240 0 +6.852756763e+00 -2.531724324e+01 -2.531724324e+01 +1.4325e+00 +3.4593e+00 -1.0559e-01 -5.6347e-01 +3.6885e+00
10546 0 +6.852756763e+00 -2.531724324e+01 -2.531724324e+01 +1.4325e+00 +3.4593e+00 -1.0559e-01 -5.6347e-01 +3.6885e+00
% f evaluations | g evaluations | best noise-free fitness - Fopt (-5.858000000000e+01) + sum g_i+ | measured fitness | best measured fitness or single-digit g-values | x1 | x2...
1 0 +2.560737752e+02 +1.974937752e+02 +1.974937752e+02 +0.0000e+00 +0.0000e+00 +0.0000e+00 +0.0000e+00 +0.0000e+00
4 0 +1.007801583e+02 +4.220015833e+01 +4.220015833e+01 +1.5780e+00 -3.0041e-01 -2.0195e+00 -3.7473e-01 +3.4479e+00
69 0 +4.542151661e+01 -1.315848339e+01 -1.315848339e+01 +5.8302e-01 -1.6420e+00 +3.9903e-02 +2.6422e+00 +2.9053e+00
383 0 +4.069208859e+01 -1.788791141e+01 -1.788791141e+01 +7.0980e-01 -8.1408e-01 -7.6207e-01 +1.5335e+00 +3.3041e+00
420 0 +3.234141597e+01 -2.623858403e+01 -2.623858403e+01 +2.4842e+00 -3.2158e-01 -6.0263e-01 +1.4430e+00 +3.5020e+00
574 0 +3.117061343e+01 -2.740938657e+01 -2.740938657e+01 +2.5626e+00 +4.5243e-01 -1.5922e-01 +1.8224e+00 +2.8801e+00
825 0 +2.618242075e+01 -3.239757925e+01 -3.239757925e+01 +1.4673e+00 -2.3926e+00 +3.7483e-01 +1.8444e+00 +2.8231e+00
907 0 +2.265654649e+01 -3.592345351e+01 -3.592345351e+01 +1.6624e+00 -1.0596e+00 +2.8410e-01 +2.7616e+00 +3.2310e+00
1006 0 +1.590580073e+01 -4.267419927e+01 -4.267419927e+01 +2.6100e+00 -1.0732e+00 +4.0155e-01 +2.3361e+00 +3.5732e+00
1691 0 +1.397484158e+01 -4.460515842e+01 -4.460515842e+01 +2.6826e+00 -2.3930e+00 +4.6987e-01 +1.5089e+00 +3.6198e+00
1753 0 +1.376296357e+01 -4.481703643e+01 -4.481703643e+01 +2.4959e+00 -3.1002e+00 +4.0087e-01 +1.8680e+00 +3.5805e+00
1754 0 +9.407379312e+00 -4.917262069e+01 -4.917262069e+01 +1.5056e+00 -2.4638e+00 +3.9753e-01 +1.4079e+00 +3.5737e+00
2603 0 +8.446232381e+00 -5.013376762e+01 -5.013376762e+01 +5.7320e-01 -1.7092e+00 +3.5630e-01 +1.4281e+00 +3.5841e+00
5228 0 +8.118073974e+00 -5.046192603e+01 -5.046192603e+01 +5.8230e-01 -1.7534e+00 +4.4515e-01 +1.8727e+00 +3.5776e+00
5288 0 +6.561781182e+00 -5.201821882e+01 -5.201821882e+01 +6.4242e-01 -3.3305e+00 +3.8780e-01 +1.8835e+00 +3.5805e+00
7653 0 +4.099098896e+00 -5.448090110e+01 -5.448090110e+01 +2.5331e+00 -2.5350e+00 +4.3284e-01 +1.8514e+00 +3.5643e+00
14759 0 +4.099098896e+00 -5.448090110e+01 -5.448090110e+01 +2.5331e+00 -2.5350e+00 +4.3284e-01 +1.8514e+00 +3.5643e+00
% f evaluations | g evaluations | best noise-free fitness - Fopt (-6.049200000000e+02) + sum g_i+ | measured fitness | best measured fitness or single-digit g-values | x1 | x2...
1 0 +9.358817336e+01 -5.113318266e+02 -5.113318266e+02 +0.0000e+00 +0.0000e+00 +0.0000e+00 +0.0000e+00 +0.0000e+00
33 0 +7.514900930e+01 -5.297709907e+02 -5.297709907e+02 -1.6897e-02 -1.8772e+00 -7.4368e-01 -3.8783e-01 -3.2564e-01
92 0 +7.125168690e+01 -5.336683131e+02 -5.336683131e+02 -4.2081e-01 +5.8475e-01 +1.9284e+00 +3.0081e+00 -4.4836e-01
122 0 +4.027289645e+01 -5.646471035e+02 -5.646471035e+02 -1.2420e+00 -3.1696e-01 +4.4387e-01 +1.9091e+00 -2.1437e-01
201 0 +2.547675012e+01 -5.794432499e+02 -5.794432499e+02 -8.8690e-01 +3.4484e-01 +1.6326e+00 +9.7630e-01 +3.8017e-02
839 0 +2.082181684e+01 -5.840981832e+02 -5.840981832e+02 -1.0343e-01 +6.3868e-01 +1.9937e+00 +1.5163e+00 +4.1977e-01
1120 0 +1.998783373e+01 -5.849321663e+02 -5.849321663e+02 +5.2909e-02 +4.3450e-01 +1.5836e+00 +1.4802e+00 +2.8966e-01
1342 0 +1.636460015e+01 -5.885553998e+02 -5.885553998e+02 -1.0765e+00 -3.2834e-01 +1.3551e+00 +2.3093e+00 +3.9429e-01
1382 0 +1.380033053e+01 -5.911196695e+02 -5.911196695e+02 -9.7664e-01 -1.1364e+00 +1.3988e+00 +1.8864e+00 +3.3369e-01
1582 0 +1.253027239e+01 -5.923897276e+02 -5.923897276e+02 -9.2941e-01 -1.0375e+00 +1.5713e+00 +1.4926e+00 +3.2011e-01
1793 0 +1.048860034e+01 -5.944313997e+02 -5.944313997e+02 -4.2111e-02 -1.0584e+00 +1.0255e+00 +1.8559e+00 +3.3693e-01
2415 0 +4.126008006e+00 -6.007939920e+02 -6.007939920e+02 +3.1694e-02 -1.6121e-01 +2.0383e+00 +1.8666e+00 +3.5457e-01
5077 0 +3.677838777e+00 -6.012421612e+02 -6.012421612e+02 -1.2955e-02 -1.0497e+00 +1.5239e+00 +1.8674e+00 +3.5693e-01
11101 0 +2.335425991e+00 -6.025845740e+02 -6.025845740e+02 +4.1613e-03 -9.9698e-01 +1.4959e+00 +1.8936e+00 +3.5442e-01
15882 0 +2.335425991e+00 -6.025845740e+02 -6.025845740e+02 +4.1613e-03 -9.9698e-01 +1.4959e+00 +1.8936e+00 +3.5442e-01
% f evaluations | g evaluations | best noise-free fitness - Fopt (1.337000000000e+02) + sum g_i+ | measured fitness | best measured fitness or single-digit g-values | x1 | x2...
1 0 +2.379222058e+02 +3.716222058e+02 +3.716222058e+02 +0.0000e+00 +0.0000e+00 +0.0000e+00 +0.0000e+00 +0.0000e+00
2 0 +2.355305792e+02 +3.692305792e+02 +3.692305792e+02 +3.2471e+00 -2.5997e+00 -4.2483e+00 +4.4982e+00 +2.9256e+00
3 0 +2.109076825e+02 +3.446076825e+02 +3.446076825e+02 -4.8392e+00 +4.2654e+00 -1.1474e+00 -2.2175e+00 +3.5234e+00
58 0 +1.658505198e+02 +2.995505198e+02 +2.995505198e+02 +3.1679e+00 -1.2224e+00 -4.1595e+00 +3.4226e+00 +2.7454e+00
71 0 +1.585790572e+02 +2.922790572e+02 +2.922790572e+02 +1.7899e+00 -3.4464e+00 -4.1069e+00 +3.6420e+00 +3.2783e+00
80 0 +1.013124998e+02 +2.350124998e+02 +2.350124998e+02 +2.6648e+00 +1.7445e-01 -2.9021e+00 +1.6953e+00 +2.6078e+00
100 0 +9.824757231e+01 +2.319475723e+02 +2.319475723e+02 -5.6968e-01 -1.7700e+00 -1.2096e+00 +6.2872e-01 +3.2059e+00
106 0 +9.112553084e+01 +2.248255308e+02 +2.248255308e+02 -2.3169e+00 +1.0304e+00 -1.5279e+00 +1.2164e+00 +3.3625e+00
237 0 +6.733342725e+01 +2.010334273e+02 +2.010334273e+02 -3.6712e-01 -1.2261e+00 -1.9479e+00 +1.7233e+00 +3.4009e+00
409 0 +6.452169332e+01 +1.982216933e+02 +1.982216933e+02 +5.1107e-01 -1.9310e+00 -1.2163e+00 +7.8011e-01 +2.7612e+00
504 0 +5.048294754e+01 +1.841829475e+02 +1.841829475e+02 +3.9997e-01 -2.7863e-01 -1.9260e+00 +2.3042e+00 +2.9195e+00
523 0 +3.717772417e+01 +1.708777242e+02 +1.708777242e+02 -5.0286e-01 +2.4177e+00 -1.2847e-01 +1.0513e+00 +2.7664e+00
579 0 +2.636154157e+01 +1.600615416e+02 +1.600615416e+02 +5.3923e-01 +1.8378e+00 -6.9094e-01 +1.4513e+00 +3.3023e+00
734 0 +2.558124433e+01 +1.592812443e+02 +1.592812443e+02 +1.5014e+00 +2.1178e+00 -2.8209e-01 +1.0556e+00 +3.3916e+00
844 0 +2.336391303e+01 +1.570639130e+02 +1.570639130e+02 +5.2489e-01 +1.6107e+00 -6.3214e-01 +2.3111e+00 +3.3398e+00
875 0 +1.210829212e+01 +1.458082921e+02 +1.458082921e+02 +1.4974e+00 +9.9706e-01 -1.8998e-01 +1.8573e+00 +3.4236e+00
879 0 +1.134410393e+01 +1.450441039e+02 +1.450441039e+02 +5.3632e-01 +1.6635e+00 -1.8431e-01 +2.3927e+00 +3.3855e+00
3188 0 +7.871855343e+00 +1.415718553e+02 +1.415718553e+02 +2.3846e+00 +1.8150e+00 -1.3253e-01 +1.8900e+00 +3.6612e+00
4080 0 +7.513088734e+00 +1.412130887e+02 +1.412130887e+02 +2.4715e+00 +1.5935e-01 -1.9444e-01 +1.5668e+00 +3.6700e+00
4304 0 +5.019986610e+00 +1.387199866e+02 +1.387199866e+02 +2.3861e+00 +1.7505e+00 -2.3851e-01 +2.3410e+00 +3.6796e+00
5055 0 +3.581509452e+00 +1.372815095e+02 +1.372815095e+02 +2.4056e+00 +1.4116e-01 -1.7232e-01 +1.9192e+00 +3.6771e+00
10738 0 +3.581509452e+00 +1.372815095e+02 +1.372815095e+02 +2.4056e+00 +1.4116e-01 -1.7232e-01 +1.9192e+00 +3.6771e+00
% f evaluations | g evaluations | best noise-free fitness - Fopt (-2.098000000000e+01) + sum g_i+ | measured fitness | best measured fitness or single-digit g-values | x1 | x2...
1 0 +1.257910081e+02 +1.048110081e+02 +1.048110081e+02 +0.0000e+00 +0.0000e+00 +0.0000e+00 +0.0000e+00 +0.0000e+00
26 0 +9.006187368e+01 +6.908187368e+01 +6.908187368e+01 +1.6191e+00 -6.2060e-01 +1.5633e-01 +1.5677e+00 +1.3914e+00
40 0 +8.450115101e+01 +6.352115101e+01 +6.352115101e+01 +1.6789e+00 -1.6458e+00 -1.1578e+00 +1.3327e+00 +1.7510e+00
93 0 +7.554672097e+01 +5.456672097e+01 +5.456672097e+01 -1.8137e+00 +7.2141e-01 +2.9418e-01 +1.2435e+00 +2.0929e+00
96 0 +6.091703204e+01 +3.993703204e+01 +3.993703204e+01 +1.0324e+00 -1.7760e-01 -6.9683e-01 +2.0876e+00 +2.1812e+00
98 0 +4.909929323e+01 +2.811929323e+01 +2.811929323e+01 -2.1776e+00 +1.0879e+00 -3.8368e-01 +8.3000e-01 +2.2975e+00
277 0 +3.415541322e+01 +1.317541322e+01 +1.317541322e+01 +8.7468e-01 +1.9375e+00 -3.7407e-01 +5.3921e-01 +2.5595e+00
420 0 +2.865229238e+01 +7.672292377e+00 +7.672292377e+00 +2.5140e-01 +3.2642e+00 +2.0626e-01 +3.7673e-01 +2.3874e+00
442 0 +1.920212501e+01 -1.777874985e+00 -1.777874985e+00 +1.1086e+00 +3.5950e+00 -4.4509e-01 +7.9970e-01 +2.1398e+00
1135 0 +9.398185471e+00 -1.158181453e+01 -1.158181453e+01 +1.0884e+00 +2.5262e+00 -3.4368e-01 -1.9773e-02 +2.1555e+00
4124 0 +9.129955187e+00 -1.185004481e+01 -1.185004481e+01 +1.6675e-01 +2.7219e+00 -3.5766e-01 +8.4138e-01 +2.1911e+00
4482 0 +8.705136444e+00 -1.227486356e+01 -1.227486356e+01 +9.5538e-02 +2.6749e+00 -3.5914e-01 +4.1441e-01 +2.1897e+00
5289 0 +8.425122744e+00 -1.255487726e+01 -1.255487726e+01 +2.2701e-01 +2.6877e+00 -3.4731e-01 +3.6326e-01 +2.4829e+00
5625 0 +7.246096515e+00 -1.373390348e+01 -1.373390348e+01 +1.2310e-01 +2.7446e+00 -3.4799e-01 +3.5737e-01 +2.4801e+00
5891 0 +7.067410162e+00 -1.391258984e+01 -1.391258984e+01 +8.1439e-02 +2.6376e+00 -2.9769e-01 +3.9845e-01 +2.4895e+00
10511 0 +7.067410162e+00 -1.391258984e+01 -1.391258984e+01 +8.1439e-02 +2.6376e+00 -2.9769e-01 +3.9845e-01 +2.4895e+00
% f evaluations | g evaluations | best noise-free fitness - Fopt (1.353300000000e+02) + sum g_i+ | measured fitness | best measured fitness or single-digit g-values | x1 | x2...
1 0 +1.969743684e+02 +3.323043684e+02 +3.323043684e+02 +0.0000e+00 +0.0000e+00 +0.0000e+00 +0.0000e+00 +0.0000e+00
3 0 +1.618972413e+02 +2.972272413e+02 +2.972272413e+02 -4.4903e+00 -2.1948e+00 -2.3489e+00 -2.7388e+00 +7.3240e-01
23 0 +1.442449908e+02 +2.795749908e+02 +2.795749908e+02 -1.2910e+00 -2.9951e-01 -1.4050e+00 -1.1314e+00 +6.4234e-01
49 0 +1.066675145e+02 +2.419975145e+02 +2.419975145e+02 -4.7182e-01 +1.2880e+00 -2.5831e+00 -1.9046e+00 +2.3246e+00
66 0 +1.022700158e+02 +2.376000158e+02 +2.376000158e+02 -3.6711e+00 +1.2531e-01 +2.1010e-01 -3.1720e+00 +9.4051e-01
88 0 +6.724229401e+01 +2.025722940e+02 +2.025722940e+02 -1.4567e+00 -2.0499e+00 -1.0086e-02 -4.0003e+00 +2.8546e+00
92 0 +6.481181466e+01 +2.001418147e+02 +2.001418147e+02 -4.3227e-01 -8.7944e-01 +3.8395e-02 -3.8870e+00 +2.0173e+00
93 0 +5.337386695e+01 +1.887038670e+02 +1.887038670e+02 -2.5283e+00 +4.8787e-01 -1.5000e-01 -2.4834e+00 +2.4603e+00
106 0 +5.100904202e+01 +1.863390420e+02 +1.863390420e+02 -1.3785e+00 +8.6432e-01 +3.8753e-01 -2.1277e+00 +1.3156e+00
181 0 +4.846509502e+01 +1.837950950e+02 +1.837950950e+02 -2.4825e+00 -5.7315e-01 +9.1281e-01 -1.6479e+00 +2.4228e+00
200 0 +4.465092474e+01 +1.799809247e+02 +1.799809247e+02 -1.3336e+00 -4.7041e-01 +8.2399e-01 -2.2594e+00 +2.4485e+00
205 0 +4.217688238e+01 +1.775068824e+02 +1.775068824e+02 -5.3346e-01 +7.0749e-01 +5.0321e-01 -2.7752e+00 +3.2635e+00
232 0 +3.536297128e+01 +1.706929713e+02 +1.706929713e+02 -1.2113e+00 -1.3398e+00 +2.4826e-01 -3.1728e+00 +2.4715e+00
411 0 +3.323798609e+01 +1.685679861e+02 +1.685679861e+02 -1.6809e+00 +9.3591e-02 +3.1376e-01 -1.7563e+00 +2.5781e+00
484 0 +2.182365531e+01 +1.571536553e+02 +1.571536553e+02 -1.6247e+00 -1.3621e+00 +3.4269e-01 -2.9848e+00 +2.5080e+00
1431 0 +1.798993475e+01 +1.533199348e+02 +1.533199348e+02 -1.3983e+00 +1.6640e+00 -6.5049e-02 -2.6623e+00 +3.1459e+00
1863 0 +1.702420396e+01 +1.523542040e+02 +1.523542040e+02 +4.2857e-01 +8.2711e-01 +5.7211e-01 -2.1543e+00 +3.1673e+00
1878 0 +5.701606421e+00 +1.410316064e+02 +1.410316064e+02 +5.2654e-01 +1.1496e-01 +3.7306e-01 -3.0541e+00 +3.1707e+00
14749 0 +5.701606421e+00 +1.410316064e+02 +1.410316064e+02 +5.2654e-01 +1.1496e-01 +3.7306e-01 -3.0541e+00 +3.1707e+00
% f evaluations | g evaluations | best noise-free fitness - Fopt (4.066000000000e+01) + sum g_i+ | measured fitness | best measured fitness or single-digit g-values | x1 | x2...
1 0 +1.724702693e+02 +2.131302693e+02 +2.131302693e+02 +0.0000e+00 +0.0000e+00 +0.0000e+00 +0.0000e+00 +0.0000e+00
90 0 +1.691250373e+02 +2.097850373e+02 +2.097850373e+02 -9.6809e-01 -1.7441e+00 -1.0418e+00 -1.2538e+00 +5.5544e-01
99 0 +1.359082686e+02 +1.765682686e+02 +1.765682686e+02 -1.8087e+00 -1.2258e+00 -1.3364e+00 -2.7744e+00 +1.7175e+00
108 0 +1.329601980e+02 +1.736201980e+02 +1.736201980e+02 -2.2526e+00 +1.8961e+00 +1.2240e+00 -3.6776e-01 +2.6910e-01
122 0 +9.540956715e+01 +1.360695671e+02 +1.360695671e+02 -2.7970e+00 +2.1626e+00 +1.7376e+00 -1.6025e+00 +1.0813e+00
273 0 +5.971775815e+01 +1.003777581e+02 +1.003777581e+02 +1.9771e-01 +3.3149e+00 +3.3941e+00 -3.7159e+00 +1.4017e+00
311 0 +4.576235652e+01 +8.642235652e+01 +8.642235652e+01 +1.9764e+00 +4.3584e+00 +2.9330e+00 -2.3041e+00 +1.1139e+00
367 0 +2.802456282e+01 +6.868456282e+01 +6.868456282e+01 +9.0882e-01 +1.3348e+00 +3.2580e+00 -2.3660e+00 +9.8992e-01
444 0 +2.382857759e+01 +6.448857759e+01 +6.448857759e+01 +8.9018e-01 +1.3285e+00 +3.2573e+00 -2.3590e+00 +1.6822e+00
945 0 +2.185080089e+01 +6.251080089e+01 +6.251080089e+01 +2.1405e+00 +2.1899e+00 +2.8247e+00 -2.7705e+00 +1.4032e+00
2876 0 +1.565668798e+01 +5.631668798e+01 +5.631668798e+01 +2.0075e+00 +1.9847e+00 +3.4117e+00 -3.1707e+00 +1.0718e+00
3230 0 +7.327343523e+00 +4.798734352e+01 +4.798734352e+01 +2.1214e+00 +1.1632e+00 +3.3254e+00 -3.1196e+00 +1.7104e+00
7560 0 +5.781604992e+00 +4.644160499e+01 +4.644160499e+01 +3.0106e+00 +4.4689e-01 +3.2890e+00 -3.0779e+00 +1.4173e+00
7801 0 +5.251386101e+00 +4.591138610e+01 +4.591138610e+01 +3.0416e+00 +4.3044e-01 +3.3320e+00 -2.2590e+00 +1.3960e+00
8389 0 +4.727948702e+00 +4.538794870e+01 +4.538794870e+01 +3.0196e+00 +4.2291e-01 +3.3514e+00 -3.1210e+00 +1.4175e+00
8994 0 +4.649741730e+00 +4.530974173e+01 +4.530974173e+01 +2.9976e+00 +4.5121e-01 +3.3300e+00 -3.1003e+00 +1.4195e+00
9055 0 +4.150900233e+00 +4.481090023e+01 +4.481090023e+01 +3.0492e+00 +4.3022e-01 +3.3166e+00 -3.1144e+00 +1.4193e+00
9128 0 +4.045356329e+00 +4.470535633e+01 +4.470535633e+01 +3.0439e+00 +4.4848e-01 +3.3286e+00 -3.1088e+00 +1.4138e+00
9933 0 +3.980804512e+00 +4.464080451e+01 +4.464080451e+01 +3.0513e+00 +4.4195e-01 +3.3281e+00 -3.1077e+00 +1.4170e+00
11977 0 +3.979836229e+00 +4.463983623e+01 +4.463983623e+01 +3.0520e+00 +4.4213e-01 +3.3280e+00 -3.1069e+00 +1.4173e+00
