% f evaluations | g evaluations | best noise-free fitness - Fopt (-4.620900000000e+02) + sum g_i+ | measured fitness | best measured fitness or single-digit g-values | x1 | x2...
1 0 +8.291370946e+01 -3.791762905e+02 -3.791762905e+02 +0.0000e+00 +0.0000e+00 +0.0000e+00
7 0 +4.975114062e+01 -4.123388594e+02 -4.123388594e+02 +6.4329e-01 +8.1118e-02 +1.7502e+00
9 0 +3.434412783e+01 -4.277458722e+02 -4.277458722e+02 +1.2898e+00 +2.1340e+00 +1.6707e+00
10 0 +1.528369632e+01 -4.468063037e+02 -4.468063037e+02 +1.4037e+00 +1.8304e+00 +1.8496e+00
63 0 +1.377391999e+01 -4.483160800e+02 -4.483160800e+02 +2.1746e+00 +2.3419e+00 +1.4810e+00
105 0 +9.141862092e+00 -4.529481379e+02 -4.529481379e+02 +2.1574e+00 +2.2404e+00 +2.1936e+00
186 0 +7.329492706e+00 -4.547605073e+02 -4.547605073e+02 +2.2089e+00 +1.6663e+00 +1.9267e+00
346 0 +4.795781634e+00 -4.572942184e+02 -4.572942184e+02 +1.3055e+00 +1.7484e+00 +1.9197e+00
3865 0 +4.795781634e+00 -4.572942184e+02 -4.572942184e+02 +1.3055e+00 +1.7484e+00 +1.9197e+00
% f evaluations | g evaluations | best noise-free fitness - Fopt (7.766000000000e+01) + sum g_i+ | measured fitness | best measured fitness or single-digit g-values | x1 | x2...
1 0 +7.513059916e+01 +1.527905992e+02 +1.527905992e+02 +0.0000e+00 +0.0000e+00 +0.0000e+00
3 0 +4.048885357e+01 +1.181488536e+02 +1.181488536e+02 -1.7145e+00 -7.0721e-01 +3.3124e-01
9 0 +3.594105457e+01 +1.136010546e+02 +1.136010546e+02 -1.5385e+00 -4.4558e-01 +6.2050e-01
56 0 +1.778760235e+01 +9.544760235e+01 +9.544760235e+01 +4.0231e-01 -1.4915e+00 +5.1190e-01
101 0 +1.757399200e+01 +9.523399200e+01 +9.523399200e+01 +6.5069e-01 +2.0791e-01 +1.2146e+00
108 0 +1.676273529e+01 +9.442273529e+01 +9.442273529e+01 +4.8021e-01 -1.2965e+00 +6.1352e-01
193 0 +1.304311181e+01 +9.070311181e+01 +9.070311181e+01 +2.8897e-01 -1.5113e+00 +6.0487e-01
412 0 +1.162720100e+01 +8.928720100e+01 +8.928720100e+01 +2.3181e+00 -1.4348e+00 +3.2410e-01
565 0 +8.429074884e+00 +8.608907488e+01 +8.608907488e+01 +2.2445e+00 -1.4357e+00 +9.8682e-01
632 0 +7.777335137e+00 +8.543733514e+01 +8.543733514e+01 +1.4190e+00 -1.5202e+00 +5.9395e-01
868 0 +6.391620460e+00 +8.405162046e+01 +8.405162046e+01 +4.2942e-01 -3.3099e-01 +9.7248e-01
872 0 +5.233205269e+00 +8.289320527e+01 +8.289320527e+01 +1.4161e+00 -8.7250e-01 +5.8593e-01
1738 0 +4.901542138e+00 +8.256154214e+01 +8.256154214e+01 +2.3585e+00 -8.7382e-01 +5.6933e-01
2229 0 +4.256488403e+00 +8.191648840e+01 +8.191648840e+01 +2.3852e+00 -8.4360e-01 +5.9484e-01
2975 0 +4.038439882e+00 +8.169843988e+01 +8.169843988e+01 +2.3902e+00 -8.4853e-01 +5.8762e-01
3857 0 +3.980242197e+00 +8.164024220e+01 +8.164024220e+01 +2.3978e+00 -8.5529e-01 +5.8487e-01
4880 0 +3.979831191e+00 +8.163983119e+01 +8.163983119e+01 +2.3984e+00 -8.5600e-01 +5.8474e-01
% f evaluations | g evaluations | best noise-free fitness - Fopt (1.156800000000e+02) + sum g_i+ | measured fitness | best measured fitness or single-digit g-values | x1 | x2...
1 0 +3.277339865e+01 +1.484533986e+02 +1.484533986e+02 +0.0000e+00 +0.0000e+00 +0.0000e+00
29 0 +2.378072740e+01 +1.394607274e+02 +1.394607274e+02 +1.0194e-01 -1.0720e+00 -7.5384e-01
163 0 +2.263800105e+01 +1.383180010e+02 +1.383180010e+02 +1.2805e+00 -1.9727e-01 -2.9177e-02
234 0 +1.409789932e+01 +1.297778993e+02 +1.297778993e+02 +3.7692e-01 -4.6846e-01 -3.9950e-01
276 0 +1.322238759e+01 +1.289023876e+02 +1.289023876e+02 -9.6821e-01 -1.5506e+00 +2.2271e-01
381 0 +8.934795794e+00 +1.246147958e+02 +1.246147958e+02 +3.1648e-01 -4.6868e-01 -4.0690e-02
479 0 +5.517451236e+00 +1.211974512e+02 +1.211974512e+02 +1.9880e-01 -1.5885e+00 +2.2985e-01
632 0 +4.423290011e+00 +1.201032900e+02 +1.201032900e+02 +2.1544e+00 -1.0633e+00 -7.3167e-02
2706 0 +4.215790038e+00 +1.198957900e+02 +1.198957900e+02 +2.0655e-01 -9.9681e-01 +2.3757e-01
5287 0 +4.215790038e+00 +1.198957900e+02 +1.198957900e+02 +2.0655e-01 -9.9681e-01 +2.3757e-01
% f evaluations | g evaluations | best noise-free fitness - Fopt (-3.710000000000e+00) + sum g_i+ | measured fitness | best measured fitness or single-digit g-values | x1 | x2...
1 0 +7.982158397e+01 +7.611158397e+01 +7.611158397e+01 +0.0000e+00 +0.0000e+00 +0.0000e+00
21 0 +6.536612937e+01 +6.165612937e+01 +6.165612937e+01 -1.2737e+00 -4.5833e-01 +5.7889e-01
23 0 +5.521066773e+01 +5.150066773e+01 +5.150066773e+01 -9.4556e-01 -9.0307e-01 +7.9896e-01
63 0 +4.247371852e+01 +3.876371852e+01 +3.876371852e+01 +9.5972e-01 -2.9593e+00 +1.9385e+00
65 0 +3.312172251e+01 +2.941172251e+01 +2.941172251e+01 +1.3303e+00 -6.2448e-01 +1.5319e+00
89 0 +3.130005292e+01 +2.759005292e+01 +2.759005292e+01 +2.0726e+00 -9.1882e-01 +1.5019e+00
97 0 +2.574709153e+01 +2.203709153e+01 +2.203709153e+01 +1.9226e+00 -3.3204e+00 +1.1113e+00
100 0 +2.226641468e+01 +1.855641468e+01 +1.855641468e+01 +7.8769e-01 -2.2728e+00 +1.8443e+00
220 0 +1.761514602e+01 +1.390514602e+01 +1.390514602e+01 +2.0898e+00 -1.3142e+00 +1.4784e+00
255 0 +1.592254603e+01 +1.221254603e+01 +1.221254603e+01 +1.3189e+00 -1.1741e+00 +1.7822e+00
284 0 +1.535668341e+01 +1.164668341e+01 +1.164668341e+01 +1.3600e+00 -2.3263e+00 +1.0508e+00
286 0 +1.032050702e+01 +6.610507018e+00 +6.610507018e+00 +2.1400e+00 -2.2309e+00 +1.7142e+00
311 0 +9.817926690e+00 +6.107926690e+00 +6.107926690e+00 +3.1222e+00 -1.1996e+00 +1.4404e+00
502 0 +7.291688264e+00 +3.581688264e+00 +3.581688264e+00 +1.3286e+00 -2.3156e+00 +1.7676e+00
733 0 +7.022528531e+00 +3.312528531e+00 +3.312528531e+00 +1.0566e+00 -2.2556e+00 +1.4757e+00
3614 0 +7.000177692e+00 +3.290177692e+00 +3.290177692e+00 +1.1946e+00 -2.3515e+00 +1.4680e+00
% f evaluations | g evaluations | best noise-free fitness - Fopt (1.321800000000e+02) + sum g_i+ | measured fitness | best measured fitness or single-digit g-values | x1 | x2...
1 0 +1.554324192e+02 +2.876124192e+02 +2.876124192e+02 +0.0000e+00 +0.0000e+00 +0.0000e+00
3 0 +1.528548754e+02 +2.850348754e+02 +2.850348754e+02 +4.1395e+00 -4.4794e-01 +7.0260e-01
6 0 +1.006891675e+02 +2.328691675e+02 +2.328691675e+02 +7.3920e-01 +3.8380e+00 +1.5053e+00
10 0 +6.850646621e+01 +2.006864662e+02 +2.006864662e+02 +3.6785e+00 +3.3689e+00 +1.2431e+00
14 0 +6.052602162e+01 +1.927060216e+02 +1.927060216e+02 -1.0683e+00 +3.2670e+00 +2.5644e+00
23 0 +4.748193259e+01 +1.796619326e+02 +1.796619326e+02 +4.3110e-01 +1.9530e+00 +2.2641e+00
38 0 +4.117432282e+01 +1.733543228e+02 +1.733543228e+02 +3.4834e+00 +1.3247e+00 +2.2730e+00
74 0 +3.058135935e+01 +1.627613593e+02 +1.627613593e+02 -1.9748e-01 +7.2637e-01 +3.4166e+00
75 0 +2.789986235e+01 +1.600798623e+02 +1.600798623e+02 +3.1153e+00 +2.5428e+00 +3.5212e+00
97 0 +2.674649711e+01 +1.589264971e+02 +1.589264971e+02 +3.7159e+00 -6.2247e-01 +3.1569e+00
188 0 +1.674465927e+01 +1.489246593e+02 +1.489246593e+02 +1.5845e+00 +8.1124e-01 +3.5246e+00
200 0 +1.645788032e+01 +1.486378803e+02 +1.486378803e+02 +3.6740e+00 +1.3079e+00 +3.4465e+00
221 0 +1.606609164e+01 +1.482460916e+02 +1.482460916e+02 +1.8672e+00 +1.6002e+00 +2.7769e+00
251 0 +1.321230181e+01 +1.453923018e+02 +1.453923018e+02 +1.7703e+00 +1.9713e+00 +2.7995e+00
353 0 +8.576498007e+00 +1.407564980e+02 +1.407564980e+02 +2.6829e+00 +8.1462e-01 +3.1720e+00
393 0 +6.192429668e+00 +1.383724297e+02 +1.383724297e+02 +2.7623e+00 +2.5404e+00 +3.1594e+00
1046 0 +5.724719499e+00 +1.379047195e+02 +1.379047195e+02 +2.7883e+00 +1.5112e+00 +3.1875e+00
1059 0 +4.820229871e+00 +1.370002299e+02 +1.370002299e+02 +3.7350e+00 +1.5592e+00 +3.1674e+00
1492 0 +3.164062358e+00 +1.353440624e+02 +1.353440624e+02 +2.7615e+00 +2.0104e+00 +3.1452e+00
1776 0 +3.058699061e+00 +1.352386991e+02 +1.352386991e+02 +2.8033e+00 +1.4944e+00 +3.1654e+00
1825 0 +2.274262908e+00 +1.344542629e+02 +1.344542629e+02 +2.7879e+00 +1.4731e+00 +3.1570e+00
5460 0 +2.274262908e+00 +1.344542629e+02 +1.344542629e+02 +2.7879e+00 +1.4731e+00 +3.1570e+00
% f evaluations | g evaluations | best noise-free fitness - Fopt (-3.930000000000e+01) + sum g_i+ | measured fitness | best measured fitness or single-digit g-values | x1 | x2...
1 0 +1.073363865e+02 +6.803638651e+01 +6.803638651e+01 +0.0000e+00 +0.0000e+00 +0.0000e+00
8 0 +7.112176264e+01 +3.182176264e+01 +3.182176264e+01 -2.7712e+00 +1.4773e+00 +1.1467e+00
18 0 +5.918452450e+01 +1.988452450e+01 +1.988452450e+01 -2.6924e+00 -2.7868e-01 +1.7379e+00
23 0 +4.870365313e+01 +9.403653126e+00 +9.403653126e+00 +1.5561e+00 -2.8187e-01 +1.2141e+00
69 0 +2.136737795e+01 -1.793262205e+01 -1.793262205e+01 -4.2487e-01 -6.4216e-01 +2.2713e+00
164 0 +1.185004842e+01 -2.744995158e+01 -2.744995158e+01 +7.9617e-01 -1.8548e+00 +1.9988e+00
225 0 +1.075330819e+01 -2.854669181e+01 -2.854669181e+01 +5.6544e-01 -1.2067e+00 +2.2658e+00
239 0 +6.116908476e+00 -3.318309152e+01 -3.318309152e+01 +1.5206e+00 -1.1400e+00 +2.3224e+00
450 0 +5.440821852e+00 -3.385917815e+01 -3.385917815e+01 +1.4886e+00 -1.8310e+00 +2.0451e+00
1614 0 +4.969562362e+00 -3.433043764e+01 -3.433043764e+01 +5.0029e-01 -1.2452e+00 +2.3193e+00
1806 0 +4.791204491e+00 -3.450879551e+01 -3.450879551e+01 +6.5032e-01 -1.2086e+00 +2.3272e+00
3563 0 +4.791204491e+00 -3.450879551e+01 -3.450879551e+01 +6.5032e-01 -1.2086e+00 +2.3272e+00
% f evaluations | g evaluations | best noise-free fitness - Fopt (4.296000000000e+01) + sum g_i+ | measured fitness | best measured fitness or single-digit g-values | x1 | x2...
1 0 +1.319913973e+02 +1.749513973e+02 +1.749513973e+02 +0.0000e+00 +0.0000e+00 +0.0000e+00
8 0 +1.100007374e+02 +1.529607374e+02 +1.529607374e+02 -2.1726e+00 -1.2525e+00 +2.9881e+00
12 0 +9.756686091e+01 +1.405268609e+02 +1.405268609e+02 -2.8543e+00 -8.0299e-01 +1.9335e+00
37 0 +7.494756264e+01 +1.179075626e+02 +1.179075626e+02 -1.5838e+00 -7.1956e-01 +9.0712e-01
40 0 +4.289983665e+01 +8.585983665e+01 +8.585983665e+01 -2.6558e+00 +5.2005e-01 +2.7666e+00
72 0 +3.330893180e+01 +7.626893180e+01 +7.626893180e+01 +3.7743e-01 +1.4876e+00 +2.7111e+00
119 0 +3.118536714e+01 +7.414536714e+01 +7.414536714e+01 -1.3444e+00 +2.2604e+00 +2.0024e+00
122 0 +2.744389871e+01 +7.040389871e+01 +7.040389871e+01 -6.0369e-01 +6.4099e-01 +1.8613e+00
144 0 +2.453625626e+01 +6.749625626e+01 +6.749625626e+01 -2.5771e-01 +6.2967e-01 +2.0081e+00
149 0 +2.092510258e+01 +6.388510258e+01 +6.388510258e+01 +4.5180e-01 +3.8549e+00 +2.7560e+00
175 0 +1.878351497e+01 +6.174351497e+01 +6.174351497e+01 +5.8521e-01 +1.3182e+00 +2.1280e+00
191 0 +1.842088739e+01 +6.138088739e+01 +6.138088739e+01 -1.3614e-01 +1.1979e+00 +2.0986e+00
196 0 +1.799274612e+01 +6.095274612e+01 +6.095274612e+01 -7.1369e-01 +1.1551e+00 +2.5073e+00
274 0 +1.342068424e+01 +5.638068424e+01 +5.638068424e+01 +3.7704e-01 +2.2818e+00 +2.0956e+00
335 0 +1.277467907e+01 +5.573467907e+01 +5.573467907e+01 +1.4356e+00 +5.7672e-01 +2.4579e+00
511 0 +1.156961742e+01 +5.452961742e+01 +5.452961742e+01 -5.2616e-01 +2.2612e+00 +2.0493e+00
639 0 +1.100043905e+01 +5.396043905e+01 +5.396043905e+01 +5.6662e-01 +2.2579e+00 +2.1408e+00
696 0 +1.002269580e+01 +5.298269580e+01 +5.298269580e+01 +4.8124e-01 +1.1278e+00 +2.0358e+00
706 0 +6.702126525e+00 +4.966212653e+01 +4.966212653e+01 +4.9164e-01 +1.7494e+00 +2.1159e+00
806 0 +5.514903606e+00 +4.847490361e+01 +4.847490361e+01 +1.4992e+00 +1.7171e+00 +2.0546e+00
1143 0 +1.225729623e+00 +4.418572962e+01 +4.418572962e+01 +1.4959e+00 +1.1462e+00 +2.7607e+00
6490 0 +1.225729623e+00 +4.418572962e+01 +4.418572962e+01 +1.4959e+00 +1.1462e+00 +2.7607e+00
% f evaluations | g evaluations | best noise-free fitness - Fopt (2.842200000000e+02) + sum g_i+ | measured fitness | best measured fitness or single-digit g-values | x1 | x2...
1 0 +5.344902637e+01 +3.376690264e+02 +3.376690264e+02 +0.0000e+00 +0.0000e+00 +0.0000e+00
38 0 +4.656970051e+01 +3.307897005e+02 +3.307897005e+02 -1.2151e+00 -1.7090e+00 +4.6821e-01
57 0 +3.203490038e+01 +3.162549004e+02 +3.162549004e+02 +8.4844e-02 +5.8149e-01 +1.2505e-01
82 0 +2.640005339e+01 +3.106200534e+02 +3.106200534e+02 +1.1846e+00 +3.9302e-01 +8.4767e-01
140 0 +8.964009908e+00 +2.931840099e+02 +2.931840099e+02 +1.2073e+00 -8.2418e-01 +1.0898e+00
319 0 +5.263919918e+00 +2.894839199e+02 +2.894839199e+02 +1.1321e+00 -7.1078e-01 +1.0475e+00
927 0 +3.719692654e+00 +2.879396927e+02 +2.879396927e+02 +2.0272e+00 -7.5857e-01 +7.4098e-01
1010 0 +2.722839977e+00 +2.869428400e+02 +2.869428400e+02 +1.1036e+00 -2.4726e-01 +7.5080e-01
3880 0 +2.722839977e+00 +2.869428400e+02 +2.869428400e+02 +1.1036e+00 -2.4726e-01 +7.5080e-01
% f evaluations | g evaluations | best noise-free fitness - Fopt (-3.217000000000e+01) + sum g_i+ | measured fitness | best measured fitness or single-digit g-values | x1 | x2...
1 0 +7.339161758e+01 +4.122161758e+01 +4.122161758e+01 +0.0000e+00 +0.0000e+00 +0.0000e+00
16 0 +7.322068911e+01 +4.105068911e+01 +4.105068911e+01 -6.0244e-01 +7.5890e-01 -2.1579e+00
34 0 +6.904571876e+01 +3.687571876e+01 +3.687571876e+01 -5.6672e-03 +7.2964e-01 -1.4301e+00
35 0 +6.398036677e+01 +3.181036677e+01 +3.181036677e+01 +1.1822e+00 +5.0231e-02 -9.5421e-01
39 0 +5.298465627e+01 +2.081465627e+01 +2.081465627e+01 +5.1590e-01 +3.9566e-01 -1.3897e+00
56 0 +3.246263552e+01 +2.926355177e-01 +2.926355177e-01 -2.1279e-01 +7.2260e-01 -5.3551e-01
82 0 +2.834187663e+01 -3.828123373e+00 -3.828123373e+00 +3.9388e-01 +2.3928e+00 -4.0619e-01
102 0 +1.814682057e+01 -1.402317943e+01 -1.402317943e+01 +3.6037e-01 +7.2569e-01 +3.8857e-01
161 0 +1.448767010e+01 -1.768232990e+01 -1.768232990e+01 +1.5504e+00 +1.3738e+00 +1.0422e-01
227 0 +8.633448920e+00 -2.353655108e+01 -2.353655108e+01 -5.9743e-01 +1.3316e+00 +1.3832e-01
1088 0 +7.096280243e+00 -2.507371976e+01 -2.507371976e+01 +3.4973e-01 +1.2353e+00 +1.4544e-01
1378 0 +6.613816852e+00 -2.555618315e+01 -2.555618315e+01 +1.3980e+00 +1.2090e+00 -2.4154e-01
1721 0 +6.366127272e+00 -2.580387273e+01 -2.580387273e+01 +1.4562e+00 +1.8266e+00 -2.3120e-01
1905 0 +5.274508871e+00 -2.689549113e+01 -2.689549113e+01 +4.6677e-01 +1.8686e+00 -2.3281e-01
4164 0 +5.274508871e+00 -2.689549113e+01 -2.689549113e+01 +4.6677e-01 +1.8686e+00 -2.3281e-01
% f evaluations | g evaluations | best noise-free fitness - Fopt (-5.858000000000e+01) + sum g_i+ | measured fitness | best measured fitness or single-digit g-values | x1 | x2...
1 0 +7.121136986e+01 +1.263136986e+01 +1.263136986e+01 +0.0000e+00 +0.0000e+00 +0.0000e+00
46 0 +6.639503592e+01 +7.815035923e+00 +7.815035923e+00 +5.7726e-01 +5.4073e-02 -5.2087e-01
51 0 +5.991362024e+01 +1.333620235e+00 +1.333620235e+00 +6.3409e-02 -1.2340e+00 +1.5539e-02
91 0 +4.670758236e+01 -1.187241764e+01 -1.187241764e+01 -4.8022e-01 +7.4104e-02 +2.3943e-01
94 0 +3.995523823e+01 -1.862476177e+01 -1.862476177e+01 +7.0620e-01 -7.2443e-01 +1.2667e-01
109 0 +3.961116480e+01 -1.896883520e+01 -1.896883520e+01 -3.2236e-01 +1.8301e-01 +6.6439e-01
122 0 +2.778006113e+01 -3.079993887e+01 -3.079993887e+01 +3.0153e+00 -6.9708e-01 +9.3768e-01
132 0 +2.667305112e+01 -3.190694888e+01 -3.190694888e+01 +5.7069e-01 -1.3645e+00 +1.5194e-02
136 0 +1.726180980e+01 -4.131819020e+01 -4.131819020e+01 +1.4489e+00 -1.9220e+00 +9.2684e-01
201 0 +1.371017163e+01 -4.486982837e+01 -4.486982837e+01 +1.4554e+00 -2.5163e+00 +9.1418e-01
259 0 +9.159620279e+00 -4.942037972e+01 -4.942037972e+01 +2.5581e+00 -2.4557e+00 +3.3589e-01
418 0 +7.183045220e+00 -5.139695478e+01 -5.139695478e+01 +6.1546e-01 -2.4535e+00 +9.4885e-01
825 0 +5.672246061e+00 -5.290775394e+01 -5.290775394e+01 +2.5290e+00 -3.0931e+00 +2.8506e-01
2136 0 +5.597492245e+00 -5.298250775e+01 -5.298250775e+01 +6.9205e-01 -2.5234e+00 +6.6994e-01
2756 0 +4.757849719e+00 -5.382215028e+01 -5.382215028e+01 +1.5523e+00 -3.1378e+00 +6.7945e-01
2919 0 +3.286563500e+00 -5.529343650e+01 -5.529343650e+01 +2.5398e+00 -3.1252e+00 +6.7850e-01
3634 0 +3.198978773e+00 -5.538102123e+01 -5.538102123e+01 +1.6066e+00 -3.1235e+00 +6.5996e-01
3942 0 +2.663284857e+00 -5.591671514e+01 -5.591671514e+01 +2.5495e+00 -3.1296e+00 +6.6830e-01
5613 0 +2.663284857e+00 -5.591671514e+01 -5.591671514e+01 +2.5495e+00 -3.1296e+00 +6.6830e-01
% f evaluations | g evaluations | best noise-free fitness - Fopt (-6.049200000000e+02) + sum g_i+ | measured fitness | best measured fitness or single-digit g-values | x1 | x2...
1 0 +7.190000143e+01 -5.330199986e+02 -5.330199986e+02 +0.0000e+00 +0.0000e+00 +0.0000e+00
11 0 +4.536727533e+01 -5.595527247e+02 -5.595527247e+02 -4.1839e+00 -1.7860e+00 +1.4402e+00
16 0 +3.415178069e+01 -5.707682193e+02 -5.707682193e+02 -8.4451e-01 -3.7053e-01 +9.2351e-01
27 0 +2.170669950e+01 -5.832133005e+02 -5.832133005e+02 -3.0242e+00 -2.0853e+00 +1.7611e+00
107 0 +1.402663934e+01 -5.908933607e+02 -5.908933607e+02 -1.1497e+00 -9.3489e-01 +1.7916e+00
205 0 +9.310544425e+00 -5.956094556e+02 -5.956094556e+02 +1.1081e-01 -1.5087e+00 +2.0588e+00
221 0 +5.799134538e+00 -5.991208655e+02 -5.991208655e+02 -4.6550e-02 -4.9589e-01 +2.0393e+00
490 0 +5.379219084e+00 -5.995407809e+02 -5.995407809e+02 -9.7196e-01 -1.5892e+00 +2.0623e+00
752 0 +2.512586732e+00 -6.024074133e+02 -6.024074133e+02 +9.1662e-01 -1.5746e+00 +2.0685e+00
1644 0 +2.379531041e+00 -6.025404690e+02 -6.025404690e+02 +9.8453e-01 -1.5809e+00 +1.7695e+00
1660 0 +2.298660726e+00 -6.026213393e+02 -6.026213393e+02 +9.6894e-01 -1.6147e+00 +1.7568e+00
1679 0 +2.032093650e+00 -6.028879063e+02 -6.028879063e+02 +9.8711e-01 -1.6166e+00 +1.7618e+00
2997 0 +1.991693133e+00 -6.029283069e+02 -6.029283069e+02 +9.9608e-01 -1.6127e+00 +1.7635e+00
4418 0 +1.989918114e+00 -6.029300819e+02 -6.029300819e+02 +9.9840e-01 -1.6112e+00 +1.7637e+00
% f evaluations | g evaluations | best noise-free fitness - Fopt (1.337000000000e+02) + sum g_i+ | measured fitness | best measured fitness or single-digit g-values | x1 | x2...
1 0 +5.242128301e+01 +1.861212830e+02 +1.861212830e+02 +0.0000e+00 +0.0000e+00 +0.0000e+00
35 0 +4.717555361e+01 +1.808755536e+02 +1.808755536e+02 -1.3195e+00 +2.0436e+00 -1.3946e-01
41 0 +3.197616732e+01 +1.656761673e+02 +1.656761673e+02 +2.6090e+00 +1.0516e+00 -2.1796e-01
76 0 +3.119557322e+01 +1.648955732e+02 +1.648955732e+02 +1.8919e-01 +3.1713e-01 +1.7044e-01
78 0 +3.033325620e+01 +1.640332562e+02 +1.640332562e+02 +4.9005e-01 +2.6551e-01 -1.0154e-01
103 0 +1.436821706e+01 +1.480682171e+02 +1.480682171e+02 +6.9280e-01 +4.4979e-01 -3.2337e-01
217 0 +1.342131915e+01 +1.471213191e+02 +1.471213191e+02 +1.6172e+00 +9.9935e-01 +1.1057e-01
351 0 +1.228923204e+01 +1.459892320e+02 +1.459892320e+02 +6.2953e-01 +1.0029e+00 -3.3938e-01
393 0 +9.346481588e+00 +1.430464816e+02 +1.430464816e+02 +1.5608e+00 +9.0969e-01 -2.8834e-01
755 0 +6.427176556e+00 +1.401271766e+02 +1.401271766e+02 +4.6176e-01 +1.4795e+00 +6.8784e-02
1503 0 +4.019686098e+00 +1.377196861e+02 +1.377196861e+02 +2.4015e+00 +4.2278e-01 +7.0377e-02
1570 0 +2.920346221e+00 +1.366203462e+02 +1.366203462e+02 +2.4252e+00 +3.1691e-01 +3.5743e-01
1577 0 +2.361098866e+00 +1.360610989e+02 +1.360610989e+02 +2.4796e+00 +3.0721e-01 +3.7357e-01
1881 0 +1.890992443e+00 +1.355909924e+02 +1.355909924e+02 +1.4469e+00 +9.6401e-01 +3.6396e-01
2032 0 +1.825792197e+00 +1.355257922e+02 +1.355257922e+02 +1.4813e+00 +9.3527e-01 +3.6123e-01
5013 0 +1.825792197e+00 +1.355257922e+02 +1.355257922e+02 +1.4813e+00 +9.3527e-01 +3.6123e-01
% f evaluations | g evaluations | best noise-free fitness - Fopt (-2.098000000000e+01) + sum g_i+ | measured fitness | best measured fitness or single-digit g-values | x1 | x2...
1 0 +4.293454209e+01 +2.195454209e+01 +2.195454209e+01 +0.0000e+00 +0.0000e+00 +0.0000e+00
32 0 +3.221830124e+01 +1.123830124e+01 +1.123830124e+01 -6.1272e-01 +1.8442e+00 -9.0113e-03
90 0 +2.896879290e+01 +7.988792902e+00 +7.988792902e+00 -9.3018e-02 +2.6074e+00 -7.1085e-01
108 0 +1.904141311e+01 -1.938586889e+00 -1.938586889e+00 +9.3728e-01 +2.5983e+00 +2.4037e-01
174 0 +1.775816904e+01 -3.221830963e+00 -3.221830963e+00 +1.7259e+00 +1.3386e+00 -3.9823e-02
179 0 +1.251372323e+01 -8.466276770e+00 -8.466276770e+00 +1.0684e-01 +2.5033e+00 -4.1063e-01
249 0 +1.006126450e+01 -1.091873550e+01 -1.091873550e+01 +1.0987e-01 +2.9732e+00 -2.6795e-02
441 0 +7.338588237e+00 -1.364141176e+01 -1.364141176e+01 +1.7842e-02 +1.2895e+00 +2.6643e-01
548 0 +5.903638064e+00 -1.507636194e+01 -1.507636194e+01 +1.0153e+00 +1.2992e+00 +2.2792e-01
682 0 +3.284350081e+00 -1.769564992e+01 -1.769564992e+01 +1.0826e+00 +2.4774e+00 +2.5354e-01
1069 0 +1.689029584e+00 -1.929097042e+01 -1.929097042e+01 +2.0585e+00 +1.8908e+00 +2.6624e-01
5755 0 +1.689029584e+00 -1.929097042e+01 -1.929097042e+01 +2.0585e+00 +1.8908e+00 +2.6624e-01
% f evaluations | g evaluations | best noise-free fitness - Fopt (1.353300000000e+02) + sum g_i+ | measured fitness | best measured fitness or single-digit g-values | x1 | x2...
1 0 +3.053061949e+01 +1.658606195e+02 +1.658606195e+02 +0.0000e+00 +0.0000e+00 +0.0000e+00
162 0 +2.222755525e+01 +1.575575553e+02 +1.575575553e+02 -6.5909e-01 -1.0353e+00 +6.9886e-01
236 0 +2.002617751e+01 +1.553561775e+02 +1.553561775e+02 -2.7486e-01 -6.4795e-01 +7.2164e-01
254 0 +1.749137531e+01 +1.528213753e+02 +1.528213753e+02 -5.3180e-01 +4.4809e-01 +6.6669e-01
292 0 +8.820818608e+00 +1.441508186e+02 +1.441508186e+02 -5.2764e-01 -6.5772e-01 +6.4732e-01
377 0 +8.266143493e+00 +1.435961435e+02 +1.435961435e+02 -1.2944e+00 -5.4656e-01 +6.4937e-01
393 0 +7.884141729e+00 +1.432141417e+02 +1.432141417e+02 -5.8769e-01 +4.0255e-02 +9.7583e-01
474 0 +5.779576912e+00 +1.411095769e+02 +1.411095769e+02 -4.6311e-01 +7.8186e-02 +9.4163e-01
482 0 +5.119094578e+00 +1.404490946e+02 +1.404490946e+02 -1.3926e+00 -4.3136e-03 +9.5973e-01
744 0 +4.923469359e+00 +1.402534694e+02 +1.402534694e+02 -5.0702e-01 -5.2204e-01 +6.6476e-01
828 0 +2.584578547e+00 +1.379145785e+02 +1.379145785e+02 +4.5330e-01 -5.9474e-01 +9.7356e-01
1440 0 +1.959128299e+00 +1.372891283e+02 +1.372891283e+02 +5.4523e-01 -5.7808e-01 +9.5456e-01
1776 0 +4.123765286e-01 +1.357423765e+02 +1.357423765e+02 +5.4858e-01 +3.2918e-02 +9.7157e-01
2206 0 +3.755680793e-01 +1.357055681e+02 +1.357055681e+02 +5.2872e-01 +2.8974e-02 +9.6435e-01
4686 0 +3.755680793e-01 +1.357055681e+02 +1.357055681e+02 +5.2872e-01 +2.8974e-02 +9.6435e-01
% f evaluations | g evaluations | best noise-free fitness - Fopt (4.066000000000e+01) + sum g_i+ | measured fitness | best measured fitness or single-digit g-values | x1 | x2...
1 0 +2.067564417e+02 +2.474164417e+02 +2.474164417e+02 +0.0000e+00 +0.0000e+00 +0.0000e+00
3 0 +9.517549966e+01 +1.358354997e+02 +1.358354997e+02 -2.1012e+00 +1.6295e+00 +1.7545e+00
13 0 +9.010395378e+01 +1.307639538e+02 +1.307639538e+02 -4.3027e+00 +6.4414e-01 +2.6085e+00
15 0 +6.741071669e+01 +1.080707167e+02 +1.080707167e+02 +3.2146e-01 +2.0728e+00 +2.4495e+00
18 0 +5.008156621e+01 +9.074156621e+01 +9.074156621e+01 -1.9430e+00 -2.1365e-01 +3.9322e+00
45 0 +7.478955856e+00 +4.813895586e+01 +4.813895586e+01 +1.1940e+00 +1.2909e+00 +3.6026e+00
595 0 +7.397040835e+00 +4.805704083e+01 +4.805704083e+01 +2.1292e+00 +1.2210e+00 +3.2346e+00
599 0 +6.492024581e+00 +4.715202458e+01 +4.715202458e+01 +2.9622e+00 +1.7899e+00 +3.2415e+00
1171 0 +5.620466925e+00 +4.628046693e+01 +4.628046693e+01 +3.0281e+00 +6.1116e-01 +3.2403e+00
1247 0 +5.056809367e+00 +4.571680937e+01 +4.571680937e+01 +3.0454e+00 +6.6705e-01 +3.2364e+00
1363 0 +5.000944895e+00 +4.566094490e+01 +4.566094490e+01 +3.0516e+00 +6.4205e-01 +3.2360e+00
2866 0 +4.974790248e+00 +4.563479025e+01 +4.563479025e+01 +3.0520e+00 +6.5116e-01 +3.2367e+00
