% f evaluations | g evaluations | best noise-free fitness - Fopt (-4.620900000000e+02) + sum g_i+ | measured fitness | best measured fitness or single-digit g-values | x1 | x2...
1 0 +2.262090927e+02 -2.358809073e+02 -2.358809073e+02 +0.0000e+00 +0.0000e+00 +0.0000e+00 +0.0000e+00 +0.0000e+00 +0.0000e+00 +0.0000e+00 +0.0000e+00 +0.0000e+00 +0.0000e+00
253 0 +2.244063622e+02 -2.376836378e+02 -2.376836378e+02 -4.9589e-01 -3.0719e+00 -8.7813e-02 +2.0237e+00 +9.8567e-01 +1.5137e-02 +1.8955e+00 +2.4593e+00 -1.2205e+00 -8.9920e-01
342 0 +2.126507986e+02 -2.494392014e+02 -2.494392014e+02 -2.8165e+00 -1.0441e+00 -4.5589e-01 -2.0464e+00 +1.4430e+00 +2.5967e+00 +1.5602e+00 +2.1649e+00 -4.2446e-01 -1.8551e+00
350 0 +1.858090107e+02 -2.762809893e+02 -2.762809893e+02 -9.2424e-01 -1.1933e+00 -7.5625e-01 -9.4816e-02 +9.4888e-01 -3.4429e-01 +1.8520e+00 +1.0723e+00 +1.1272e+00 +4.5169e-01
376 0 +1.667612028e+02 -2.953287972e+02 -2.953287972e+02 +2.6617e+00 -2.0414e+00 -3.0903e-01 -3.3655e-01 +1.6899e+00 +1.5829e+00 +9.0167e-01 +1.8037e+00 -3.9262e-01 -5.3765e-01
393 0 +1.605305815e+02 -3.015594185e+02 -3.015594185e+02 +3.4181e-01 -2.7730e-01 -8.4754e-01 -1.2180e+00 -6.1034e-01 +2.6117e+00 +1.1900e+00 +2.5723e+00 -8.2045e-01 +6.4505e-01
403 0 +1.280478743e+02 -3.340421257e+02 -3.340421257e+02 -8.2816e-01 +8.8297e-01 -7.7008e-01 -8.4639e-02 +1.5870e+00 +1.9164e+00 +1.5594e+00 +3.3522e+00 +1.1052e+00 -4.0054e-01
448 0 +1.054626386e+02 -3.566273614e+02 -3.566273614e+02 +6.8261e-01 +1.4014e+00 -5.5359e-01 +2.0197e+00 +5.4523e-01 +6.9550e-01 +1.6888e+00 +1.9948e+00 +1.7739e+00 -2.6895e-01
550 0 +1.008114166e+02 -3.612785834e+02 -3.612785834e+02 +2.2653e+00 +1.4974e+00 +8.1819e-01 +2.7954e+00 +1.0266e+00 +2.1350e+00 +1.0095e+00 +2.5037e+00 +1.0958e+00 -6.9600e-01
762 0 +9.110469599e+01 -3.709853040e+02 -3.709853040e+02 +1.1747e+00 +6.8348e-01 +8.8709e-01 +1.6721e+00 +5.0163e-01 +2.0783e+00 +1.8698e+00 +2.5673e+00 +1.0518e+00 +7.2779e-01
1149 0 +8.867791370e+01 -3.734120863e+02 -3.734120863e+02 -6.8280e-01 +3.2813e+00 +2.0420e+00 +8.4639e-01 +2.0916e+00 +2.6569e+00 +1.6558e+00 +2.4921e+00 +9.2083e-01 +1.5568e-02
1320 0 +8.604185291e+01 -3.760481471e+02 -3.760481471e+02 +1.7943e-01 +2.2835e+00 +1.8291e+00 -1.3334e-01 +1.5833e+00 +1.7346e+00 +2.1378e+00 +3.7119e+00 +1.1481e+00 +7.5742e-01
1482 0 +8.024128415e+01 -3.818487158e+02 -3.818487158e+02 +1.3066e+00 +5.6358e-01 +2.1722e+00 -6.6698e-01 +2.1189e+00 +2.0962e+00 +2.0126e+00 +2.2049e+00 +9.3286e-01 +1.8290e-01
1485 0 +7.118095490e+01 -3.909090451e+02 -3.909090451e+02 +2.1075e+00 +6.5547e-01 +1.4730e+00 +2.3633e+00 +1.6087e+00 +2.2767e+00 +2.0202e+00 +2.2866e+00 +1.2988e+00 -2.4601e-01
1913 0 +6.831671568e+01 -3.937732843e+02 -3.937732843e+02 +1.2223e+00 +2.2472e+00 +2.3555e+00 +1.4562e-01 +1.4665e+00 +2.7852e+00 +1.5768e+00 +3.0376e+00 +1.0589e+00 +3.3608e-01
1922 0 +6.163484267e+01 -4.004551573e+02 -4.004551573e+02 +2.4553e+00 +1.4228e+00 +2.2857e+00 +1.4299e-01 +1.4540e+00 +2.6538e+00 +1.6615e+00 +2.9502e+00 +1.0603e+00 +3.9422e-01
2631 0 +3.686062602e+01 -4.252293740e+02 -4.252293740e+02 +5.7990e-01 +3.2730e+00 +2.1752e+00 +1.3341e+00 +2.2480e+00 +2.0809e+00 +2.0177e+00 +2.9585e+00 +1.0585e+00 +3.1900e-01
13915 0 +3.251004595e+01 -4.295799540e+02 -4.295799540e+02 +2.2766e+00 +6.8709e-01 +4.5144e-02 +1.4539e+00 +1.7423e+00 +2.1204e+00 +2.0956e+00 +2.1894e+00 +1.4406e+00 -2.4527e-01
21784 0 +3.052787618e+01 -4.315621238e+02 -4.315621238e+02 +1.3005e+00 +2.2447e+00 +1.4775e+00 +1.4343e+00 +1.6611e+00 +2.0688e+00 +2.0596e+00 +2.1177e+00 +1.4580e+00 -2.0787e-01
21884 0 +2.872145579e+01 -4.333685442e+02 -4.333685442e+02 +2.2980e+00 +2.2802e+00 +1.3607e+00 +1.4292e+00 +1.6859e+00 +1.7117e+00 +1.9882e+00 +2.5511e+00 +1.4474e+00 +7.2449e-01
22525 0 +2.651629971e+01 -4.355737003e+02 -4.355737003e+02 +1.4017e+00 +2.2616e+00 +1.2774e+00 +2.1686e+00 +1.6300e+00 +1.5836e+00 +2.0550e+00 +2.6230e+00 +1.4705e+00 +1.2514e-02
23096 0 +2.377747042e+01 -4.383125296e+02 -4.383125296e+02 +1.4002e+00 +2.3017e+00 +1.3471e+00 +8.2727e-02 +1.6177e+00 +2.1580e+00 +2.0680e+00 +1.7792e+00 +1.4734e+00 +3.2397e-01
23282 0 +1.669242986e+01 -4.453975701e+02 -4.453975701e+02 +1.2968e+00 +2.3547e+00 +1.3851e+00 +7.7919e-01 +1.6805e+00 +2.1143e+00 +2.0944e+00 +2.1756e+00 +1.4643e+00 +6.3535e-01
32279 0 +1.622009716e+01 -4.458699028e+02 -4.458699028e+02 +4.0474e-01 +2.3078e+00 +1.4516e+00 +1.9103e+00 +1.6297e+00 +1.6328e+00 +2.0971e+00 +2.5891e+00 +1.4640e+00 +5.5261e-02
32638 0 +1.400928607e+01 -4.480807139e+02 -4.480807139e+02 +3.8148e-01 +2.2693e+00 +1.4012e+00 +1.9504e+00 +1.6194e+00 +1.6319e+00 +2.0715e+00 +2.5969e+00 +1.4562e+00 +5.3258e-02
46712 0 +1.392941673e+01 -4.481605833e+02 -4.481605833e+02 +3.8496e-01 +2.3000e+00 +1.3875e+00 +1.9673e+00 +1.6524e+00 +1.6307e+00 +2.0916e+00 +2.2051e+00 +1.4558e+00 +5.7600e-02
% f evaluations | g evaluations | best noise-free fitness - Fopt (7.766000000000e+01) + sum g_i+ | measured fitness | best measured fitness or single-digit g-values | x1 | x2...
1 0 +2.727873423e+02 +3.504473423e+02 +3.504473423e+02 +0.0000e+00 +0.0000e+00 +0.0000e+00 +0.0000e+00 +0.0000e+00 +0.0000e+00 +0.0000e+00 +0.0000e+00 +0.0000e+00 +0.0000e+00
390 0 +2.317282379e+02 +3.093882379e+02 +3.093882379e+02 -2.4861e+00 -6.3654e-01 -1.4738e+00 +1.9612e+00 +1.5779e+00 -1.8300e+00 -3.4367e+00 +1.2408e-01 -1.1645e+00 -3.8336e+00
424 0 +1.598894975e+02 +2.375494975e+02 +2.375494975e+02 -4.6358e-01 -6.1557e-02 -5.2138e-01 +3.5233e+00 +3.3525e-01 -1.4421e+00 -1.7144e+00 -3.0412e-01 +3.2168e-01 -3.5319e+00
443 0 +1.471054945e+02 +2.247654945e+02 +2.247654945e+02 +4.0299e-01 -1.7875e-01 +9.0960e-01 +2.6244e+00 -3.3015e-01 -5.6256e-02 -1.3436e+00 -1.5517e+00 -6.3761e-01 -4.1646e+00
462 0 +1.195930097e+02 +1.972530097e+02 +1.972530097e+02 +5.0840e-01 -7.4845e-01 +8.1392e-01 +2.8378e+00 +2.1505e+00 -4.6380e-01 +2.3835e-01 +1.9027e-01 -1.4897e+00 -4.0455e+00
669 0 +1.160351368e+02 +1.936951368e+02 +1.936951368e+02 -4.8313e-01 -1.8203e+00 -1.1006e-01 +5.0580e-01 +1.7803e-01 -1.5630e+00 -1.2652e+00 +4.2118e-01 -1.1402e+00 -3.5072e+00
1174 0 +8.847707308e+01 +1.661370731e+02 +1.661370731e+02 +1.4307e+00 -5.9699e-01 -1.1865e+00 +2.5939e+00 +1.8019e+00 -8.3027e-01 -3.5308e-03 +1.0052e+00 -7.8496e-01 -4.2089e+00
1699 0 +8.306942583e+01 +1.607294258e+02 +1.607294258e+02 +4.2912e-01 -1.6686e+00 +6.6048e-02 +2.6322e+00 +1.6578e+00 -1.0593e+00 +4.9075e-01 -7.8473e-01 -7.8776e-01 -3.2736e+00
1783 0 +7.831265640e+01 +1.559726564e+02 +1.559726564e+02 -5.3558e-01 -1.6477e+00 +6.0054e-01 +3.8859e+00 +1.7261e+00 -1.1168e+00 -2.9370e-01 -1.0279e+00 -8.4661e-01 -2.9184e+00
1818 0 +5.902837312e+01 +1.366883731e+02 +1.366883731e+02 +4.7790e-02 -9.0514e-01 +8.8996e-01 +4.0730e+00 +1.9336e+00 -4.9901e-01 +1.3892e-01 +9.6553e-02 -5.5849e-01 -3.2659e+00
3928 0 +4.157513837e+01 +1.192351384e+02 +1.192351384e+02 +4.4110e-01 -2.7002e+00 +1.1854e+00 +2.5060e+00 +1.8395e+00 -1.0558e+00 -3.3797e-01 +5.7259e-01 +6.6639e-02 -4.1741e+00
6790 0 +3.988764154e+01 +1.175476415e+02 +1.175476415e+02 +6.3594e-01 +1.8547e-01 +3.7114e-01 +2.5947e+00 +1.8727e+00 -1.4273e-03 +6.2221e-02 +4.1493e-02 -1.5229e-01 -4.1423e+00
10512 0 +3.636996235e+01 +1.140299624e+02 +1.140299624e+02 +1.5938e+00 -8.7413e-01 -1.2745e-01 +3.4520e+00 +1.8067e+00 -9.5978e-02 +5.3841e-01 +1.3413e-01 -2.0114e-01 -3.8272e+00
11682 0 +3.413208220e+01 +1.117920822e+02 +1.117920822e+02 +2.2142e+00 +1.0180e+00 +3.0047e-01 +4.0051e+00 +1.7688e+00 -2.1714e-02 +5.5083e-01 +5.5132e-01 -1.6035e-01 -4.5334e+00
11912 0 +3.273195266e+01 +1.103919527e+02 +1.103919527e+02 +2.3570e+00 -8.8900e-01 -1.1478e+00 +3.8159e+00 +1.8580e+00 +1.2053e-03 +5.3468e-01 +1.0307e-01 -1.6310e-01 -3.5289e+00
12835 0 +3.182284086e+01 +1.094828409e+02 +1.094828409e+02 +2.4071e+00 -1.6957e+00 +1.2399e+00 +3.3863e+00 +1.7501e+00 +1.1822e-02 +5.4131e-01 +2.2817e-01 -1.3734e-01 -3.8484e+00
13088 0 +2.994996581e+01 +1.076099658e+02 +1.076099658e+02 +2.2810e+00 -1.7457e+00 +3.3864e-01 +3.9891e+00 +1.8535e+00 +2.9499e-02 +5.8819e-01 -2.2572e-01 -1.3947e-01 -3.5212e+00
14081 0 +2.402408793e+01 +1.016840879e+02 +1.016840879e+02 +2.3020e+00 -1.7728e+00 +1.2321e+00 +2.6352e+00 +1.8258e+00 -8.6638e-02 +5.1348e-01 +4.6333e-01 -1.8687e-01 -3.5419e+00
15430 0 +2.311957821e+01 +1.007795782e+02 +1.007795782e+02 +2.3983e+00 -9.0132e-01 -3.7473e-02 +3.9705e+00 +1.8968e+00 -7.2847e-02 +5.5689e-01 +1.0405e-01 -1.8057e-01 -3.8164e+00
17541 0 +2.057606231e+01 +9.823606231e+01 +9.823606231e+01 +2.4009e+00 -9.7321e-01 +1.2392e+00 +3.9873e+00 +1.9068e+00 -3.6004e-02 +5.3640e-01 +9.2813e-02 -1.7703e-01 -3.2416e+00
18362 0 +1.906966921e+01 +9.672966921e+01 +9.672966921e+01 +2.3315e+00 -1.7810e+00 +1.2160e+00 +3.2795e+00 +1.8434e+00 -5.4425e-02 +5.5140e-01 +5.0780e-01 -1.9724e-01 -3.6020e+00
18472 0 +1.674899826e+01 +9.440899826e+01 +9.440899826e+01 +2.3658e+00 -8.4867e-01 +1.2018e+00 +2.5926e+00 +1.8114e+00 -5.7021e-02 +5.4752e-01 +7.8840e-02 -2.2142e-01 -3.5807e+00
27113 0 +1.382926891e+01 +9.148926891e+01 +9.148926891e+01 +2.3505e+00 -7.4911e-01 +1.2281e+00 +4.0548e+00 +1.8196e+00 -5.5087e-02 +5.7025e-01 -2.5957e-01 -1.9299e-01 -3.8872e+00
27118 0 +1.231746103e+01 +8.997746103e+01 +8.997746103e+01 +2.3438e+00 -8.2818e-01 +1.2235e+00 +3.9024e+00 +1.8238e+00 -3.9649e-02 +5.6076e-01 -2.6779e-01 -1.3594e-01 -3.8693e+00
27243 0 +9.980204343e+00 +8.764020434e+01 +8.764020434e+01 +2.3625e+00 -8.5283e-01 +1.1906e+00 +4.0270e+00 +1.7905e+00 -4.0855e-02 +5.5690e-01 +1.0291e-01 -1.8785e-01 -3.8347e+00
39366 0 +9.575923591e+00 +8.723592359e+01 +8.723592359e+01 +2.3338e+00 -8.8754e-01 +1.2515e+00 +4.0881e+00 +1.8794e+00 -8.3605e-03 +5.8934e-01 +9.8245e-02 -1.9315e-01 -3.5659e+00
40291 0 +6.986089128e+00 +8.464608913e+01 +8.464608913e+01 +2.3788e+00 -8.3238e-01 +1.2441e+00 +4.0320e+00 +1.8022e+00 -1.5073e-02 +5.8300e-01 +1.0141e-01 -1.6149e-01 -3.5600e+00
40697 0 +6.022541726e+00 +8.368254173e+01 +8.368254173e+01 +2.3789e+00 -8.5590e-01 +1.2499e+00 +4.0223e+00 +1.8076e+00 -2.5248e-02 +5.7505e-01 +1.0312e-01 -1.7286e-01 -3.5605e+00
41039 0 +5.756814338e+00 +8.341681434e+01 +8.341681434e+01 +2.3717e+00 -8.4682e-01 +1.2718e+00 +3.9662e+00 +1.8131e+00 -1.5427e-02 +5.7378e-01 +1.1917e-01 -1.8244e-01 -3.5605e+00
41167 0 +5.430626731e+00 +8.309062673e+01 +8.309062673e+01 +2.3746e+00 -8.4477e-01 +1.2680e+00 +3.9789e+00 +1.8176e+00 -3.0124e-02 +5.7741e-01 +1.1692e-01 -1.8363e-01 -3.5550e+00
41341 0 +5.284873930e+00 +8.294487393e+01 +8.294487393e+01 +2.3752e+00 -8.5825e-01 +1.2663e+00 +3.9623e+00 +1.8125e+00 -1.8882e-02 +5.8797e-01 +1.2280e-01 -1.7972e-01 -3.5565e+00
41499 0 +5.238990480e+00 +8.289899048e+01 +8.289899048e+01 +2.3896e+00 -8.5637e-01 +1.2680e+00 +3.9758e+00 +1.8135e+00 -2.6405e-02 +5.8640e-01 +1.1036e-01 -1.6968e-01 -3.5552e+00
42033 0 +5.088224152e+00 +8.274822415e+01 +8.274822415e+01 +2.3944e+00 -8.5212e-01 +1.2697e+00 +3.9509e+00 +1.8228e+00 -2.3359e-02 +5.8554e-01 +1.2012e-01 -1.7419e-01 -3.5572e+00
43256 0 +5.009015722e+00 +8.266901572e+01 +8.266901572e+01 +2.3914e+00 -8.6044e-01 +1.2719e+00 +3.9560e+00 +1.8173e+00 -2.6646e-02 +5.8754e-01 +1.1375e-01 -1.7631e-01 -3.5537e+00
49747 0 +4.974795292e+00 +8.263479529e+01 +8.263479529e+01 +2.3984e+00 -8.5600e-01 +1.2720e+00 +3.9538e+00 +1.8172e+00 -2.6193e-02 +5.8960e-01 +1.1600e-01 -1.7783e-01 -3.5552e+00
% f evaluations | g evaluations | best noise-free fitness - Fopt (1.156800000000e+02) + sum g_i+ | measured fitness | best measured fitness or single-digit g-values | x1 | x2...
1 0 +4.174500391e+02 +5.331300391e+02 +5.331300391e+02 +0.0000e+00 +0.0000e+00 +0.0000e+00 +0.0000e+00 +0.0000e+00 +0.0000e+00 +0.0000e+00 +0.0000e+00 +0.0000e+00 +0.0000e+00
57 0 +3.722132064e+02 +4.878932064e+02 +4.878932064e+02 -2.5834e-01 -4.0287e+00 -3.3976e-01 +3.2361e+00 +1.5960e+00 +5.0708e-01 +9.1669e-01 +1.1651e-01 +6.0330e-01 -6.2083e-01
169 0 +3.334176568e+02 +4.490976568e+02 +4.490976568e+02 +4.7278e-01 -2.4081e+00 +9.2624e-01 +1.9573e+00 +4.7121e-01 -1.2379e+00 +2.4431e+00 +9.3344e-01 +6.9866e-01 -3.4840e-01
183 0 +2.882969355e+02 +4.039769355e+02 +4.039769355e+02 -2.1867e+00 -1.6821e+00 -7.3533e-01 +2.5337e+00 +1.8322e+00 -9.5052e-01 +6.1727e-01 +1.1958e-01 +9.7954e-01 -1.8488e+00
224 0 +2.372850904e+02 +3.529650904e+02 +3.529650904e+02 +6.0459e-01 -9.0155e-01 -1.3771e+00 +2.9754e+00 +2.7387e+00 -4.1842e+00 +3.2998e+00 +8.5621e-01 +2.8546e-01 -3.3571e+00
232 0 +2.294312719e+02 +3.451112719e+02 +3.451112719e+02 +1.4391e+00 +1.3750e+00 -1.0664e+00 +2.8608e+00 +1.7464e+00 -4.4239e+00 +6.8732e-01 +1.8088e+00 +6.1919e-01 -2.6287e+00
234 0 +1.731664352e+02 +2.888464352e+02 +2.888464352e+02 -6.0121e-01 -1.2143e+00 -1.2996e+00 +2.9476e+00 +1.1687e+00 -1.6525e+00 +3.5056e+00 +6.0913e-01 +2.2473e+00 -3.3762e+00
251 0 +1.547945676e+02 +2.704745676e+02 +2.704745676e+02 +5.7882e-01 -3.4304e+00 -5.3269e-01 +2.7027e+00 +1.2697e+00 -4.9058e+00 +2.3291e+00 +2.4484e+00 +2.6104e+00 -2.9413e+00
485 0 +1.493596616e+02 +2.650396616e+02 +2.650396616e+02 +2.4760e-01 -3.0159e-01 -1.2363e+00 +4.6219e+00 +2.3095e+00 -3.2627e+00 +2.2003e+00 -3.3344e-03 +4.0029e+00 -7.0324e-01
569 0 +1.345753057e+02 +2.502553057e+02 +2.502553057e+02 +1.2635e+00 -1.7999e+00 +2.4997e-01 +3.5327e+00 +3.3101e+00 -3.8932e-01 +3.4686e+00 +3.5418e+00 +3.9234e+00 -7.8610e-01
602 0 +9.217708187e+01 +2.078570819e+02 +2.078570819e+02 +8.2789e-02 -2.7067e+00 -1.2332e+00 +3.0217e+00 +2.4257e+00 -3.0933e+00 +3.2371e+00 +3.7394e+00 +3.8464e+00 -2.6147e+00
910 0 +9.050586392e+01 +2.061858639e+02 +2.061858639e+02 +3.5539e-02 -2.6327e+00 -2.3226e+00 +2.4852e+00 +2.9732e+00 -2.7347e+00 +2.2761e+00 +3.1022e+00 +2.9054e+00 -1.7683e+00
954 0 +7.760439022e+01 +1.932843902e+02 +1.932843902e+02 +1.2552e+00 -1.0778e+00 +1.5269e-01 +2.9454e+00 +1.9141e+00 -2.9720e+00 +2.5996e+00 +2.7675e+00 +3.7076e+00 -2.3209e+00
1007 0 +6.660026710e+01 +1.822802671e+02 +1.822802671e+02 +1.3952e+00 -2.6060e+00 +4.4995e-02 +4.3199e+00 +1.9313e+00 -3.9485e+00 +2.6310e+00 +1.9866e+00 +3.6445e+00 -1.6658e+00
2080 0 +6.478318842e+01 +1.804631884e+02 +1.804631884e+02 +1.0966e+00 +8.8362e-01 -6.3404e-01 +3.1152e+00 +2.4554e+00 -2.9372e+00 +3.1020e+00 +1.5314e+00 +3.1368e+00 -1.4458e+00
3124 0 +5.215792420e+01 +1.678379242e+02 +1.678379242e+02 +2.2001e+00 -2.3887e-01 +1.2934e-01 +3.0123e+00 +3.1566e+00 -4.2732e+00 +3.0635e+00 +1.8693e+00 +3.1241e+00 -2.2388e+00
3236 0 +4.908193673e+01 +1.647619367e+02 +1.647619367e+02 +1.1144e+00 -1.0956e+00 -6.5244e-01 +2.5377e+00 +2.9974e+00 -2.6539e+00 +3.1585e+00 +2.2392e+00 +3.1457e+00 -1.9335e+00
3385 0 +4.337597271e+01 +1.590559727e+02 +1.590559727e+02 -1.0399e+00 -1.0243e+00 +3.2596e-01 +3.1307e+00 +3.0812e+00 -3.1878e+00 +3.4691e+00 +1.4534e+00 +3.5592e+00 -2.6332e+00
5135 0 +3.617271493e+01 +1.518527149e+02 +1.518527149e+02 +1.2278e+00 -4.6148e-02 -6.4578e-01 +2.9964e+00 +2.9430e+00 -3.3089e+00 +3.1833e+00 +2.2182e+00 +3.5615e+00 -1.9676e+00
12572 0 +2.894669291e+01 +1.446266929e+02 +1.446266929e+02 +2.9597e-01 -1.9339e+00 -6.3889e-01 +3.7360e+00 +3.0755e+00 -3.3167e+00 +3.0616e+00 +2.3733e+00 +3.1625e+00 -1.6860e+00
13574 0 +2.390715144e+01 +1.395871514e+02 +1.395871514e+02 +1.1757e+00 -9.0741e-02 -6.5719e-01 +3.9162e+00 +2.9699e+00 -2.7176e+00 +3.1340e+00 +2.7491e+00 +3.1931e+00 -1.6506e+00
15483 0 +2.156359484e+01 +1.372435948e+02 +1.372435948e+02 +1.1833e+00 -9.8514e-01 -6.0636e-01 +3.9128e+00 +3.0037e+00 -3.6807e+00 +3.0328e+00 +2.3686e+00 +3.1401e+00 -1.6215e+00
18750 0 +2.118086187e+01 +1.368608619e+02 +1.368608619e+02 +2.7972e-01 -1.0412e+00 -6.5915e-01 +3.7640e+00 +2.9485e+00 -3.8585e+00 +3.1144e+00 +2.3741e+00 +3.1661e+00 -1.6583e+00
20751 0 +2.031888881e+01 +1.359988888e+02 +1.359988888e+02 +3.4511e-01 -7.2214e-02 -5.3284e-01 +3.7742e+00 +2.9462e+00 -3.7446e+00 +3.1010e+00 +2.3570e+00 +3.1170e+00 -2.2693e+00
21869 0 +1.973641818e+01 +1.354164182e+02 +1.354164182e+02 +1.1641e-01 -1.8626e+00 -5.9081e-01 +3.8105e+00 +2.9155e+00 -3.7633e+00 +3.1166e+00 +2.3297e+00 +3.1701e+00 -1.6314e+00
21993 0 +1.862344634e+01 +1.343034463e+02 +1.343034463e+02 +2.4797e-01 -1.9188e+00 -5.9079e-01 +3.7397e+00 +2.9575e+00 -3.7885e+00 +3.1450e+00 +2.3643e+00 +3.1848e+00 -1.6404e+00
22697 0 +1.799476564e+01 +1.336747656e+02 +1.336747656e+02 +1.4616e-01 -9.5944e-01 -5.9357e-01 +3.8180e+00 +3.0178e+00 -3.7506e+00 +3.0935e+00 +2.3435e+00 +3.1562e+00 -2.2809e+00
25197 0 +1.738136679e+01 +1.330613668e+02 +1.330613668e+02 +2.2483e-01 -9.3912e-01 -5.9036e-01 +3.6714e+00 +2.9707e+00 -3.7869e+00 +3.0987e+00 +2.3453e+00 +3.1726e+00 -1.9813e+00
25211 0 +1.735898897e+01 +1.330389890e+02 +1.330389890e+02 +1.9729e-01 -3.2978e-02 -5.7362e-01 +3.7866e+00 +2.9086e+00 -3.8243e+00 +3.0684e+00 +2.3486e+00 +3.1674e+00 -1.9578e+00
25777 0 +1.647649414e+01 +1.321564941e+02 +1.321564941e+02 +2.2743e-01 -1.0124e+00 -5.2328e-01 +3.7720e+00 +2.9688e+00 -3.7230e+00 +3.1017e+00 +2.3645e+00 +3.1432e+00 -1.9405e+00
25844 0 +1.573988369e+01 +1.314198837e+02 +1.314198837e+02 +1.9397e-01 -9.6334e-01 -5.4791e-01 +3.6774e+00 +2.9705e+00 -3.8344e+00 +3.1053e+00 +2.3725e+00 +3.1349e+00 -1.9416e+00
25979 0 +1.528995811e+01 +1.309699581e+02 +1.309699581e+02 +2.3421e-01 -1.0512e+00 -5.5006e-01 +3.7281e+00 +2.9833e+00 -3.8007e+00 +3.1353e+00 +2.3553e+00 +3.1430e+00 -1.9455e+00
26013 0 +1.485619508e+01 +1.305361951e+02 +1.305361951e+02 +2.1635e-01 -9.5697e-01 -5.7711e-01 +3.8169e+00 +2.9651e+00 -3.8148e+00 +3.0826e+00 +2.3657e+00 +3.1493e+00 -1.9696e+00
26018 0 +1.456530174e+01 +1.302453017e+02 +1.302453017e+02 +2.8345e-01 -9.5483e-01 -5.8198e-01 +3.8349e+00 +2.9858e+00 -3.8008e+00 +3.1135e+00 +2.3689e+00 +3.1506e+00 -1.9509e+00
26041 0 +1.429464569e+01 +1.299746457e+02 +1.299746457e+02 +2.0971e-01 -9.9407e-01 -5.6606e-01 +3.8646e+00 +2.9721e+00 -3.7703e+00 +3.1085e+00 +2.3448e+00 +3.1410e+00 -1.9493e+00
26042 0 +1.377117253e+01 +1.294511725e+02 +1.294511725e+02 +2.5740e-01 -9.9743e-01 -5.7567e-01 +3.7310e+00 +2.9468e+00 -3.7642e+00 +3.1147e+00 +2.3481e+00 +3.1439e+00 -1.9630e+00
26145 0 +1.346886189e+01 +1.291488619e+02 +1.291488619e+02 +2.0451e-01 -9.7842e-01 -5.8864e-01 +3.7713e+00 +2.9708e+00 -3.7665e+00 +3.1111e+00 +2.3530e+00 +3.1530e+00 -1.9506e+00
26406 0 +1.315773463e+01 +1.288377346e+02 +1.288377346e+02 +2.2864e-01 -9.9609e-01 -5.7719e-01 +3.7406e+00 +2.9516e+00 -3.7840e+00 +3.0960e+00 +2.3595e+00 +3.1447e+00 -1.9538e+00
32891 0 +1.293445767e+01 +1.286144577e+02 +1.286144577e+02 +2.2256e-01 -9.8320e-01 -5.8131e-01 +3.7194e+00 +2.9580e+00 -3.7877e+00 +3.1052e+00 +2.3560e+00 +3.1480e+00 -1.9512e+00
% f evaluations | g evaluations | best noise-free fitness - Fopt (-3.710000000000e+00) + sum g_i+ | measured fitness | best measured fitness or single-digit g-values | x1 | x2...
1 0 +2.788708135e+02 +2.751608135e+02 +2.751608135e+02 +0.0000e+00 +0.0000e+00 +0.0000e+00 +0.0000e+00 +0.0000e+00 +0.0000e+00 +0.0000e+00 +0.0000e+00 +0.0000e+00 +0.0000e+00
72 0 +2.717314060e+02 +2.680214060e+02 +2.680214060e+02 +1.6107e+00 +2.9936e+00 +1.2453e-02 -2.4403e+00 -4.3323e-01 +3.2075e+00 -7.2013e-01 -2.0789e+00 +1.6573e+00 +2.6311e+00
84 0 +2.321671510e+02 +2.284571510e+02 +2.284571510e+02 +2.9051e+00 +4.9589e-01 +6.8959e-02 +1.1415e-01 -3.7049e-01 +2.4670e+00 -5.9580e-01 -2.3367e+00 +8.1638e-01 +6.0854e-01
130 0 +2.029611139e+02 +1.992511139e+02 +1.992511139e+02 +3.2218e+00 +1.9483e-01 -1.0379e+00 +1.2094e+00 -4.4746e-01 +4.3507e+00 -3.6192e-01 -2.4303e+00 -6.1687e-01 +1.1886e+00
163 0 +1.678456279e+02 +1.641356279e+02 +1.641356279e+02 +1.2555e+00 +3.4352e-01 -1.7105e+00 +1.7076e+00 +8.4646e-01 +2.6585e+00 -1.5760e+00 -1.6325e+00 +8.4644e-01 +1.2269e+00
396 0 +1.659224212e+02 +1.622124212e+02 +1.622124212e+02 +6.7460e-01 -1.4021e+00 +4.6803e-01 +3.9173e+00 -5.2496e-01 +3.6916e+00 -1.6738e-01 -2.3582e+00 +3.7143e-01 -7.2575e-01
402 0 +1.612558456e+02 +1.575458456e+02 +1.575458456e+02 +1.5992e+00 -3.5356e+00 +9.0867e-02 +1.6646e+00 +8.4532e-01 +2.9558e+00 -7.3041e-01 -1.4344e+00 +1.2632e+00 +4.0889e-01
418 0 +1.388063405e+02 +1.350963405e+02 +1.350963405e+02 +1.7786e+00 -3.2049e+00 -3.5523e-01 +1.8537e+00 +1.6251e+00 +9.7816e-01 -1.1359e+00 -1.4793e+00 +1.8086e+00 +1.0146e+00
419 0 +1.250313320e+02 +1.213213320e+02 +1.213213320e+02 +1.5126e+00 -3.1052e+00 +9.6018e-01 +3.2190e+00 +7.9551e-02 +1.8580e+00 -9.1162e-01 -2.4198e+00 +1.6032e+00 +9.8315e-02
475 0 +1.209457378e+02 +1.172357378e+02 +1.172357378e+02 +2.5012e+00 -2.2088e+00 -1.5376e+00 +1.8221e+00 +1.8897e+00 +2.9806e+00 -4.8559e-01 -1.5890e+00 +1.0454e+00 +1.0362e+00
619 0 +1.094027433e+02 +1.056927433e+02 +1.056927433e+02 +3.2191e+00 -1.4964e+00 +5.9558e-01 +2.2424e+00 +3.3991e+00 +3.1651e+00 -4.0116e-01 -3.5546e-01 +2.2879e+00 +9.6864e-01
648 0 +9.395337765e+01 +9.024337765e+01 +9.024337765e+01 +2.9749e+00 -2.6418e-01 +5.6670e-01 +3.1213e+00 +1.9569e+00 +4.2557e+00 -5.6181e-01 -2.0229e+00 +1.9113e+00 +1.2565e+00
697 0 +7.907196739e+01 +7.536196739e+01 +7.536196739e+01 +2.1174e+00 +5.9992e-01 +9.8501e-01 +3.8749e+00 +1.5455e+00 +3.6485e+00 -7.4285e-01 -8.9039e-01 +2.1273e+00 +1.2862e+00
1144 0 +7.718112742e+01 +7.347112742e+01 +7.347112742e+01 +9.8661e-01 -3.9016e+00 +1.7413e+00 +4.6901e+00 +2.8536e+00 +3.0190e+00 -2.4569e-01 -2.5787e+00 +2.0204e+00 +1.1971e+00
1184 0 +7.448932087e+01 +7.077932087e+01 +7.077932087e+01 +1.3146e+00 -1.5486e+00 +3.9098e-01 +3.7877e+00 +2.6745e+00 +3.3076e+00 -1.4737e-01 -3.1940e+00 +2.3053e+00 +6.6819e-01
1242 0 +6.444428590e+01 +6.073428590e+01 +6.073428590e+01 +1.0557e+00 -4.6224e-01 +1.6615e-01 +4.6200e+00 +2.0192e+00 +2.2760e+00 -2.7996e-01 -2.2515e+00 +2.0280e+00 +9.5381e-01
1927 0 +5.986922578e+01 +5.615922578e+01 +5.615922578e+01 +2.2742e+00 -1.5461e+00 +8.0198e-01 +2.7155e+00 +2.5213e+00 +3.0477e+00 -2.1397e-01 -2.4183e+00 +1.9904e+00 +1.3748e+00
1934 0 +4.273274638e+01 +3.902274638e+01 +3.902274638e+01 +1.2285e+00 -1.4089e+00 +2.5172e-01 +3.1246e+00 +2.4897e+00 +4.1741e+00 -7.6471e-01 -2.4265e+00 +2.3200e+00 +1.4264e+00
8014 0 +3.395618407e+01 +3.024618407e+01 +3.024618407e+01 +2.3107e+00 -2.2706e+00 +8.5254e-01 +3.8725e+00 +3.1570e+00 +3.2182e+00 -3.5189e-01 -2.0194e+00 +1.9987e+00 +3.1980e-02
12784 0 +2.973617097e+01 +2.602617097e+01 +2.602617097e+01 +1.0835e+00 -3.3034e+00 +9.3161e-01 +4.4850e+00 +3.0988e+00 +4.6983e+00 -2.1796e-01 -2.3909e+00 +2.0197e+00 +9.8841e-01
16795 0 +2.783705410e+01 +2.412705410e+01 +2.412705410e+01 +2.0540e+00 -2.4418e+00 +9.9901e-01 +4.5262e+00 +3.1161e+00 +3.5830e+00 -3.2558e-01 -1.9228e+00 +1.9897e+00 +1.2642e+00
16901 0 +2.315876950e+01 +1.944876950e+01 +1.944876950e+01 +1.2578e+00 -3.9413e+00 +9.0698e-01 +4.6506e+00 +3.1250e+00 +3.6968e+00 -3.0365e-01 -2.3434e+00 +1.9714e+00 +9.4275e-01
26698 0 +2.194395107e+01 +1.823395107e+01 +1.823395107e+01 +1.0155e+00 -3.9742e+00 +9.5722e-01 +4.6696e+00 +3.1301e+00 +3.6804e+00 -2.9917e-01 -2.0036e+00 +2.0276e+00 +1.0220e+00
27691 0 +2.156738673e+01 +1.785738673e+01 +1.785738673e+01 +1.1548e+00 -2.3644e+00 +9.6605e-01 +4.7031e+00 +3.1598e+00 +3.1014e+00 -2.0488e-01 -1.9756e+00 +1.9816e+00 +3.4957e-01
28026 0 +2.113299744e+01 +1.742299744e+01 +1.742299744e+01 +1.2411e+00 -1.4240e+00 +9.9350e-01 +4.6918e+00 +3.1439e+00 +3.6273e+00 -3.0728e-01 -2.3357e+00 +1.9958e+00 +9.5167e-01
38620 0 +1.578580849e+01 +1.207580849e+01 +1.207580849e+01 +1.2550e+00 -2.2772e+00 +9.6961e-01 +4.7009e+00 +3.2159e+00 +3.7078e+00 -3.4576e-01 -2.0108e+00 +1.9663e+00 +3.7652e-01
49394 0 +1.469771386e+01 +1.098771386e+01 +1.098771386e+01 +1.0903e+00 -3.1922e+00 +9.4550e-01 +4.6172e+00 +3.1076e+00 +3.0691e+00 -3.0676e-01 -1.9983e+00 +1.9910e+00 +6.9625e-01
49746 0 +1.279000782e+01 +9.080007823e+00 +9.080007823e+00 +1.1476e+00 -2.3560e+00 +9.3963e-01 +4.4957e+00 +3.1182e+00 +3.1586e+00 -3.2904e-01 -1.9923e+00 +1.9919e+00 +6.5736e-01
51495 0 +1.217606820e+01 +8.466068203e+00 +8.466068203e+00 +1.0545e+00 -2.3153e+00 +9.3876e-01 +4.6493e+00 +3.1340e+00 +3.1710e+00 -2.9300e-01 -2.0102e+00 +1.9923e+00 +6.7666e-01
51830 0 +1.157463990e+01 +7.864639895e+00 +7.864639895e+00 +1.1766e+00 -2.3010e+00 +9.2748e-01 +4.5639e+00 +3.1514e+00 +3.0984e+00 -2.7153e-01 -2.3997e+00 +1.9986e+00 +6.7199e-01
52975 0 +1.128573527e+01 +7.575735269e+00 +7.575735269e+00 +1.1447e+00 -2.2534e+00 +9.6846e-01 +4.5784e+00 +3.1352e+00 +3.1067e+00 -3.0033e-01 -1.5651e+00 +2.0008e+00 +6.7184e-01
53177 0 +1.108020932e+01 +7.370209318e+00 +7.370209318e+00 +1.1598e+00 -2.3367e+00 +9.6243e-01 +4.5390e+00 +3.1436e+00 +3.1469e+00 -3.1728e-01 -1.5661e+00 +1.9811e+00 +6.6429e-01
53205 0 +1.094600562e+01 +7.236005620e+00 +7.236005620e+00 +1.1322e+00 -2.2948e+00 +9.4698e-01 +4.5752e+00 +3.1279e+00 +3.1605e+00 -2.9861e-01 -1.5616e+00 +1.9919e+00 +6.6989e-01
53281 0 +1.056370515e+01 +6.853705148e+00 +6.853705148e+00 +1.1690e+00 -2.2906e+00 +9.5642e-01 +4.5309e+00 +3.1471e+00 +3.1592e+00 -3.0874e-01 -1.5515e+00 +1.9844e+00 +6.6956e-01
53367 0 +1.045230376e+01 +6.742303761e+00 +6.742303761e+00 +1.1525e+00 -2.2985e+00 +9.5003e-01 +4.5296e+00 +3.1402e+00 +3.1271e+00 -2.9528e-01 -1.5763e+00 +1.9947e+00 +6.7072e-01
53594 0 +1.016080596e+01 +6.450805965e+00 +6.450805965e+00 +1.1662e+00 -2.2956e+00 +9.6572e-01 +4.5681e+00 +3.1421e+00 +3.1226e+00 -3.0233e-01 -1.5610e+00 +1.9870e+00 +6.7018e-01
54234 0 +9.993477235e+00 +6.283477235e+00 +6.283477235e+00 +1.1588e+00 -2.2978e+00 +9.5581e-01 +4.5421e+00 +3.1526e+00 +3.1217e+00 -2.9188e-01 -1.5582e+00 +1.9882e+00 +6.7038e-01
60259 0 +9.949585535e+00 +6.239585535e+00 +6.239585535e+00 +1.1642e+00 -2.2952e+00 +9.5709e-01 +4.5410e+00 +3.1528e+00 +3.1275e+00 -2.9637e-01 -1.5610e+00 +1.9878e+00 +6.7200e-01
% f evaluations | g evaluations | best noise-free fitness - Fopt (1.321800000000e+02) + sum g_i+ | measured fitness | best measured fitness or single-digit g-values | x1 | x2...
1 0 +1.874009908e+02 +3.195809908e+02 +3.195809908e+02 +0.0000e+00 +0.0000e+00 +0.0000e+00 +0.0000e+00 +0.0000e+00 +0.0000e+00 +0.0000e+00 +0.0000e+00 +0.0000e+00 +0.0000e+00
108 0 +1.720300222e+02 +3.042100222e+02 +3.042100222e+02 +1.9946e+00 +1.3009e+00 +2.1202e+00 -8.2330e-01 -1.1958e+00 +5.9343e-01 -2.7330e-01 +5.6975e-01 -7.3127e-01 +1.2000e+00
322 0 +1.317289996e+02 +2.639089996e+02 +2.639089996e+02 +3.9300e-01 +3.9814e+00 +2.2597e+00 +6.5549e-02 +3.3424e-01 +2.4652e-02 +2.2525e+00 -3.5297e-01 +8.1880e-01 +6.5312e-01
444 0 +1.053577655e+02 +2.375377655e+02 +2.375377655e+02 +6.4958e-01 +1.3836e+00 +2.6043e+00 -1.9745e+00 +1.8404e+00 -1.0746e-01 +3.1034e-01 -3.1144e-01 +7.7823e-01 -7.2252e-01
842 0 +9.462801736e+01 +2.268080174e+02 +2.268080174e+02 -1.3448e-01 +2.5639e-01 +3.5334e+00 -2.6507e+00 +1.4119e+00 -2.5366e+00 +2.1205e+00 +4.5408e-01 +8.4816e-01 -2.8600e-01
1297 0 +8.656548531e+01 +2.187454853e+02 +2.187454853e+02 +2.7605e+00 +3.3612e+00 +2.0282e+00 -2.0497e+00 +6.2478e-01 -6.1451e-01 +9.3437e-01 +9.2262e-01 +6.2137e-01 -8.1522e-02
1645 0 +8.006372473e+01 +2.122437247e+02 +2.122437247e+02 +7.5499e-01 -2.5842e-01 +2.9964e+00 +5.6019e-02 +1.9890e+00 -1.6356e+00 +4.1004e-01 +8.1979e-02 +5.1287e-01 +7.0390e-01
2214 0 +7.386368487e+01 +2.060436849e+02 +2.060436849e+02 +1.9694e+00 +3.4720e+00 +2.6640e+00 -6.8575e-01 +1.9947e+00 -1.0546e+00 +2.2729e+00 +4.3895e-01 -6.9826e-02 +5.5686e-01
2436 0 +6.265766065e+01 +1.948376606e+02 +1.948376606e+02 +2.7575e+00 +2.4599e+00 +3.3271e+00 -1.8184e+00 +2.0438e+00 -2.0348e+00 +1.8703e+00 +7.0457e-02 -4.1292e-01 +5.1877e-02
2576 0 +5.903446557e+01 +1.912144656e+02 +1.912144656e+02 +2.1614e+00 +2.3279e+00 +2.6611e+00 -1.3941e+00 +1.8502e+00 +5.6833e-02 +1.7687e+00 +4.8917e-01 +1.5311e-01 -2.0041e-01
2741 0 +5.306382963e+01 +1.852438296e+02 +1.852438296e+02 +3.8889e+00 +6.4488e-01 +2.6802e+00 -1.2789e+00 +1.9472e+00 -1.0678e+00 +2.2506e+00 +4.0057e-01 +5.2037e-01 +3.9341e-03
3919 0 +4.922694611e+01 +1.814069461e+02 +1.814069461e+02 +2.7887e+00 +1.1657e+00 +2.6310e+00 -1.9583e+00 +1.8685e+00 -1.4683e+00 +1.8007e+00 -6.9487e-01 +5.9091e-01 +3.9121e-02
5541 0 +4.340201144e+01 +1.755820114e+02 +1.755820114e+02 +1.7088e+00 +1.5106e+00 +2.5588e+00 -1.9504e+00 +1.7192e+00 -1.5205e+00 +2.2397e+00 +3.6003e-01 +5.3670e-01 +4.4224e-01
6248 0 +3.930753299e+01 +1.714875330e+02 +1.714875330e+02 +1.8896e+00 +1.4446e+00 +2.6036e+00 -2.7339e+00 +1.7148e+00 -1.7263e+00 +2.2220e+00 +4.2692e-01 +5.8552e-01 +8.0147e-01
6446 0 +3.646641296e+01 +1.686464130e+02 +1.686464130e+02 +2.6396e+00 +2.3932e+00 +2.7441e+00 -1.2063e+00 +2.4961e+00 -1.5777e+00 +2.2117e+00 -4.4323e-01 +5.9584e-01 +3.8101e-01
7583 0 +3.347068818e+01 +1.656506882e+02 +1.656506882e+02 +1.7901e+00 +1.5628e+00 +2.5812e+00 -2.1659e+00 +1.8123e+00 -1.6211e+00 +2.2441e+00 -3.0599e-01 +6.2000e-01 +9.8835e-01
8091 0 +2.715292075e+01 +1.593329208e+02 +1.593329208e+02 +1.8856e+00 +3.2788e+00 +2.5501e+00 -2.0545e+00 +1.7916e+00 -1.5855e+00 +2.2449e+00 +1.2544e-01 +6.0454e-01 +1.2666e-01
8093 0 +2.158276585e+01 +1.537627659e+02 +1.537627659e+02 +1.6886e+00 +2.4295e+00 +2.6739e+00 -5.4195e-01 +1.8329e+00 -1.6409e+00 +2.2772e+00 +1.0598e-01 +6.0296e-01 +6.9645e-01
13667 0 +2.043852765e+01 +1.526185277e+02 +1.526185277e+02 +1.8755e+00 +1.3750e+00 +2.6161e+00 -7.2601e-01 +1.8905e+00 -9.8527e-01 +2.2570e+00 +8.2308e-02 +5.9399e-01 +7.3714e-01
13705 0 +1.883512330e+01 +1.510151233e+02 +1.510151233e+02 +1.8186e+00 +2.3327e+00 +2.7097e+00 -1.9605e+00 +1.8695e+00 -1.6884e+00 +2.2567e+00 +1.1190e-01 +5.9938e-01 +7.0313e-01
13868 0 +1.843621449e+01 +1.506162145e+02 +1.506162145e+02 +1.8108e+00 +1.4814e+00 +2.6564e+00 -1.3493e+00 +1.8782e+00 -9.9957e-01 +2.2752e+00 +1.2160e-01 +5.7794e-01 +4.7210e-01
15629 0 +1.786462104e+01 +1.500446210e+02 +1.500446210e+02 +1.9051e+00 +1.5460e+00 +2.5963e+00 -1.3474e+00 +1.8895e+00 -1.0740e+00 +2.2440e+00 +1.0291e-01 +6.0456e-01 +1.3774e-01
22006 0 +1.751613222e+01 +1.496961322e+02 +1.496961322e+02 +1.7861e+00 +1.4712e+00 +2.6278e+00 -2.6214e+00 +1.8830e+00 -1.6506e+00 +2.2310e+00 +1.0658e-01 +5.5626e-01 +7.3951e-01
22074 0 +1.680053504e+01 +1.489805350e+02 +1.489805350e+02 +1.8258e+00 +1.5006e+00 +2.6626e+00 -1.3363e+00 +1.8554e+00 -1.5868e+00 +2.2296e+00 -2.8171e-01 +5.4843e-01 +6.9084e-01
23323 0 +1.377209876e+01 +1.459520988e+02 +1.459520988e+02 +1.8273e+00 +1.5389e+00 +2.5963e+00 -1.2544e+00 +1.8697e+00 -1.5833e+00 +2.2602e+00 +5.2595e-01 +5.8378e-01 +7.0193e-01
52271 0 +1.311928927e+01 +1.452992893e+02 +1.452992893e+02 +1.8555e+00 +1.4818e+00 +2.6525e+00 -6.8514e-01 +1.8748e+00 -1.6084e+00 +2.2585e+00 +1.0164e-01 +5.7910e-01 +4.0561e-01
52369 0 +1.248188452e+01 +1.446618845e+02 +1.446618845e+02 +1.8012e+00 +1.4543e+00 +2.6460e+00 -7.0652e-01 +1.8642e+00 -1.5985e+00 +2.2730e+00 +9.8526e-02 +5.8158e-01 +4.1557e-01
52494 0 +1.226171084e+01 +1.444417108e+02 +1.444417108e+02 +1.7873e+00 +1.4744e+00 +2.6429e+00 -7.1782e-01 +1.8510e+00 -1.6147e+00 +2.2655e+00 +9.7560e-02 +5.8169e-01 +4.0132e-01
52953 0 +1.201574622e+01 +1.441957462e+02 +1.441957462e+02 +1.8094e+00 +1.4865e+00 +2.6284e+00 -7.3562e-01 +1.8458e+00 -1.6015e+00 +2.2707e+00 +9.6034e-02 +5.8258e-01 +4.0692e-01
59029 0 +1.193949861e+01 +1.441194986e+02 +1.441194986e+02 +1.8082e+00 +1.4824e+00 +2.6355e+00 -7.2625e-01 +1.8452e+00 -1.6005e+00 +2.2736e+00 +9.7600e-02 +5.8057e-01 +4.0880e-01
% f evaluations | g evaluations | best noise-free fitness - Fopt (-3.930000000000e+01) + sum g_i+ | measured fitness | best measured fitness or single-digit g-values | x1 | x2...
1 0 +3.911508430e+02 +3.518508430e+02 +3.518508430e+02 +0.0000e+00 +0.0000e+00 +0.0000e+00 +0.0000e+00 +0.0000e+00 +0.0000e+00 +0.0000e+00 +0.0000e+00 +0.0000e+00 +0.0000e+00
16 0 +3.227872863e+02 +2.834872863e+02 +2.834872863e+02 -1.5024e+00 -2.4728e+00 +1.1027e+00 +5.8980e-02 +4.6839e-01 +1.3415e+00 +3.0589e+00 +9.8616e-01 -9.9747e-01 -5.9154e-01
53 0 +3.000941889e+02 +2.607941889e+02 +2.607941889e+02 +5.3302e-01 -4.0992e+00 +1.6412e+00 +3.9371e+00 +9.4518e-01 +2.8403e+00 +1.2026e+00 -7.8035e-02 +7.2357e-02 -5.7060e-01
59 0 +2.146903955e+02 +1.753903955e+02 +1.753903955e+02 -4.1569e-01 -2.8459e+00 +9.0542e-01 +4.0954e+00 +5.5965e-02 -4.9193e-01 +2.6273e+00 +2.9860e+00 -6.8825e-01 -6.4924e-01
381 0 +1.718156376e+02 +1.325156376e+02 +1.325156376e+02 +1.8494e+00 -4.8165e+00 +2.2978e+00 +3.1988e+00 -4.2945e-01 -1.4180e+00 +1.8898e+00 +9.1355e-02 -2.3488e-02 -3.7598e+00
389 0 +1.479979063e+02 +1.086979063e+02 +1.086979063e+02 +3.6001e-01 -1.9433e+00 +5.5801e-01 +1.4804e+00 +9.4743e-01 -1.7205e+00 +1.8477e+00 +2.4318e+00 -2.9658e-01 -3.9812e+00
751 0 +1.432021818e+02 +1.039021818e+02 +1.039021818e+02 -1.1432e-01 -3.0909e+00 -8.1195e-01 +2.3049e+00 +2.8552e-01 -1.1585e+00 +2.6438e+00 +9.2083e-01 +1.7057e+00 -3.2520e+00
921 0 +1.339395757e+02 +9.463957575e+01 +9.463957575e+01 -2.7945e-01 +3.5204e-01 -1.4213e+00 +3.3113e+00 -5.1712e-01 -3.0094e+00 +2.4917e+00 +2.4627e+00 +1.0666e+00 -2.3837e+00
995 0 +1.034576075e+02 +6.415760748e+01 +6.415760748e+01 +8.9669e-01 +6.0463e-01 +1.8186e-01 +2.7300e+00 -1.3729e+00 -3.5148e+00 +3.3724e+00 +2.9108e+00 +1.3861e+00 -2.7825e+00
1071 0 +9.428552020e+01 +5.498552020e+01 +5.498552020e+01 -2.5559e+00 +1.3695e+00 +1.0059e+00 +2.5490e+00 -7.1583e-01 -2.0763e+00 +2.8632e+00 +1.7455e+00 +1.4771e+00 -3.3985e+00
1414 0 +8.929689096e+01 +4.999689096e+01 +4.999689096e+01 +2.1452e+00 +1.5042e+00 +1.9032e+00 +4.6118e+00 -4.8513e-01 -1.9913e+00 +3.0929e+00 +2.5074e+00 +1.7909e+00 -3.3174e+00
1561 0 +8.311059292e+01 +4.381059292e+01 +4.381059292e+01 +4.7981e-01 -1.8390e+00 +9.5035e-01 +2.1133e+00 -5.0426e-01 -2.5449e+00 +3.5046e+00 +1.0200e+00 +1.0572e+00 -3.6805e+00
1700 0 +7.363287565e+01 +3.433287565e+01 +3.433287565e+01 +8.4219e-01 +1.5988e+00 +1.5768e+00 +4.7046e+00 -7.2602e-02 -2.5101e+00 +3.2568e+00 +1.2329e+00 +1.8379e+00 -3.7327e+00
2133 0 +6.508463103e+01 +2.578463103e+01 +2.578463103e+01 +1.7361e+00 -4.6420e-01 +2.0535e+00 +3.4389e+00 +3.5817e-01 -2.4262e+00 +3.5367e+00 +2.8418e+00 +1.4867e+00 -4.3493e+00
2925 0 +5.216328210e+01 +1.286328210e+01 +1.286328210e+01 +1.3838e+00 -1.2063e+00 +1.5007e+00 +4.0915e+00 -7.8192e-01 -1.9745e+00 +3.0153e+00 +2.8672e+00 +1.4063e+00 -2.8097e+00
5164 0 +4.491606503e+01 +5.616065030e+00 +5.616065030e+00 +5.0321e-01 -2.2219e+00 +1.5497e+00 +2.6053e+00 +5.1334e-01 -3.2640e+00 +3.1781e+00 +2.0800e+00 +1.0250e+00 -3.7069e+00
10901 0 +4.095479535e+01 +1.654795354e+00 +1.654795354e+00 +7.4781e-01 +5.7113e-01 +1.0141e+00 +3.9688e+00 +3.6075e-01 -2.4723e+00 +3.5768e+00 +2.1303e+00 +1.7181e+00 -3.3283e+00
11973 0 +3.840340218e+01 -8.965978189e-01 -8.965978189e-01 +5.6573e-01 -2.8947e+00 +1.5643e+00 +4.1410e+00 +5.1761e-01 -3.0493e+00 +3.2067e+00 +1.6807e+00 +1.3822e+00 -3.0830e+00
12285 0 +3.203069696e+01 -7.269303045e+00 -7.269303045e+00 +6.3124e-01 -2.1180e+00 +2.1974e+00 +4.1278e+00 +3.4661e-01 -2.3646e+00 +3.0521e+00 +2.0955e+00 +1.0416e+00 -3.0650e+00
14309 0 +3.046925792e+01 -8.830742082e+00 -8.830742082e+00 +5.8701e-01 -1.3846e+00 +2.3387e+00 +4.0642e+00 +3.7820e-01 -1.9528e+00 +3.2160e+00 +2.0988e+00 +1.5071e+00 -3.3671e+00
16233 0 +2.915335868e+01 -1.014664132e+01 -1.014664132e+01 +3.7360e-01 -2.1070e+00 +1.0320e+00 +4.0663e+00 +3.2688e-01 -3.0168e+00 +3.1031e+00 +2.0340e+00 +1.4808e+00 -3.3645e+00
17321 0 +2.852420283e+01 -1.077579717e+01 -1.077579717e+01 +8.2415e-01 -2.8548e+00 +9.3776e-01 +4.0097e+00 +4.1635e-01 -3.0986e+00 +3.0630e+00 +2.0698e+00 +1.4662e+00 -3.3598e+00
17926 0 +2.567894672e+01 -1.362105328e+01 -1.362105328e+01 +4.9621e-01 -1.1984e+00 +9.9689e-01 +4.1574e+00 +3.9594e-01 -2.5648e+00 +3.0760e+00 +2.5459e+00 +1.4483e+00 -3.0970e+00
18109 0 +2.332723144e+01 -1.597276856e+01 -1.597276856e+01 +5.4611e-01 -1.2795e+00 +8.7448e-01 +4.1099e+00 +3.2535e-01 -3.0484e+00 +3.1193e+00 +2.0382e+00 +1.4369e+00 -3.0290e+00
20793 0 +2.104254171e+01 -1.825745829e+01 -1.825745829e+01 +6.4125e-01 -1.3094e+00 +9.3176e-01 +4.0718e+00 +4.1834e-01 -2.4985e+00 +3.1305e+00 +2.0226e+00 +1.4729e+00 -3.1075e+00
30082 0 +1.670365349e+01 -2.259634651e+01 -2.259634651e+01 +5.7211e-01 -1.2672e+00 +9.3581e-01 +4.0751e+00 +4.2303e-01 -3.0484e+00 +3.0893e+00 +2.5080e+00 +1.4667e+00 -3.3836e+00
42519 0 +1.638463456e+01 -2.291536544e+01 -2.291536544e+01 +6.0624e-01 -1.2128e+00 +8.5982e-01 +3.9637e+00 +3.5198e-01 -3.0130e+00 +3.0764e+00 +2.0670e+00 +1.4610e+00 -3.3822e+00
43735 0 +1.599995296e+01 -2.330004704e+01 -2.330004704e+01 +5.9870e-01 -1.2093e+00 +9.1415e-01 +4.0245e+00 +3.5688e-01 -2.9985e+00 +3.0921e+00 +2.1120e+00 +1.4805e+00 -3.3778e+00
43792 0 +1.579561173e+01 -2.350438827e+01 -2.350438827e+01 +6.1856e-01 -1.2343e+00 +9.2469e-01 +4.0291e+00 +3.8298e-01 -3.0612e+00 +3.0745e+00 +2.1004e+00 +1.4787e+00 -3.3998e+00
45306 0 +1.522763863e+01 -2.407236137e+01 -2.407236137e+01 +5.1594e-01 -1.2255e+00 +9.5937e-01 +4.0217e+00 +3.6222e-01 -3.0386e+00 +3.1275e+00 +2.0770e+00 +1.4701e+00 -3.0779e+00
45412 0 +1.478395241e+01 -2.451604759e+01 -2.451604759e+01 +5.7674e-01 -1.2266e+00 +9.1413e-01 +3.9982e+00 +3.3187e-01 -3.0126e+00 +3.1117e+00 +2.0941e+00 +1.4703e+00 -3.0775e+00
45641 0 +1.439975912e+01 -2.490024088e+01 -2.490024088e+01 +5.6728e-01 -1.2166e+00 +9.2484e-01 +4.0088e+00 +3.5628e-01 -3.0405e+00 +3.1189e+00 +2.0962e+00 +1.4694e+00 -3.0883e+00
45921 0 +1.410779887e+01 -2.519220113e+01 -2.519220113e+01 +5.8980e-01 -1.2212e+00 +9.1927e-01 +3.9853e+00 +3.5105e-01 -3.0334e+00 +3.1256e+00 +2.0792e+00 +1.4684e+00 -3.0872e+00
52825 0 +1.392941673e+01 -2.537058327e+01 -2.537058327e+01 +5.7776e-01 -1.2296e+00 +9.2145e-01 +4.0002e+00 +3.5718e-01 -3.0317e+00 +3.1212e+00 +2.0808e+00 +1.4630e+00 -3.0856e+00
% f evaluations | g evaluations | best noise-free fitness - Fopt (4.296000000000e+01) + sum g_i+ | measured fitness | best measured fitness or single-digit g-values | x1 | x2...
1 0 +2.441890984e+02 +2.871490984e+02 +2.871490984e+02 +0.0000e+00 +0.0000e+00 +0.0000e+00 +0.0000e+00 +0.0000e+00 +0.0000e+00 +0.0000e+00 +0.0000e+00 +0.0000e+00 +0.0000e+00
387 0 +2.424640095e+02 +2.854240095e+02 +2.854240095e+02 -1.6940e+00 -7.6067e-01 +1.2712e+00 -4.7230e-01 +8.2185e-01 -3.1572e-01 -1.5810e+00 -2.6955e+00 -1.3921e+00 -5.3513e-01
402 0 +1.937839117e+02 +2.367439117e+02 +2.367439117e+02 -6.2574e-01 +2.4621e-03 +5.8596e-01 -1.9693e+00 +1.9276e-01 +2.2735e-01 -6.4533e-01 -3.1598e+00 -2.8777e-01 +1.7468e+00
568 0 +1.538402557e+02 +1.968002557e+02 +1.968002557e+02 +2.3641e-01 +1.3590e+00 +1.9395e+00 +1.3358e+00 -2.3332e-01 -2.1101e+00 -1.8127e+00 -1.2131e+00 +1.8802e+00 -6.0088e-02
637 0 +1.361029229e+02 +1.790629229e+02 +1.790629229e+02 -8.8801e-01 +2.6593e+00 +1.4290e+00 +9.7331e-01 -1.8124e+00 -2.2606e+00 -1.1593e+00 -2.7219e+00 +9.4556e-01 -1.7634e-01
662 0 +1.203131511e+02 +1.632731511e+02 +1.632731511e+02 -9.8982e-01 +8.3505e-01 +1.4357e+00 +1.7388e+00 +6.5693e-01 -1.7641e+00 -1.0687e+00 -2.3465e+00 +8.1601e-01 +7.7731e-01
706 0 +1.186697272e+02 +1.616297272e+02 +1.616297272e+02 -5.8524e-01 +2.7143e+00 +2.8910e-01 +1.1906e+00 -8.7615e-01 -1.7273e+00 -1.1233e+00 -5.0698e-01 +5.5556e-01 +3.3279e-01
1069 0 +8.379198599e+01 +1.267519860e+02 +1.267519860e+02 -2.3627e+00 +2.2951e-01 +2.7425e+00 -1.9498e-01 -8.0006e-01 -3.4110e+00 -1.4374e-01 -1.5600e+00 +9.6593e-01 -2.4500e-01
1544 0 +7.440374833e+01 +1.173637483e+02 +1.173637483e+02 +1.4340e+00 +2.3790e+00 +1.2457e+00 +1.7107e+00 +1.6995e-01 -2.8059e+00 -1.8727e+00 -1.9727e+00 +1.3928e+00 +5.7541e-01
1596 0 +6.421019687e+01 +1.071701969e+02 +1.071701969e+02 +1.2673e+00 +8.6004e-01 +1.7337e+00 +1.6766e+00 +1.0190e-01 -2.7781e+00 -6.9942e-01 -2.1225e+00 +1.8315e+00 +8.5047e-01
2073 0 +6.136283515e+01 +1.043228352e+02 +1.043228352e+02 +1.4930e+00 -7.4700e-01 +1.3477e+00 +1.0891e+00 +4.4478e-01 -3.3497e+00 -9.8177e-02 -1.1412e+00 +1.8768e+00 +9.1833e-01
2801 0 +5.726558828e+01 +1.002255883e+02 +1.002255883e+02 +2.9906e-01 +1.7554e+00 +1.8470e+00 +2.1565e-01 +8.3585e-01 -2.7530e+00 -9.5632e-01 -1.5205e+00 +1.4162e+00 +1.2058e+00
4386 0 +5.400063627e+01 +9.696063627e+01 +9.696063627e+01 -3.2820e-01 +1.7889e+00 +2.2588e-01 +9.5684e-01 -1.7544e-01 -2.3298e+00 +2.8451e-01 -1.7033e+00 +1.4659e+00 +5.7708e-01
6208 0 +5.287017711e+01 +9.583017711e+01 +9.583017711e+01 +5.6358e-01 +1.7893e+00 +1.3159e+00 +3.7475e-01 -2.3220e-01 -3.7243e+00 -1.1430e-01 -2.0213e+00 +9.9710e-01 +1.2444e+00
7278 0 +4.601511056e+01 +8.897511056e+01 +8.897511056e+01 -4.2991e-01 +1.5480e+00 +1.7938e+00 -1.8219e-01 +1.4924e-01 -2.7433e+00 -1.6160e-01 -1.6368e+00 +1.0396e+00 +5.1935e-01
14437 0 +3.808421041e+01 +8.104421041e+01 +8.104421041e+01 -2.6934e-01 +1.6872e+00 +1.7917e+00 +2.3193e-01 +8.0503e-01 -2.7333e+00 -1.6168e-01 -1.5459e+00 +1.7473e+00 +5.7745e-01
14692 0 +3.095908900e+01 +7.391908900e+01 +7.391908900e+01 +1.4820e+00 +4.2122e-02 +1.9982e+00 +3.1526e-01 +8.7642e-01 -3.8441e+00 -1.5665e-01 -2.4310e+00 +1.4920e+00 +4.7975e-01
26841 0 +2.688870695e+01 +6.984870695e+01 +6.984870695e+01 +6.0938e-01 +1.6832e+00 +1.3769e+00 +1.6923e+00 +8.5920e-01 -2.8039e+00 -2.3836e-01 -1.5799e+00 +1.0523e+00 -8.5587e-02
38026 0 +2.331793843e+01 +6.627793843e+01 +6.627793843e+01 +1.4444e+00 +1.8299e+00 +1.3107e+00 +3.2969e-01 +8.8102e-01 -2.8381e+00 -1.8679e-01 -2.0317e+00 +1.0438e+00 +2.3347e-01
44409 0 +2.267071493e+01 +6.563071493e+01 +6.563071493e+01 +1.4416e+00 +8.2347e-01 +1.2574e+00 +1.0530e+00 +8.6419e-01 -2.7834e+00 -1.8917e-01 -1.6387e+00 +1.0786e+00 +9.0495e-01
51727 0 +2.134627388e+01 +6.430627388e+01 +6.430627388e+01 +1.4836e+00 +1.6930e+00 +1.3610e+00 +1.6999e+00 +8.3627e-01 -2.7907e+00 -1.1063e-01 -1.2461e+00 +1.0193e+00 +5.8023e-01
56842 0 +2.009057095e+01 +6.305057095e+01 +6.305057095e+01 +1.4257e+00 +8.4831e-01 +1.2671e+00 +3.1505e-01 +8.7580e-01 -2.7691e+00 -2.1652e-01 -1.9987e+00 +1.0705e+00 +5.4771e-01
69048 0 +1.680816956e+01 +5.976816956e+01 +5.976816956e+01 +1.4764e+00 +1.7156e+00 +1.3503e+00 +1.6970e+00 +8.8198e-01 -3.3795e+00 -1.5234e-01 -1.1464e+00 +1.0519e+00 +8.9387e-01
69602 0 +1.636856581e+01 +5.932856581e+01 +5.932856581e+01 +1.4673e+00 +1.6943e+00 +1.3624e+00 +1.6348e+00 +8.9136e-01 -3.3580e+00 -1.8877e-01 -1.1853e+00 +1.0479e+00 +8.7707e-01
79068 0 +1.598688571e+01 +5.894688571e+01 +5.894688571e+01 +1.5088e+00 +1.7123e+00 +1.3623e+00 +1.6824e+00 +8.7411e-01 -3.3244e+00 -1.7755e-01 -1.1456e+00 +1.0361e+00 +8.8876e-01
79123 0 +1.539848615e+01 +5.835848615e+01 +5.835848615e+01 +1.4636e+00 +1.7564e+00 +1.3369e+00 +1.7573e+00 +8.8738e-01 -3.3531e+00 -1.3939e-01 -1.1549e+00 +1.0400e+00 +8.5664e-01
79200 0 +1.510740449e+01 +5.806740449e+01 +5.806740449e+01 +1.5118e+00 +1.7569e+00 +1.3039e+00 +1.7111e+00 +8.7797e-01 -3.3353e+00 -1.3434e-01 -1.1531e+00 +1.0456e+00 +8.6417e-01
79389 0 +1.389951002e+01 +5.685951002e+01 +5.685951002e+01 +1.5025e+00 +1.6967e+00 +1.3590e+00 +1.6416e+00 +8.6585e-01 -3.3080e+00 -1.5302e-01 -1.1617e+00 +1.0521e+00 +8.6155e-01
79479 0 +1.375445676e+01 +5.671445676e+01 +5.671445676e+01 +1.5068e+00 +1.7040e+00 +1.3648e+00 +1.7178e+00 +8.8327e-01 -3.3138e+00 -1.4737e-01 -1.1673e+00 +1.0441e+00 +8.6590e-01
79718 0 +1.345856619e+01 +5.641856619e+01 +5.641856619e+01 +1.4944e+00 +1.7211e+00 +1.3788e+00 +1.6373e+00 +8.8870e-01 -3.3149e+00 -1.4527e-01 -1.1757e+00 +1.0607e+00 +8.6324e-01
80246 0 +1.317109970e+01 +5.613109970e+01 +5.613109970e+01 +1.5081e+00 +1.7323e+00 +1.3558e+00 +1.6545e+00 +8.8486e-01 -3.3120e+00 -1.5106e-01 -1.1761e+00 +1.0539e+00 +8.6672e-01
86892 0 +1.293445767e+01 +5.589445767e+01 +5.589445767e+01 +1.5128e+00 +1.7368e+00 +1.3615e+00 +1.6506e+00 +8.9200e-01 -3.3125e+00 -1.4517e-01 -1.1642e+00 +1.0544e+00 +8.6481e-01
% f evaluations | g evaluations | best noise-free fitness - Fopt (2.842200000000e+02) + sum g_i+ | measured fitness | best measured fitness or single-digit g-values | x1 | x2...
1 0 +3.304095806e+02 +6.146295806e+02 +6.146295806e+02 +0.0000e+00 +0.0000e+00 +0.0000e+00 +0.0000e+00 +0.0000e+00 +0.0000e+00 +0.0000e+00 +0.0000e+00 +0.0000e+00 +0.0000e+00
261 0 +3.090501805e+02 +5.932701805e+02 +5.932701805e+02 -8.6812e-02 +3.2715e+00 +6.0030e-01 -4.0484e+00 +2.9883e-01 -2.0910e-01 +7.8685e-01 -2.6438e-01 -9.0512e-02 -1.6055e+00
277 0 +2.836069412e+02 +5.678269412e+02 +5.678269412e+02 -1.1424e+00 -1.6712e+00 +3.8474e-01 +3.5403e-01 -2.9434e+00 +9.8554e-01 +7.1847e-01 -1.5984e-01 -1.9595e-01 -2.2474e+00
298 0 +2.714584667e+02 +5.556784667e+02 +5.556784667e+02 -1.8017e+00 +1.8123e+00 -1.1298e-01 -1.3506e+00 -2.5164e+00 -9.0089e-01 +2.3596e+00 +3.6169e-01 -1.6518e+00 -2.3222e+00
308 0 +2.584000192e+02 +5.426200192e+02 +5.426200192e+02 +2.5550e+00 -1.4221e-01 -5.0934e-01 -3.2366e+00 -1.2162e+00 -2.9023e+00 +2.7402e+00 +1.5420e+00 -1.7257e+00 -1.7525e+00
419 0 +2.520177220e+02 +5.362377220e+02 +5.362377220e+02 -7.5531e-01 -2.0636e+00 -1.5486e+00 -1.4291e+00 -5.6648e-01 -2.8376e+00 +3.6630e+00 -1.7120e+00 -7.1638e-01 -3.2516e+00
469 0 +2.430531405e+02 +5.272731405e+02 +5.272731405e+02 -1.5351e+00 +5.2045e-01 -1.8016e+00 -6.1086e-01 -2.1141e-01 -3.2831e+00 +3.1747e+00 -1.0490e+00 -8.4995e-01 -2.3006e+00
493 0 +1.918496246e+02 +4.760696246e+02 +4.760696246e+02 -2.7856e-02 -6.1820e-01 -2.3131e+00 -3.4761e-01 -1.8967e+00 -4.1010e+00 +3.3984e+00 +3.9263e-01 -7.7897e-01 -3.8441e+00
602 0 +1.756313410e+02 +4.598513410e+02 +4.598513410e+02 +1.8847e+00 -8.4529e-01 +4.1919e-01 -4.4310e-01 -7.7996e-01 -2.4611e+00 -3.7579e-01 +2.4727e+00 -1.4659e-01 -2.2721e+00
624 0 +1.460607535e+02 +4.302807535e+02 +4.302807535e+02 +5.5833e-01 -2.7390e-01 +2.6064e-01 +4.5904e+00 +5.7929e-01 -1.0168e+00 +2.0927e+00 +2.0168e+00 -1.0489e+00 -2.3217e+00
629 0 +1.422618011e+02 +4.264818011e+02 +4.264818011e+02 -5.4319e-01 +1.8260e+00 +7.8106e-01 -2.0550e-02 +1.1919e+00 -2.8906e+00 +2.5116e+00 +1.7324e+00 -4.6864e-01 -4.3382e+00
631 0 +1.406878166e+02 +4.249078166e+02 +4.249078166e+02 -8.7603e-02 -5.0910e-01 +2.7489e-01 +4.6031e+00 -2.7265e-02 -2.9633e+00 +1.5977e+00 +1.2416e+00 -1.6354e+00 -3.1551e+00
706 0 +1.180600900e+02 +4.022800900e+02 +4.022800900e+02 -1.1437e+00 +4.9734e-01 -3.1198e-01 +3.6150e+00 +3.3832e-01 -2.3762e+00 +3.2793e+00 +8.8146e-01 -4.3469e-01 -3.6937e+00
791 0 +1.035487136e+02 +3.877687136e+02 +3.877687136e+02 +4.9410e-01 -6.9106e-03 -4.7015e-01 +2.2287e+00 -3.5127e-01 -3.6969e+00 +3.3895e+00 +1.3837e+00 +5.5347e-01 -1.7238e+00
945 0 +7.048733135e+01 +3.547073314e+02 +3.547073314e+02 +1.3913e+00 -1.3801e-01 -3.9193e-01 +9.0671e-01 +1.0838e-01 -4.4714e+00 +2.9176e+00 +2.0837e-01 -1.6852e-01 -2.9540e+00
1332 0 +6.430864644e+01 +3.485286464e+02 +3.485286464e+02 -6.6004e-02 -1.9685e-01 -4.2002e-01 +1.9535e+00 +2.4942e-01 -4.0773e+00 +3.3243e+00 +1.0195e+00 -1.5739e-01 -3.2147e+00
3224 0 +5.437830054e+01 +3.385983005e+02 +3.385983005e+02 +1.1141e+00 -1.7955e+00 -5.0432e-01 +2.1206e+00 +6.6704e-01 -3.4202e+00 +3.3726e+00 +5.8328e-01 +3.1648e-01 -2.5631e+00
5192 0 +5.313521901e+01 +3.373552190e+02 +3.373552190e+02 +9.3794e-02 -1.1320e+00 +9.7140e-01 +1.8891e+00 +1.2090e+00 -3.9937e+00 +3.3730e+00 +2.0276e+00 +2.8256e-01 -2.9344e+00
5197 0 +4.313363951e+01 +3.273536395e+02 +3.273536395e+02 +1.0936e+00 -1.8291e+00 +4.9301e-01 +8.6615e-01 +1.8134e+00 -4.5517e+00 +3.3872e+00 +1.3655e+00 +2.5647e-01 -2.8267e+00
5338 0 +4.013797663e+01 +3.243579766e+02 +3.243579766e+02 +3.2998e-01 -3.0110e-01 +1.0079e+00 +1.5305e+00 +1.2938e+00 -4.4455e+00 +3.3870e+00 +1.8197e+00 +2.9380e-01 -2.5208e+00
9771 0 +3.481407706e+01 +3.190340771e+02 +3.190340771e+02 -6.4952e-02 -2.9266e-01 +9.9228e-01 +2.9849e+00 +1.2564e+00 -3.9748e+00 +3.3212e+00 +1.3109e+00 -1.0452e-01 -2.5208e+00
12367 0 +3.056954015e+01 +3.147895401e+02 +3.147895401e+02 +7.6343e-02 -1.8806e+00 +9.5563e-01 +3.0051e+00 +1.1935e+00 -4.0460e+00 +3.3846e+00 +1.0263e+00 -1.4947e-01 -2.8550e+00
15517 0 +2.271918339e+01 +3.069391834e+02 +3.069391834e+02 -3.8182e-02 +1.6270e+00 +9.7589e-01 +1.4453e+00 +1.2234e+00 -2.9904e+00 +3.3683e+00 +9.8600e-01 +2.5852e-01 -2.8951e+00
25644 0 +1.970786806e+01 +3.039278681e+02 +3.039278681e+02 +2.1010e-01 +6.5729e-01 +1.0135e+00 +2.1402e+00 +1.2781e+00 -4.0077e+00 +3.3412e+00 +9.3728e-01 +2.4817e-01 -2.5602e+00
27219 0 +1.446103506e+01 +2.986810351e+02 +2.986810351e+02 +1.9829e-01 +6.8652e-01 +1.0526e+00 +1.5068e+00 +1.1990e+00 -3.4963e+00 +3.3128e+00 +1.7487e+00 +2.5498e-01 -2.8748e+00
40071 0 +1.427066242e+01 +2.984906624e+02 +2.984906624e+02 +1.5687e-01 -2.9093e-01 +1.0123e+00 +1.5134e+00 +1.1865e+00 -3.4873e+00 +3.3746e+00 +1.3357e+00 +2.1660e-01 -3.1618e+00
42277 0 +1.228797696e+01 +2.965079770e+02 +2.965079770e+02 +2.3272e-01 -2.5741e-01 +1.0514e+00 +1.4968e+00 +1.1808e+00 -3.4766e+00 +3.3669e+00 +1.2819e+00 +2.5104e-01 -2.8716e+00
47723 0 +1.201203989e+01 +2.962320399e+02 +2.962320399e+02 +1.3311e-01 -2.1760e-01 +1.0437e+00 +1.4879e+00 +1.1989e+00 -3.4881e+00 +3.3864e+00 +9.4277e-01 +2.5519e-01 -2.2989e+00
54115 0 +1.193949861e+01 +2.961594986e+02 +2.961594986e+02 +1.4416e-01 -2.1840e-01 +1.0520e+00 +1.4869e+00 +1.1948e+00 -3.4896e+00 +3.3912e+00 +9.4270e-01 +2.5417e-01 -2.2975e+00
% f evaluations | g evaluations | best noise-free fitness - Fopt (-3.217000000000e+01) + sum g_i+ | measured fitness | best measured fitness or single-digit g-values | x1 | x2...
1 0 +2.887888850e+02 +2.566188850e+02 +2.566188850e+02 +0.0000e+00 +0.0000e+00 +0.0000e+00 +0.0000e+00 +0.0000e+00 +0.0000e+00 +0.0000e+00 +0.0000e+00 +0.0000e+00 +0.0000e+00
205 0 +2.555147070e+02 +2.233447070e+02 +2.233447070e+02 +1.1770e+00 -3.9508e-01 -7.7339e-01 -2.4345e+00 +1.3501e+00 +4.8353e-01 -2.5215e+00 +1.2019e+00 -1.0040e+00 -3.1510e+00
221 0 +2.215127001e+02 +1.893427001e+02 +1.893427001e+02 +2.1123e+00 +2.3436e+00 -2.0735e+00 -2.1425e+00 +2.8802e+00 -3.3066e-01 +2.7700e-01 +2.6588e+00 -1.0076e+00 -1.1498e+00
264 0 +2.172017876e+02 +1.850317876e+02 +1.850317876e+02 +1.0040e-01 +3.1438e-01 -1.5254e+00 -7.0346e-01 +2.5241e+00 +4.9857e-01 +1.1222e-01 +2.6271e+00 -1.1138e+00 -2.8992e-01
296 0 +1.595180358e+02 +1.273480358e+02 +1.273480358e+02 +1.6357e+00 +2.6703e+00 -3.3653e-01 -1.2240e+00 +1.2693e+00 +6.9992e-01 -1.4537e+00 +4.0424e+00 -1.0404e+00 -2.4245e+00
324 0 +1.471793458e+02 +1.150093458e+02 +1.150093458e+02 +1.3374e+00 +2.7812e+00 -3.4118e+00 -1.3029e+00 +8.9427e-01 +1.2377e+00 -8.1272e-01 +3.8916e+00 +1.4487e+00 -2.5180e+00
365 0 +1.361054978e+02 +1.039354978e+02 +1.039354978e+02 +8.8196e-01 +2.9073e+00 -1.8618e+00 -2.2920e+00 +1.0561e+00 +1.3144e+00 -2.2790e-01 +3.4393e+00 +6.2507e-01 -3.1910e+00
379 0 +1.076107576e+02 +7.544075758e+01 +7.544075758e+01 +1.3880e+00 +2.8507e+00 -1.3454e+00 -1.3466e+00 +2.5735e+00 +1.0656e+00 +4.4570e-01 +2.6149e+00 +1.1630e+00 -9.4133e-01
677 0 +6.832672095e+01 +3.615672095e+01 +3.615672095e+01 +1.3846e+00 +3.6556e+00 -1.9370e+00 +6.5651e-01 +3.1050e+00 -8.9020e-01 -9.4428e-02 +1.4428e+00 +1.0312e+00 -2.1153e+00
1183 0 +5.348403167e+01 +2.131403167e+01 +2.131403167e+01 -4.3511e-01 +1.8518e+00 -2.6030e-01 -9.0446e-01 +3.0884e+00 +6.9891e-01 -3.0816e-01 +2.9943e+00 +5.2793e-01 -2.3797e+00
1452 0 +4.330316312e+01 +1.113316312e+01 +1.113316312e+01 -3.5821e-01 +2.8422e+00 -2.2279e-01 +4.3038e-01 +3.1410e+00 +4.4244e-01 -1.1030e-01 +2.1103e+00 +1.0124e+00 -2.3555e+00
5037 0 +4.129957157e+01 +9.129571573e+00 +9.129571573e+00 +5.9265e-01 +2.6429e+00 -2.5956e-01 -8.8889e-01 +3.6341e+00 +2.0995e+00 -2.0094e-01 +3.4784e+00 +1.0142e+00 -2.3850e+00
7030 0 +3.597756977e+01 +3.807569770e+00 +3.807569770e+00 -5.5598e-01 +1.0255e+00 -3.9320e-01 +1.1321e+00 +3.7072e+00 +6.1410e-01 -1.1227e-01 +2.6790e+00 +1.0759e+00 -2.3231e+00
8816 0 +3.297400020e+01 +8.040001978e-01 +8.040001978e-01 -3.9022e-01 +1.7877e+00 -9.7012e-01 -4.2860e-02 +3.6718e+00 +1.6356e+00 -1.2226e-01 +2.9440e+00 +1.0249e+00 -2.0824e+00
10203 0 +2.796711021e+01 -4.202889792e+00 -4.202889792e+00 -5.2908e-01 +2.0161e+00 -3.0161e-01 -1.7233e-01 +3.6352e+00 +5.8826e-01 -5.0368e-03 +3.4278e+00 +1.0112e+00 -2.7258e+00
10634 0 +2.342830436e+01 -8.741695645e+00 -8.741695645e+00 -5.6208e-01 +1.8211e+00 -3.9899e-01 -1.2127e-01 +3.6229e+00 +4.8335e-01 -1.2498e-01 +2.6001e+00 +1.1012e+00 -2.7533e+00
13519 0 +1.928545623e+01 -1.288454377e+01 -1.288454377e+01 -5.7580e-01 +1.7999e+00 -3.6355e-01 +5.9305e-01 +3.6755e+00 +5.9337e-01 -1.8250e-01 +2.1714e+00 +1.0554e+00 -2.7194e+00
48698 0 +1.861351974e+01 -1.355648026e+01 -1.355648026e+01 +1.3475e+00 +1.7873e+00 +4.1169e-01 -3.9775e-02 +3.6847e+00 +1.0908e+00 -9.4059e-02 +3.8978e+00 +1.0026e+00 -3.0512e+00
49544 0 +1.661609280e+01 -1.555390720e+01 -1.555390720e+01 +1.3679e+00 +9.6772e-01 +4.7258e-01 -1.6268e-01 +3.6613e+00 +5.8521e-01 -5.3181e-02 +3.4363e+00 +1.0495e+00 -2.7606e+00
50984 0 +1.519834353e+01 -1.697165647e+01 -1.697165647e+01 +1.4355e+00 +2.2326e-01 +3.9410e-01 -1.5115e-01 +3.6669e+00 +4.6218e-01 -1.6291e-01 +2.6049e+00 +1.0324e+00 -2.7264e+00
51770 0 +1.087771874e+01 -2.129228126e+01 -2.129228126e+01 +1.3992e+00 +1.8191e+00 +4.3217e-01 -9.1112e-02 +3.6374e+00 +5.4491e-01 -1.3792e-01 +3.4403e+00 +1.0362e+00 -2.3927e+00
57413 0 +1.063247133e+01 -2.153752867e+01 -2.153752867e+01 +1.3848e+00 +1.8186e+00 +4.5441e-01 +1.1000e+00 +3.6767e+00 +5.7995e-01 -9.6929e-02 +3.0022e+00 +1.0185e+00 -2.4292e+00
57683 0 +1.023695983e+01 -2.193304017e+01 -2.193304017e+01 +1.3776e+00 +1.8359e+00 +4.6255e-01 +1.1016e+00 +3.6820e+00 +5.6230e-01 -1.3942e-01 +3.0224e+00 +1.0411e+00 -3.0455e+00
65409 0 +9.328076339e+00 -2.284192366e+01 -2.284192366e+01 +1.4437e+00 +1.8773e+00 +4.1812e-01 +1.1260e+00 +3.6841e+00 +6.0145e-01 -1.2309e-01 +2.9983e+00 +1.0454e+00 -2.7107e+00
71946 0 +9.117908621e+00 -2.305209138e+01 -2.305209138e+01 +1.4157e+00 +1.8524e+00 +4.4824e-01 +1.1131e+00 +3.6753e+00 +5.4221e-01 -1.1052e-01 +3.0219e+00 +1.0502e+00 -2.4179e+00
71988 0 +8.662102414e+00 -2.350789759e+01 -2.350789759e+01 +1.4089e+00 +1.8700e+00 +4.5090e-01 +1.0984e+00 +3.6943e+00 +5.6752e-01 -9.2948e-02 +2.9991e+00 +1.0355e+00 -2.4175e+00
72145 0 +8.281486848e+00 -2.388851315e+01 -2.388851315e+01 +1.4398e+00 +1.8471e+00 +4.5151e-01 +1.1064e+00 +3.6881e+00 +5.6483e-01 -1.2000e-01 +3.0082e+00 +1.0356e+00 -2.4173e+00
72740 0 +8.126354951e+00 -2.404364505e+01 -2.404364505e+01 +1.4378e+00 +1.8610e+00 +4.5388e-01 +1.0926e+00 +3.6936e+00 +5.4999e-01 -1.0518e-01 +3.0075e+00 +1.0398e+00 -2.4232e+00
79316 0 +7.959667424e+00 -2.421033258e+01 -2.421033258e+01 +1.4464e+00 +1.8544e+00 +4.6080e-01 +1.1001e+00 +3.7008e+00 +5.6269e-01 -1.0517e-01 +3.0096e+00 +1.0406e+00 -2.4192e+00
% f evaluations | g evaluations | best noise-free fitness - Fopt (-5.858000000000e+01) + sum g_i+ | measured fitness | best measured fitness or single-digit g-values | x1 | x2...
1 0 +3.893409175e+02 +3.307609175e+02 +3.307609175e+02 +0.0000e+00 +0.0000e+00 +0.0000e+00 +0.0000e+00 +0.0000e+00 +0.0000e+00 +0.0000e+00 +0.0000e+00 +0.0000e+00 +0.0000e+00
150 0 +3.369616475e+02 +2.783816475e+02 +2.783816475e+02 +1.1838e+00 +2.0564e+00 -3.2471e+00 -4.5701e+00 +1.0535e+00 -2.0842e+00 -1.6973e-01 +4.0833e+00 +5.2922e-01 +1.0701e+00
161 0 +3.171241046e+02 +2.585441046e+02 +2.585441046e+02 +8.9738e-01 +2.1311e+00 -2.7541e+00 -3.3975e+00 +1.1387e+00 +3.9749e-01 +3.3905e-01 +2.0830e+00 +1.6013e+00 +8.9443e-01
198 0 +2.757396549e+02 +2.171596549e+02 +2.171596549e+02 +1.0092e+00 +2.0225e+00 -3.5808e+00 -2.2464e+00 -1.8987e-01 -1.3197e+00 +1.7792e+00 +3.5529e+00 +1.4635e+00 +1.3783e+00
242 0 +2.451954124e+02 +1.866154124e+02 +1.866154124e+02 +3.0456e-01 +3.0790e+00 -1.6085e+00 +1.9260e+00 +4.2513e-01 -3.1068e+00 +1.8179e-01 +2.1619e+00 +2.0321e+00 +1.7280e+00
248 0 +2.035680829e+02 +1.449880829e+02 +1.449880829e+02 +2.1099e+00 +9.4561e-01 -1.4923e-01 -2.7613e+00 +1.1817e+00 -3.9783e+00 +2.3567e+00 +2.0126e+00 +1.3657e+00 +1.3899e+00
285 0 +1.934702030e+02 +1.348902030e+02 +1.348902030e+02 +2.5564e+00 -1.9687e+00 -1.1524e+00 -7.4435e-01 +4.4008e-01 -6.6242e-01 +9.6845e-01 +2.9342e+00 +1.8356e+00 +6.4872e-01
403 0 +1.870322599e+02 +1.284522599e+02 +1.284522599e+02 +8.2310e-01 -9.0394e-01 -8.4059e-01 -1.3372e+00 +1.1427e+00 -2.2834e+00 +9.2259e-01 +2.9874e+00 +2.3058e+00 +1.8054e+00
408 0 +1.697012250e+02 +1.111212250e+02 +1.111212250e+02 +3.0396e-01 -8.0505e-01 +3.1043e-01 +3.2750e+00 -1.3244e-01 -4.5021e+00 +2.0773e+00 +2.6907e+00 +2.3281e+00 +2.8210e+00
415 0 +1.626765558e+02 +1.040965558e+02 +1.040965558e+02 -5.0483e-01 -1.6774e+00 -1.9030e+00 -3.4411e-01 +9.2595e-01 -4.2958e+00 +8.0378e-01 +3.2123e+00 +1.6784e+00 +1.7768e+00
447 0 +9.919189914e+01 +4.061189914e+01 +4.061189914e+01 -4.1873e-01 -6.3610e-01 +9.3004e-02 +3.4135e+00 +1.9786e+00 -4.3655e+00 +1.9403e+00 +2.7052e+00 +1.5245e+00 +1.2281e+00
925 0 +7.538766697e+01 +1.680766697e+01 +1.680766697e+01 -5.9790e-01 -3.2394e+00 -3.2184e-01 +2.0767e+00 +1.9649e+00 -3.9340e+00 +2.6688e+00 +3.5522e+00 +2.6677e+00 +6.0012e-01
1633 0 +7.215266503e+01 +1.357266503e+01 +1.357266503e+01 +1.6244e+00 -1.5000e+00 +1.8003e-01 +1.2486e+00 +3.0263e+00 -3.4215e+00 +3.0719e+00 +4.4400e+00 +2.0285e+00 +1.8649e+00
2114 0 +5.706908927e+01 -1.510910729e+00 -1.510910729e+00 +1.7140e+00 -2.3304e+00 +1.1632e-01 +3.2931e+00 +2.3883e+00 -3.9472e+00 +2.7566e+00 +3.7144e+00 +2.2796e+00 +1.5177e+00
4203 0 +5.621816538e+01 -2.361834622e+00 -2.361834622e+00 +7.7893e-01 -2.5392e+00 -4.3927e-01 +1.8261e+00 +3.0326e+00 -5.0023e+00 +2.2041e+00 +4.4495e+00 +2.6744e+00 +1.5978e+00
4551 0 +4.332340427e+01 -1.525659573e+01 -1.525659573e+01 +6.0105e-01 -3.3163e+00 +2.6758e-01 +1.9272e+00 +2.9123e+00 -3.9572e+00 +2.5155e+00 +3.6524e+00 +2.3439e+00 +1.6436e+00
6087 0 +4.168681274e+01 -1.689318726e+01 -1.689318726e+01 +5.7171e-01 -3.4277e+00 +1.2279e-01 +3.2913e+00 +2.8374e+00 -3.9075e+00 +2.6742e+00 +3.3747e+00 +2.3057e+00 +1.0062e+00
6385 0 +3.978671874e+01 -1.879328126e+01 -1.879328126e+01 +8.1854e-01 -2.5851e+00 +8.5092e-01 +1.8429e+00 +3.4879e+00 -2.8635e+00 +2.6838e+00 +2.4485e+00 +2.3810e+00 +9.8437e-01
6394 0 +2.751723968e+01 -3.106276032e+01 -3.106276032e+01 +7.2285e-01 -4.2639e+00 +9.4004e-01 +2.4862e+00 +2.9275e+00 -2.9024e+00 +2.6942e+00 +2.8875e+00 +2.3720e+00 +9.9017e-01
16825 0 +2.268692407e+01 -3.589307593e+01 -3.589307593e+01 +5.7262e-01 -1.6322e+00 +8.9181e-01 +3.1851e+00 +2.8959e+00 -4.4449e+00 +2.7411e+00 +3.1744e+00 +2.3420e+00 +1.3073e+00
21591 0 +2.211481249e+01 -3.646518751e+01 -3.646518751e+01 +5.4110e-01 -2.4886e+00 +9.0725e-01 +2.5232e+00 +2.9253e+00 -3.3856e+00 +2.7470e+00 +3.5913e+00 +2.3743e+00 +1.8992e+00
21706 0 +2.055934189e+01 -3.802065811e+01 -3.802065811e+01 +7.7172e-01 -1.5724e+00 +9.5596e-01 +2.6563e+00 +3.0126e+00 -3.3660e+00 +2.6998e+00 +3.2030e+00 +2.3698e+00 +1.6098e+00
27962 0 +1.955645308e+01 -3.902354692e+01 -3.902354692e+01 +7.2168e-01 -2.5352e+00 +9.2654e-01 +3.0613e+00 +2.9428e+00 -3.3995e+00 +2.6987e+00 +3.7004e+00 +2.3252e+00 +1.3087e+00
28002 0 +1.930948785e+01 -3.927051215e+01 -3.927051215e+01 +5.8853e-01 -1.5454e+00 +9.3545e-01 +3.0844e+00 +2.9474e+00 -3.3910e+00 +2.7106e+00 +3.6138e+00 +2.3563e+00 +1.3157e+00
30713 0 +1.893658633e+01 -3.964341367e+01 -3.964341367e+01 +5.6100e-01 -2.5691e+00 +9.4044e-01 +3.2374e+00 +2.8994e+00 -3.4190e+00 +2.7665e+00 +3.6649e+00 +2.3555e+00 +1.2846e+00
31220 0 +1.666080686e+01 -4.191919314e+01 -4.191919314e+01 +7.0097e-01 -2.4819e+00 +9.6728e-01 +3.1987e+00 +2.9743e+00 -3.3940e+00 +2.7262e+00 +3.6821e+00 +2.3533e+00 +1.5916e+00
41608 0 +1.603039140e+01 -4.254960860e+01 -4.254960860e+01 +5.6329e-01 -2.5268e+00 +9.3841e-01 +3.1351e+00 +2.9541e+00 -3.3799e+00 +2.7768e+00 +3.6868e+00 +2.3516e+00 +9.8580e-01
53430 0 +1.603039140e+01 -4.254960860e+01 -4.254960860e+01 +5.6329e-01 -2.5268e+00 +9.3841e-01 +3.1351e+00 +2.9541e+00 -3.3799e+00 +2.7768e+00 +3.6868e+00 +2.3516e+00 +9.8580e-01
% f evaluations | g evaluations | best noise-free fitness - Fopt (-6.049200000000e+02) + sum g_i+ | measured fitness | best measured fitness or single-digit g-values | x1 | x2...
1 0 +1.921933093e+02 -4.127266907e+02 -4.127266907e+02 +0.0000e+00 +0.0000e+00 +0.0000e+00 +0.0000e+00 +0.0000e+00 +0.0000e+00 +0.0000e+00 +0.0000e+00 +0.0000e+00 +0.0000e+00
269 0 +1.843596348e+02 -4.205603652e+02 -4.205603652e+02 +1.5894e-01 -2.4764e-01 +5.5257e-01 -1.7119e+00 -1.3901e-01 -1.0407e+00 -9.3447e-01 -9.9705e-01 -1.1823e+00 +1.5862e-01
764 0 +1.720193771e+02 -4.329006229e+02 -4.329006229e+02 -1.7341e+00 -7.4931e-01 +5.2332e-01 +1.8094e+00 -3.5011e-01 -1.3118e-01 -6.8927e-01 -4.7327e-01 -3.1424e-01 -1.5798e+00
857 0 +1.458409902e+02 -4.590790098e+02 -4.590790098e+02 -2.1114e+00 +9.4255e-01 +2.0621e+00 +8.5107e-01 -1.8726e+00 -1.7601e+00 -1.6130e+00 -1.7584e+00 -5.5761e-01 -2.7403e-01
875 0 +1.100646888e+02 -4.948553112e+02 -4.948553112e+02 -6.9748e-01 -1.7244e-01 -3.9618e-01 +2.6869e+00 -2.2153e+00 -2.1945e+00 -5.1728e-01 -2.7672e+00 -7.9609e-01 -8.4094e-01
1235 0 +9.719579671e+01 -5.077242033e+02 -5.077242033e+02 -3.0307e+00 -5.5955e-01 +1.4733e+00 +2.5428e+00 -1.3057e+00 -1.3574e+00 -8.6941e-01 -2.0271e+00 +1.4153e-01 -7.8154e-01
1405 0 +7.925007851e+01 -5.256699215e+02 -5.256699215e+02 -8.8566e-01 -1.9369e+00 +6.1995e-01 +2.6011e+00 -1.2760e+00 -2.7805e+00 -1.0923e+00 -1.7400e+00 +7.2843e-02 +8.5755e-01
2030 0 +7.587988492e+01 -5.290401151e+02 -5.290401151e+02 -1.3253e-01 -2.6263e+00 +6.5548e-01 +1.9150e+00 -1.4711e+00 -2.6929e+00 -3.4255e-01 -1.6573e+00 -5.0349e-01 +2.3818e-01
2323 0 +7.074118729e+01 -5.341788127e+02 -5.341788127e+02 -6.7204e-01 -2.9320e-01 +1.2385e+00 +2.7990e+00 +1.8706e-01 -4.0114e+00 -3.2015e-01 -1.6867e+00 +1.9390e-01 -4.4918e-01
2371 0 +6.387307576e+01 -5.410469242e+02 -5.410469242e+02 -1.0368e+00 -1.1916e+00 +1.9805e+00 +3.3241e+00 -6.8027e-01 -4.9215e+00 -2.9820e-01 -1.9021e+00 +1.5126e-01 -2.2745e-02
2722 0 +5.841559210e+01 -5.465044079e+02 -5.465044079e+02 -7.5895e-01 +1.9181e-02 +1.3437e+00 +2.4955e+00 -2.9554e-01 -3.8382e+00 -2.6437e-01 -2.7946e+00 +4.9183e-01 -2.3668e-01
2818 0 +5.498805314e+01 -5.499319469e+02 -5.499319469e+02 -9.6028e-01 +2.6422e-01 +1.1949e+00 +2.0148e+00 -4.5979e-01 -3.8444e+00 -3.1027e-01 -1.6927e+00 +1.2645e-01 +2.2236e-01
2894 0 +5.068696714e+01 -5.542330329e+02 -5.542330329e+02 +1.0867e+00 +5.7490e-02 +6.5117e-01 +1.7742e+00 -1.4533e-01 -3.8738e+00 -4.5142e-01 -1.3433e+00 +1.2182e-01 -4.0140e-01
3367 0 +4.968467653e+01 -5.552353235e+02 -5.552353235e+02 -8.8409e-01 -2.0205e+00 +6.7044e-01 +2.6644e+00 +3.0600e-01 -3.8423e+00 -2.5372e-01 -1.3252e+00 +4.5590e-01 -2.9571e-01
4245 0 +4.661429167e+01 -5.583057083e+02 -5.583057083e+02 -1.0674e+00 -1.9273e+00 +1.2546e+00 +1.9723e+00 +2.6577e-01 -2.8308e+00 -3.2105e-01 -7.6816e-01 +6.4255e-01 +4.7951e-01
4916 0 +4.009247452e+01 -5.648275255e+02 -5.648275255e+02 -7.9736e-01 -1.9214e+00 +1.3089e+00 +1.8888e+00 +3.7186e-01 -3.3941e+00 -3.1155e-01 -1.9548e+00 +1.3249e-01 +5.5770e-01
10802 0 +3.973534481e+01 -5.651846552e+02 -5.651846552e+02 +1.2031e-01 -2.7226e+00 +1.2706e+00 +2.0107e+00 +2.4303e-01 -3.8691e+00 -3.6172e-01 -1.1998e+00 +1.4275e-01 +3.3042e-01
15875 0 +3.682863666e+01 -5.680913633e+02 -5.680913633e+02 +6.4096e-02 -1.1365e+00 +1.3434e+00 +1.7215e+00 +3.4665e-01 -4.9296e+00 -4.0934e-01 -1.1676e+00 +1.4091e-01 +2.0325e-01
17463 0 +3.264955057e+01 -5.722704494e+02 -5.722704494e+02 +1.4330e-02 -9.4467e-01 +1.2993e+00 +1.8590e+00 +2.7617e-01 -4.4136e+00 -2.9831e-01 -2.0543e+00 +4.2491e-01 +3.4619e-01
18645 0 +3.150990957e+01 -5.734100904e+02 -5.734100904e+02 -1.0553e+00 -9.0527e-01 +1.3698e+00 +2.4985e+00 +2.7320e-01 -4.3197e+00 -3.2209e-01 -1.5967e+00 +4.6726e-01 +2.4837e-01
19966 0 +2.367549695e+01 -5.812445030e+02 -5.812445030e+02 -3.3633e-02 -2.7184e+00 +1.3721e+00 +2.5636e+00 +3.0373e-01 -4.3838e+00 -4.2938e-01 -1.6205e+00 +4.9563e-01 -5.6320e-02
21782 0 +2.104180637e+01 -5.838781936e+02 -5.838781936e+02 +2.7259e-02 -1.0492e+00 +1.2286e+00 +1.9507e+00 +3.0256e-01 -4.4328e+00 -4.6022e-01 -1.5983e+00 +4.5514e-01 -4.0180e-01
21908 0 +1.986059845e+01 -5.850594015e+02 -5.850594015e+02 -8.6311e-01 -1.9978e+00 +1.2701e+00 +2.5949e+00 +3.0077e-01 -4.4490e+00 -3.6980e-01 -1.1741e+00 +4.8973e-01 -9.8674e-02
25941 0 +1.913147348e+01 -5.857885265e+02 -5.857885265e+02 -5.5867e-02 -2.5808e+00 +1.2043e+00 +1.9286e+00 +3.0835e-01 -4.4165e+00 -4.0247e-01 -1.6716e+00 +4.6408e-01 -1.1690e-01
29687 0 +1.726799711e+01 -5.876520029e+02 -5.876520029e+02 -4.5824e-03 -9.6145e-02 +1.1901e+00 +1.7778e+00 +3.2211e-01 -4.4280e+00 -3.6298e-01 -2.0904e+00 +4.8459e-01 -3.9798e-01
36821 0 +1.648883639e+01 -5.884311636e+02 -5.884311636e+02 +2.3589e-02 -5.2636e-02 +1.3341e+00 +2.4373e+00 +3.2667e-01 -4.4258e+00 -3.6851e-01 -2.0201e+00 +4.9497e-01 -1.0634e-01
43651 0 +1.595310374e+01 -5.889668963e+02 -5.889668963e+02 -7.8820e-04 -8.8421e-01 +1.1929e+00 +1.9374e+00 +2.9915e-01 -4.3722e+00 -3.6451e-01 -1.6666e+00 +4.8354e-01 +2.3969e-01
46435 0 +1.374534652e+01 -5.911746535e+02 -5.911746535e+02 -3.6576e-02 -1.9661e+00 +1.2744e+00 +2.6275e+00 +3.1007e-01 -4.4367e+00 -3.8878e-01 -1.1907e+00 +4.7387e-01 -9.3702e-02
65741 0 +1.319257901e+01 -5.917274210e+02 -5.917274210e+02 +7.5273e-02 -7.5094e-02 +1.2541e+00 +2.5862e+00 +3.5057e-01 -4.3634e+00 -3.3102e-01 -1.6225e+00 +4.7115e-01 -5.4154e-02
65862 0 +8.695515455e+00 -5.962244845e+02 -5.962244845e+02 +5.1551e-03 -1.4219e-01 +1.2556e+00 +1.9288e+00 +3.5126e-01 -4.3973e+00 -3.5231e-01 -1.6635e+00 +4.7262e-01 -8.8720e-02
99832 0 +8.695515455e+00 -5.962244845e+02 -5.962244845e+02 +5.1551e-03 -1.4219e-01 +1.2556e+00 +1.9288e+00 +3.5126e-01 -4.3973e+00 -3.5231e-01 -1.6635e+00 +4.7262e-01 -8.8720e-02
% f evaluations | g evaluations | best noise-free fitness - Fopt (1.337000000000e+02) + sum g_i+ | measured fitness | best measured fitness or single-digit g-values | x1 | x2...
1 0 +2.373636990e+02 +3.710636990e+02 +3.710636990e+02 +0.0000e+00 +0.0000e+00 +0.0000e+00 +0.0000e+00 +0.0000e+00 +0.0000e+00 +0.0000e+00 +0.0000e+00 +0.0000e+00 +0.0000e+00
18 0 +1.408506476e+02 +2.745506476e+02 +2.745506476e+02 -3.6956e-01 -1.1167e+00 -1.5339e-01 +2.3518e+00 +1.9605e+00 +1.9652e+00 +9.3018e-01 -2.6694e+00 +1.9084e+00 +2.1690e-01
971 0 +1.308007936e+02 +2.645007936e+02 +2.645007936e+02 -4.5539e-01 +8.0015e-01 -1.8066e-01 -3.3953e-01 +2.1387e+00 +2.4118e+00 +1.9116e+00 -1.4338e+00 +1.1279e+00 +2.5316e-01
1102 0 +1.282330453e+02 +2.619330453e+02 +2.619330453e+02 -6.6596e-01 -5.5232e-01 -4.0665e+00 -1.0374e+00 +1.2011e+00 +2.4846e+00 +9.6004e-01 -1.9306e+00 +1.4896e+00 +1.0309e+00
1113 0 +9.446424165e+01 +2.281642417e+02 +2.281642417e+02 +6.3693e-01 -7.8056e-01 -2.0471e+00 +3.8044e-01 +3.5854e+00 +2.5466e+00 +7.3357e-01 -3.4133e+00 +2.2165e+00 +1.3241e+00
1305 0 +8.432915822e+01 +2.180291582e+02 +2.180291582e+02 +1.3975e+00 +1.1545e+00 -1.2902e-02 +5.7719e-01 +2.6543e+00 +2.4361e+00 +1.4664e+00 -1.0286e+00 +1.9218e+00 +1.3098e+00
1472 0 +7.707216408e+01 +2.107721641e+02 +2.107721641e+02 +6.4940e-01 +2.7022e+00 -5.0259e-01 +3.0513e+00 +1.3084e+00 +2.2175e+00 +1.0088e+00 -2.4060e+00 +2.1443e+00 +3.2824e-01
1622 0 +6.118870409e+01 +1.948887041e+02 +1.948887041e+02 +5.4705e-01 +3.2540e+00 -1.2216e+00 +3.3456e+00 +3.6559e+00 +2.1057e+00 +1.4004e+00 -2.8145e+00 +2.1812e+00 +1.6917e+00
3261 0 +5.887635121e+01 +1.925763512e+02 +1.925763512e+02 +7.0837e-01 +1.8354e+00 -5.4635e-01 +3.0337e+00 +3.0152e+00 +1.5401e+00 +1.7740e+00 -1.8771e+00 +1.4816e+00 +6.6304e-01
3619 0 +5.590557866e+01 +1.896055787e+02 +1.896055787e+02 +4.5703e-01 +1.9352e+00 -4.7669e-01 +4.3626e+00 +3.0279e+00 +1.5201e+00 +1.8949e+00 -2.3322e+00 +2.3670e+00 +1.0842e+00
4259 0 +4.468180884e+01 +1.783818088e+02 +1.783818088e+02 +4.5787e-01 +1.9115e+00 -4.0654e-01 +1.8015e+00 +3.6393e+00 +1.6568e+00 +1.9512e+00 -1.8128e+00 +2.1607e+00 +1.3091e+00
8031 0 +4.130207020e+01 +1.750020702e+02 +1.750020702e+02 +7.1000e-01 +1.0249e+00 +3.4564e-01 +2.4128e+00 +2.9733e+00 +1.9024e+00 +1.9028e+00 -1.9445e+00 +2.2195e+00 +7.1013e-01
8767 0 +3.633719577e+01 +1.700371958e+02 +1.700371958e+02 +1.7397e+00 +2.7374e+00 -4.2604e-01 +2.5725e+00 +3.2007e+00 +2.5825e+00 +1.8688e+00 -1.4800e+00 +2.2033e+00 +1.0076e+00
8896 0 +3.403909459e+01 +1.677390946e+02 +1.677390946e+02 +6.6261e-01 +2.7384e+00 +3.2428e-01 +1.9208e+00 +3.0049e+00 +2.2475e+00 +1.8852e+00 -2.0164e+00 +2.2137e+00 +1.0366e+00
19186 0 +3.234623675e+01 +1.660462368e+02 +1.660462368e+02 +1.4085e+00 +1.6826e-02 -4.2445e-01 +1.8399e+00 +3.1032e+00 +2.1947e+00 +1.4951e+00 -1.9579e+00 +2.2009e+00 +6.4233e-01
20266 0 +2.860660794e+01 +1.623066079e+02 +1.623066079e+02 +1.4580e+00 +7.0909e-01 -3.6447e-01 +1.0957e+00 +3.1349e+00 +2.1084e+00 +1.4013e+00 -1.9578e+00 +2.1849e+00 +1.0131e+00
21146 0 +2.661015182e+01 +1.603101518e+02 +1.603101518e+02 +1.4776e+00 -6.2348e-01 -9.9632e-01 +6.4663e-01 +3.5793e+00 +2.1210e+00 +1.5085e+00 -1.9073e+00 +2.1935e+00 +1.0168e+00
25176 0 +2.573181703e+01 +1.594318170e+02 +1.594318170e+02 +1.3888e+00 +3.0203e-02 -2.9254e-01 +2.6765e+00 +3.0871e+00 +2.0693e+00 +1.3640e+00 -1.9705e+00 +2.1795e+00 +9.9133e-01
26471 0 +2.225764529e+01 +1.559576453e+02 +1.559576453e+02 +1.4379e+00 +9.2561e-01 -4.0964e-01 +2.5243e+00 +3.0300e+00 +2.0799e+00 +1.4651e+00 -2.7601e+00 +2.1834e+00 +3.8077e-01
29095 0 +2.096967555e+01 +1.546696756e+02 +1.546696756e+02 +1.5579e+00 +1.1263e+00 -3.9644e-01 +2.5547e+00 +3.0540e+00 +1.5104e+00 +1.4015e+00 -2.3062e+00 +2.2162e+00 +7.2720e-01
29536 0 +1.913491257e+01 +1.528349126e+02 +1.528349126e+02 +1.5315e+00 +6.6940e-02 -4.5217e-01 +3.3126e+00 +3.0113e+00 +1.5139e+00 +1.4280e+00 -2.3089e+00 +2.2206e+00 +1.3128e+00
29862 0 +1.743588178e+01 +1.511358818e+02 +1.511358818e+02 +1.5338e+00 +8.4816e-01 -4.3592e-01 +2.6227e+00 +3.0444e+00 +1.5119e+00 +1.4346e+00 -2.3249e+00 +2.2178e+00 +1.0737e+00
29904 0 +1.643240708e+01 +1.501324071e+02 +1.501324071e+02 +1.4627e+00 +1.9191e+00 -4.1269e-01 +2.7308e+00 +3.1594e+00 +1.5693e+00 +1.4603e+00 -2.3700e+00 +2.2131e+00 +1.0216e+00
30803 0 +1.499682181e+01 +1.486968218e+02 +1.486968218e+02 +1.4618e+00 +8.8706e-01 -4.2942e-01 +1.9856e+00 +3.0950e+00 +1.5881e+00 +1.4692e+00 -2.3224e+00 +2.1887e+00 +1.3024e+00
31413 0 +1.328497445e+01 +1.469849744e+02 +1.469849744e+02 +1.5014e+00 +1.0061e+00 -4.7992e-01 +1.9009e+00 +3.1357e+00 +1.5756e+00 +1.4983e+00 -2.3404e+00 +2.2109e+00 +1.3277e+00
31891 0 +1.215748553e+01 +1.458574855e+02 +1.458574855e+02 +1.4468e+00 +8.6872e-01 -4.5528e-01 +2.4972e+00 +3.0878e+00 +1.4936e+00 +1.4522e+00 -2.3315e+00 +2.2169e+00 +1.3227e+00
33022 0 +1.164247050e+01 +1.453424705e+02 +1.453424705e+02 +1.5249e+00 +8.7960e-01 -4.4713e-01 +2.6710e+00 +3.0771e+00 +1.5444e+00 +1.4574e+00 -2.3587e+00 +2.2113e+00 +1.3337e+00
33728 0 +1.094327127e+01 +1.446432713e+02 +1.446432713e+02 +1.4910e+00 +1.0330e+00 -4.2113e-01 +1.9328e+00 +3.0822e+00 +1.4995e+00 +1.4794e+00 -2.3431e+00 +2.1990e+00 +1.3324e+00
35544 0 +9.565385164e+00 +1.432653852e+02 +1.432653852e+02 +1.4961e+00 +9.6543e-01 -4.6622e-01 +2.5205e+00 +3.0635e+00 +1.5713e+00 +1.4594e+00 -2.3355e+00 +2.2133e+00 +1.3435e+00
44335 0 +9.565385164e+00 +1.432653852e+02 +1.432653852e+02 +1.4961e+00 +9.6543e-01 -4.6622e-01 +2.5205e+00 +3.0635e+00 +1.5713e+00 +1.4594e+00 -2.3355e+00 +2.2133e+00 +1.3435e+00
% f evaluations | g evaluations | best noise-free fitness - Fopt (-2.098000000000e+01) + sum g_i+ | measured fitness | best measured fitness or single-digit g-values | x1 | x2...
1 0 +4.368437103e+02 +4.158637103e+02 +4.158637103e+02 +0.0000e+00 +0.0000e+00 +0.0000e+00 +0.0000e+00 +0.0000e+00 +0.0000e+00 +0.0000e+00 +0.0000e+00 +0.0000e+00 +0.0000e+00
102 0 +4.197858783e+02 +3.988058783e+02 +3.988058783e+02 +4.3232e-01 -1.5477e+00 +6.4662e-01 +1.0954e-01 -4.4401e-01 -8.8940e-01 -1.5766e+00 +1.2558e+00 +1.6027e+00 +5.0678e-01
131 0 +3.729551936e+02 +3.519751936e+02 +3.519751936e+02 -2.3352e+00 -3.7907e-01 -1.6115e+00 +3.5328e-01 +1.7264e+00 -4.2472e-01 +3.3025e+00 +8.9891e-01 +9.0380e-01 +3.0477e-02
147 0 +3.290112568e+02 +3.080312568e+02 +3.080312568e+02 +2.3220e-01 -7.1579e-01 +1.4936e-01 -2.7277e+00 +1.6507e+00 -4.4163e+00 +1.0821e+00 -5.6540e-01 +1.6183e+00 +1.6079e+00
178 0 +3.224744239e+02 +3.014944239e+02 +3.014944239e+02 -7.6155e-01 -1.5238e+00 -1.2080e+00 -1.3323e+00 -3.2387e-01 -3.7697e+00 +2.2773e+00 +4.3602e-01 +4.3673e-01 +1.1808e+00
179 0 +3.111546553e+02 +2.901746553e+02 +2.901746553e+02 -2.1652e+00 -8.9683e-01 -1.2097e+00 +3.8393e-01 +1.5105e+00 -4.0927e-01 +7.3553e-01 +1.5536e+00 +1.4925e+00 +2.2048e-01
192 0 +2.803505589e+02 +2.593705589e+02 +2.593705589e+02 -2.9798e+00 +5.9283e-01 -1.9228e+00 +1.4294e+00 +2.0649e+00 -4.6919e-01 +1.0271e+00 +1.4440e+00 +5.6516e-01 +1.7563e+00
224 0 +2.239889869e+02 +2.030089869e+02 +2.030089869e+02 -7.4794e-02 -2.2914e+00 -1.3231e+00 +3.3786e+00 +1.1374e+00 -6.4084e-01 +2.5042e+00 +1.9554e+00 +3.6229e-01 +2.6942e+00
240 0 +1.925538122e+02 +1.715738122e+02 +1.715738122e+02 +3.1182e-01 -4.0447e+00 -2.8713e-01 -9.1978e-01 +1.8111e+00 -1.1411e+00 +1.9389e+00 +2.9646e+00 +2.0823e+00 +1.4576e+00
263 0 +1.466160725e+02 +1.256360725e+02 +1.256360725e+02 -1.7577e+00 -1.5250e+00 -6.7211e-01 +4.0620e+00 +2.3931e+00 -2.1444e+00 +1.5203e+00 +3.8071e+00 +1.9269e+00 +3.7750e+00
569 0 +1.246528929e+02 +1.036728929e+02 +1.036728929e+02 +2.4962e+00 +1.8150e+00 -5.3863e-01 -1.8208e+00 +1.3553e+00 -1.8336e+00 +1.4517e+00 +2.7434e+00 +2.0154e+00 +4.3913e+00
888 0 +1.130028062e+02 +9.202280625e+01 +9.202280625e+01 -2.3522e+00 -8.1319e-01 -2.1831e+00 +2.9024e-01 +7.3206e-02 -2.7749e+00 +2.4673e+00 +3.3846e+00 +1.1329e+00 +3.7635e+00
1086 0 +8.624261887e+01 +6.526261887e+01 +6.526261887e+01 +1.3186e-01 +1.9905e+00 -1.0954e+00 +1.0774e+00 +1.1590e+00 -2.0635e+00 +2.5534e+00 +4.0299e+00 +1.6831e+00 +2.7977e+00
1269 0 +7.303497680e+01 +5.205497680e+01 +5.205497680e+01 +1.1601e+00 +2.1158e+00 -6.1966e-01 +2.0933e-02 +2.0226e+00 -5.3155e-01 +1.7333e+00 +3.4356e+00 +1.7952e+00 +3.4674e+00
1271 0 +7.074443991e+01 +4.976443991e+01 +4.976443991e+01 +1.0723e+00 +4.2130e-01 -4.7972e-01 -4.4198e-01 +1.6715e+00 -2.9405e+00 +2.0603e+00 +3.5136e+00 +1.3178e+00 +4.1564e+00
2522 0 +6.643565429e+01 +4.545565429e+01 +4.545565429e+01 +1.2668e+00 +2.8785e-01 +1.8773e-01 +1.1960e+00 +2.6082e+00 -1.5600e+00 +2.1213e+00 +3.2313e+00 +1.3457e+00 +3.5443e+00
2845 0 +6.467751766e+01 +4.369751766e+01 +4.369751766e+01 +1.1847e-01 +9.4026e-01 -1.1560e+00 +1.1156e+00 +1.6711e+00 -2.6191e+00 +2.7612e+00 +3.9626e+00 +1.7877e+00 +3.1081e+00
3114 0 +6.123789988e+01 +4.025789988e+01 +4.025789988e+01 +1.0225e+00 -8.7000e-01 -5.8805e-01 +1.2316e+00 +1.7868e+00 -2.6789e+00 +2.2825e+00 +4.1933e+00 +1.4128e+00 +3.1015e+00
4028 0 +5.619679511e+01 +3.521679511e+01 +3.521679511e+01 +1.2091e+00 +7.4295e-02 -1.1281e+00 +3.2577e-01 +1.9694e+00 -2.0312e+00 +2.0827e+00 +4.3413e+00 +1.7188e+00 +4.3943e+00
4510 0 +3.748829769e+01 +1.650829769e+01 +1.650829769e+01 +1.1094e+00 +2.0781e+00 -1.0650e+00 +1.8297e+00 +1.7887e+00 -1.6675e+00 +2.5600e+00 +3.8780e+00 +1.3384e+00 +3.8348e+00
10421 0 +3.062821460e+01 +9.648214595e+00 +9.648214595e+00 +8.5671e-02 +3.8134e-01 +2.1592e-01 +1.1422e+00 +1.7605e+00 -2.0254e+00 +2.4553e+00 +3.4613e+00 +2.1177e+00 +3.7668e+00
16623 0 +2.874546949e+01 +7.765469490e+00 +7.765469490e+00 +3.0422e-01 +1.9840e+00 -5.6569e-01 +1.1451e+00 +1.3939e+00 -2.6927e+00 +2.6035e+00 +4.2097e+00 +2.0789e+00 +3.4757e+00
17314 0 +2.808248333e+01 +7.102483326e+00 +7.102483326e+00 +1.3706e-01 +1.9489e+00 -5.1398e-01 +1.2060e+00 +1.3705e+00 -1.6642e+00 +2.5974e+00 +3.8890e+00 +2.1017e+00 +3.5208e+00
18775 0 +2.656857058e+01 +5.588570580e+00 +5.588570580e+00 +1.8752e-01 +2.9041e+00 -5.4370e-01 +1.1567e+00 +1.3558e+00 -2.7122e+00 +2.5280e+00 +3.5208e+00 +2.1139e+00 +3.7744e+00
19534 0 +2.460437667e+01 +3.624376673e+00 +3.624376673e+00 +3.0934e-02 +2.8485e+00 -5.1244e-01 +1.2377e+00 +1.3574e+00 -2.6169e+00 +2.5900e+00 +4.7158e+00 +2.1244e+00 +4.1013e+00
21190 0 +1.692116629e+01 -4.058833711e+00 -4.058833711e+00 +1.7406e-01 +1.0284e+00 -5.9895e-01 +9.5059e-01 +1.3472e+00 -2.1057e+00 +2.5611e+00 +3.8333e+00 +2.1124e+00 +3.4846e+00
32717 0 +1.631553120e+01 -4.664468802e+00 -4.664468802e+00 +1.1298e+00 +2.8510e+00 -5.1746e-01 +1.0259e+00 +1.3841e+00 -2.6026e+00 +2.5834e+00 +4.2926e+00 +2.1212e+00 +3.8148e+00
47045 0 +1.516768063e+01 -5.812319367e+00 -5.812319367e+00 +1.0958e+00 +1.7203e-01 -5.7102e-01 +1.0064e+00 +1.9267e+00 -2.6658e+00 +2.5245e+00 +3.8418e+00 +2.1246e+00 +3.8036e+00
49234 0 +1.404144243e+01 -6.938557566e+00 -6.938557566e+00 +1.0786e+00 +2.4258e-01 -5.3912e-01 +1.1111e+00 +1.8337e+00 -2.6606e+00 +2.5513e+00 +3.8430e+00 +2.1143e+00 +4.1424e+00
49884 0 +1.340113120e+01 -7.578868796e+00 -7.578868796e+00 +1.0578e+00 +2.6890e-01 -5.5939e-01 +1.1625e+00 +1.8260e+00 -2.6787e+00 +2.5211e+00 +3.8441e+00 +2.1163e+00 +4.1179e+00
52986 0 +1.285209615e+01 -8.127903846e+00 -8.127903846e+00 +1.0731e+00 +3.5637e-01 -5.7875e-01 +1.0746e+00 +1.8524e+00 -2.6770e+00 +2.5764e+00 +3.8564e+00 +2.1136e+00 +4.0979e+00
65540 0 +1.268180653e+01 -8.298193469e+00 -8.298193469e+00 +1.0517e+00 +2.9536e-01 -5.2723e-01 +1.0729e+00 +1.8533e+00 -2.6976e+00 +2.5755e+00 +3.8469e+00 +2.1255e+00 +4.0942e+00
% f evaluations | g evaluations | best noise-free fitness - Fopt (1.353300000000e+02) + sum g_i+ | measured fitness | best measured fitness or single-digit g-values | x1 | x2...
1 0 +3.489249109e+02 +4.842549109e+02 +4.842549109e+02 +0.0000e+00 +0.0000e+00 +0.0000e+00 +0.0000e+00 +0.0000e+00 +0.0000e+00 +0.0000e+00 +0.0000e+00 +0.0000e+00 +0.0000e+00
5 0 +3.314836207e+02 +4.668136207e+02 +4.668136207e+02 -3.3969e+00 +5.0626e-01 -2.0472e+00 -4.7023e+00 +2.1921e+00 -3.4483e+00 -1.9318e+00 +2.0405e+00 +2.2384e+00 +2.1809e-01
32 0 +2.230828921e+02 +3.584128921e+02 +3.584128921e+02 -4.2698e-02 -2.3140e+00 -8.8993e-01 -2.1892e+00 +1.0122e+00 +5.3156e-01 -2.0253e-02 +1.0500e+00 +1.3615e+00 -1.8766e+00
423 0 +1.976329234e+02 +3.329629234e+02 +3.329629234e+02 -2.6715e+00 +5.3960e-02 -3.2215e-02 +2.0834e-01 +2.1485e+00 +9.6407e-01 -2.3127e-01 +1.3307e+00 +1.2710e+00 -1.8946e+00
448 0 +1.617300036e+02 +2.970600036e+02 +2.970600036e+02 -1.4915e+00 -1.6605e+00 -1.4282e+00 -3.2007e-01 +8.2180e-01 -3.7827e-01 -8.4925e-01 +1.7905e+00 +2.5004e+00 -2.4243e+00
516 0 +1.222712146e+02 +2.576012146e+02 +2.576012146e+02 -1.8957e+00 +6.8874e-01 -1.5299e+00 +1.8666e-01 +1.5452e+00 -5.8694e-01 +4.5438e-01 +1.6284e+00 +2.0977e+00 -3.3650e+00
675 0 +1.101551490e+02 +2.454851490e+02 +2.454851490e+02 -2.5251e+00 +1.6154e-01 -1.0278e+00 -6.3850e-01 +1.1363e+00 -9.2250e-02 +9.7538e-03 +2.6154e+00 +1.6375e+00 -2.7418e+00
802 0 +9.811707565e+01 +2.334470756e+02 +2.334470756e+02 -1.3444e+00 -3.3858e+00 -1.2505e+00 -1.1022e+00 +2.7250e+00 +4.2120e-01 +1.5389e-02 +3.4282e+00 +1.6243e+00 -2.9245e+00
856 0 +8.684173882e+01 +2.221717388e+02 +2.221717388e+02 -2.9425e-01 -2.6847e+00 -1.0853e+00 -6.3654e-01 +2.6910e+00 +4.6721e-01 +4.0705e-01 +2.6796e+00 +2.0389e+00 -3.5114e+00
1075 0 +6.192272096e+01 +1.972527210e+02 +1.972527210e+02 -1.3542e+00 -1.3189e-02 +1.7841e-01 -1.9316e+00 +1.9023e+00 -1.7260e-01 -2.8367e-01 +2.7025e+00 +2.0670e+00 -3.0828e+00
2040 0 +5.754168918e+01 +1.928716892e+02 +1.928716892e+02 -3.9221e-01 +4.5036e-03 +2.1897e-01 -3.2987e+00 +1.7719e+00 +6.9912e-01 +5.3884e-01 +3.9611e+00 +2.4596e+00 -3.0976e+00
2629 0 +4.782468545e+01 +1.831546854e+02 +1.831546854e+02 -6.0639e-01 +2.1824e-01 +3.1594e-01 -2.5806e+00 +1.5994e+00 -1.7173e-02 +5.4397e-01 +3.5048e+00 +2.1221e+00 -3.4331e+00
3365 0 +4.253593113e+01 +1.778659311e+02 +1.778659311e+02 -1.3500e+00 -7.5610e-01 +9.0944e-02 -1.7640e+00 +2.6406e+00 -2.5064e-02 +4.0254e-01 +3.0400e+00 +2.4631e+00 -2.7560e+00
11045 0 +4.030244479e+01 +1.756324448e+02 +1.756324448e+02 +3.3999e-01 -8.5752e-01 -4.7647e-01 -2.7844e+00 +2.5017e+00 -6.6134e-01 +4.2885e-01 +3.1060e+00 +2.0536e+00 -3.4551e+00
11455 0 +3.871841763e+01 +1.740484176e+02 +1.740484176e+02 +2.1463e-01 -2.7487e-02 -3.5434e-01 -1.1264e+00 +2.5349e+00 -1.2116e-01 +4.2742e-01 +3.1658e+00 +2.1130e+00 -3.1139e+00
12089 0 +3.779476885e+01 +1.731247689e+02 +1.731247689e+02 +5.3356e-01 -1.0151e+00 +3.8502e-01 -1.2174e+00 +2.5511e+00 -6.9317e-01 +4.5428e-01 +3.1550e+00 +2.1350e+00 -2.8537e+00
12636 0 +2.865316272e+01 +1.639831627e+02 +1.639831627e+02 +4.8424e-01 +9.6688e-01 +9.6306e-01 -2.7653e+00 +2.6107e+00 -3.9999e-02 +4.4518e-01 +3.0949e+00 +2.1279e+00 -2.8893e+00
17580 0 +2.714114284e+01 +1.624711428e+02 +1.624711428e+02 +5.0998e-01 +6.9516e-01 +1.2019e-01 -2.0388e+00 +2.4848e+00 -6.4415e-01 +4.0112e-01 +3.5492e+00 +2.0561e+00 -3.4488e+00
17769 0 +2.095493891e+01 +1.562849389e+02 +1.562849389e+02 +4.7570e-01 +1.9125e+00 +1.1863e-01 -3.3959e+00 +2.4296e+00 -8.6866e-02 +4.2374e-01 +3.9802e+00 +2.1482e+00 -3.1381e+00
20659 0 +1.813313367e+01 +1.534631337e+02 +1.534631337e+02 +4.9701e-01 +2.5424e+00 +1.2494e-01 -3.3150e+00 +2.6059e+00 -7.3277e-02 +4.7249e-01 +3.5234e+00 +2.1027e+00 -3.1294e+00
27345 0 +1.729269104e+01 +1.526226910e+02 +1.526226910e+02 +5.1397e-01 +9.5560e-01 +1.1768e-01 -1.8365e+00 +2.4560e+00 -5.2869e-02 +4.6349e-01 +3.5295e+00 +2.0806e+00 -3.8430e+00
29506 0 +1.674370557e+01 +1.520737056e+02 +1.520737056e+02 +5.1970e-01 +4.3928e-02 +2.1218e-01 -1.9223e+00 +2.6051e+00 -6.6464e-02 +4.5416e-01 +3.1363e+00 +2.1159e+00 -3.0696e+00
55009 0 +1.635898539e+01 +1.516889854e+02 +1.516889854e+02 +4.4046e-01 +3.1396e-02 -4.3874e-01 -2.0090e+00 +2.5441e+00 -6.4816e-01 +4.8866e-01 +3.9943e+00 +2.1243e+00 -3.1677e+00
55525 0 +1.543878612e+01 +1.507687861e+02 +1.507687861e+02 +5.4100e-01 -3.3954e-02 -4.2753e-01 -1.9432e+00 +2.5421e+00 -6.4309e-01 +4.4327e-01 +3.9487e+00 +2.1218e+00 -3.0947e+00
55533 0 +1.427089773e+01 +1.496008977e+02 +1.496008977e+02 +4.5657e-01 +2.0445e-02 -4.4177e-01 -1.9704e+00 +2.5454e+00 -6.4888e-01 +4.6115e-01 +3.9534e+00 +2.1324e+00 -3.1098e+00
55556 0 +1.330574979e+01 +1.486357498e+02 +1.486357498e+02 +5.2717e-01 +2.2472e-03 -4.2664e-01 -1.9717e+00 +2.5242e+00 -6.5327e-01 +4.5935e-01 +3.9521e+00 +2.1066e+00 -2.8109e+00
55968 0 +1.300928544e+01 +1.483392854e+02 +1.483392854e+02 +5.0478e-01 +2.3490e-02 -3.7360e-01 -1.9369e+00 +2.5137e+00 -5.6565e-01 +4.7012e-01 +3.9579e+00 +2.1095e+00 -3.1387e+00
74215 0 +1.257211484e+01 +1.479021148e+02 +1.479021148e+02 +5.2738e-01 +5.0447e-02 -3.8621e-01 -1.8774e+00 +2.5224e+00 -5.9521e-01 +4.7069e-01 +3.9838e+00 +2.1074e+00 -3.1412e+00
75175 0 +1.225139915e+01 +1.475813991e+02 +1.475813991e+02 +4.9519e-01 +1.0773e-02 -4.2037e-01 -2.0250e+00 +2.5171e+00 -6.1509e-01 +4.7633e-01 +3.9659e+00 +2.1137e+00 -2.8193e+00
75202 0 +1.186367236e+01 +1.471936724e+02 +1.471936724e+02 +4.8498e-01 +1.6024e-02 -4.4043e-01 -1.9973e+00 +2.5187e+00 -6.0320e-01 +4.7138e-01 +3.9675e+00 +2.1213e+00 -2.8300e+00
75220 0 +1.172929799e+01 +1.470592980e+02 +1.470592980e+02 +4.9717e-01 +1.7335e-02 -4.2585e-01 -1.9838e+00 +2.5179e+00 -6.0267e-01 +4.9505e-01 +3.9644e+00 +2.1218e+00 -2.8196e+00
75273 0 +1.147299378e+01 +1.468029938e+02 +1.468029938e+02 +5.2920e-01 +1.6010e-02 -4.2864e-01 -1.9611e+00 +2.5415e+00 -6.1024e-01 +4.8744e-01 +3.9583e+00 +2.1210e+00 -2.8387e+00
75685 0 +1.118963717e+01 +1.465196372e+02 +1.465196372e+02 +5.2791e-01 +2.8680e-02 -4.3624e-01 -1.9807e+00 +2.5258e+00 -6.1251e-01 +4.8272e-01 +3.9635e+00 +2.1254e+00 -2.8261e+00
76308 0 +1.096472897e+01 +1.462947290e+02 +1.462947290e+02 +5.4235e-01 +1.9894e-02 -4.3376e-01 -1.9964e+00 +2.5298e+00 -6.0753e-01 +4.8973e-01 +3.9643e+00 +2.1187e+00 -2.8299e+00
81987 0 +1.094454459e+01 +1.462745446e+02 +1.462745446e+02 +5.4480e-01 +2.4000e-02 -4.3215e-01 -1.9918e+00 +2.5292e+00 -6.0771e-01 +4.8843e-01 +3.9662e+00 +2.1182e+00 -2.8288e+00
% f evaluations | g evaluations | best noise-free fitness - Fopt (4.066000000000e+01) + sum g_i+ | measured fitness | best measured fitness or single-digit g-values | x1 | x2...
1 0 +3.017115897e+02 +3.423715897e+02 +3.423715897e+02 +0.0000e+00 +0.0000e+00 +0.0000e+00 +0.0000e+00 +0.0000e+00 +0.0000e+00 +0.0000e+00 +0.0000e+00 +0.0000e+00 +0.0000e+00
32 0 +2.682423248e+02 +3.089023248e+02 +3.089023248e+02 +1.2067e+00 -9.6547e-01 -9.2897e-01 +8.9371e-02 -7.5718e-01 +1.4675e+00 -4.6439e-01 -2.6273e+00 -3.8700e-01 +2.1135e+00
39 0 +2.574229552e+02 +2.980829552e+02 +2.980829552e+02 -1.0656e+00 +3.3284e+00 +4.5602e-01 -1.1748e+00 -3.2099e-04 -1.3689e+00 -9.0177e-02 -7.8269e-01 -2.9773e-01 +1.7150e+00
46 0 +2.381783777e+02 +2.788383777e+02 +2.788383777e+02 +1.7512e+00 +2.1970e-01 +9.7807e-02 -8.9923e-01 -1.2364e+00 -1.4765e+00 -4.8427e-01 -3.4530e+00 -1.1396e-01 +2.6874e+00
155 0 +2.326879540e+02 +2.733479540e+02 +2.733479540e+02 -2.7397e+00 +1.6258e+00 +1.7802e+00 -1.2886e+00 +1.9446e-01 +4.6850e-01 +1.2775e-01 -3.4218e+00 -7.8728e-03 +2.8333e+00
167 0 +2.250213851e+02 +2.656813851e+02 +2.656813851e+02 +7.1064e-01 +2.1615e+00 +1.9767e+00 -8.8526e-02 -2.8960e-01 -2.4079e+00 +1.5122e+00 -3.7066e+00 +1.0077e+00 +2.8245e+00
174 0 +2.058419292e+02 +2.465019292e+02 +2.465019292e+02 +3.4617e-02 +3.6684e+00 +1.8712e+00 -9.0698e-01 -1.9985e-01 +2.2463e+00 -2.8945e-01 -1.7734e+00 +3.7038e-02 +2.9445e+00
176 0 +1.822598681e+02 +2.229198681e+02 +2.229198681e+02 +3.8519e-01 +3.8824e+00 +3.1637e+00 -6.1795e-01 +1.3704e-01 +8.7960e-01 -3.2242e-01 -3.8044e+00 +3.0113e-01 +2.3775e+00
191 0 +1.817981789e+02 +2.224581789e+02 +2.224581789e+02 -7.0962e-01 +4.8872e+00 +3.0138e+00 -4.7976e-01 -1.2361e+00 +1.5989e+00 +7.7594e-01 -2.7179e+00 +1.1910e+00 +2.5415e+00
206 0 +1.777234538e+02 +2.183834538e+02 +2.183834538e+02 +1.2905e-01 -5.2467e-01 +2.5867e+00 -3.3218e-01 +6.7515e-01 +8.9664e-01 +4.4377e-01 -3.3943e+00 +1.8876e-01 +1.8484e+00
373 0 +1.731462953e+02 +2.138062953e+02 +2.138062953e+02 -4.1968e-01 -2.9664e-01 +2.6256e+00 +7.2336e-01 -1.8492e+00 -6.4494e-02 +9.0759e-01 -2.4118e+00 +1.4652e+00 +1.2891e+00
377 0 +1.573486235e+02 +1.980086235e+02 +1.980086235e+02 -1.3194e+00 +3.0523e+00 +2.8699e+00 -2.6655e-01 +1.6823e+00 +1.1619e-01 +2.6532e-01 -2.4393e+00 +1.1240e+00 +1.5983e+00
404 0 +1.404761531e+02 +1.811361531e+02 +1.811361531e+02 +2.6847e-01 +5.5227e-01 +3.0549e+00 -7.5364e-02 +6.5375e-01 +2.3134e+00 +8.5552e-01 -1.2541e+00 +1.7109e+00 +1.0921e+00
414 0 +1.228254261e+02 +1.634854261e+02 +1.634854261e+02 -1.1413e+00 +2.6679e-01 +1.3495e+00 -2.4968e+00 -2.5729e-01 +1.0365e+00 +8.5161e-01 -1.6694e+00 +1.7372e+00 +1.4073e+00
666 0 +1.032407818e+02 +1.439007818e+02 +1.439007818e+02 +2.8138e+00 +7.1502e-01 +1.5616e+00 -2.5415e+00 +1.6602e-01 -4.2431e-01 +7.7135e-01 -2.9893e+00 +1.4597e+00 +2.2956e+00
801 0 +8.673401019e+01 +1.273940102e+02 +1.273940102e+02 +1.9720e+00 +3.7297e-01 +1.5871e+00 -3.3060e+00 +4.3598e-01 +4.4004e-01 +1.2205e+00 -2.7913e+00 +2.0853e+00 +2.0077e+00
924 0 +8.238893507e+01 +1.230489351e+02 +1.230489351e+02 +8.0038e-01 +2.0999e+00 +2.6044e+00 -3.7951e+00 +1.2331e+00 -7.4087e-03 +1.5543e+00 -2.8404e+00 +2.1518e+00 +2.7558e+00
1038 0 +7.562046412e+01 +1.162804641e+02 +1.162804641e+02 +1.9459e+00 +3.8473e+00 +2.3420e+00 -2.0997e+00 +1.4738e-01 +1.1303e+00 +8.5492e-01 -3.4886e+00 +2.1644e+00 +2.0518e+00
1460 0 +6.659768926e+01 +1.072576893e+02 +1.072576893e+02 +9.1297e-01 +1.1824e+00 +2.4648e+00 -4.4766e+00 +9.7382e-01 +6.1784e-01 +1.6328e+00 -2.2163e+00 +1.1787e+00 +2.6331e+00
1714 0 +6.567832309e+01 +1.063383231e+02 +1.063383231e+02 +2.0516e+00 +3.0008e-01 +2.6226e+00 -2.0685e+00 +1.2470e-01 +3.9092e-01 +1.7355e+00 -2.9089e+00 +1.5390e+00 +2.3138e+00
1718 0 +5.727313092e+01 +9.793313092e+01 +9.793313092e+01 +2.1852e+00 +4.0450e-01 +2.6296e+00 -2.8235e+00 +5.6619e-01 +1.0648e-01 +1.7557e+00 -2.6048e+00 +1.8268e+00 +2.3864e+00
2372 0 +5.490516192e+01 +9.556516192e+01 +9.556516192e+01 +1.3513e+00 +1.3236e+00 +2.9342e+00 -3.3347e+00 +1.0916e+00 +1.1117e+00 +1.7825e+00 -1.7696e+00 +1.7435e+00 +2.0430e+00
2810 0 +4.748825085e+01 +8.814825085e+01 +8.814825085e+01 +1.1468e+00 +5.9631e-01 +3.1785e+00 -1.3679e+00 +1.0367e+00 +6.4441e-01 +1.7050e+00 -3.4067e+00 +2.1259e+00 +2.5911e+00
4103 0 +3.621940163e+01 +7.687940163e+01 +7.687940163e+01 +8.6667e-01 +1.2745e+00 +3.0459e+00 -1.9203e+00 +1.0958e+00 -4.0768e-01 +1.7125e+00 -3.3539e+00 +2.4946e+00 +2.3837e+00
7526 0 +3.274793756e+01 +7.340793756e+01 +7.340793756e+01 +8.5880e-01 +1.2400e+00 +3.0602e+00 -2.6353e+00 +1.1723e+00 +9.1628e-02 +1.6165e+00 -2.9635e+00 +2.2054e+00 +2.6034e+00
7945 0 +3.018648458e+01 +7.084648458e+01 +7.084648458e+01 +2.9603e+00 +2.0026e-01 +3.0915e+00 -2.6497e+00 +1.1171e+00 -3.8501e-02 +1.7629e+00 -2.1357e+00 +2.5179e+00 +2.5933e+00
20294 0 +2.947842168e+01 +7.013842168e+01 +7.013842168e+01 +1.9974e+00 +2.5409e-01 +3.1309e+00 -2.8196e+00 +1.1031e+00 +5.0132e-01 +1.6411e+00 -1.6171e+00 +2.1690e+00 +2.3423e+00
21731 0 +2.532498375e+01 +6.598498375e+01 +6.598498375e+01 +2.1224e+00 +3.4083e-01 +2.6039e+00 -2.0634e+00 +1.7811e+00 +5.9928e-01 +1.6383e+00 -1.6786e+00 +2.1342e+00 +2.0398e+00
23311 0 +2.421799952e+01 +6.487799952e+01 +6.487799952e+01 +2.0883e+00 +2.1967e+00 +3.2041e+00 -2.0576e+00 +1.6869e+00 +6.9051e-01 +1.6874e+00 -2.0887e+00 +2.1385e+00 +2.3160e+00
30535 0 +2.267269097e+01 +6.333269097e+01 +6.333269097e+01 +2.1027e+00 +1.1894e+00 +3.2565e+00 -2.0622e+00 +1.6962e+00 +4.9087e-01 +1.7076e+00 -2.1494e+00 +2.1751e+00 +2.3050e+00
31096 0 +2.204693807e+01 +6.270693807e+01 +6.270693807e+01 +1.9983e+00 +1.1585e+00 +3.1659e+00 -2.0916e+00 +1.6555e+00 +7.7541e-02 +1.7208e+00 -2.1395e+00 +2.1923e+00 +2.6014e+00
32516 0 +2.073024603e+01 +6.139024603e+01 +6.139024603e+01 +2.0069e+00 +1.2416e+00 +3.0659e+00 -1.9460e+00 +1.6566e+00 +5.2724e-01 +1.6131e+00 -2.1115e+00 +2.2011e+00 +2.6826e+00
32771 0 +1.947507999e+01 +6.013507999e+01 +6.013507999e+01 +2.0389e+00 +3.5116e-01 +3.1249e+00 -2.1525e+00 +1.6941e+00 +4.7587e-01 +1.6899e+00 -2.1243e+00 +2.1834e+00 +2.0291e+00
33941 0 +1.527203876e+01 +5.593203876e+01 +5.593203876e+01 +2.0684e+00 +1.1543e+00 +3.1492e+00 -2.6564e+00 +1.6960e+00 +9.9645e-02 +1.6753e+00 -2.0819e+00 +2.1699e+00 +2.3096e+00
36067 0 +1.470088841e+01 +5.536088841e+01 +5.536088841e+01 +2.1851e+00 +1.2108e+00 +3.1122e+00 -2.7250e+00 +1.7040e+00 +5.9452e-01 +1.7206e+00 -2.1293e+00 +2.1994e+00 +2.3532e+00
59793 0 +1.470088841e+01 +5.536088841e+01 +5.536088841e+01 +2.1851e+00 +1.2108e+00 +3.1122e+00 -2.7250e+00 +1.7040e+00 +5.9452e-01 +1.7206e+00 -2.1293e+00 +2.1994e+00 +2.3532e+00
