% f evaluations | g evaluations | best noise-free fitness - Fopt (-1.694000000000e+01) + sum g_i+ | measured fitness | best measured fitness or single-digit g-values | x1 | x2...
1 0 +3.696355518e+01 +2.002355518e+01 +2.002355518e+01 +0.0000e+00 +0.0000e+00 +0.0000e+00
2 0 +3.207580276e+01 +1.513580276e+01 +1.513580276e+01 +1.0379e+00 +8.5789e-01 +4.6599e-01
3 0 +2.001216700e+01 +3.072167002e+00 +3.072167002e+00 +1.4267e+00 +3.8453e-01 -4.7149e-01
5 0 +1.134043072e+01 -5.599569279e+00 -5.599569279e+00 +1.4438e+00 +3.5682e-01 +6.3746e-01
15 0 +6.566359297e+00 -1.037364070e+01 -1.037364070e+01 +2.1045e+00 +6.5698e-01 -4.4549e-01
74 0 +4.289573598e+00 -1.265042640e+01 -1.265042640e+01 +1.9980e+00 +1.1307e+00 -6.4913e-02
192 0 +3.375288744e+00 -1.356471126e+01 -1.356471126e+01 +2.3431e+00 +1.3012e+00 -5.4078e-01
250 0 +1.603057942e+00 -1.533694206e+01 -1.533694206e+01 +3.0780e+00 +1.8942e+00 -9.9618e-01
347 0 +7.764997064e-01 -1.616350029e+01 -1.616350029e+01 +3.7696e+00 +2.6105e+00 -1.6293e+00
538 0 +3.278620542e-01 -1.661213795e+01 -1.661213795e+01 +3.2927e+00 +2.1875e+00 -1.2007e+00
908 0 +1.144246035e-01 -1.682557540e+01 -1.682557540e+01 +3.6485e+00 +2.5566e+00 -1.5249e+00
1681 0 +1.034732262e-01 -1.683652677e+01 -1.683652677e+01 +3.6719e+00 +2.5678e+00 -1.5494e+00
1977 0 +6.179232082e-02 -1.687820768e+01 -1.687820768e+01 +3.5968e+00 +2.4727e+00 -1.4750e+00
2490 0 +5.842395906e-02 -1.688157604e+01 -1.688157604e+01 +3.6611e+00 +2.5596e+00 -1.5333e+00
2763 0 +5.501047994e-02 -1.688498952e+01 -1.688498952e+01 +3.6510e+00 +2.5465e+00 -1.5271e+00
3195 0 +2.676038808e-02 -1.691323961e+01 -1.691323961e+01 +3.6545e+00 +2.5492e+00 -1.5273e+00
3445 0 +2.488205857e-02 -1.691511794e+01 -1.691511794e+01 +3.6533e+00 +2.5456e+00 -1.5256e+00
3713 0 +8.927594932e-03 -1.693107241e+01 -1.693107241e+01 +3.6512e+00 +2.5434e+00 -1.5254e+00
3961 0 +7.290616342e-03 -1.693270938e+01 -1.693270938e+01 +3.6511e+00 +2.5446e+00 -1.5250e+00
6241 0 +7.026458697e-03 -1.693297354e+01 -1.693297354e+01 +3.6464e+00 +2.5380e+00 -1.5206e+00
10549 0 +7.026458697e-03 -1.693297354e+01 -1.693297354e+01 +3.6464e+00 +2.5380e+00 -1.5206e+00
% f evaluations | g evaluations | best noise-free fitness - Fopt (1.881000000000e+01) + sum g_i+ | measured fitness | best measured fitness or single-digit g-values | x1 | x2...
1 0 +4.772316610e+01 +6.653316610e+01 +6.653316610e+01 +0.0000e+00 +0.0000e+00 +0.0000e+00
2 0 +2.261471926e+01 +4.142471926e+01 +4.142471926e+01 -8.7007e-01 -5.1212e-01 -6.2319e-01
7 0 +1.083493095e+01 +2.964493095e+01 +2.964493095e+01 -1.4144e+00 +2.1768e-01 -2.9154e-01
27 0 +5.410777490e+00 +2.422077749e+01 +2.422077749e+01 -1.1361e+00 +1.4858e+00 -2.7832e-01
99 0 +4.443046235e+00 +2.325304624e+01 +2.325304624e+01 -1.0462e+00 +1.5905e+00 -3.0944e-01
178 0 +3.302581868e+00 +2.211258187e+01 +2.211258187e+01 -1.4417e+00 +6.6226e-01 -1.5759e-01
203 0 +1.691735185e+00 +2.050173519e+01 +2.050173519e+01 -1.3352e+00 +1.3049e+00 -1.4190e-01
328 0 +1.054734229e+00 +1.986473423e+01 +1.986473423e+01 -3.6569e-01 +1.8904e+00 -6.3905e-01
457 0 +9.560818660e-01 +1.976608187e+01 +1.976608187e+01 -4.0164e-01 +1.7436e+00 -6.1254e-01
612 0 +8.367334358e-01 +1.964673344e+01 +1.964673344e+01 -4.8589e-01 +1.6776e+00 -6.2725e-01
639 0 +3.122295305e-01 +1.912222953e+01 +1.912222953e+01 -3.1521e-01 +1.7470e+00 -6.9323e-01
815 0 +2.262950549e-01 +1.903629505e+01 +1.903629505e+01 -2.6259e-01 +1.7579e+00 -7.5611e-01
1118 0 +2.096138823e-01 +1.901961388e+01 +1.901961388e+01 -2.0380e-01 +1.7598e+00 -8.2996e-01
1924 0 +1.254039284e-01 +1.893540393e+01 +1.893540393e+01 -1.5792e-01 +1.8015e+00 -8.4579e-01
2754 0 +1.061064697e-01 +1.891610647e+01 +1.891610647e+01 -2.3609e-01 +1.7586e+00 -7.7570e-01
2784 0 +1.023173423e-01 +1.891231734e+01 +1.891231734e+01 -2.3212e-01 +1.7601e+00 -7.9005e-01
2828 0 +9.429789456e-02 +1.890429789e+01 +1.890429789e+01 -1.6494e-01 +1.7890e+00 -8.4224e-01
2928 0 +7.139277977e-02 +1.888139278e+01 +1.888139278e+01 -2.1260e-01 +1.7722e+00 -7.9988e-01
3078 0 +4.936997886e-02 +1.885936998e+01 +1.885936998e+01 -2.1988e-01 +1.7684e+00 -7.9909e-01
3207 0 +3.267857853e-02 +1.884267858e+01 +1.884267858e+01 -2.0490e-01 +1.7720e+00 -8.1209e-01
3279 0 +2.374916003e-02 +1.883374916e+01 +1.883374916e+01 -1.9596e-01 +1.7756e+00 -8.2052e-01
3952 0 +2.086286230e-02 +1.883086286e+01 +1.883086286e+01 -2.1737e-01 +1.7678e+00 -8.0054e-01
4152 0 +1.746667824e-02 +1.882746668e+01 +1.882746668e+01 -2.0387e-01 +1.7746e+00 -8.1294e-01
4160 0 +1.653224686e-02 +1.882653225e+01 +1.882653225e+01 -2.0550e-01 +1.7717e+00 -8.1136e-01
4243 0 +1.492386470e-02 +1.882492386e+01 +1.882492386e+01 -1.9718e-01 +1.7785e+00 -8.1748e-01
4424 0 +1.300213738e-02 +1.882300214e+01 +1.882300214e+01 -2.0263e-01 +1.7757e+00 -8.1318e-01
4509 0 +8.580959746e-03 +1.881858096e+01 +1.881858096e+01 -1.8734e-01 +1.7821e+00 -8.2476e-01
4534 0 +4.947380456e-03 +1.881494738e+01 +1.881494738e+01 -1.9312e-01 +1.7800e+00 -8.2095e-01
5147 0 +4.755772726e-03 +1.881475577e+01 +1.881475577e+01 -1.9103e-01 +1.7803e+00 -8.2251e-01
5317 0 +1.317029334e-03 +1.881131703e+01 +1.881131703e+01 -1.9358e-01 +1.7794e+00 -8.2069e-01
6570 0 +1.050252169e-03 +1.881105025e+01 +1.881105025e+01 -1.9185e-01 +1.7804e+00 -8.2192e-01
6662 0 +8.387682525e-04 +1.881083877e+01 +1.881083877e+01 -1.9133e-01 +1.7807e+00 -8.2236e-01
6807 0 +7.576574214e-04 +1.881075766e+01 +1.881075766e+01 -1.9116e-01 +1.7808e+00 -8.2239e-01
7232 0 +5.538864738e-04 +1.881055389e+01 +1.881055389e+01 -1.9193e-01 +1.7803e+00 -8.2191e-01
7500 0 +2.640083265e-04 +1.881026401e+01 +1.881026401e+01 -1.9107e-01 +1.7808e+00 -8.2248e-01
8314 0 +1.622720053e-04 +1.881016227e+01 +1.881016227e+01 -1.9117e-01 +1.7808e+00 -8.2242e-01
8572 0 +1.453631263e-04 +1.881014536e+01 +1.881014536e+01 -1.9104e-01 +1.7809e+00 -8.2250e-01
8873 0 +1.382082683e-04 +1.881013821e+01 +1.881013821e+01 -1.9119e-01 +1.7808e+00 -8.2240e-01
9072 0 +8.936063684e-05 +1.881008936e+01 +1.881008936e+01 -1.9119e-01 +1.7808e+00 -8.2241e-01
9200 0 +3.552760538e-05 +1.881003553e+01 +1.881003553e+01 -1.9118e-01 +1.7808e+00 -8.2241e-01
9358 0 +3.030768488e-05 +1.881003031e+01 +1.881003031e+01 -1.9122e-01 +1.7808e+00 -8.2239e-01
10764 0 +2.985324513e-05 +1.881002985e+01 +1.881002985e+01 -1.9119e-01 +1.7808e+00 -8.2241e-01
11080 0 +2.921381071e-05 +1.881002921e+01 +1.881002921e+01 -1.9119e-01 +1.7808e+00 -8.2241e-01
11387 0 +2.559777030e-05 +1.881002560e+01 +1.881002560e+01 -1.9121e-01 +1.7808e+00 -8.2240e-01
11706 0 +1.726742439e-05 +1.881001727e+01 +1.881001727e+01 -1.9123e-01 +1.7808e+00 -8.2238e-01
12194 0 +1.686795847e-05 +1.881001687e+01 +1.881001687e+01 -1.9122e-01 +1.7808e+00 -8.2239e-01
12199 0 +1.277581212e-05 +1.881001278e+01 +1.881001278e+01 -1.9121e-01 +1.7808e+00 -8.2239e-01
12216 0 +1.182776644e-05 +1.881001183e+01 +1.881001183e+01 -1.9122e-01 +1.7808e+00 -8.2239e-01
13002 0 +9.928322186e-06 +1.881000993e+01 +1.881000993e+01 -1.9122e-01 +1.7808e+00 -8.2239e-01
13201 0 +9.928322186e-06 +1.881000993e+01 +1.881000993e+01 -1.9122e-01 +1.7808e+00 -8.2239e-01
% f evaluations | g evaluations | best noise-free fitness - Fopt (2.731500000000e+02) + sum g_i+ | measured fitness | best measured fitness or single-digit g-values | x1 | x2...
1 0 +4.208329392e+02 +6.939829392e+02 +6.939829392e+02 +0.0000e+00 +0.0000e+00 +0.0000e+00
2 0 +2.633197640e+02 +5.364697640e+02 +5.364697640e+02 +2.5687e-01 -2.4058e-01 -1.4967e+00
6 0 +1.861299852e+02 +4.592799852e+02 +4.592799852e+02 +1.6665e-02 +7.3669e-01 +5.3991e-01
7 0 +1.307812178e+02 +4.039312178e+02 +4.039312178e+02 -9.9300e-01 -4.4393e-01 -8.8169e-01
12 0 +1.108736103e+02 +3.840236103e+02 +3.840236103e+02 -8.8418e-01 +6.1092e-01 +1.7509e-01
25 0 +6.691616717e+01 +3.400661672e+02 +3.400661672e+02 -8.6247e-01 +1.5397e+00 +1.0313e+00
52 0 +5.221381518e+01 +3.253638152e+02 +3.253638152e+02 -2.8549e+00 +2.0416e-02 -2.3155e-01
67 0 +3.471990123e+01 +3.078699012e+02 +3.078699012e+02 -3.6258e+00 +1.8269e-01 -9.5231e-01
93 0 +1.594126210e+01 +2.890912621e+02 +2.890912621e+02 -2.9970e+00 +3.0311e+00 -6.1601e-01
124 0 +1.569340804e+01 +2.888434080e+02 +2.888434080e+02 -3.8874e+00 +1.5257e+00 -7.4833e-01
125 0 +1.415917720e+01 +2.873091772e+02 +2.873091772e+02 -4.0503e+00 +1.8680e+00 -1.3153e+00
168 0 +7.137226750e+00 +2.802872267e+02 +2.802872267e+02 -4.2691e+00 +2.4996e+00 -8.4796e-01
186 0 +6.960756284e+00 +2.801107563e+02 +2.801107563e+02 -4.2936e+00 +3.2269e+00 -7.1411e-01
192 0 +2.982111170e+00 +2.761321112e+02 +2.761321112e+02 -4.0328e+00 +3.0938e+00 -6.1136e-01
247 0 +2.258270693e+00 +2.754082707e+02 +2.754082707e+02 -3.0165e+00 +4.5329e+00 -4.4055e-01
260 0 +1.707531977e+00 +2.748575320e+02 +2.748575320e+02 -3.5301e+00 +3.6032e+00 -5.4988e-01
353 0 +1.465499005e+00 +2.746154990e+02 +2.746154990e+02 -3.7637e+00 +3.2770e+00 -5.9097e-01
473 0 +1.326252375e+00 +2.744762524e+02 +2.744762524e+02 -3.4792e+00 +3.6814e+00 -6.4578e-01
517 0 +1.148793155e+00 +2.742987932e+02 +2.742987932e+02 -3.7596e+00 +3.3120e+00 -6.1706e-01
534 0 +8.363275043e-01 +2.739863275e+02 +2.739863275e+02 -3.5574e+00 +3.7968e+00 -3.9737e-01
621 0 +6.780518620e-01 +2.738280519e+02 +2.738280519e+02 -3.4399e+00 +3.9428e+00 -4.7997e-01
663 0 +5.536070263e-01 +2.737036070e+02 +2.737036070e+02 -3.4586e+00 +3.8351e+00 -5.7507e-01
765 0 +3.703882993e-01 +2.735203883e+02 +2.735203883e+02 -3.5067e+00 +3.8487e+00 -5.0820e-01
780 0 +2.559947067e-01 +2.734059947e+02 +2.734059947e+02 -3.6865e+00 +3.5214e+00 -5.0040e-01
1047 0 +6.782776016e-02 +2.732178278e+02 +2.732178278e+02 -3.5578e+00 +3.7925e+00 -4.6764e-01
1962 0 +5.401146903e-02 +2.732040115e+02 +2.732040115e+02 -3.5787e+00 +3.7510e+00 -4.8003e-01
2254 0 +4.730769827e-02 +2.731973077e+02 +2.731973077e+02 -3.5655e+00 +3.7768e+00 -4.7693e-01
2363 0 +3.020350317e-02 +2.731802035e+02 +2.731802035e+02 -3.5889e+00 +3.7370e+00 -4.7937e-01
2884 0 +2.697540073e-02 +2.731769754e+02 +2.731769754e+02 -3.5853e+00 +3.7433e+00 -4.7710e-01
3022 0 +1.722830275e-02 +2.731672283e+02 +2.731672283e+02 -3.5705e+00 +3.7660e+00 -4.7764e-01
3228 0 +1.276410358e-02 +2.731627641e+02 +2.731627641e+02 -3.5816e+00 +3.7491e+00 -4.8030e-01
3534 0 +1.085170209e-02 +2.731608517e+02 +2.731608517e+02 -3.5819e+00 +3.7490e+00 -4.7827e-01
3560 0 +8.292604566e-03 +2.731582926e+02 +2.731582926e+02 -3.5819e+00 +3.7475e+00 -4.7981e-01
3565 0 +8.012317182e-03 +2.731580123e+02 +2.731580123e+02 -3.5797e+00 +3.7525e+00 -4.7920e-01
3663 0 +4.042938498e-03 +2.731540429e+02 +2.731540429e+02 -3.5806e+00 +3.7507e+00 -4.7884e-01
4092 0 +3.766228107e-03 +2.731537662e+02 +2.731537662e+02 -3.5809e+00 +3.7505e+00 -4.7869e-01
4274 0 +2.787799826e-03 +2.731527878e+02 +2.731527878e+02 -3.5796e+00 +3.7530e+00 -4.7848e-01
4281 0 +8.656553858e-04 +2.731508657e+02 +2.731508657e+02 -3.5790e+00 +3.7538e+00 -4.7839e-01
9145 0 +8.656553858e-04 +2.731508657e+02 +2.731508657e+02 -3.5790e+00 +3.7538e+00 -4.7839e-01
% f evaluations | g evaluations | best noise-free fitness - Fopt (3.718000000000e+01) + sum g_i+ | measured fitness | best measured fitness or single-digit g-values | x1 | x2...
1 0 +4.216787575e+01 +7.934787575e+01 +7.934787575e+01 +0.0000e+00 +0.0000e+00 +0.0000e+00
8 0 +1.775840837e+01 +5.493840837e+01 +5.493840837e+01 -1.2659e+00 +1.2849e+00 +1.1725e+00
19 0 +1.537396700e+01 +5.255396700e+01 +5.255396700e+01 +7.1198e-01 +2.0985e+00 +9.6349e-01
52 0 +9.648137344e+00 +4.682813734e+01 +4.682813734e+01 +2.5171e-01 +2.6664e+00 +2.5368e+00
106 0 +7.531411069e+00 +4.471141107e+01 +4.471141107e+01 -1.6665e+00 +2.3893e+00 +1.6071e+00
158 0 +7.120264742e+00 +4.430026474e+01 +4.430026474e+01 -2.7188e+00 +2.6669e+00 +2.1436e+00
159 0 +6.935281588e+00 +4.411528159e+01 +4.411528159e+01 -3.1961e+00 +2.2803e+00 +1.6617e+00
182 0 +4.297255310e+00 +4.147725531e+01 +4.147725531e+01 -4.6394e+00 +2.0608e+00 +2.5753e+00
233 0 +3.275251197e+00 +4.045525120e+01 +4.045525120e+01 -3.5797e+00 +2.3805e+00 +2.4684e+00
235 0 +3.219919793e+00 +4.039991979e+01 +4.039991979e+01 -2.2278e+00 +2.5152e+00 +2.0432e+00
240 0 +2.328151024e+00 +3.950815102e+01 +3.950815102e+01 -1.3928e+00 +2.5499e+00 +2.0535e+00
341 0 +1.844047541e+00 +3.902404754e+01 +3.902404754e+01 -3.3299e+00 +2.2694e+00 +2.1504e+00
354 0 +1.522511439e+00 +3.870251144e+01 +3.870251144e+01 -2.1216e+00 +2.4962e+00 +1.9794e+00
420 0 +6.190854048e-01 +3.779908540e+01 +3.779908540e+01 -3.8921e+00 +2.0456e+00 +2.0065e+00
637 0 +5.107196923e-01 +3.769071969e+01 +3.769071969e+01 -4.0318e+00 +1.9978e+00 +2.0423e+00
738 0 +2.966664202e-01 +3.747666642e+01 +3.747666642e+01 -3.8654e+00 +2.1003e+00 +2.0538e+00
842 0 +1.838552778e-01 +3.736385528e+01 +3.736385528e+01 -3.7575e+00 +2.1090e+00 +2.0401e+00
1374 0 +1.659416738e-01 +3.734594167e+01 +3.734594167e+01 -3.8442e+00 +2.0725e+00 +2.0498e+00
1421 0 +8.602017825e-02 +3.726602018e+01 +3.726602018e+01 -3.8024e+00 +2.0918e+00 +2.0398e+00
1795 0 +5.569288073e-03 +3.718556929e+01 +3.718556929e+01 -3.8967e+00 +2.0607e+00 +2.0396e+00
3733 0 +4.094871391e-03 +3.718409487e+01 +3.718409487e+01 -3.9019e+00 +2.0592e+00 +2.0397e+00
4481 0 +3.284276195e-03 +3.718328428e+01 +3.718328428e+01 -3.8993e+00 +2.0602e+00 +2.0400e+00
4490 0 +1.673265643e-03 +3.718167327e+01 +3.718167327e+01 -3.8982e+00 +2.0603e+00 +2.0401e+00
4747 0 +9.281554604e-04 +3.718092816e+01 +3.718092816e+01 -3.8981e+00 +2.0602e+00 +2.0400e+00
4896 0 +5.805351707e-04 +3.718058054e+01 +3.718058054e+01 -3.9002e+00 +2.0598e+00 +2.0400e+00
5530 0 +5.275013659e-04 +3.718052750e+01 +3.718052750e+01 -3.8993e+00 +2.0600e+00 +2.0400e+00
5557 0 +3.793153632e-04 +3.718037932e+01 +3.718037932e+01 -3.8989e+00 +2.0601e+00 +2.0400e+00
5573 0 +2.832139567e-04 +3.718028321e+01 +3.718028321e+01 -3.8994e+00 +2.0599e+00 +2.0400e+00
5932 0 +2.713362065e-04 +3.718027134e+01 +3.718027134e+01 -3.8993e+00 +2.0600e+00 +2.0400e+00
5961 0 +2.425576092e-04 +3.718024256e+01 +3.718024256e+01 -3.8991e+00 +2.0600e+00 +2.0400e+00
6018 0 +2.360955464e-04 +3.718023610e+01 +3.718023610e+01 -3.8991e+00 +2.0600e+00 +2.0400e+00
6136 0 +1.053940210e-04 +3.718010539e+01 +3.718010539e+01 -3.8992e+00 +2.0600e+00 +2.0400e+00
6680 0 +2.972985892e-05 +3.718002973e+01 +3.718002973e+01 -3.8992e+00 +2.0600e+00 +2.0400e+00
10633 0 +2.972985892e-05 +3.718002973e+01 +3.718002973e+01 -3.8992e+00 +2.0600e+00 +2.0400e+00
% f evaluations | g evaluations | best noise-free fitness - Fopt (-1.479000000000e+02) + sum g_i+ | measured fitness | best measured fitness or single-digit g-values | x1 | x2...
1 0 +2.344305408e+01 -1.244569459e+02 -1.244569459e+02 +0.0000e+00 +0.0000e+00 +0.0000e+00
3 0 +2.268789268e+01 -1.252121073e+02 -1.252121073e+02 +1.0918e+00 -2.5392e-01 -1.1782e+00
8 0 +1.743562542e+01 -1.304643746e+02 -1.304643746e+02 -7.9302e-01 -3.6416e-01 -1.1376e+00
11 0 +1.204302910e+01 -1.358569709e+02 -1.358569709e+02 +4.0147e-01 +5.0383e-01 +1.1702e+00
21 0 +9.078082662e+00 -1.388219173e+02 -1.388219173e+02 -4.6416e-01 -6.3530e-01 -5.1423e-01
34 0 +2.781361087e+00 -1.451186389e+02 -1.451186389e+02 -1.8489e+00 -3.0594e-01 +6.6013e-01
197 0 +2.626797504e+00 -1.452732025e+02 -1.452732025e+02 -1.3632e+00 +8.1854e-01 +2.1900e+00
222 0 +2.022407187e+00 -1.458775928e+02 -1.458775928e+02 -1.6558e+00 -1.8982e-01 +3.0320e-01
231 0 +1.869107263e+00 -1.460308927e+02 -1.460308927e+02 -1.4934e+00 +2.4128e-01 +1.3226e+00
317 0 +1.360047366e+00 -1.465399526e+02 -1.465399526e+02 -1.7861e+00 +2.5230e-01 +1.2875e+00
364 0 +6.913468107e-01 -1.472086532e+02 -1.472086532e+02 -1.6344e+00 +1.7629e-01 +1.2234e+00
535 0 +5.483553986e-01 -1.473516446e+02 -1.473516446e+02 -1.6923e+00 +2.9740e-01 +1.4305e+00
889 0 +4.033074470e-01 -1.474966926e+02 -1.474966926e+02 -1.6914e+00 +6.9891e-02 +9.9006e-01
1049 0 +3.910624275e-01 -1.475089376e+02 -1.475089376e+02 -1.7002e+00 -1.0040e-01 +6.5480e-01
1052 0 +1.863100415e-01 -1.477136900e+02 -1.477136900e+02 -1.6634e+00 +1.0814e-01 +1.0697e+00
1481 0 +1.425681166e-01 -1.477574319e+02 -1.477574319e+02 -1.6911e+00 +1.5211e-01 +1.1664e+00
2465 0 +1.070327934e-01 -1.477929672e+02 -1.477929672e+02 -1.6606e+00 +1.1603e-01 +1.0913e+00
2723 0 +9.291814861e-02 -1.478070819e+02 -1.478070819e+02 -1.6793e+00 +1.0218e-01 +1.0726e+00
2923 0 +5.394683501e-02 -1.478460532e+02 -1.478460532e+02 -1.6742e+00 +1.3987e-01 +1.1396e+00
3008 0 +5.280273288e-02 -1.478471973e+02 -1.478471973e+02 -1.6656e+00 +1.4018e-01 +1.1440e+00
3196 0 +4.283089375e-02 -1.478571691e+02 -1.478571691e+02 -1.6759e+00 +1.3977e-01 +1.1470e+00
3305 0 +3.616063909e-02 -1.478638394e+02 -1.478638394e+02 -1.6721e+00 +1.4243e-01 +1.1506e+00
3649 0 +3.489057455e-02 -1.478651094e+02 -1.478651094e+02 -1.6740e+00 +1.2727e-01 +1.1228e+00
3933 0 +2.206986192e-02 -1.478779301e+02 -1.478779301e+02 -1.6716e+00 +1.2981e-01 +1.1268e+00
3984 0 +1.563949371e-02 -1.478843605e+02 -1.478843605e+02 -1.6703e+00 +1.3499e-01 +1.1383e+00
4156 0 +1.472338504e-02 -1.478852766e+02 -1.478852766e+02 -1.6692e+00 +1.3765e-01 +1.1397e+00
4713 0 +1.343223379e-02 -1.478865678e+02 -1.478865678e+02 -1.6708e+00 +1.4663e-01 +1.1548e+00
4727 0 +1.183684945e-02 -1.478881632e+02 -1.478881632e+02 -1.6718e+00 +1.3904e-01 +1.1433e+00
4825 0 +8.711802222e-03 -1.478912882e+02 -1.478912882e+02 -1.6718e+00 +1.3656e-01 +1.1395e+00
5191 0 +6.173150328e-03 -1.478938268e+02 -1.478938268e+02 -1.6699e+00 +1.3507e-01 +1.1369e+00
5217 0 +7.174958180e-04 -1.478992825e+02 -1.478992825e+02 -1.6704e+00 +1.3531e-01 +1.1369e+00
7394 0 +5.745404180e-04 -1.478994255e+02 -1.478994255e+02 -1.6705e+00 +1.3477e-01 +1.1360e+00
8127 0 +3.098589007e-04 -1.478996901e+02 -1.478996901e+02 -1.6704e+00 +1.3512e-01 +1.1367e+00
13549 0 +3.098589007e-04 -1.478996901e+02 -1.478996901e+02 -1.6704e+00 +1.3512e-01 +1.1367e+00
% f evaluations | g evaluations | best noise-free fitness - Fopt (4.817100000000e+02) + sum g_i+ | measured fitness | best measured fitness or single-digit g-values | x1 | x2...
1 0 +6.833269823e+01 +5.500426982e+02 +5.500426982e+02 +0.0000e+00 +0.0000e+00 +0.0000e+00
10 0 +4.460809230e+01 +5.263180923e+02 +5.263180923e+02 -1.1183e-01 -1.4365e+00 -1.4574e+00
25 0 +3.810050922e+01 +5.198105092e+02 +5.198105092e+02 +4.8492e-01 -2.1040e+00 -9.7226e-01
35 0 +4.128090818e+00 +4.858380908e+02 +4.858380908e+02 +6.1383e-01 -4.6609e+00 -2.5014e+00
101 0 +3.832128756e+00 +4.855421288e+02 +4.855421288e+02 +8.0566e-01 -5.2059e+00 -2.4063e+00
267 0 +2.887138723e+00 +4.845971387e+02 +4.845971387e+02 +1.1431e+00 -3.5459e+00 -2.7835e+00
352 0 +1.493895050e+00 +4.832038951e+02 +4.832038951e+02 +1.2207e+00 -2.2580e+00 -3.2000e+00
381 0 +1.426082048e+00 +4.831360820e+02 +4.831360820e+02 +1.0891e+00 -2.8626e+00 -3.0216e+00
579 0 +9.032608609e-01 +4.826132609e+02 +4.826132609e+02 +9.2520e-01 -3.2574e+00 -2.8262e+00
676 0 +5.721349538e-01 +4.822821350e+02 +4.822821350e+02 +1.1000e+00 -2.7498e+00 -3.0349e+00
968 0 +5.101898154e-01 +4.822201898e+02 +4.822201898e+02 +1.0036e+00 -2.9809e+00 -2.8756e+00
997 0 +2.878512712e-01 +4.819978513e+02 +4.819978513e+02 +1.0203e+00 -3.1623e+00 -2.8552e+00
1004 0 +1.956106405e-01 +4.819056106e+02 +4.819056106e+02 +1.0283e+00 -2.9920e+00 -2.8943e+00
1323 0 +1.856783314e-01 +4.818956783e+02 +4.818956783e+02 +1.0232e+00 -3.1684e+00 -2.8592e+00
1327 0 +1.537803585e-01 +4.818637804e+02 +4.818637804e+02 +1.0552e+00 -2.9526e+00 -2.9187e+00
1350 0 +1.092379759e-01 +4.818192380e+02 +4.818192380e+02 +1.0205e+00 -3.1684e+00 -2.8598e+00
1560 0 +6.235155295e-02 +4.817723516e+02 +4.817723516e+02 +1.0481e+00 -3.0150e+00 -2.8972e+00
1574 0 +5.083185520e-02 +4.817608319e+02 +4.817608319e+02 +1.0351e+00 -3.0539e+00 -2.8825e+00
1848 0 +3.742647413e-02 +4.817474265e+02 +4.817474265e+02 +1.0401e+00 -3.0029e+00 -2.8961e+00
1854 0 +3.335375943e-02 +4.817433538e+02 +4.817433538e+02 +1.0471e+00 -2.9887e+00 -2.9022e+00
2291 0 +1.691889153e-02 +4.817269189e+02 +4.817269189e+02 +1.0400e+00 -2.9898e+00 -2.8993e+00
2741 0 +1.114570499e-02 +4.817211457e+02 +4.817211457e+02 +1.0410e+00 -2.9996e+00 -2.8959e+00
2757 0 +8.871674692e-03 +4.817188717e+02 +4.817188717e+02 +1.0413e+00 -3.0046e+00 -2.8954e+00
3132 0 +8.686045920e-03 +4.817186860e+02 +4.817186860e+02 +1.0416e+00 -2.9936e+00 -2.8983e+00
3281 0 +6.391681119e-03 +4.817163917e+02 +4.817163917e+02 +1.0419e+00 -2.9946e+00 -2.8985e+00
3325 0 +4.747430649e-03 +4.817147474e+02 +4.817147474e+02 +1.0408e+00 -2.9992e+00 -2.8965e+00
3902 0 +6.882865015e-04 +4.817106883e+02 +4.817106883e+02 +1.0408e+00 -3.0004e+00 -2.8961e+00
5322 0 +5.680904300e-04 +4.817105681e+02 +4.817105681e+02 +1.0410e+00 -2.9999e+00 -2.8963e+00
5706 0 +4.574823688e-04 +4.817104575e+02 +4.817104575e+02 +1.0408e+00 -3.0008e+00 -2.8960e+00
5803 0 +3.675431855e-04 +4.817103675e+02 +4.817103675e+02 +1.0409e+00 -3.0005e+00 -2.8961e+00
6036 0 +3.162256293e-04 +4.817103162e+02 +4.817103162e+02 +1.0408e+00 -3.0008e+00 -2.8960e+00
6118 0 +3.025685454e-04 +4.817103026e+02 +4.817103026e+02 +1.0408e+00 -3.0007e+00 -2.8961e+00
6188 0 +2.151336652e-04 +4.817102151e+02 +4.817102151e+02 +1.0408e+00 -3.0010e+00 -2.8959e+00
6257 0 +1.567392084e-04 +4.817101567e+02 +4.817101567e+02 +1.0408e+00 -3.0005e+00 -2.8961e+00
6432 0 +1.105968956e-04 +4.817101106e+02 +4.817101106e+02 +1.0408e+00 -3.0008e+00 -2.8960e+00
6679 0 +1.030729131e-04 +4.817101031e+02 +4.817101031e+02 +1.0408e+00 -3.0008e+00 -2.8960e+00
6780 0 +5.610262497e-05 +4.817100561e+02 +4.817100561e+02 +1.0408e+00 -3.0008e+00 -2.8960e+00
10981 0 +5.610262497e-05 +4.817100561e+02 +4.817100561e+02 +1.0408e+00 -3.0008e+00 -2.8960e+00
% f evaluations | g evaluations | best noise-free fitness - Fopt (-3.646000000000e+01) + sum g_i+ | measured fitness | best measured fitness or single-digit g-values | x1 | x2...
1 0 +4.585345853e+01 +9.393458530e+00 +9.393458530e+00 +0.0000e+00 +0.0000e+00 +0.0000e+00
2 0 +3.900134317e+01 +2.541343174e+00 +2.541343174e+00 +8.4952e-01 -8.5727e-01 +1.8982e-01
5 0 +2.798459483e+01 -8.475405174e+00 -8.475405174e+00 -5.3555e-01 +1.6487e+00 -4.4604e-01
9 0 +1.809433915e+01 -1.836566085e+01 -1.836566085e+01 +6.4110e-01 -1.6321e+00 -8.5991e-01
16 0 +1.248305625e+01 -2.397694375e+01 -2.397694375e+01 +5.9962e-01 -5.4662e-01 -1.4234e+00
38 0 +9.860286009e+00 -2.659971399e+01 -2.659971399e+01 +1.1205e+00 -1.7913e+00 -1.6455e+00
46 0 +6.033354646e+00 -3.042664535e+01 -3.042664535e+01 +9.0780e-01 -1.1123e+00 -2.1672e+00
68 0 +3.687461346e+00 -3.277253865e+01 -3.277253865e+01 +1.2210e+00 -1.8174e+00 -2.0482e+00
118 0 +3.003449012e+00 -3.345655099e+01 -3.345655099e+01 +2.0585e+00 -2.3583e+00 -2.5795e+00
124 0 +2.640986956e+00 -3.381901304e+01 -3.381901304e+01 +8.9213e-03 +4.6654e-01 -1.9841e+00
327 0 +1.965088841e+00 -3.449491116e+01 -3.449491116e+01 +1.7384e+00 -2.0871e+00 -2.2670e+00
511 0 +1.033632275e+00 -3.542636772e+01 -3.542636772e+01 +1.8400e+00 -2.4422e+00 -2.1193e+00
589 0 +6.345277463e-01 -3.582547225e+01 -3.582547225e+01 +2.3196e+00 -3.0384e+00 -2.2277e+00
641 0 +3.998016389e-01 -3.606019836e+01 -3.606019836e+01 +2.0684e+00 -2.7932e+00 -2.2057e+00
655 0 +3.496424129e-01 -3.611035759e+01 -3.611035759e+01 +2.1008e+00 -2.8101e+00 -2.2470e+00
925 0 +2.157932973e-01 -3.624420670e+01 -3.624420670e+01 +2.2782e+00 -3.0504e+00 -2.2373e+00
1246 0 +1.146125083e-01 -3.634538749e+01 -3.634538749e+01 +2.0820e+00 -2.7813e+00 -2.2167e+00
2306 0 +6.285463261e-02 -3.639714537e+01 -3.639714537e+01 +2.1583e+00 -2.8991e+00 -2.2208e+00
2559 0 +5.699244525e-02 -3.640300755e+01 -3.640300755e+01 +2.1113e+00 -2.8367e+00 -2.2147e+00
3466 0 +3.773051489e-02 -3.642226949e+01 -3.642226949e+01 +2.1578e+00 -2.8998e+00 -2.2222e+00
3786 0 +3.036172685e-02 -3.642963827e+01 -3.642963827e+01 +2.1572e+00 -2.8963e+00 -2.2235e+00
3796 0 +2.873018735e-02 -3.643126981e+01 -3.643126981e+01 +2.1563e+00 -2.8961e+00 -2.2237e+00
3870 0 +2.713189356e-02 -3.643286811e+01 -3.643286811e+01 +2.1557e+00 -2.8946e+00 -2.2234e+00
3917 0 +2.648058902e-02 -3.643351941e+01 -3.643351941e+01 +2.1590e+00 -2.8990e+00 -2.2243e+00
3920 0 +2.581180936e-02 -3.643418819e+01 -3.643418819e+01 +2.1554e+00 -2.8939e+00 -2.2240e+00
3988 0 +2.096641052e-02 -3.643903359e+01 -3.643903359e+01 +2.1588e+00 -2.8987e+00 -2.2243e+00
4404 0 +1.911782359e-02 -3.644088218e+01 -3.644088218e+01 +2.1593e+00 -2.8992e+00 -2.2245e+00
4736 0 +1.874665491e-02 -3.644125335e+01 -3.644125335e+01 +2.1585e+00 -2.8980e+00 -2.2245e+00
4747 0 +1.700313895e-02 -3.644299686e+01 -3.644299686e+01 +2.1577e+00 -2.8969e+00 -2.2243e+00
5348 0 +1.667607561e-02 -3.644332392e+01 -3.644332392e+01 +2.1587e+00 -2.8983e+00 -2.2245e+00
5682 0 +1.648150758e-02 -3.644351849e+01 -3.644351849e+01 +2.1583e+00 -2.8978e+00 -2.2244e+00
7204 0 +1.595547412e-02 -3.644404453e+01 -3.644404453e+01 +2.1595e+00 -2.8994e+00 -2.2246e+00
7867 0 +1.559629082e-02 -3.644440371e+01 -3.644440371e+01 +2.1589e+00 -2.8987e+00 -2.2245e+00
8474 0 +1.522267709e-02 -3.644477732e+01 -3.644477732e+01 +2.1589e+00 -2.8986e+00 -2.2245e+00
11472 0 +1.504693848e-02 -3.644495306e+01 -3.644495306e+01 +2.1591e+00 -2.8989e+00 -2.2245e+00
14461 0 +1.504693848e-02 -3.644495306e+01 -3.644495306e+01 +2.1591e+00 -2.8989e+00 -2.2245e+00
% f evaluations | g evaluations | best noise-free fitness - Fopt (3.920000000000e+01) + sum g_i+ | measured fitness | best measured fitness or single-digit g-values | x1 | x2...
1 0 +9.079569103e+00 +4.827956910e+01 +4.827956910e+01 +0.0000e+00 +0.0000e+00 +0.0000e+00
20 0 +6.321665238e+00 +4.552166524e+01 +4.552166524e+01 -1.2935e-01 -3.9460e-01 -2.2592e-02
120 0 +4.415564480e+00 +4.361556448e+01 +4.361556448e+01 +1.7590e+00 +1.0833e-01 +1.1221e+00
147 0 +4.287172620e+00 +4.348717262e+01 +4.348717262e+01 +2.2023e+00 +5.4884e-01 +1.5625e+00
225 0 +4.166341704e+00 +4.336634170e+01 +4.336634170e+01 +2.3778e+00 +3.4896e-01 +1.6425e+00
237 0 +2.360714303e+00 +4.156071430e+01 +4.156071430e+01 +3.1118e+00 +1.3958e+00 +2.2305e+00
316 0 +1.691026523e+00 +4.089102652e+01 +4.089102652e+01 +2.3737e+00 +1.0206e+00 +1.8400e+00
620 0 +1.403789075e+00 +4.060378908e+01 +4.060378908e+01 +2.6018e+00 +9.9425e-01 +1.8648e+00
806 0 +1.258201256e+00 +4.045820126e+01 +4.045820126e+01 +3.3326e+00 +1.5244e+00 +2.3243e+00
829 0 +1.202468202e+00 +4.040246820e+01 +4.040246820e+01 +3.2828e+00 +1.4608e+00 +2.3047e+00
857 0 +7.863413657e-01 +3.998634137e+01 +3.998634137e+01 +3.6075e+00 +1.5684e+00 +2.3570e+00
885 0 +7.674012921e-01 +3.996740129e+01 +3.996740129e+01 +3.6839e+00 +1.5707e+00 +2.4281e+00
965 0 +7.116036856e-01 +3.991160369e+01 +3.991160369e+01 +3.6384e+00 +1.5523e+00 +2.4132e+00
992 0 +5.042192123e-01 +3.970421921e+01 +3.970421921e+01 +3.7038e+00 +1.5675e+00 +2.4245e+00
1041 0 +3.835910209e-01 +3.958359102e+01 +3.958359102e+01 +3.6391e+00 +1.5145e+00 +2.4001e+00
1079 0 +1.614171603e-01 +3.936141716e+01 +3.936141716e+01 +3.6232e+00 +1.5567e+00 +2.4064e+00
1503 0 +1.557431538e-01 +3.935574315e+01 +3.935574315e+01 +3.7685e+00 +1.6847e+00 +2.5002e+00
1593 0 +1.207582361e-01 +3.932075824e+01 +3.932075824e+01 +3.7084e+00 +1.6352e+00 +2.4525e+00
1736 0 +1.114439552e-01 +3.931144396e+01 +3.931144396e+01 +3.6531e+00 +1.5873e+00 +2.4215e+00
1792 0 +9.249166771e-02 +3.929249167e+01 +3.929249167e+01 +3.5794e+00 +1.5540e+00 +2.3957e+00
1821 0 +7.879358752e-02 +3.927879359e+01 +3.927879359e+01 +3.7098e+00 +1.6221e+00 +2.4513e+00
1869 0 +5.790790276e-02 +3.925790790e+01 +3.925790790e+01 +3.7000e+00 +1.6220e+00 +2.4461e+00
2712 0 +4.673475904e-02 +3.924673476e+01 +3.924673476e+01 +3.6970e+00 +1.6137e+00 +2.4444e+00
2990 0 +2.154734424e-02 +3.922154734e+01 +3.922154734e+01 +3.7175e+00 +1.6270e+00 +2.4529e+00
3822 0 +1.899650509e-02 +3.921899651e+01 +3.921899651e+01 +3.7199e+00 +1.6302e+00 +2.4538e+00
3952 0 +7.627628282e-03 +3.920762763e+01 +3.920762763e+01 +3.7170e+00 +1.6272e+00 +2.4519e+00
4486 0 +3.677611601e-03 +3.920367761e+01 +3.920367761e+01 +3.7238e+00 +1.6311e+00 +2.4549e+00
5551 0 +3.281110700e-03 +3.920328111e+01 +3.920328111e+01 +3.7209e+00 +1.6288e+00 +2.4531e+00
5691 0 +3.069673092e-03 +3.920306967e+01 +3.920306967e+01 +3.7228e+00 +1.6302e+00 +2.4541e+00
5857 0 +2.797798787e-03 +3.920279780e+01 +3.920279780e+01 +3.7231e+00 +1.6301e+00 +2.4544e+00
6374 0 +1.240336892e-03 +3.920124034e+01 +3.920124034e+01 +3.7235e+00 +1.6305e+00 +2.4546e+00
6537 0 +1.021714902e-03 +3.920102171e+01 +3.920102171e+01 +3.7230e+00 +1.6301e+00 +2.4542e+00
8206 0 +9.931642423e-04 +3.920099316e+01 +3.920099316e+01 +3.7229e+00 +1.6301e+00 +2.4542e+00
8361 0 +4.655522836e-04 +3.920046555e+01 +3.920046555e+01 +3.7232e+00 +1.6304e+00 +2.4544e+00
8900 0 +3.287190868e-04 +3.920032872e+01 +3.920032872e+01 +3.7232e+00 +1.6303e+00 +2.4544e+00
9561 0 +2.404290674e-04 +3.920024043e+01 +3.920024043e+01 +3.7232e+00 +1.6304e+00 +2.4544e+00
9813 0 +1.608681295e-04 +3.920016087e+01 +3.920016087e+01 +3.7233e+00 +1.6304e+00 +2.4544e+00
10757 0 +3.053191162e-05 +3.920003053e+01 +3.920003053e+01 +3.7232e+00 +1.6304e+00 +2.4544e+00
12390 0 +2.240909342e-05 +3.920002241e+01 +3.920002241e+01 +3.7232e+00 +1.6304e+00 +2.4544e+00
12544 0 +2.001310656e-05 +3.920002001e+01 +3.920002001e+01 +3.7232e+00 +1.6304e+00 +2.4544e+00
13089 0 +1.879486229e-05 +3.920001879e+01 +3.920001879e+01 +3.7232e+00 +1.6304e+00 +2.4544e+00
13961 0 +1.028739160e-05 +3.920001029e+01 +3.920001029e+01 +3.7232e+00 +1.6304e+00 +2.4544e+00
14289 0 +9.643800446e-06 +3.920000964e+01 +3.920000964e+01 +3.7232e+00 +1.6304e+00 +2.4544e+00
14351 0 +8.615890621e-06 +3.920000862e+01 +3.920000862e+01 +3.7232e+00 +1.6304e+00 +2.4544e+00
14406 0 +6.507984956e-06 +3.920000651e+01 +3.920000651e+01 +3.7232e+00 +1.6304e+00 +2.4544e+00
14731 0 +3.216338399e-06 +3.920000322e+01 +3.920000322e+01 +3.7232e+00 +1.6304e+00 +2.4544e+00
15157 0 +3.216338399e-06 +3.920000322e+01 +3.920000322e+01 +3.7232e+00 +1.6304e+00 +2.4544e+00
% f evaluations | g evaluations | best noise-free fitness - Fopt (-3.225000000000e+01) + sum g_i+ | measured fitness | best measured fitness or single-digit g-values | x1 | x2...
1 0 +2.960381805e+01 -2.646181952e+00 -2.646181952e+00 +0.0000e+00 +0.0000e+00 +0.0000e+00
8 0 +2.587914580e+01 -6.370854196e+00 -6.370854196e+00 -1.0027e+00 +1.5760e+00 +1.0388e-01
11 0 +2.003877635e+01 -1.221122365e+01 -1.221122365e+01 +3.5046e-01 +6.3566e-02 +8.9092e-01
32 0 +1.482516139e+01 -1.742483861e+01 -1.742483861e+01 +3.9319e-01 +2.1457e-01 +9.3505e-01
51 0 +1.212082476e+01 -2.012917524e+01 -2.012917524e+01 +2.1531e-02 +2.8574e-01 +1.8809e+00
76 0 +1.071108407e+01 -2.153891593e+01 -2.153891593e+01 +6.8930e-01 -3.3043e-01 +1.5785e+00
112 0 +9.391240985e+00 -2.285875901e+01 -2.285875901e+01 +1.2322e+00 +1.2755e-01 +8.9297e-01
124 0 +6.188714890e+00 -2.606128511e+01 -2.606128511e+01 -4.2305e-01 +7.7276e-01 +2.2702e+00
137 0 +5.245744856e+00 -2.700425514e+01 -2.700425514e+01 +1.7949e+00 +5.7222e-01 +6.0459e-01
195 0 +5.030585021e+00 -2.721941498e+01 -2.721941498e+01 -3.4456e-01 +8.4522e-01 +1.8811e+00
203 0 +4.956315811e+00 -2.729368419e+01 -2.729368419e+01 +5.4898e-01 +5.1435e-01 +1.4667e+00
223 0 +4.861580318e+00 -2.738841968e+01 -2.738841968e+01 -2.1931e-01 +7.4610e-01 +1.9197e+00
238 0 +3.547513752e+00 -2.870248625e+01 -2.870248625e+01 +6.8241e-01 +1.1148e+00 +1.1487e+00
254 0 +3.103407047e+00 -2.914659295e+01 -2.914659295e+01 +4.5282e-01 +6.2421e-01 +1.4654e+00
306 0 +2.985694888e+00 -2.926430511e+01 -2.926430511e+01 -3.6781e-01 +8.8614e-01 +1.9330e+00
458 0 +2.489949450e+00 -2.976005055e+01 -2.976005055e+01 +1.2023e+00 +9.4713e-01 +8.2645e-01
479 0 +2.327753585e+00 -2.992224642e+01 -2.992224642e+01 +2.7683e+00 +9.9275e-01 -2.0400e-01
497 0 +1.521238871e+00 -3.072876113e+01 -3.072876113e+01 +1.7328e+00 +8.2356e-01 +5.4621e-01
737 0 +1.420397421e+00 -3.082960258e+01 -3.082960258e+01 +2.8785e+00 +9.5466e-01 -3.3991e-01
783 0 +1.210746825e+00 -3.103925318e+01 -3.103925318e+01 +2.8704e+00 +9.8396e-01 -3.2692e-01
836 0 +9.143843846e-01 -3.133561562e+01 -3.133561562e+01 +2.4330e+00 +9.7692e-01 -2.6208e-02
1184 0 +3.019644682e-01 -3.194803553e+01 -3.194803553e+01 +3.2760e+00 +1.0384e+00 -6.3720e-01
1475 0 +2.726918609e-01 -3.197730814e+01 -3.197730814e+01 +3.5250e+00 +1.0807e+00 -8.1282e-01
1574 0 +1.729858086e-01 -3.207701419e+01 -3.207701419e+01 +3.6767e+00 +1.0762e+00 -9.1676e-01
1623 0 +1.657923201e-01 -3.208420768e+01 -3.208420768e+01 +3.7538e+00 +1.0701e+00 -9.6579e-01
2280 0 +1.486368031e-01 -3.210136320e+01 -3.210136320e+01 +3.6354e+00 +1.0527e+00 -8.9485e-01
2345 0 +1.128367391e-01 -3.213716326e+01 -3.213716326e+01 +3.6254e+00 +1.0566e+00 -8.8253e-01
2378 0 +1.087990057e-01 -3.214120099e+01 -3.214120099e+01 +3.6282e+00 +1.0604e+00 -8.9222e-01
2397 0 +8.072771595e-02 -3.216927228e+01 -3.216927228e+01 +3.5888e+00 +1.0596e+00 -8.5970e-01
2720 0 +6.121382261e-02 -3.218878618e+01 -3.218878618e+01 +3.6163e+00 +1.0527e+00 -8.6968e-01
2957 0 +5.889024885e-02 -3.219110975e+01 -3.219110975e+01 +3.5790e+00 +1.0580e+00 -8.5178e-01
2977 0 +3.915636143e-02 -3.221084364e+01 -3.221084364e+01 +3.6052e+00 +1.0647e+00 -8.6983e-01
3070 0 +3.081353678e-02 -3.221918646e+01 -3.221918646e+01 +3.6228e+00 +1.0627e+00 -8.8306e-01
3155 0 +2.983464159e-02 -3.222016536e+01 -3.222016536e+01 +3.6199e+00 +1.0594e+00 -8.7852e-01
3562 0 +2.627493611e-02 -3.222372506e+01 -3.222372506e+01 +3.6520e+00 +1.0635e+00 -9.0282e-01
4320 0 +2.306923982e-02 -3.222693076e+01 -3.222693076e+01 +3.6142e+00 +1.0627e+00 -8.7738e-01
4586 0 +2.156099064e-02 -3.222843901e+01 -3.222843901e+01 +3.6098e+00 +1.0616e+00 -8.7263e-01
4590 0 +1.051409986e-02 -3.223948590e+01 -3.223948590e+01 +3.5917e+00 +1.0611e+00 -8.6100e-01
4774 0 +6.662949189e-03 -3.224333705e+01 -3.224333705e+01 +3.5966e+00 +1.0614e+00 -8.6504e-01
5024 0 +4.347724210e-03 -3.224565228e+01 -3.224565228e+01 +3.5945e+00 +1.0611e+00 -8.6279e-01
5295 0 +3.491874152e-03 -3.224650813e+01 -3.224650813e+01 +3.5977e+00 +1.0612e+00 -8.6487e-01
5591 0 +3.248489135e-03 -3.224675151e+01 -3.224675151e+01 +3.5966e+00 +1.0618e+00 -8.6446e-01
5746 0 +2.379330657e-03 -3.224762067e+01 -3.224762067e+01 +3.5984e+00 +1.0616e+00 -8.6560e-01
5933 0 +2.197794621e-03 -3.224780221e+01 -3.224780221e+01 +3.5952e+00 +1.0616e+00 -8.6331e-01
5975 0 +2.181582133e-03 -3.224781842e+01 -3.224781842e+01 +3.5951e+00 +1.0614e+00 -8.6340e-01
6341 0 +1.951211101e-03 -3.224804879e+01 -3.224804879e+01 +3.5989e+00 +1.0617e+00 -8.6607e-01
6550 0 +1.513448225e-03 -3.224848655e+01 -3.224848655e+01 +3.5960e+00 +1.0617e+00 -8.6396e-01
6715 0 +1.339615151e-03 -3.224866038e+01 -3.224866038e+01 +3.5985e+00 +1.0617e+00 -8.6574e-01
7482 0 +1.254189317e-03 -3.224874581e+01 -3.224874581e+01 +3.5986e+00 +1.0618e+00 -8.6586e-01
7806 0 +1.229487019e-03 -3.224877051e+01 -3.224877051e+01 +3.5986e+00 +1.0617e+00 -8.6585e-01
9186 0 +1.122937210e-03 -3.224887706e+01 -3.224887706e+01 +3.5984e+00 +1.0617e+00 -8.6573e-01
9896 0 +9.525403697e-04 -3.224904746e+01 -3.224904746e+01 +3.5987e+00 +1.0618e+00 -8.6592e-01
12320 0 +9.154169742e-04 -3.224908458e+01 -3.224908458e+01 +3.5986e+00 +1.0618e+00 -8.6585e-01
12330 0 +8.648606826e-04 -3.224913514e+01 -3.224913514e+01 +3.5986e+00 +1.0618e+00 -8.6585e-01
17737 0 +8.648606826e-04 -3.224913514e+01 -3.224913514e+01 +3.5986e+00 +1.0618e+00 -8.6585e-01
% f evaluations | g evaluations | best noise-free fitness - Fopt (3.681200000000e+02) + sum g_i+ | measured fitness | best measured fitness or single-digit g-values | x1 | x2...
1 0 +3.540939323e+01 +4.035293932e+02 +4.035293932e+02 +0.0000e+00 +0.0000e+00 +0.0000e+00
8 0 +3.057363005e+01 +3.986936300e+02 +3.986936300e+02 +5.2476e-01 -5.6848e-01 -2.3848e-01
11 0 +1.510412957e+01 +3.832241296e+02 +3.832241296e+02 -8.5182e-01 -1.0193e+00 +9.6246e-01
28 0 +1.043504569e+01 +3.785550457e+02 +3.785550457e+02 -8.0251e-01 -6.9535e-01 +1.0763e+00
39 0 +4.455206716e+00 +3.725752067e+02 +3.725752067e+02 -6.5886e-01 -8.2614e-01 +2.1543e+00
103 0 +3.157983698e+00 +3.712779837e+02 +3.712779837e+02 -1.3598e+00 -1.1871e+00 +1.4708e+00
116 0 +2.639517933e+00 +3.707595179e+02 +3.707595179e+02 -7.2255e-01 -1.0497e+00 +2.0414e+00
241 0 +2.440184950e+00 +3.705601849e+02 +3.705601849e+02 -3.2925e-02 -1.0966e+00 +2.5319e+00
477 0 +2.080059235e+00 +3.702000592e+02 +3.702000592e+02 -4.7827e-01 -1.2928e+00 +2.2554e+00
681 0 +1.983836063e+00 +3.701038361e+02 +3.701038361e+02 -6.4492e-01 -1.3330e+00 +2.1174e+00
794 0 +1.654778015e+00 +3.697747780e+02 +3.697747780e+02 -4.8023e-01 -1.2627e+00 +2.2638e+00
891 0 +1.464012338e+00 +3.695840123e+02 +3.695840123e+02 -5.1658e-01 -1.2076e+00 +2.1790e+00
1024 0 +9.955327850e-01 +3.691155328e+02 +3.691155328e+02 -2.6863e+00 -1.2178e+00 +6.0404e-01
1035 0 +8.010142694e-01 +3.689210143e+02 +3.689210143e+02 -2.2899e+00 -1.0381e+00 +8.7368e-01
1064 0 +4.968737899e-01 +3.686168738e+02 +3.686168738e+02 -2.4925e+00 -1.1139e+00 +7.1380e-01
1418 0 +4.391831014e-01 +3.685591831e+02 +3.685591831e+02 -2.4009e+00 -1.1205e+00 +7.9822e-01
1485 0 +4.201436361e-01 +3.685401436e+02 +3.685401436e+02 -2.8897e+00 -1.0103e+00 +4.4511e-01
1831 0 +2.775893301e-01 +3.683975893e+02 +3.683975893e+02 -2.5150e+00 -1.0960e+00 +6.9523e-01
1909 0 +1.828537472e-01 +3.683028537e+02 +3.683028537e+02 -2.4010e+00 -1.0820e+00 +7.7171e-01
2011 0 +1.709879792e-01 +3.682909880e+02 +3.682909880e+02 -2.3990e+00 -1.0820e+00 +7.5985e-01
2116 0 +1.498438320e-01 +3.682698438e+02 +3.682698438e+02 -2.5375e+00 -1.0885e+00 +6.7439e-01
2221 0 +5.640261316e-02 +3.681764026e+02 +3.681764026e+02 -2.4799e+00 -1.0859e+00 +7.0581e-01
3340 0 +3.215250267e-02 +3.681521525e+02 +3.681521525e+02 -2.4782e+00 -1.0935e+00 +7.0664e-01
3494 0 +1.969952051e-02 +3.681396995e+02 +3.681396995e+02 -2.4743e+00 -1.0885e+00 +7.0944e-01
4210 0 +5.987036255e-03 +3.681259870e+02 +3.681259870e+02 -2.4630e+00 -1.0903e+00 +7.1703e-01
5269 0 +1.479640441e-03 +3.681214796e+02 +3.681214796e+02 -2.4625e+00 -1.0896e+00 +7.1735e-01
6907 0 +1.222311492e-03 +3.681212223e+02 +3.681212223e+02 -2.4627e+00 -1.0898e+00 +7.1718e-01
7000 0 +3.048109963e-04 +3.681203048e+02 +3.681203048e+02 -2.4634e+00 -1.0896e+00 +7.1664e-01
8750 0 +2.930070448e-04 +3.681202930e+02 +3.681202930e+02 -2.4634e+00 -1.0896e+00 +7.1669e-01
9014 0 +2.318488557e-04 +3.681202318e+02 +3.681202318e+02 -2.4632e+00 -1.0896e+00 +7.1681e-01
9714 0 +2.060783961e-04 +3.681202061e+02 +3.681202061e+02 -2.4632e+00 -1.0896e+00 +7.1682e-01
9933 0 +1.419980435e-04 +3.681201420e+02 +3.681201420e+02 -2.4632e+00 -1.0896e+00 +7.1681e-01
10182 0 +1.123278579e-04 +3.681201123e+02 +3.681201123e+02 -2.4634e+00 -1.0896e+00 +7.1667e-01
10708 0 +1.054345350e-04 +3.681201054e+02 +3.681201054e+02 -2.4634e+00 -1.0896e+00 +7.1667e-01
11320 0 +1.023043231e-04 +3.681201023e+02 +3.681201023e+02 -2.4634e+00 -1.0896e+00 +7.1666e-01
11765 0 +6.913550283e-05 +3.681200691e+02 +3.681200691e+02 -2.4634e+00 -1.0896e+00 +7.1667e-01
13478 0 +6.747670318e-05 +3.681200675e+02 +3.681200675e+02 -2.4634e+00 -1.0896e+00 +7.1667e-01
14245 0 +6.747670318e-05 +3.681200675e+02 +3.681200675e+02 -2.4634e+00 -1.0896e+00 +7.1667e-01
% f evaluations | g evaluations | best noise-free fitness - Fopt (4.739000000000e+01) + sum g_i+ | measured fitness | best measured fitness or single-digit g-values | x1 | x2...
1 0 +1.869623599e+01 +6.608623599e+01 +6.608623599e+01 +0.0000e+00 +0.0000e+00 +0.0000e+00
2 0 +1.732813221e+01 +6.471813221e+01 +6.471813221e+01 -2.4553e-01 +8.2878e-01 -1.6135e+00
6 0 +8.639578009e+00 +5.602957801e+01 +5.602957801e+01 -9.7003e-02 +1.3094e+00 -1.0136e+00
19 0 +3.870164951e+00 +5.126016495e+01 +5.126016495e+01 +5.6681e-01 +1.7641e+00 -6.5493e-01
43 0 +3.661448787e+00 +5.105144879e+01 +5.105144879e+01 -3.6934e-01 +2.6384e+00 -6.1049e-01
92 0 +2.041638364e+00 +4.943163836e+01 +4.943163836e+01 -3.8060e-01 +2.3438e+00 -9.9952e-01
136 0 +1.669872498e+00 +4.905987250e+01 +4.905987250e+01 -1.3328e+00 +4.1012e+00 -7.5627e-01
432 0 +1.366652293e+00 +4.875665229e+01 +4.875665229e+01 -7.6466e-01 +2.8512e+00 -9.5579e-01
557 0 +1.069805850e+00 +4.845980585e+01 +4.845980585e+01 -9.9769e-01 +3.3775e+00 -8.3718e-01
765 0 +7.071637948e-01 +4.809716379e+01 +4.809716379e+01 -2.7198e-01 +2.1575e+00 -9.2928e-01
838 0 +6.836945603e-01 +4.807369456e+01 +4.807369456e+01 -8.0406e-01 +3.0295e+00 -8.5490e-01
851 0 +3.312044569e-01 +4.772120446e+01 +4.772120446e+01 -6.3298e-01 +2.8335e+00 -8.6161e-01
913 0 +2.881154794e-01 +4.767811548e+01 +4.767811548e+01 -4.1912e-01 +2.5273e+00 -8.6826e-01
1530 0 +1.327094497e-01 +4.752270945e+01 +4.752270945e+01 -6.3070e-01 +2.8270e+00 -8.5909e-01
1768 0 +1.167390868e-01 +4.750673909e+01 +4.750673909e+01 -4.9117e-01 +2.5967e+00 -8.7786e-01
2019 0 +6.670652170e-02 +4.745670652e+01 +4.745670652e+01 -4.5274e-01 +2.5419e+00 -8.7378e-01
2274 0 +4.603757758e-02 +4.743603758e+01 +4.743603758e+01 -4.9936e-01 +2.6412e+00 -8.6297e-01
2289 0 +3.072655049e-02 +4.742072655e+01 +4.742072655e+01 -4.9158e-01 +2.6214e+00 -8.6487e-01
2361 0 +1.889934642e-02 +4.740889935e+01 +4.740889935e+01 -4.9693e-01 +2.6328e+00 -8.6496e-01
2775 0 +1.662916515e-02 +4.740662917e+01 +4.740662917e+01 -4.9410e-01 +2.6287e+00 -8.6501e-01
3166 0 +1.618649113e-02 +4.740618649e+01 +4.740618649e+01 -4.9604e-01 +2.6268e+00 -8.6722e-01
3174 0 +7.381663958e-03 +4.739738166e+01 +4.739738166e+01 -4.9755e-01 +2.6304e+00 -8.6623e-01
3654 0 +2.805004231e-03 +4.739280500e+01 +4.739280500e+01 -4.9652e-01 +2.6274e+00 -8.6656e-01
4131 0 +2.750598757e-03 +4.739275060e+01 +4.739275060e+01 -4.9795e-01 +2.6298e+00 -8.6644e-01
4144 0 +2.103285839e-03 +4.739210329e+01 +4.739210329e+01 -4.9758e-01 +2.6292e+00 -8.6647e-01
4166 0 +2.041303157e-03 +4.739204130e+01 +4.739204130e+01 -4.9908e-01 +2.6319e+00 -8.6635e-01
4471 0 +1.672722153e-03 +4.739167272e+01 +4.739167272e+01 -4.9741e-01 +2.6293e+00 -8.6649e-01
4593 0 +1.020275830e-03 +4.739102028e+01 +4.739102028e+01 -4.9724e-01 +2.6293e+00 -8.6634e-01
4836 0 +2.622893346e-04 +4.739026229e+01 +4.739026229e+01 -4.9751e-01 +2.6294e+00 -8.6640e-01
5069 0 +2.503252208e-04 +4.739025033e+01 +4.739025033e+01 -4.9756e-01 +2.6296e+00 -8.6638e-01
6227 0 +3.274992231e-05 +4.739003275e+01 +4.739003275e+01 -4.9760e-01 +2.6296e+00 -8.6640e-01
11533 0 +3.274992231e-05 +4.739003275e+01 +4.739003275e+01 -4.9760e-01 +2.6296e+00 -8.6640e-01
% f evaluations | g evaluations | best noise-free fitness - Fopt (-3.428900000000e+02) + sum g_i+ | measured fitness | best measured fitness or single-digit g-values | x1 | x2...
1 0 +1.733702368e+02 -1.695197632e+02 -1.695197632e+02 +0.0000e+00 +0.0000e+00 +0.0000e+00
2 0 +1.615584132e+02 -1.813315868e+02 -1.813315868e+02 +2.1170e-01 -1.0235e+00 -1.4508e+00
4 0 +8.070854425e+01 -2.621814557e+02 -2.621814557e+02 +8.9501e-01 +1.3041e+00 +6.3264e-01
5 0 +7.548043140e+01 -2.674095686e+02 -2.674095686e+02 +1.6044e+00 -7.5975e-01 -1.2886e+00
6 0 +5.546172851e+01 -2.874282715e+02 -2.874282715e+02 +1.3963e+00 -7.2017e-01 -3.6215e-01
12 0 +4.675934738e+01 -2.961306526e+02 -2.961306526e+02 +1.6211e+00 +3.2753e-01 +5.7970e-01
16 0 +4.493679728e+01 -2.979532027e+02 -2.979532027e+02 +9.9073e-01 +6.9997e-01 +6.1568e-01
39 0 +2.742522206e+01 -3.154647779e+02 -3.154647779e+02 +5.6020e-01 +1.3777e+00 +2.7802e+00
111 0 +2.653427245e+01 -3.163557276e+02 -3.163557276e+02 -3.2766e-01 +1.7308e+00 +1.8396e+00
116 0 +2.093441277e+01 -3.219555872e+02 -3.219555872e+02 -1.0682e+00 +1.3605e+00 +3.4644e+00
127 0 +1.441110128e+01 -3.284788987e+02 -3.284788987e+02 +3.3993e-01 +2.1233e-02 +3.2550e+00
148 0 +1.367064681e+01 -3.292193532e+02 -3.292193532e+02 +8.6057e-01 -4.8109e-01 +3.0519e+00
175 0 +1.254755547e+01 -3.303424445e+02 -3.303424445e+02 -9.2302e-03 +1.1155e+00 +2.7775e+00
226 0 +1.041372492e+01 -3.324762751e+02 -3.324762751e+02 +1.4234e+00 -1.4376e+00 +3.1630e+00
231 0 +3.791921669e+00 -3.390980783e+02 -3.390980783e+02 +1.4435e+00 -8.0895e-01 +3.7556e+00
316 0 +2.875001101e+00 -3.400149989e+02 -3.400149989e+02 +1.7978e+00 -1.4707e+00 +3.7486e+00
355 0 +2.132670382e+00 -3.407573296e+02 -3.407573296e+02 +1.5941e+00 -1.0713e+00 +3.7268e+00
415 0 +1.575039610e+00 -3.413149604e+02 -3.413149604e+02 +2.2040e+00 -3.1755e+00 +3.5969e+00
464 0 +1.367246139e+00 -3.415227539e+02 -3.415227539e+02 +2.3069e+00 -2.8699e+00 +3.4700e+00
587 0 +6.181749404e-01 -3.422718251e+02 -3.422718251e+02 +2.5805e+00 -3.7686e+00 +3.2475e+00
675 0 +3.334787693e-01 -3.425565212e+02 -3.425565212e+02 +2.2034e+00 -2.5908e+00 +3.5321e+00
1515 0 +2.060791457e-01 -3.426839209e+02 -3.426839209e+02 +2.2555e+00 -2.8210e+00 +3.4722e+00
1567 0 +1.528892277e-01 -3.427371108e+02 -3.427371108e+02 +2.2411e+00 -2.7859e+00 +3.4650e+00
1810 0 +1.403403416e-01 -3.427496597e+02 -3.427496597e+02 +2.2377e+00 -2.7184e+00 +3.4805e+00
1826 0 +1.014581430e-01 -3.427885419e+02 -3.427885419e+02 +2.2404e+00 -2.7247e+00 +3.4887e+00
1852 0 +9.157929205e-02 -3.427984207e+02 -3.427984207e+02 +2.2505e+00 -2.7695e+00 +3.4697e+00
1859 0 +7.902516635e-02 -3.428109748e+02 -3.428109748e+02 +2.2359e+00 -2.7520e+00 +3.4812e+00
2272 0 +7.568348744e-02 -3.428143165e+02 -3.428143165e+02 +2.2477e+00 -2.7489e+00 +3.4702e+00
2337 0 +6.261373307e-02 -3.428273863e+02 -3.428273863e+02 +2.2349e+00 -2.7053e+00 +3.4894e+00
2343 0 +5.208590816e-02 -3.428379141e+02 -3.428379141e+02 +2.2402e+00 -2.7399e+00 +3.4793e+00
3130 0 +4.513578285e-02 -3.428448642e+02 -3.428448642e+02 +2.2438e+00 -2.7600e+00 +3.4743e+00
3158 0 +3.643893253e-02 -3.428535611e+02 -3.428535611e+02 +2.2428e+00 -2.7523e+00 +3.4767e+00
3830 0 +1.020405315e-02 -3.428797959e+02 -3.428797959e+02 +2.2428e+00 -2.7654e+00 +3.4744e+00
4977 0 +7.686062122e-03 -3.428823139e+02 -3.428823139e+02 +2.2424e+00 -2.7620e+00 +3.4753e+00
5030 0 +5.122761285e-03 -3.428848772e+02 -3.428848772e+02 +2.2436e+00 -2.7676e+00 +3.4733e+00
5119 0 +4.974209102e-03 -3.428850258e+02 -3.428850258e+02 +2.2437e+00 -2.7703e+00 +3.4730e+00
5502 0 +4.257538289e-03 -3.428857425e+02 -3.428857425e+02 +2.2443e+00 -2.7718e+00 +3.4728e+00
5543 0 +3.540376753e-03 -3.428864596e+02 -3.428864596e+02 +2.2440e+00 -2.7711e+00 +3.4726e+00
5869 0 +2.562795167e-03 -3.428874372e+02 -3.428874372e+02 +2.2432e+00 -2.7671e+00 +3.4737e+00
6185 0 +1.075480840e-03 -3.428889245e+02 -3.428889245e+02 +2.2439e+00 -2.7706e+00 +3.4729e+00
6573 0 +8.415028253e-04 -3.428891585e+02 -3.428891585e+02 +2.2440e+00 -2.7704e+00 +3.4729e+00
6646 0 +3.367273276e-04 -3.428896633e+02 -3.428896633e+02 +2.2440e+00 -2.7704e+00 +3.4728e+00
7109 0 +2.106460162e-04 -3.428897894e+02 -3.428897894e+02 +2.2440e+00 -2.7704e+00 +3.4728e+00
7273 0 +1.866625699e-04 -3.428898133e+02 -3.428898133e+02 +2.2440e+00 -2.7704e+00 +3.4728e+00
7329 0 +1.601442692e-04 -3.428898399e+02 -3.428898399e+02 +2.2440e+00 -2.7703e+00 +3.4728e+00
7518 0 +1.108456966e-04 -3.428898892e+02 -3.428898892e+02 +2.2441e+00 -2.7706e+00 +3.4728e+00
7979 0 +5.932208467e-05 -3.428899407e+02 -3.428899407e+02 +2.2440e+00 -2.7704e+00 +3.4728e+00
10405 0 +5.932208467e-05 -3.428899407e+02 -3.428899407e+02 +2.2440e+00 -2.7704e+00 +3.4728e+00
% f evaluations | g evaluations | best noise-free fitness - Fopt (9.102000000000e+01) + sum g_i+ | measured fitness | best measured fitness or single-digit g-values | x1 | x2...
1 0 +1.071244744e+02 +1.981444744e+02 +1.981444744e+02 +0.0000e+00 +0.0000e+00 +0.0000e+00
4 0 +5.212973788e+01 +1.431497379e+02 +1.431497379e+02 -1.4779e-01 -8.8389e-01 +3.8278e-01
7 0 +3.319335290e+01 +1.242133529e+02 +1.242133529e+02 -7.2286e-01 -5.3945e-01 +8.9461e-01
12 0 +2.658086687e+01 +1.176008669e+02 +1.176008669e+02 -4.6892e-01 +1.3330e+00 +1.5061e+00
13 0 +9.609384897e+00 +1.006293849e+02 +1.006293849e+02 +5.5280e-01 +1.6090e+00 +9.3933e-01
79 0 +8.612273236e+00 +9.963227324e+01 +9.963227324e+01 +1.9419e-01 +2.9195e-01 +2.3450e+00
102 0 +2.330199046e+00 +9.335019905e+01 +9.335019905e+01 +3.5593e-01 +1.0377e-01 +2.4357e+00
229 0 +1.445035313e+00 +9.246503531e+01 +9.246503531e+01 +6.4783e-01 -1.0718e+00 +3.2487e+00
380 0 +1.272033055e+00 +9.229203305e+01 +9.229203305e+01 +5.0808e-01 -7.2344e-01 +3.0329e+00
509 0 +4.195392799e-01 +9.143953928e+01 +9.143953928e+01 +6.0083e-01 -9.7428e-01 +3.3496e+00
1348 0 +2.010189671e-01 +9.122101897e+01 +9.122101897e+01 +5.7532e-01 -9.8253e-01 +3.3338e+00
1922 0 +1.017592102e-01 +9.112175921e+01 +9.112175921e+01 +5.5468e-01 -8.4112e-01 +3.2251e+00
2189 0 +5.776814396e-02 +9.107776814e+01 +9.107776814e+01 +5.5061e-01 -8.7551e-01 +3.2503e+00
2746 0 +4.583494956e-02 +9.106583495e+01 +9.106583495e+01 +5.6098e-01 -8.7967e-01 +3.2630e+00
2837 0 +2.580214634e-02 +9.104580215e+01 +9.104580215e+01 +5.6106e-01 -8.7599e-01 +3.2573e+00
3727 0 +2.290024630e-02 +9.104290025e+01 +9.104290025e+01 +5.6301e-01 -8.7633e-01 +3.2566e+00
3924 0 +1.994402417e-02 +9.103994402e+01 +9.103994402e+01 +5.6328e-01 -8.8496e-01 +3.2659e+00
3997 0 +9.996138453e-03 +9.102999614e+01 +9.102999614e+01 +5.6310e-01 -8.7994e-01 +3.2620e+00
6744 0 +9.746741909e-03 +9.102974674e+01 +9.102974674e+01 +5.6766e-01 -8.9716e-01 +3.2782e+00
7149 0 +9.454075324e-03 +9.102945408e+01 +9.102945408e+01 +5.6768e-01 -8.9734e-01 +3.2783e+00
8982 0 +8.942435945e-03 +9.102894244e+01 +9.102894244e+01 +5.6776e-01 -8.9764e-01 +3.2786e+00
9503 0 +8.644720722e-03 +9.102864472e+01 +9.102864472e+01 +5.6781e-01 -8.9787e-01 +3.2788e+00
10536 0 +8.480651872e-03 +9.102848065e+01 +9.102848065e+01 +5.6774e-01 -8.9762e-01 +3.2786e+00
13499 0 +8.244072514e-03 +9.102824407e+01 +9.102824407e+01 +5.6773e-01 -8.9755e-01 +3.2785e+00
15831 0 +8.064203360e-03 +9.102806420e+01 +9.102806420e+01 +5.6774e-01 -8.9757e-01 +3.2786e+00
18445 0 +8.052057859e-03 +9.102805206e+01 +9.102805206e+01 +5.6774e-01 -8.9757e-01 +3.2786e+00
% f evaluations | g evaluations | best noise-free fitness - Fopt (7.324200000000e+02) + sum g_i+ | measured fitness | best measured fitness or single-digit g-values | x1 | x2...
1 0 +4.767076839e+01 +7.800907684e+02 +7.800907684e+02 +0.0000e+00 +0.0000e+00 +0.0000e+00
3 0 +3.446279821e+01 +7.668827982e+02 +7.668827982e+02 +8.4003e-01 +6.0506e-01 -7.6663e-01
36 0 +1.684715715e+01 +7.492671572e+02 +7.492671572e+02 +1.4379e+00 -1.3418e+00 -1.5999e-01
74 0 +1.157508997e+01 +7.439950900e+02 +7.439950900e+02 +1.1752e+00 -1.9778e+00 -1.2317e+00
119 0 +6.074458500e+00 +7.384944585e+02 +7.384944585e+02 +1.8574e+00 -2.0597e+00 -1.0143e+00
269 0 +5.806234631e+00 +7.382262346e+02 +7.382262346e+02 +7.9923e-01 -2.2604e+00 -4.0387e-01
350 0 +5.261950272e+00 +7.376819503e+02 +7.376819503e+02 +1.2249e+00 -2.0145e+00 -2.3503e-01
366 0 +4.866458599e+00 +7.372864586e+02 +7.372864586e+02 +8.1199e-01 -2.2190e+00 -1.5022e-01
421 0 +4.424832581e+00 +7.368448326e+02 +7.368448326e+02 -1.2866e-01 -2.2339e+00 +7.6334e-01
458 0 +3.255773780e+00 +7.356757738e+02 +7.356757738e+02 -4.9277e-01 -2.1747e+00 +1.1699e+00
460 0 +2.932895952e+00 +7.353528960e+02 +7.353528960e+02 +3.0167e-01 -2.1907e+00 +2.9586e-01
607 0 +1.698167633e+00 +7.341181676e+02 +7.341181676e+02 -6.6416e-01 -2.2182e+00 +1.1204e+00
766 0 +1.162939236e+00 +7.335829392e+02 +7.335829392e+02 -2.2611e+00 -2.3762e+00 +2.0097e+00
808 0 +1.105738613e+00 +7.335257386e+02 +7.335257386e+02 -2.9886e+00 -2.4326e+00 +2.0957e+00
836 0 +7.287011747e-01 +7.331487012e+02 +7.331487012e+02 -2.6622e+00 -2.3805e+00 +2.2282e+00
884 0 +6.905309136e-01 +7.331105309e+02 +7.331105309e+02 -2.1676e+00 -2.3190e+00 +1.9945e+00
973 0 +2.224084172e-01 +7.326424084e+02 +7.326424084e+02 -2.8137e+00 -2.3924e+00 +2.1861e+00
1085 0 +1.584625258e-01 +7.325784625e+02 +7.325784625e+02 -2.5841e+00 -2.3631e+00 +2.1338e+00
1273 0 +1.531870829e-01 +7.325731871e+02 +7.325731871e+02 -2.7226e+00 -2.3814e+00 +2.2010e+00
1282 0 +1.407638240e-01 +7.325607638e+02 +7.325607638e+02 -2.7679e+00 -2.3890e+00 +2.2014e+00
1344 0 +1.269396987e-01 +7.325469397e+02 +7.325469397e+02 -2.7644e+00 -2.3828e+00 +2.1906e+00
1411 0 +1.063328033e-01 +7.325263328e+02 +7.325263328e+02 -2.6718e+00 -2.3729e+00 +2.1825e+00
1436 0 +5.622407096e-02 +7.324762241e+02 +7.324762241e+02 -2.6859e+00 -2.3763e+00 +2.1608e+00
1653 0 +3.205647801e-02 +7.324520565e+02 +7.324520565e+02 -2.7907e+00 -2.3896e+00 +2.2050e+00
2120 0 +1.867503744e-02 +7.324386750e+02 +7.324386750e+02 -2.7535e+00 -2.3839e+00 +2.1862e+00
3123 0 +8.929112513e-03 +7.324289291e+02 +7.324289291e+02 -2.7225e+00 -2.3804e+00 +2.1769e+00
3938 0 +7.718716374e-03 +7.324277187e+02 +7.324277187e+02 -2.7345e+00 -2.3819e+00 +2.1797e+00
3942 0 +3.899108893e-03 +7.324238991e+02 +7.324238991e+02 -2.7396e+00 -2.3826e+00 +2.1813e+00
4031 0 +3.499567964e-03 +7.324234996e+02 +7.324234996e+02 -2.7357e+00 -2.3821e+00 +2.1803e+00
4225 0 +3.110492264e-03 +7.324231105e+02 +7.324231105e+02 -2.7418e+00 -2.3827e+00 +2.1830e+00
4400 0 +2.711289835e-03 +7.324227113e+02 +7.324227113e+02 -2.7360e+00 -2.3820e+00 +2.1805e+00
4440 0 +1.407698508e-03 +7.324214077e+02 +7.324214077e+02 -2.7394e+00 -2.3825e+00 +2.1817e+00
4872 0 +1.249457704e-03 +7.324212495e+02 +7.324212495e+02 -2.7384e+00 -2.3823e+00 +2.1815e+00
5080 0 +6.943625352e-04 +7.324206944e+02 +7.324206944e+02 -2.7393e+00 -2.3824e+00 +2.1816e+00
5756 0 +6.013992798e-04 +7.324206014e+02 +7.324206014e+02 -2.7391e+00 -2.3824e+00 +2.1815e+00
6112 0 +2.346111266e-04 +7.324202346e+02 +7.324202346e+02 -2.7391e+00 -2.3824e+00 +2.1815e+00
6311 0 +2.298369177e-04 +7.324202298e+02 +7.324202298e+02 -2.7390e+00 -2.3824e+00 +2.1815e+00
9685 0 +2.298369177e-04 +7.324202298e+02 +7.324202298e+02 -2.7390e+00 -2.3824e+00 +2.1815e+00
% f evaluations | g evaluations | best noise-free fitness - Fopt (3.542000000000e+01) + sum g_i+ | measured fitness | best measured fitness or single-digit g-values | x1 | x2...
1 0 +7.517346473e+01 +1.105934647e+02 +1.105934647e+02 +0.0000e+00 +0.0000e+00 +0.0000e+00
4 0 +3.818914733e+01 +7.360914733e+01 +7.360914733e+01 +9.6600e-01 -7.9898e-01 +3.8163e-01
20 0 +2.982530193e+01 +6.524530193e+01 +6.524530193e+01 +5.8806e-01 -1.7602e+00 +4.1462e-01
46 0 +2.789849096e+01 +6.331849096e+01 +6.331849096e+01 +1.2114e+00 -1.6001e+00 +1.0956e-01
69 0 +2.392316312e+01 +5.934316312e+01 +5.934316312e+01 +1.3740e+00 -2.9364e+00 -2.5153e-01
74 0 +2.258636298e+01 +5.800636298e+01 +5.800636298e+01 +1.8966e+00 -2.3013e+00 +6.0947e-01
77 0 +1.330668116e+01 +4.872668116e+01 +4.872668116e+01 +2.7477e+00 -2.7419e+00 +4.3013e-02
94 0 +1.258028448e+01 +4.800028448e+01 +4.800028448e+01 +3.7654e+00 -2.6875e+00 +4.7649e-01
141 0 +6.473245516e+00 +4.189324552e+01 +4.189324552e+01 +3.5509e+00 -2.2828e+00 -7.1096e-02
192 0 +5.595599260e+00 +4.101559926e+01 +4.101559926e+01 +3.3789e+00 -3.0033e+00 +1.7750e-03
222 0 +2.323000692e+00 +3.774300069e+01 +3.774300069e+01 +3.3438e+00 -2.6766e+00 -3.9335e-01
313 0 +2.055853523e+00 +3.747585352e+01 +3.747585352e+01 +3.4936e+00 -2.1909e+00 -7.6496e-01
550 0 +2.000791259e+00 +3.742079126e+01 +3.742079126e+01 +4.0523e+00 -2.1908e+00 -6.7971e-01
666 0 +1.558837208e+00 +3.697883721e+01 +3.697883721e+01 +3.4806e+00 -2.5673e+00 -4.5531e-01
683 0 +9.230211790e-01 +3.634302118e+01 +3.634302118e+01 +3.9410e+00 -2.0985e+00 -8.0379e-01
1288 0 +8.646857536e-01 +3.628468575e+01 +3.628468575e+01 +3.8459e+00 -2.1633e+00 -8.1307e-01
1316 0 +8.222747839e-01 +3.624227478e+01 +3.624227478e+01 +3.5636e+00 -2.4565e+00 -5.9621e-01
1331 0 +4.750905228e-01 +3.589509052e+01 +3.589509052e+01 +3.5881e+00 -2.4542e+00 -5.6746e-01
1338 0 +4.183367906e-01 +3.583833679e+01 +3.583833679e+01 +3.7297e+00 -2.3602e+00 -6.1832e-01
1413 0 +3.523495163e-01 +3.577234952e+01 +3.577234952e+01 +3.7325e+00 -2.3073e+00 -6.8451e-01
1633 0 +3.343973112e-01 +3.575439731e+01 +3.575439731e+01 +3.6312e+00 -2.4969e+00 -4.9867e-01
1675 0 +2.645985676e-01 +3.568459857e+01 +3.568459857e+01 +3.6904e+00 -2.3684e+00 -6.4405e-01
2060 0 +2.261830458e-01 +3.564618305e+01 +3.564618305e+01 +3.6104e+00 -2.4505e+00 -5.6440e-01
3658 0 +2.132662068e-01 +3.563326621e+01 +3.563326621e+01 +3.5474e+00 -2.6187e+00 -4.1355e-01
3787 0 +1.887993172e-01 +3.560879932e+01 +3.560879932e+01 +3.5234e+00 -2.6154e+00 -4.2301e-01
3989 0 +1.837830569e-01 +3.560378306e+01 +3.560378306e+01 +3.5232e+00 -2.6285e+00 -4.1336e-01
4060 0 +1.535549121e-01 +3.557355491e+01 +3.557355491e+01 +3.5291e+00 -2.6283e+00 -4.0939e-01
4617 0 +1.231250325e-01 +3.554312503e+01 +3.554312503e+01 +3.5278e+00 -2.6217e+00 -4.1576e-01
5200 0 +1.188052299e-01 +3.553880523e+01 +3.553880523e+01 +3.5229e+00 -2.6262e+00 -4.1253e-01
5403 0 +1.016677525e-01 +3.552166775e+01 +3.552166775e+01 +3.5239e+00 -2.6258e+00 -4.1294e-01
7518 0 +9.713562002e-02 +3.551713562e+01 +3.551713562e+01 +3.5238e+00 -2.6265e+00 -4.1232e-01
7834 0 +9.246721647e-02 +3.551246722e+01 +3.551246722e+01 +3.5235e+00 -2.6269e+00 -4.1199e-01
16309 0 +9.143781210e-02 +3.551143781e+01 +3.551143781e+01 +3.5234e+00 -2.6270e+00 -4.1186e-01
