% f evaluations | g evaluations | best noise-free fitness - Fopt (1.000000000000e+03) + sum g_i+ | measured fitness | best measured fitness or single-digit g-values | x1 | x2...
1 0 +4.236494560e+02 +1.423649456e+03 +1.423649456e+03 +0.0000e+00 +0.0000e+00 +0.0000e+00
3 0 +2.042371857e+02 +1.204237186e+03 +1.204237186e+03 -4.2832e-01 +1.4267e+00 +1.6013e+00
7 0 +1.408907473e+02 +1.140890747e+03 +1.140890747e+03 -1.4412e+00 -2.0554e-01 +1.4494e+00
23 0 +1.295174571e+02 +1.129517457e+03 +1.129517457e+03 -1.0707e+00 +1.0833e-01 +2.1613e+00
30 0 +1.264438798e+02 +1.126443880e+03 +1.126443880e+03 -1.4110e+00 +3.1512e-01 +1.8281e+00
31 0 +4.820509899e+01 +1.048205099e+03 +1.048205099e+03 -2.4571e+00 -4.3483e-01 +3.4477e+00
62 0 +4.579891797e+01 +1.045798918e+03 +1.045798918e+03 -2.4799e+00 +2.3575e+00 +2.4601e+00
66 0 +2.255841818e+01 +1.022558418e+03 +1.022558418e+03 -2.6015e+00 +2.0141e+00 +3.9137e+00
71 0 +1.870005531e+01 +1.018700055e+03 +1.018700055e+03 -3.0029e+00 +1.8357e+00 +3.8737e+00
90 0 +1.664520176e+01 +1.016645202e+03 +1.016645202e+03 -3.9243e+00 +2.5333e+00 +2.9664e+00
110 0 +1.248926596e+01 +1.012489266e+03 +1.012489266e+03 -3.1751e+00 +2.9949e+00 +3.4590e+00
147 0 +8.332131488e+00 +1.008332131e+03 +1.008332131e+03 -3.0719e+00 +2.1332e+00 +3.4483e+00
272 0 +7.262578424e+00 +1.007262578e+03 +1.007262578e+03 -2.6498e+00 +2.5994e+00 +3.4316e+00
474 0 +2.607075112e+00 +1.002607075e+03 +1.002607075e+03 -3.3410e+00 +2.5203e+00 +3.6754e+00
3810 0 +1.923506410e+00 +1.001923506e+03 +1.001923506e+03 -2.3371e+00 +2.6096e+00 +4.0233e+00
4189 0 +1.290504725e+00 +1.001290505e+03 +1.001290505e+03 -3.0925e+00 +3.0355e+00 +3.6294e+00
4623 0 +4.315201065e-01 +1.000431520e+03 +1.000431520e+03 -3.0682e+00 +2.9964e+00 +3.6158e+00
14236 0 +3.867346027e-01 +1.000386735e+03 +1.000386735e+03 -3.0626e+00 +2.9840e+00 +3.6265e+00
30001 0 +3.867346027e-01 +1.000386735e+03 +1.000386735e+03 -3.0626e+00 +2.9840e+00 +3.6265e+00
% f evaluations | g evaluations | best noise-free fitness - Fopt (7.003000000000e+01) + sum g_i+ | measured fitness | best measured fitness or single-digit g-values | x1 | x2...
1 0 +1.296769467e+02 +1.997069467e+02 +1.997069467e+02 +0.0000e+00 +0.0000e+00 +0.0000e+00
2 0 +7.663447977e+01 +1.466644798e+02 +1.466644798e+02 -4.6330e-02 -7.1437e-01 -7.0906e-01
6 0 +5.797326175e+01 +1.280032617e+02 +1.280032617e+02 +5.0209e-01 -1.3012e+00 -9.9849e-01
10 0 +4.506844606e+01 +1.150984461e+02 +1.150984461e+02 +1.3929e+00 -1.4791e+00 -6.7397e-01
18 0 +4.430273926e+01 +1.143327393e+02 +1.143327393e+02 -1.6461e-01 -1.4614e+00 -9.6169e-01
20 0 +4.247373350e+01 +1.125037335e+02 +1.125037335e+02 +8.7121e-01 -1.1435e+00 -1.1700e+00
30 0 +4.081182402e+01 +1.108418240e+02 +1.108418240e+02 +5.1627e-01 -1.2557e+00 -6.4059e-01
36 0 +3.745432023e+01 +1.074843202e+02 +1.074843202e+02 +6.3957e-01 -5.6722e-01 -1.2001e+00
45 0 +3.524183618e+01 +1.052718362e+02 +1.052718362e+02 -1.0045e-01 -1.4858e+00 -1.6630e+00
55 0 +3.326624990e+01 +1.032962499e+02 +1.032962499e+02 +1.3184e+00 -1.2922e+00 -1.4314e+00
96 0 +2.861075895e+01 +9.864075895e+01 +9.864075895e+01 +4.0162e-01 -1.0249e+00 -1.7919e+00
100 0 +2.228979747e+01 +9.231979747e+01 +9.231979747e+01 -2.8151e-01 -1.1719e+00 -2.0932e+00
110 0 +1.125192222e+01 +8.128192222e+01 +8.128192222e+01 +2.7845e-02 -7.9651e-01 -3.0320e+00
116 0 +1.107535895e+01 +8.110535895e+01 +8.110535895e+01 -1.7205e-01 -1.7400e+00 -2.7825e+00
134 0 +1.007162834e+01 +8.010162834e+01 +8.010162834e+01 -2.7290e-01 -1.3813e+00 -2.9912e+00
178 0 +3.210108230e+00 +7.324010823e+01 +7.324010823e+01 -4.0746e-01 -2.1353e+00 -3.0622e+00
332 0 +2.308933146e+00 +7.233893315e+01 +7.233893315e+01 -6.0676e-01 -1.8254e+00 -3.3684e+00
2951 0 +2.140518778e+00 +7.217051878e+01 +7.217051878e+01 -6.2214e-01 -2.6147e+00 -3.5932e+00
3084 0 +1.355005753e+00 +7.138500575e+01 +7.138500575e+01 -1.3326e+00 -3.0422e+00 -3.8728e+00
5199 0 +1.248929659e+00 +7.127892966e+01 +7.127892966e+01 -8.6661e-01 -2.5251e+00 -4.0321e+00
5748 0 +9.230759524e-01 +7.095307595e+01 +7.095307595e+01 -8.5890e-01 -2.4728e+00 -4.0074e+00
5857 0 +3.565879703e-01 +7.038658797e+01 +7.038658797e+01 -8.7448e-01 -2.5071e+00 -3.9959e+00
5905 0 +2.571264388e-01 +7.028712644e+01 +7.028712644e+01 -8.5284e-01 -2.4898e+00 -4.0029e+00
6012 0 +2.303717288e-01 +7.026037173e+01 +7.026037173e+01 -8.4629e-01 -2.4726e+00 -3.9782e+00
6088 0 +7.917444169e-02 +7.010917444e+01 +7.010917444e+01 -8.4981e-01 -2.4940e+00 -3.9944e+00
6149 0 +6.597372512e-02 +7.009597373e+01 +7.009597373e+01 -8.5699e-01 -2.5077e+00 -3.9791e+00
6156 0 +2.124528426e-03 +7.003212453e+01 +7.003212453e+01 -8.4946e-01 -2.4947e+00 -3.9805e+00
6529 0 +6.397471971e-04 +7.003063975e+01 +7.003063975e+01 -8.5100e-01 -2.4962e+00 -3.9819e+00
6855 0 +3.964039269e-04 +7.003039640e+01 +7.003039640e+01 -8.5103e-01 -2.4962e+00 -3.9823e+00
6893 0 +2.993359138e-04 +7.003029934e+01 +7.003029934e+01 -8.5076e-01 -2.4963e+00 -3.9819e+00
6938 0 +3.526815402e-05 +7.003003527e+01 +7.003003527e+01 -8.5048e-01 -2.4963e+00 -3.9825e+00
7215 0 +1.161167805e-05 +7.003001161e+01 +7.003001161e+01 -8.5030e-01 -2.4958e+00 -3.9824e+00
7405 0 +1.041019280e-05 +7.003001041e+01 +7.003001041e+01 -8.5047e-01 -2.4960e+00 -3.9824e+00
7431 0 +4.627370870e-06 +7.003000463e+01 +7.003000463e+01 -8.5045e-01 -2.4961e+00 -3.9824e+00
7525 0 +1.208841212e-06 +7.003000121e+01 +7.003000121e+01 -8.5044e-01 -2.4960e+00 -3.9824e+00
7529 0 +9.563019745e-07 +7.003000096e+01 +7.003000096e+01 -8.5040e-01 -2.4960e+00 -3.9824e+00
7644 0 +9.292545542e-07 +7.003000093e+01 +7.003000093e+01 -8.5037e-01 -2.4960e+00 -3.9824e+00
7760 0 +7.537302338e-07 +7.003000075e+01 +7.003000075e+01 -8.5043e-01 -2.4960e+00 -3.9824e+00
7797 0 +3.372092579e-07 +7.003000034e+01 +7.003000034e+01 -8.5041e-01 -2.4960e+00 -3.9824e+00
7881 0 +2.733005289e-07 +7.003000027e+01 +7.003000027e+01 -8.5041e-01 -2.4960e+00 -3.9824e+00
7929 0 +1.842232535e-07 +7.003000018e+01 +7.003000018e+01 -8.5038e-01 -2.4960e+00 -3.9824e+00
7963 0 +8.198784940e-08 +7.003000008e+01 +7.003000008e+01 -8.5039e-01 -2.4960e+00 -3.9824e+00
8102 0 +8.056460388e-08 +7.003000008e+01 +7.003000008e+01 -8.5040e-01 -2.4960e+00 -3.9824e+00
8175 0 +6.217896953e-08 +7.003000006e+01 +7.003000006e+01 -8.5041e-01 -2.4960e+00 -3.9824e+00
8192 0 +3.993604025e-08 +7.003000004e+01 +7.003000004e+01 -8.5040e-01 -2.4960e+00 -3.9824e+00
8193 0 +6.819817600e-09 +7.003000001e+01 +7.003000001e+01 -8.5040e-01 -2.4960e+00 -3.9824e+00
8965 0 +5.532285741e-11 +7.003000000e+01 +7.003000000e+01 -8.5040e-01 -2.4960e+00 -3.9824e+00
% f evaluations | g evaluations | best noise-free fitness - Fopt (-4.822000000000e+01) + sum g_i+ | measured fitness | best measured fitness or single-digit g-values | x1 | x2...
1 0 +2.095914222e+02 +1.613714222e+02 +1.613714222e+02 +0.0000e+00 +0.0000e+00 +0.0000e+00
2 0 +5.365549324e+01 +5.435493237e+00 +5.435493237e+00 -1.5758e+00 +2.5827e-01 -1.2424e+00
15 0 +3.263007761e+01 -1.558992239e+01 -1.558992239e+01 -9.3626e-01 -4.4355e-01 -2.1150e+00
40 0 +1.115848849e+01 -3.706151151e+01 -3.706151151e+01 -6.4223e-01 -6.1165e-01 -2.3665e+00
158 0 +1.092151064e+01 -3.729848936e+01 -3.729848936e+01 -1.5515e+00 -5.6227e-01 -2.4709e+00
175 0 +9.892895339e+00 -3.832710466e+01 -3.832710466e+01 -2.2715e+00 -6.0948e-01 -2.4212e+00
211 0 +9.016104902e+00 -3.920389510e+01 -3.920389510e+01 -1.9587e+00 -2.1768e-01 -2.1062e+00
333 0 +3.306003360e+00 -4.491399664e+01 -4.491399664e+01 -2.4141e+00 -5.7158e-01 -2.2421e+00
856 0 +2.549472534e+00 -4.567052747e+01 -4.567052747e+01 -1.6477e+00 -1.7776e+00 -2.3539e+00
1144 0 +1.408286189e+00 -4.681171381e+01 -4.681171381e+01 -1.4963e+00 -6.5408e-01 -2.6299e+00
9407 0 +1.232597089e+00 -4.698740291e+01 -4.698740291e+01 -1.8417e+00 -1.0064e+00 -1.6798e+00
21145 0 +1.232597089e+00 -4.698740291e+01 -4.698740291e+01 -1.8417e+00 -1.0064e+00 -1.6798e+00
% f evaluations | g evaluations | best noise-free fitness - Fopt (2.547000000000e+01) + sum g_i+ | measured fitness | best measured fitness or single-digit g-values | x1 | x2...
1 0 +3.449735612e+02 +3.704435612e+02 +3.704435612e+02 +0.0000e+00 +0.0000e+00 +0.0000e+00
3 0 +1.819171504e+02 +2.073871504e+02 +2.073871504e+02 +1.8284e-01 -1.3407e+00 -9.0847e-02
4 0 +1.305148451e+02 +1.559848451e+02 +1.559848451e+02 -1.0050e+00 -7.1203e-01 -1.0949e+00
26 0 +8.117650084e+01 +1.066465008e+02 +1.066465008e+02 -1.3039e+00 -1.8372e+00 -3.3052e-01
46 0 +7.645061307e+01 +1.019206131e+02 +1.019206131e+02 -9.7956e-01 -1.8965e+00 -1.4577e+00
53 0 +4.585930986e+01 +7.132930986e+01 +7.132930986e+01 -1.4285e+00 -2.4698e+00 -1.8921e+00
98 0 +2.986218827e+01 +5.533218827e+01 +5.533218827e+01 -3.4302e+00 -2.6162e+00 -3.7132e-01
105 0 +1.605752773e+01 +4.152752773e+01 +4.152752773e+01 -2.9088e+00 -2.8468e+00 -1.3221e+00
158 0 +1.439100714e+01 +3.986100714e+01 +3.986100714e+01 -3.2745e+00 -2.2114e+00 -6.0298e-01
163 0 +8.662366334e+00 +3.413236633e+01 +3.413236633e+01 -3.3091e+00 -2.2393e+00 -5.4770e-01
167 0 +5.348526626e+00 +3.081852663e+01 +3.081852663e+01 -4.1320e+00 -1.5861e+00 -1.8185e+00
478 0 +4.713934910e+00 +3.018393491e+01 +3.018393491e+01 -3.7309e+00 -1.8935e+00 -1.2773e+00
610 0 +2.418865908e+00 +2.788886591e+01 +2.788886591e+01 -3.8086e+00 -1.9107e+00 -1.0726e+00
617 0 +5.863380394e-01 +2.605633804e+01 +2.605633804e+01 -3.7855e+00 -1.9317e+00 -1.1698e+00
11115 0 +3.202929440e-01 +2.579029294e+01 +2.579029294e+01 -3.7742e+00 -1.9066e+00 -1.1544e+00
30001 0 +3.202929440e-01 +2.579029294e+01 +2.579029294e+01 -3.7742e+00 -1.9066e+00 -1.1544e+00
% f evaluations | g evaluations | best noise-free fitness - Fopt (-1.008100000000e+02) + sum g_i+ | measured fitness | best measured fitness or single-digit g-values | x1 | x2...
1 0 +4.702658538e+01 -5.378341462e+01 -5.378341462e+01 +0.0000e+00 +0.0000e+00 +0.0000e+00
2 0 +4.157813240e+01 -5.923186760e+01 -5.923186760e+01 +1.0332e+00 +7.6298e-01 +1.0990e+00
3 0 +1.356542380e+01 -8.724457620e+01 -8.724457620e+01 -1.0822e+00 +1.4696e+00 +1.1955e+00
8 0 +1.196302149e+01 -8.884697851e+01 -8.884697851e+01 +9.0696e-01 +3.0251e-01 +5.9413e-01
19 0 +9.798721306e+00 -9.101127869e+01 -9.101127869e+01 +5.5341e-01 +6.7355e-01 +1.6113e+00
36 0 +8.750469740e+00 -9.205953026e+01 -9.205953026e+01 +6.5950e-01 +8.2259e-01 +2.4240e+00
106 0 +8.630471300e+00 -9.217952870e+01 -9.217952870e+01 +6.5935e-01 +2.6586e-01 +9.9055e-01
127 0 +5.964589746e+00 -9.484541025e+01 -9.484541025e+01 +1.2480e+00 +3.8863e-01 +1.0295e+00
170 0 +3.923248137e+00 -9.688675186e+01 -9.688675186e+01 +7.1120e-01 +5.3686e-01 +1.6289e+00
516 0 +2.421820777e+00 -9.838817922e+01 -9.838817922e+01 +1.8016e+00 -1.6915e-01 +1.6309e+00
2229 0 +1.044098409e+00 -9.976590159e+01 -9.976590159e+01 +1.2755e+00 +3.9431e-01 +9.6685e-01
7465 0 +1.044098409e+00 -9.976590159e+01 -9.976590159e+01 +1.2755e+00 +3.9431e-01 +9.6685e-01
% f evaluations | g evaluations | best noise-free fitness - Fopt (-3.531300000000e+02) + sum g_i+ | measured fitness | best measured fitness or single-digit g-values | x1 | x2...
1 0 +4.611803948e+01 -3.070119605e+02 -3.070119605e+02 +0.0000e+00 +0.0000e+00 +0.0000e+00
2 0 +1.586271207e+01 -3.372672879e+02 -3.372672879e+02 -1.2097e+00 +1.3584e+00 +2.4724e-01
49 0 +1.045645149e+01 -3.426735485e+02 -3.426735485e+02 -1.4922e+00 +3.5791e-01 -2.5981e-01
129 0 +8.991733894e+00 -3.441382661e+02 -3.441382661e+02 -2.5557e+00 +1.1920e+00 -1.2801e+00
146 0 +3.760639199e+00 -3.493693608e+02 -3.493693608e+02 -2.1376e+00 +4.8226e-01 -1.8748e+00
1025 0 +3.330940373e+00 -3.497990596e+02 -3.497990596e+02 -2.0483e+00 +9.9288e-01 -1.5565e+00
1645 0 +2.651171028e+00 -3.504788290e+02 -3.504788290e+02 -2.6032e+00 +6.0912e-01 -1.6805e+00
1663 0 +2.084787324e+00 -3.510452127e+02 -3.510452127e+02 -2.1181e+00 +4.2008e-01 -1.3242e+00
6310 0 +9.347467085e-01 -3.521952533e+02 -3.521952533e+02 -2.2122e+00 +5.1237e-01 -1.9956e+00
7717 0 +2.915661932e-01 -3.528384338e+02 -3.528384338e+02 -2.1961e+00 +5.1297e-01 -2.0011e+00
12721 0 +2.915661932e-01 -3.528384338e+02 -3.528384338e+02 -2.1961e+00 +5.1297e-01 -2.0011e+00
% f evaluations | g evaluations | best noise-free fitness - Fopt (8.716000000000e+01) + sum g_i+ | measured fitness | best measured fitness or single-digit g-values | x1 | x2...
1 0 +1.179484041e+02 +2.051084041e+02 +2.051084041e+02 +0.0000e+00 +0.0000e+00 +0.0000e+00
2 0 +5.634246961e+01 +1.435024696e+02 +1.435024696e+02 +1.1934e+00 -2.1502e-01 +3.5888e-01
3 0 +4.716601678e+01 +1.343260168e+02 +1.343260168e+02 +8.4667e-01 +1.3798e+00 +3.8135e-01
27 0 +4.631459583e+01 +1.334745958e+02 +1.334745958e+02 +2.2623e+00 +8.2817e-01 +5.1119e-01
41 0 +3.132963398e+01 +1.184896340e+02 +1.184896340e+02 +2.2281e+00 +1.9043e+00 -3.7519e-01
89 0 +1.625726571e+01 +1.034172657e+02 +1.034172657e+02 +1.9923e+00 -9.0472e-02 -8.1681e-01
166 0 +1.015428254e+01 +9.731428254e+01 +9.731428254e+01 +2.3075e+00 +2.1982e+00 -1.1994e+00
244 0 +9.354475522e+00 +9.651447552e+01 +9.651447552e+01 +2.1680e+00 +1.7328e+00 -1.8772e+00
266 0 +6.540607144e+00 +9.370060714e+01 +9.370060714e+01 +1.9567e+00 +9.2164e-01 -2.6052e+00
337 0 +5.218456972e+00 +9.237845697e+01 +9.237845697e+01 +1.5316e+00 +1.2539e+00 -2.2943e+00
479 0 +4.848049043e+00 +9.200804904e+01 +9.200804904e+01 +1.4224e+00 +1.3133e+00 -3.2590e+00
991 0 +3.711397124e+00 +9.087139712e+01 +9.087139712e+01 +2.2477e+00 +9.9147e-01 -2.3240e+00
1173 0 +2.035114685e+00 +8.919511468e+01 +8.919511468e+01 +1.9336e+00 +1.7842e+00 -2.1543e+00
3400 0 +1.586993584e+00 +8.874699358e+01 +8.874699358e+01 +1.9656e+00 +9.2366e-01 -2.7419e+00
3618 0 +1.512240980e+00 +8.867224098e+01 +8.867224098e+01 +1.6957e+00 +1.0943e+00 -3.0288e+00
4051 0 +1.060515248e+00 +8.822051525e+01 +8.822051525e+01 +2.1297e+00 +1.5609e+00 -2.9050e+00
5405 0 +7.941538906e-01 +8.795415389e+01 +8.795415389e+01 +1.9783e+00 +9.7916e-01 -2.7208e+00
8557 0 +7.941538906e-01 +8.795415389e+01 +8.795415389e+01 +1.9783e+00 +9.7916e-01 -2.7208e+00
% f evaluations | g evaluations | best noise-free fitness - Fopt (-3.475000000000e+01) + sum g_i+ | measured fitness | best measured fitness or single-digit g-values | x1 | x2...
1 0 +6.060428681e+01 +2.585428681e+01 +2.585428681e+01 +0.0000e+00 +0.0000e+00 +0.0000e+00
2 0 +4.493329711e+01 +1.018329711e+01 +1.018329711e+01 +9.8490e-01 +1.1461e+00 +1.6128e+00
3 0 +1.716957315e+01 -1.758042685e+01 -1.758042685e+01 +1.2612e+00 -5.5035e-02 -1.0349e+00
36 0 +1.414772532e+01 -2.060227468e+01 -2.060227468e+01 +1.6484e+00 -4.4055e-01 -2.3369e-01
71 0 +1.376880323e+01 -2.098119677e+01 -2.098119677e+01 +1.5640e+00 -6.5003e-01 +1.3447e-01
134 0 +1.068583728e+01 -2.406416272e+01 -2.406416272e+01 +1.9386e+00 +5.9272e-01 +3.1693e-01
386 0 +8.420756843e+00 -2.632924316e+01 -2.632924316e+01 +1.4751e+00 +1.5280e+00 -8.8006e-01
455 0 +6.675159234e+00 -2.807484077e+01 -2.807484077e+01 +2.6222e+00 +2.1994e+00 -3.9854e-01
527 0 +6.583601992e+00 -2.816639801e+01 -2.816639801e+01 +2.4545e+00 +1.3782e+00 -2.5998e-01
595 0 +4.588748106e+00 -3.016125189e+01 -3.016125189e+01 +2.7075e+00 +2.3712e+00 -3.5414e-01
712 0 +4.121699002e+00 -3.062830100e+01 -3.062830100e+01 +1.8882e+00 +2.4195e+00 -5.1994e-01
769 0 +3.143979729e+00 -3.160602027e+01 -3.160602027e+01 +2.4582e+00 +1.4023e+00 -2.0639e-01
1178 0 +2.263979785e+00 -3.248602021e+01 -3.248602021e+01 +2.5516e+00 +2.4177e+00 -9.6114e-01
2473 0 +1.699831855e+00 -3.305016815e+01 -3.305016815e+01 +1.9676e+00 +2.4726e+00 -4.4517e-01
3946 0 +4.512301468e-01 -3.429876985e+01 -3.429876985e+01 +2.3309e+00 +2.3782e+00 -4.0938e-01
16777 0 +4.512301468e-01 -3.429876985e+01 -3.429876985e+01 +2.3309e+00 +2.3782e+00 -4.0938e-01
% f evaluations | g evaluations | best noise-free fitness - Fopt (-1.000000000000e+03) + sum g_i+ | measured fitness | best measured fitness or single-digit g-values | x1 | x2...
1 0 +1.144789854e+02 -8.855210146e+02 -8.855210146e+02 +0.0000e+00 +0.0000e+00 +0.0000e+00
2 0 +6.532871673e+01 -9.346712833e+02 -9.346712833e+02 -1.5824e-01 -5.5807e-01 -1.5197e+00
5 0 +5.995679955e+01 -9.400432005e+02 -9.400432005e+02 -1.3385e+00 -1.1593e+00 -1.6076e+00
6 0 +5.189153326e+01 -9.481084667e+02 -9.481084667e+02 -1.1930e+00 -7.1554e-01 -1.4356e+00
26 0 +4.564370317e+01 -9.543562968e+02 -9.543562968e+02 -1.3510e+00 -1.0823e+00 -1.1123e+00
28 0 +3.292202200e+01 -9.670779780e+02 -9.670779780e+02 -1.0254e+00 -1.3783e+00 -9.5548e-01
44 0 +2.911267113e+01 -9.708873289e+02 -9.708873289e+02 -1.8174e+00 -1.8554e+00 -2.0926e+00
57 0 +2.360535472e+01 -9.763946453e+02 -9.763946453e+02 -2.0238e+00 -1.3447e+00 -1.8926e+00
145 0 +2.053042582e+01 -9.794695742e+02 -9.794695742e+02 -2.5972e+00 -2.3984e+00 -1.1185e+00
148 0 +2.020186746e+01 -9.797981325e+02 -9.797981325e+02 -2.5845e+00 -1.8912e+00 -1.6231e+00
166 0 +1.459321032e+01 -9.854067897e+02 -9.854067897e+02 -3.1771e+00 -1.8352e+00 -1.7396e+00
182 0 +1.186350097e+01 -9.881364990e+02 -9.881364990e+02 -2.9129e+00 -2.1201e+00 -1.4830e+00
214 0 +8.344490050e+00 -9.916555100e+02 -9.916555100e+02 -3.1976e+00 -1.9065e+00 -1.6836e+00
266 0 +7.831076174e+00 -9.921689238e+02 -9.921689238e+02 -3.9616e+00 -2.2814e+00 -8.2478e-01
382 0 +5.758631955e+00 -9.942413680e+02 -9.942413680e+02 -3.3145e+00 -2.6161e+00 -1.2595e+00
629 0 +5.637369933e+00 -9.943626301e+02 -9.943626301e+02 -4.0302e+00 -2.6919e+00 -1.4432e+00
799 0 +5.263588223e+00 -9.947364118e+02 -9.947364118e+02 -4.0915e+00 -2.7739e+00 -1.4101e+00
973 0 +5.196303876e+00 -9.948036961e+02 -9.948036961e+02 -4.0420e+00 -2.6974e+00 -1.3560e+00
998 0 +4.635046832e+00 -9.953649532e+02 -9.953649532e+02 -2.9573e+00 -2.8495e+00 -9.9033e-01
1112 0 +4.042628252e+00 -9.959573717e+02 -9.959573717e+02 -3.6886e+00 -2.7890e+00 +2.5697e-01
1281 0 +3.932702531e+00 -9.960672975e+02 -9.960672975e+02 -4.4670e+00 -3.2057e+00 -1.0819e+00
1722 0 +1.772995337e+00 -9.982270047e+02 -9.982270047e+02 -3.4190e+00 -3.4596e+00 +9.2049e-02
7877 0 +1.526349813e+00 -9.984736502e+02 -9.984736502e+02 -3.7424e+00 -3.2549e+00 -9.3554e-02
9037 0 +1.219326071e+00 -9.987806739e+02 -9.987806739e+02 -3.4404e+00 -3.4715e+00 +8.7705e-02
10039 0 +1.060220266e+00 -9.989397797e+02 -9.989397797e+02 -3.7453e+00 -3.1932e+00 -1.9820e-01
20846 0 +1.266067911e-01 -9.998733932e+02 -9.998733932e+02 -3.7585e+00 -3.2371e+00 -1.3158e-01
30001 0 +1.266067911e-01 -9.998733932e+02 -9.998733932e+02 -3.7585e+00 -3.2371e+00 -1.3158e-01
% f evaluations | g evaluations | best noise-free fitness - Fopt (-9.247000000000e+01) + sum g_i+ | measured fitness | best measured fitness or single-digit g-values | x1 | x2...
1 0 +9.865433210e+01 +6.184332101e+00 +6.184332101e+00 +0.0000e+00 +0.0000e+00 +0.0000e+00
2 0 +7.567807480e+01 -1.679192520e+01 -1.679192520e+01 +3.5994e-01 +9.9672e-01 +1.1349e+00
5 0 +6.919223434e+01 -2.327776566e+01 -2.327776566e+01 +1.5247e+00 +8.6755e-01 -1.0391e+00
13 0 +5.971599648e+01 -3.275400352e+01 -3.275400352e+01 +3.5064e-01 -1.2823e+00 +5.2119e-01
28 0 +5.761752849e+01 -3.485247151e+01 -3.485247151e+01 +1.8375e+00 +7.8509e-01 -7.3123e-01
29 0 +3.870230926e+01 -5.376769074e+01 -5.376769074e+01 +1.1858e+00 +1.4879e+00 -2.6377e-01
62 0 +3.247899229e+01 -5.999100771e+01 -5.999100771e+01 +1.4106e+00 +1.7079e+00 -6.4988e-01
112 0 +3.056020342e+01 -6.190979658e+01 -6.190979658e+01 +3.2077e+00 -1.2037e+00 +9.0544e-01
124 0 +1.620063462e+01 -7.626936538e+01 -7.626936538e+01 +2.3918e+00 +1.3148e+00 +8.3451e-01
140 0 +1.348877793e+01 -7.898122207e+01 -7.898122207e+01 +2.4094e+00 +1.2519e+00 +8.4115e-01
211 0 +5.434289262e+00 -8.703571074e+01 -8.703571074e+01 +2.7061e+00 +4.2254e-01 +2.4108e+00
304 0 +3.864045511e+00 -8.860595449e+01 -8.860595449e+01 +2.7664e+00 -1.3026e+00 +3.4746e+00
393 0 +2.711468187e+00 -8.975853181e+01 -8.975853181e+01 +3.0309e+00 -8.1389e-01 +4.1823e+00
956 0 +2.467911040e+00 -9.000208896e+01 -9.000208896e+01 +2.8646e+00 -2.2958e-01 +2.8959e+00
2378 0 +2.337036165e+00 -9.013296383e+01 -9.013296383e+01 +3.1920e+00 -8.6764e-01 +3.0109e+00
2517 0 +2.042140357e+00 -9.042785964e+01 -9.042785964e+01 +2.8829e+00 -2.8611e-01 +3.0059e+00
3233 0 +1.789616211e+00 -9.068038379e+01 -9.068038379e+01 +3.2094e+00 +2.7189e-01 +3.0442e+00
5403 0 +1.687912631e+00 -9.078208737e+01 -9.078208737e+01 +2.8899e+00 -2.7289e-01 +3.0216e+00
5599 0 +4.509706135e-01 -9.201902939e+01 -9.201902939e+01 +2.8728e+00 -1.8908e-01 +2.9220e+00
30001 0 +4.509706135e-01 -9.201902939e+01 -9.201902939e+01 +2.8728e+00 -1.8908e-01 +2.9220e+00
% f evaluations | g evaluations | best noise-free fitness - Fopt (-2.153000000000e+02) + sum g_i+ | measured fitness | best measured fitness or single-digit g-values | x1 | x2...
1 0 +5.677705300e+01 -1.585229470e+02 -1.585229470e+02 +0.0000e+00 +0.0000e+00 +0.0000e+00
5 0 +5.405118630e+01 -1.612488137e+02 -1.612488137e+02 -1.0436e+00 +8.7343e-01 -7.7644e-01
7 0 +3.876250898e+01 -1.765374910e+02 -1.765374910e+02 -2.1284e-01 +1.1522e+00 -1.4286e+00
17 0 +2.315817279e+01 -1.921418272e+02 -1.921418272e+02 -1.5762e+00 +1.7256e+00 -9.6041e-01
75 0 +8.103720064e+00 -2.071962799e+02 -2.071962799e+02 -1.9862e+00 +3.1378e+00 -1.4109e+00
295 0 +5.648352613e+00 -2.096516474e+02 -2.096516474e+02 -2.4283e+00 +2.8668e+00 -1.5465e+00
319 0 +4.366796569e+00 -2.109332034e+02 -2.109332034e+02 -3.0107e+00 +3.5505e+00 -1.3763e+00
681 0 +8.168333627e-01 -2.144831666e+02 -2.144831666e+02 -2.9514e+00 +3.4521e+00 -1.3169e+00
26688 0 +7.241287219e-01 -2.145758713e+02 -2.145758713e+02 -3.0160e+00 +3.5066e+00 -1.3773e+00
30001 0 +7.241287219e-01 -2.145758713e+02 -2.145758713e+02 -3.0160e+00 +3.5066e+00 -1.3773e+00
% f evaluations | g evaluations | best noise-free fitness - Fopt (-5.449000000000e+01) + sum g_i+ | measured fitness | best measured fitness or single-digit g-values | x1 | x2...
1 0 +2.219120079e+02 +1.674220079e+02 +1.674220079e+02 +0.0000e+00 +0.0000e+00 +0.0000e+00
3 0 +9.847896344e+01 +4.398896344e+01 +4.398896344e+01 +9.5974e-01 -3.3903e-01 -2.5614e-01
7 0 +7.872679735e+01 +2.423679735e+01 +2.423679735e+01 +1.4888e+00 +1.3321e+00 -6.7384e-01
21 0 +7.127507903e+01 +1.678507903e+01 +1.678507903e+01 +1.2115e+00 +9.6241e-01 -1.0287e+00
27 0 +5.473112854e+01 +2.411285414e-01 +2.411285414e-01 +1.7525e+00 +1.0050e+00 -5.6402e-01
39 0 +3.902072259e+01 -1.546927741e+01 -1.546927741e+01 +1.7883e+00 +5.1587e-01 -1.5934e+00
50 0 +3.476742374e+01 -1.972257626e+01 -1.972257626e+01 +3.0577e+00 -1.1106e+00 -1.9513e+00
62 0 +2.814833206e+01 -2.634166794e+01 -2.634166794e+01 +3.6217e+00 -4.2723e-01 -1.5976e+00
92 0 +1.740006662e+01 -3.708993338e+01 -3.708993338e+01 +3.6027e+00 -2.4274e-01 -8.0483e-01
278 0 +1.450735897e+01 -3.998264103e+01 -3.998264103e+01 +2.7777e+00 -1.1181e+00 -7.7389e-01
291 0 +1.216056159e+01 -4.232943841e+01 -4.232943841e+01 +2.7550e+00 -8.4617e-01 +1.5368e-01
499 0 +9.602117303e+00 -4.488788270e+01 -4.488788270e+01 +3.4178e+00 -1.9798e-01 +1.1238e+00
565 0 +5.100384705e+00 -4.938961529e+01 -4.938961529e+01 +2.5371e+00 -9.5537e-01 +1.1725e+00
599 0 +4.220545335e+00 -5.026945467e+01 -5.026945467e+01 +3.1944e+00 -1.2823e+00 +3.1016e+00
603 0 +2.502721589e+00 -5.198727841e+01 -5.198727841e+01 +3.3862e+00 -1.1944e+00 +1.8367e+00
802 0 +1.886443897e+00 -5.260355610e+01 -5.260355610e+01 +3.5490e+00 -7.8412e-01 +1.8463e+00
3340 0 +1.587365936e+00 -5.290263406e+01 -5.290263406e+01 +3.3950e+00 -1.1551e+00 +2.0357e+00
4044 0 +1.222499147e+00 -5.326750085e+01 -5.326750085e+01 +3.3943e+00 -1.1443e+00 +1.9604e+00
7801 0 +1.194983562e+00 -5.329501644e+01 -5.329501644e+01 +3.4079e+00 -1.5042e+00 +1.0347e+00
11280 0 +8.610678331e-01 -5.362893217e+01 -5.362893217e+01 +3.3660e+00 -1.1962e+00 +1.9336e+00
30001 0 +8.610678331e-01 -5.362893217e+01 -5.362893217e+01 +3.3660e+00 -1.1962e+00 +1.9336e+00
% f evaluations | g evaluations | best noise-free fitness - Fopt (5.049000000000e+01) + sum g_i+ | measured fitness | best measured fitness or single-digit g-values | x1 | x2...
1 0 +1.102093613e+02 +1.606993613e+02 +1.606993613e+02 +0.0000e+00 +0.0000e+00 +0.0000e+00
5 0 +1.026490933e+02 +1.531390933e+02 +1.531390933e+02 -7.3330e-01 +1.1758e+00 +1.0945e+00
6 0 +9.373959461e+01 +1.442295946e+02 +1.442295946e+02 +1.4133e+00 +1.0976e+00 -6.9544e-01
9 0 +7.392757641e+01 +1.244175764e+02 +1.244175764e+02 +1.3486e+00 -3.9491e-01 -2.3618e-01
13 0 +3.202519009e+01 +8.251519009e+01 +8.251519009e+01 +9.7821e-01 +6.3355e-01 +1.1550e+00
55 0 +2.956014010e+01 +8.005014010e+01 +8.005014010e+01 +2.5255e+00 +5.5405e-01 +5.5021e-01
65 0 +2.043389573e+01 +7.092389573e+01 +7.092389573e+01 +3.3192e+00 +2.5566e-01 +2.4955e+00
80 0 +6.369510169e+00 +5.685951017e+01 +5.685951017e+01 +3.5730e+00 -7.5091e-02 +2.0019e+00
304 0 +6.226176443e+00 +5.671617644e+01 +5.671617644e+01 +3.5387e+00 -2.1293e-01 +2.8911e+00
367 0 +4.375097547e+00 +5.486509755e+01 +5.486509755e+01 +3.3884e+00 +1.5416e-01 +3.4398e+00
985 0 +3.285384926e+00 +5.377538493e+01 +5.377538493e+01 +3.3787e+00 -5.3353e-01 +2.2136e+00
1225 0 +1.168185458e+00 +5.165818546e+01 +5.165818546e+01 +3.5674e+00 -1.5539e-01 +2.8812e+00
8310 0 +9.333564326e-01 +5.142335643e+01 +5.142335643e+01 +3.5619e+00 -1.6669e-01 +2.9953e+00
14233 0 +9.333564326e-01 +5.142335643e+01 +5.142335643e+01 +3.5619e+00 -1.6669e-01 +2.9953e+00
% f evaluations | g evaluations | best noise-free fitness - Fopt (-3.641300000000e+02) + sum g_i+ | measured fitness | best measured fitness or single-digit g-values | x1 | x2...
1 0 +1.204089730e+02 -2.437210270e+02 -2.437210270e+02 +0.0000e+00 +0.0000e+00 +0.0000e+00
11 0 +6.048293575e+01 -3.036470642e+02 -3.036470642e+02 -1.0092e+00 +2.5988e-01 +2.3880e-01
25 0 +4.832088071e+01 -3.158091193e+02 -3.158091193e+02 -1.6876e+00 +2.9481e-01 +8.1495e-01
27 0 +4.470031481e+01 -3.194296852e+02 -3.194296852e+02 -2.0169e+00 -9.7509e-01 +7.5776e-01
41 0 +3.609667529e+01 -3.280333247e+02 -3.280333247e+02 -1.8882e+00 +1.5493e-01 +1.9633e+00
54 0 +3.182224637e+01 -3.323077536e+02 -3.323077536e+02 -3.8904e+00 +3.5576e-01 +8.5724e-01
66 0 +2.793679141e+01 -3.361932086e+02 -3.361932086e+02 -3.3085e+00 -8.5081e-01 +3.6003e-01
78 0 +1.352855912e+01 -3.506014409e+02 -3.506014409e+02 -3.5330e+00 -4.4316e-01 +1.6524e+00
190 0 +1.319407311e+01 -3.509359269e+02 -3.509359269e+02 -3.1264e+00 -5.3153e-01 +3.8717e-01
195 0 +5.636027155e+00 -3.584939728e+02 -3.584939728e+02 -4.0840e+00 -6.6980e-01 +5.2985e-01
515 0 +4.140605850e+00 -3.599893942e+02 -3.599893942e+02 -3.4001e+00 -2.7960e-01 +4.9946e-01
1120 0 +2.309147709e+00 -3.618208523e+02 -3.618208523e+02 -3.1899e+00 -2.5148e-01 +1.1236e+00
4160 0 +2.215577214e+00 -3.619144228e+02 -3.619144228e+02 -4.6055e+00 -1.0695e+00 +6.6928e-01
4518 0 +1.475314276e+00 -3.626546857e+02 -3.626546857e+02 -4.3562e+00 -9.5100e-01 +1.2469e+00
8806 0 +1.228701242e+00 -3.629012988e+02 -3.629012988e+02 -3.9510e+00 -6.3037e-01 +6.1232e-01
15037 0 +1.228701242e+00 -3.629012988e+02 -3.629012988e+02 -3.9510e+00 -6.3037e-01 +6.1232e-01
% f evaluations | g evaluations | best noise-free fitness - Fopt (1.592700000000e+02) + sum g_i+ | measured fitness | best measured fitness or single-digit g-values | x1 | x2...
1 0 +4.454241971e+02 +6.046941971e+02 +6.046941971e+02 +0.0000e+00 +0.0000e+00 +0.0000e+00
2 0 +2.469955870e+02 +4.062655870e+02 +4.062655870e+02 -9.7513e-01 -2.9666e-01 +6.5690e-01
5 0 +2.082327038e+02 +3.675027038e+02 +3.675027038e+02 +4.2790e-01 -3.7260e-01 +7.6512e-01
15 0 +1.731770801e+02 +3.324470801e+02 +3.324470801e+02 +1.3774e-01 +7.1791e-01 +1.3956e+00
19 0 +1.630388555e+02 +3.223088555e+02 +3.223088555e+02 -2.5492e-01 -1.8180e+00 +1.5630e+00
26 0 +7.795540037e+01 +2.372254004e+02 +2.372254004e+02 +3.7259e-01 +1.0868e+00 +1.8204e+00
40 0 +5.807150001e+01 +2.173415000e+02 +2.173415000e+02 +1.5738e-01 -2.6587e-01 +2.0786e+00
51 0 +3.813304515e+01 +1.974030452e+02 +1.974030452e+02 +3.8245e-01 -1.0116e-01 +4.5052e+00
52 0 +3.773547037e+01 +1.970054704e+02 +1.970054704e+02 -1.0332e+00 -3.5880e-01 +4.2362e+00
53 0 +3.673090714e+01 +1.960009071e+02 +1.960009071e+02 +7.2182e-01 -1.2106e+00 +3.1462e+00
74 0 +3.436834860e+01 +1.936383486e+02 +1.936383486e+02 +2.7596e-01 -5.1865e-01 +2.9203e+00
81 0 +3.013035272e+01 +1.894003527e+02 +1.894003527e+02 +2.8390e-01 +2.9960e-01 +3.2856e+00
82 0 +2.605984767e+01 +1.853298477e+02 +1.853298477e+02 +1.2275e-01 +3.5686e-01 +3.4370e+00
83 0 +2.055488431e+01 +1.798248843e+02 +1.798248843e+02 -1.2086e+00 -1.6165e+00 +4.0036e+00
193 0 +1.837275542e+01 +1.776427554e+02 +1.776427554e+02 -2.2750e-01 +1.0737e-01 +4.2688e+00
238 0 +1.658592935e+01 +1.758559294e+02 +1.758559294e+02 -1.0601e+00 +2.1635e-01 +3.0085e+00
276 0 +1.588410869e+01 +1.751541087e+02 +1.751541087e+02 -7.0031e-01 -1.1079e+00 +3.2794e+00
311 0 +9.763826937e+00 +1.690338269e+02 +1.690338269e+02 -2.9818e-01 +1.0472e-03 +4.3056e+00
429 0 +9.258475661e+00 +1.685284757e+02 +1.685284757e+02 -1.0686e+00 -8.9402e-01 +3.9191e+00
446 0 +8.679754805e+00 +1.679497548e+02 +1.679497548e+02 -4.8589e-01 -1.0676e+00 +3.5674e+00
598 0 +6.839780602e+00 +1.661097806e+02 +1.661097806e+02 +1.2961e-01 -4.3031e-01 +4.2306e+00
713 0 +5.800328718e+00 +1.650703287e+02 +1.650703287e+02 -4.2127e-01 -1.0434e+00 +3.9221e+00
865 0 +3.426143206e+00 +1.626961432e+02 +1.626961432e+02 -4.3142e-01 -1.0793e+00 +4.2318e+00
1883 0 +2.322155273e+00 +1.615921553e+02 +1.615921553e+02 -9.3387e-01 -7.0884e-01 +3.9514e+00
2753 0 +1.777046701e+00 +1.610470467e+02 +1.610470467e+02 -1.1169e+00 -1.7805e+00 +3.9171e+00
3109 0 +1.177817529e+00 +1.604478175e+02 +1.604478175e+02 -2.3655e+00 -2.2057e+00 +3.9302e+00
6186 0 +2.327993990e-01 +1.595027994e+02 +1.595027994e+02 -1.6559e+00 -1.4472e+00 +3.9360e+00
20486 0 +1.254698655e-01 +1.593954699e+02 +1.593954699e+02 -1.6481e+00 -1.4370e+00 +3.9531e+00
20810 0 +1.174531023e-01 +1.593874531e+02 +1.593874531e+02 -1.6744e+00 -1.4619e+00 +3.9426e+00
20854 0 +1.066693091e-01 +1.593766693e+02 +1.593766693e+02 -1.6782e+00 -1.4527e+00 +3.9413e+00
20873 0 +3.849791525e-02 +1.593084979e+02 +1.593084979e+02 -1.6693e+00 -1.4570e+00 +3.9468e+00
20899 0 +3.957987787e-03 +1.592739580e+02 +1.592739580e+02 -1.6603e+00 -1.4437e+00 +3.9471e+00
21200 0 +3.137968284e-03 +1.592731380e+02 +1.592731380e+02 -1.6611e+00 -1.4465e+00 +3.9471e+00
21213 0 +1.960665527e-04 +1.592701961e+02 +1.592701961e+02 -1.6647e+00 -1.4465e+00 +3.9470e+00
21393 0 +1.637522992e-04 +1.592701638e+02 +1.592701638e+02 -1.6637e+00 -1.4463e+00 +3.9469e+00
21451 0 +1.439615486e-04 +1.592701440e+02 +1.592701440e+02 -1.6641e+00 -1.4462e+00 +3.9470e+00
21516 0 +1.183025589e-05 +1.592700118e+02 +1.592700118e+02 -1.6638e+00 -1.4462e+00 +3.9472e+00
21830 0 +4.641084246e-06 +1.592700046e+02 +1.592700046e+02 -1.6641e+00 -1.4464e+00 +3.9472e+00
21884 0 +7.467621401e-07 +1.592700007e+02 +1.592700007e+02 -1.6640e+00 -1.4464e+00 +3.9472e+00
22132 0 +5.167337349e-07 +1.592700005e+02 +1.592700005e+02 -1.6640e+00 -1.4464e+00 +3.9472e+00
22172 0 +3.523505256e-07 +1.592700004e+02 +1.592700004e+02 -1.6640e+00 -1.4464e+00 +3.9472e+00
22237 0 +2.440720550e-07 +1.592700002e+02 +1.592700002e+02 -1.6640e+00 -1.4464e+00 +3.9472e+00
22254 0 +1.225478741e-08 +1.592700000e+02 +1.592700000e+02 -1.6640e+00 -1.4464e+00 +3.9472e+00
22711 0 +7.590642781e-09 +1.592700000e+02 +1.592700000e+02 -1.6640e+00 -1.4464e+00 +3.9472e+00
23269 0 +8.324718692e-11 +1.592700000e+02 +1.592700000e+02 -1.6640e+00 -1.4464e+00 +3.9472e+00
