% f evaluations | g evaluations | best noise-free fitness - Fopt (-6.211100000000e+02) + sum g_i+ | measured fitness | best measured fitness or single-digit g-values | x1 | x2...
1 0 +3.275825074e+07 +3.275762963e+07 +3.275762963e+07 +0.0000e+00 +0.0000e+00 +0.0000e+00 +0.0000e+00 +0.0000e+00
4 0 +2.310103096e+07 +2.310040985e+07 +2.310040985e+07 +7.8027e-01 +5.8109e-01 -5.3828e-01 -8.3859e-01 -4.9018e-01
6 0 +1.520240351e+07 +1.520178240e+07 +1.520178240e+07 -1.4811e+00 +1.6480e+00 -1.5595e+00 -5.8625e-01 -6.0402e-01
39 0 +1.468998733e+07 +1.468936622e+07 +1.468936622e+07 -1.5097e+00 +1.3492e+00 -2.2124e+00 -1.1050e+00 -6.2098e-01
45 0 +1.152909033e+07 +1.152846922e+07 +1.152846922e+07 -6.3958e-01 +2.8361e+00 -8.1186e-01 -4.3700e-01 -4.7103e-01
75 0 +9.186461282e+06 +9.185840172e+06 +9.185840172e+06 -4.8368e-01 +2.6014e+00 -2.4023e-01 -1.2980e+00 +3.8501e-01
94 0 +6.328261137e+06 +6.327640027e+06 +6.327640027e+06 -1.3384e+00 +4.4793e+00 -1.1816e+00 -1.0971e+00 -6.1645e-01
197 0 +5.894436275e+06 +5.893815165e+06 +5.893815165e+06 -1.5666e+00 +3.5448e+00 -4.5401e-01 -1.3644e+00 -7.8499e-01
198 0 +5.400710033e+06 +5.400088923e+06 +5.400088923e+06 -1.2372e+00 +3.7823e+00 -1.6242e+00 -1.3245e+00 -4.2069e-01
207 0 +4.340563442e+06 +4.339942332e+06 +4.339942332e+06 -3.0517e-01 +3.8655e+00 -1.8687e+00 -1.4197e+00 -1.0704e+00
270 0 +2.546674573e+06 +2.546053463e+06 +2.546053463e+06 -9.2220e-01 +3.7062e+00 -1.3761e+00 -1.8053e+00 -1.3405e+00
294 0 +2.029919148e+06 +2.029298038e+06 +2.029298038e+06 -5.8776e-01 +4.0134e+00 -9.7418e-01 -2.2628e+00 -4.9004e-01
330 0 +2.349552663e+05 +2.343341563e+05 +2.343341563e+05 -1.3665e+00 +4.6871e+00 -1.6372e+00 -3.1023e+00 -1.4467e+00
504 0 +1.517155106e+05 +1.510944006e+05 +1.510944006e+05 -1.1484e+00 +4.3112e+00 -2.8735e-01 -3.3196e+00 -1.0482e+00
624 0 +1.411439711e+05 +1.405228611e+05 +1.405228611e+05 -1.4842e+00 +4.3352e+00 -2.7548e+00 -2.9098e+00 -2.0595e+00
632 0 +7.733440493e+04 +7.671329493e+04 +7.671329493e+04 -1.3627e+00 +4.3794e+00 -3.3019e+00 -2.7464e+00 -2.4034e+00
675 0 +3.958745901e+04 +3.896634901e+04 +3.896634901e+04 -1.1247e+00 +4.4094e+00 -2.3256e+00 -3.2353e+00 -1.6545e+00
740 0 +2.982627747e+04 +2.920516747e+04 +2.920516747e+04 -1.2643e+00 +4.3154e+00 -2.2727e+00 -3.0771e+00 -1.7664e+00
863 0 +2.772636222e+04 +2.710525222e+04 +2.710525222e+04 -1.0636e+00 +4.4128e+00 -2.5592e+00 -2.9363e+00 -1.9932e+00
891 0 +1.702488083e+04 +1.640377083e+04 +1.640377083e+04 -1.1332e+00 +4.5934e+00 -2.5513e+00 -2.9771e+00 -2.0667e+00
1150 0 +1.383263816e+04 +1.321152816e+04 +1.321152816e+04 -1.0480e+00 +4.1934e+00 -1.4452e+00 -3.3186e+00 -1.2912e+00
1155 0 +1.101723660e+04 +1.039612660e+04 +1.039612660e+04 -1.1621e+00 +4.3777e+00 -1.5738e+00 -3.1857e+00 -1.5023e+00
1183 0 +7.997344391e+03 +7.376234391e+03 +7.376234391e+03 -1.0343e+00 +4.2713e+00 -1.3404e+00 -3.4418e+00 -1.2757e+00
1203 0 +3.068678948e+03 +2.447568948e+03 +2.447568948e+03 -1.0438e+00 +4.2760e+00 -1.3106e+00 -3.3857e+00 -1.3054e+00
1549 0 +2.316753541e+03 +1.695643541e+03 +1.695643541e+03 -1.0999e+00 +4.2604e+00 -1.1715e+00 -3.4395e+00 -1.1646e+00
2007 0 +1.973059832e+03 +1.351949832e+03 +1.351949832e+03 -9.3438e-01 +4.0136e+00 +1.3324e-01 -3.8032e+00 -4.5346e-01
2086 0 +1.702970770e+03 +1.081860770e+03 +1.081860770e+03 -9.9788e-01 +4.1524e+00 -4.4012e-01 -3.5944e+00 -8.1427e-01
2135 0 +6.965674323e+02 +7.545743234e+01 +7.545743234e+01 -9.9104e-01 +4.1334e+00 -4.1551e-01 -3.6100e+00 -7.8425e-01
2471 0 +5.250501796e+02 -9.605982042e+01 -9.605982042e+01 -9.5979e-01 +4.0983e+00 -3.0320e-01 -3.6369e+00 -7.1731e-01
2608 0 +2.744486013e+02 -3.466613987e+02 -3.466613987e+02 -9.5659e-01 +4.1047e+00 -3.8340e-01 -3.6383e+00 -7.7393e-01
3997 0 +2.398561393e+02 -3.812538607e+02 -3.812538607e+02 -1.0510e+00 +4.2330e+00 -1.0858e+00 -3.4442e+00 -1.1419e+00
4014 0 +2.149817511e+02 -4.061282489e+02 -4.061282489e+02 -1.0351e+00 +4.2303e+00 -1.0276e+00 -3.4529e+00 -1.1034e+00
4054 0 +2.128131051e+02 -4.082968949e+02 -4.082968949e+02 -1.0551e+00 +4.2436e+00 -1.1631e+00 -3.4054e+00 -1.1682e+00
4215 0 +1.131593686e+02 -5.079506314e+02 -5.079506314e+02 -1.0418e+00 +4.1966e+00 -9.0134e-01 -3.4874e+00 -1.0288e+00
4388 0 +7.502498009e+01 -5.460850199e+02 -5.460850199e+02 -1.0521e+00 +4.2471e+00 -1.1103e+00 -3.4265e+00 -1.1499e+00
4811 0 +6.242595830e+01 -5.586840417e+02 -5.586840417e+02 -1.0869e+00 +4.2924e+00 -1.3619e+00 -3.3421e+00 -1.2933e+00
4853 0 +5.217934692e+01 -5.689306531e+02 -5.689306531e+02 -1.0671e+00 +4.2653e+00 -1.2125e+00 -3.3915e+00 -1.2142e+00
5286 0 +1.256372674e+01 -6.085462733e+02 -6.085462733e+02 -1.0639e+00 +4.2554e+00 -1.1753e+00 -3.4027e+00 -1.1894e+00
5335 0 +9.349853935e+00 -6.117601461e+02 -6.117601461e+02 -1.0673e+00 +4.2541e+00 -1.1772e+00 -3.4005e+00 -1.1890e+00
6760 0 +6.386295223e+00 -6.147237048e+02 -6.147237048e+02 -1.0801e+00 +4.2788e+00 -1.3106e+00 -3.3643e+00 -1.2593e+00
7140 0 +4.686781925e+00 -6.164232181e+02 -6.164232181e+02 -1.0735e+00 +4.2686e+00 -1.2480e+00 -3.3829e+00 -1.2254e+00
8337 0 +3.513861426e+00 -6.175961386e+02 -6.175961386e+02 -1.0784e+00 +4.2773e+00 -1.3001e+00 -3.3682e+00 -1.2544e+00
9106 0 +3.238851621e+00 -6.178711484e+02 -6.178711484e+02 -1.0799e+00 +4.2790e+00 -1.3122e+00 -3.3644e+00 -1.2624e+00
9976 0 +3.176150927e+00 -6.179338491e+02 -6.179338491e+02 -1.0803e+00 +4.2807e+00 -1.3201e+00 -3.3620e+00 -1.2664e+00
10206 0 +3.160671758e+00 -6.179493282e+02 -6.179493282e+02 -1.0806e+00 +4.2808e+00 -1.3217e+00 -3.3618e+00 -1.2675e+00
50001 0 +3.119311244e+00 -6.179906888e+02 -6.179906888e+02 -1.0808e+00 +4.2813e+00 -1.3233e+00 -3.3613e+00 -1.2682e+00
% f evaluations | g evaluations | best noise-free fitness - Fopt (-2.548200000000e+02) + sum g_i+ | measured fitness | best measured fitness or single-digit g-values | x1 | x2...
1 0 +1.522761725e+08 +1.522759177e+08 +1.522759177e+08 +0.0000e+00 +0.0000e+00 +0.0000e+00 +0.0000e+00 +0.0000e+00
6 0 +4.344705950e+07 +4.344680468e+07 +4.344680468e+07 +4.1470e-01 +8.8354e-01 -5.1556e-01 +8.0633e-01 -1.5891e+00
55 0 +4.170409276e+07 +4.170383794e+07 +4.170383794e+07 +2.9561e-01 +2.7232e+00 -3.5803e-01 +3.1230e-01 -6.1925e-01
61 0 +3.819303956e+07 +3.819278474e+07 +3.819278474e+07 +8.9919e-02 +1.6741e+00 +6.0038e-01 +1.9003e+00 -2.3330e+00
62 0 +2.193846494e+07 +2.193821012e+07 +2.193821012e+07 -9.8412e-02 +3.3991e+00 +9.6026e-01 -5.0940e-03 -1.8176e+00
63 0 +1.058597976e+07 +1.058572494e+07 +1.058572494e+07 +1.5786e+00 +3.1232e+00 -3.7966e-01 +7.7507e-01 -1.6994e+00
91 0 +8.713088528e+06 +8.712833708e+06 +8.712833708e+06 +7.0801e-02 +4.4438e+00 -7.0634e-01 +9.8557e-01 -4.2863e+00
93 0 +2.984798991e+06 +2.984544171e+06 +2.984544171e+06 +1.5296e+00 +2.1032e+00 -5.9333e-01 +8.9024e-01 -4.1041e+00
107 0 +1.667192832e+06 +1.666938012e+06 +1.666938012e+06 +7.3019e-01 +1.6449e+00 +6.2952e-01 +4.3338e-01 -5.8121e+00
119 0 +6.974016766e+05 +6.971468566e+05 +6.971468566e+05 +1.1668e+00 +2.3688e+00 +1.5841e-01 +5.9028e-01 -5.9719e+00
267 0 +4.869201441e+05 +4.866653241e+05 +4.866653241e+05 +2.3557e+00 +3.7511e+00 +2.8319e-01 -1.0168e-01 -3.6664e+00
292 0 +1.716142165e+05 +1.713593965e+05 +1.713593965e+05 +2.9942e+00 +3.0256e+00 +4.8903e-01 +6.2419e-02 -3.9334e+00
407 0 +1.059354534e+05 +1.056806334e+05 +1.056806334e+05 +2.4107e+00 +3.1988e+00 +4.7971e-01 +7.8667e-02 -3.9642e+00
627 0 +3.964011744e+04 +3.938529744e+04 +3.938529744e+04 +2.8074e+00 +3.0930e+00 +2.7342e-01 -6.2205e-02 -3.8253e+00
720 0 +2.381730324e+04 +2.356248324e+04 +2.356248324e+04 +3.5336e+00 +3.5567e+00 -4.6199e-03 -8.8286e-01 -2.7338e+00
1033 0 +2.065610828e+04 +2.040128828e+04 +2.040128828e+04 +3.2670e+00 +3.4524e+00 +1.4420e-01 -4.7066e-01 -3.4476e+00
1068 0 +1.467864720e+04 +1.442382720e+04 +1.442382720e+04 +3.2452e+00 +3.5864e+00 -1.2221e-02 -4.9797e-01 -3.2013e+00
1152 0 +1.434013691e+04 +1.408531691e+04 +1.408531691e+04 +3.0434e+00 +3.4096e+00 +8.1314e-02 -2.7929e-01 -3.6311e+00
1254 0 +1.207205647e+04 +1.181723647e+04 +1.181723647e+04 +3.3865e+00 +3.4884e+00 -2.6336e-02 -6.8363e-01 -2.9887e+00
1354 0 +5.957465369e+03 +5.702645369e+03 +5.702645369e+03 +3.1993e+00 +3.4624e+00 +4.5244e-02 -5.5391e-01 -3.2602e+00
1509 0 +3.857237848e+03 +3.602417848e+03 +3.602417848e+03 +3.6170e+00 +3.7205e+00 -7.6834e-02 -7.7500e-01 -2.7067e+00
1735 0 +3.033467724e+03 +2.778647724e+03 +2.778647724e+03 +3.3737e+00 +3.5856e+00 +6.2061e-02 -6.6214e-01 -3.0604e+00
2034 0 +1.429335165e+03 +1.174515165e+03 +1.174515165e+03 +4.2139e+00 +3.9367e+00 -3.1806e-01 -1.2994e+00 -1.8685e+00
2188 0 +1.228294729e+03 +9.734747294e+02 +9.734747294e+02 +3.9451e+00 +3.8452e+00 -2.3142e-01 -1.1222e+00 -2.1608e+00
2768 0 +1.107675281e+03 +8.528552808e+02 +8.528552808e+02 +3.9137e+00 +3.8439e+00 -1.5303e-01 -1.0515e+00 -2.2821e+00
2889 0 +7.543148652e+02 +4.994948652e+02 +4.994948652e+02 +3.9655e+00 +3.8525e+00 -2.2372e-01 -1.0760e+00 -2.1887e+00
3002 0 +3.503907852e+02 +9.557078525e+01 +9.557078525e+01 +3.9338e+00 +3.8252e+00 -1.6596e-01 -1.0663e+00 -2.2632e+00
3206 0 +2.179384313e+02 -3.688156874e+01 -3.688156874e+01 +3.8951e+00 +3.8112e+00 -1.8968e-01 -1.0391e+00 -2.3055e+00
3382 0 +2.014004774e+02 -5.341952258e+01 -5.341952258e+01 +3.9084e+00 +3.8370e+00 -1.9353e-01 -1.0606e+00 -2.2699e+00
3568 0 +1.561637507e+02 -9.865624926e+01 -9.865624926e+01 +3.9282e+00 +3.8258e+00 -1.9116e-01 -1.0551e+00 -2.2516e+00
3584 0 +5.812955625e+01 -1.966904437e+02 -1.966904437e+02 +3.9309e+00 +3.8373e+00 -1.9603e-01 -1.0744e+00 -2.2310e+00
3924 0 +2.524073787e+01 -2.295792621e+02 -2.295792621e+02 +3.9455e+00 +3.8321e+00 -1.9571e-01 -1.0852e+00 -2.2162e+00
4110 0 +9.928616855e+00 -2.448913831e+02 -2.448913831e+02 +3.9153e+00 +3.8240e+00 -1.8630e-01 -1.0607e+00 -2.2584e+00
4117 0 +7.235686532e+00 -2.475843135e+02 -2.475843135e+02 +3.8993e+00 +3.8192e+00 -1.7705e-01 -1.0513e+00 -2.2854e+00
4521 0 +4.453144746e+00 -2.503668553e+02 -2.503668553e+02 +3.8990e+00 +3.8173e+00 -1.8257e-01 -1.0526e+00 -2.2815e+00
5810 0 +2.974976014e+00 -2.518450240e+02 -2.518450240e+02 +3.8903e+00 +3.8133e+00 -1.7711e-01 -1.0457e+00 -2.2947e+00
6182 0 +1.602109620e+00 -2.532178904e+02 -2.532178904e+02 +3.8833e+00 +3.8136e+00 -1.7461e-01 -1.0424e+00 -2.3021e+00
6215 0 +1.555931481e+00 -2.532640685e+02 -2.532640685e+02 +3.8847e+00 +3.8132e+00 -1.7426e-01 -1.0429e+00 -2.3009e+00
6356 0 +6.321434352e-01 -2.541878566e+02 -2.541878566e+02 +3.8827e+00 +3.8117e+00 -1.7363e-01 -1.0393e+00 -2.3054e+00
6724 0 +4.142286075e-01 -2.544057714e+02 -2.544057714e+02 +3.8890e+00 +3.8153e+00 -1.7701e-01 -1.0449e+00 -2.2961e+00
7098 0 +1.810398392e-01 -2.546389602e+02 -2.546389602e+02 +3.8947e+00 +3.8165e+00 -1.7855e-01 -1.0484e+00 -2.2897e+00
8282 0 +9.807464134e-02 -2.547219254e+02 -2.547219254e+02 +3.8889e+00 +3.8147e+00 -1.7635e-01 -1.0445e+00 -2.2969e+00
8777 0 +6.084734031e-02 -2.547591527e+02 -2.547591527e+02 +3.8853e+00 +3.8134e+00 -1.7523e-01 -1.0421e+00 -2.3012e+00
11419 0 +6.007373355e-02 -2.547599263e+02 -2.547599263e+02 +3.8881e+00 +3.8144e+00 -1.7619e-01 -1.0440e+00 -2.2975e+00
12242 0 +5.795585259e-02 -2.547620441e+02 -2.547620441e+02 +3.8890e+00 +3.8146e+00 -1.7648e-01 -1.0446e+00 -2.2965e+00
13017 0 +5.733173967e-02 -2.547626683e+02 -2.547626683e+02 +3.8885e+00 +3.8145e+00 -1.7635e-01 -1.0443e+00 -2.2970e+00
13643 0 +5.590084467e-02 -2.547640992e+02 -2.547640992e+02 +3.8880e+00 +3.8143e+00 -1.7613e-01 -1.0439e+00 -2.2978e+00
21781 0 +5.498488726e-02 -2.547650151e+02 -2.547650151e+02 +3.8875e+00 +3.8141e+00 -1.7596e-01 -1.0436e+00 -2.2984e+00
% f evaluations | g evaluations | best noise-free fitness - Fopt (5.661000000000e+01) + sum g_i+ | measured fitness | best measured fitness or single-digit g-values | x1 | x2...
1 0 +1.641714053e+08 +1.641714619e+08 +1.641714619e+08 +0.0000e+00 +0.0000e+00 +0.0000e+00 +0.0000e+00 +0.0000e+00
4 0 +1.202644254e+08 +1.202644820e+08 +1.202644820e+08 +1.3081e-01 +4.2421e-01 -1.3040e-01 +9.1943e-01 -9.1983e-01
5 0 +4.533714683e+07 +4.533720344e+07 +4.533720344e+07 +7.5874e-01 -1.2471e+00 -1.5845e+00 +1.1597e+00 -7.7938e-01
10 0 +2.891391462e+07 +2.891397123e+07 +2.891397123e+07 -1.3628e+00 -4.9354e-01 -1.3074e+00 +1.0093e+00 -1.4406e+00
53 0 +1.892687105e+07 +1.892692766e+07 +1.892692766e+07 -6.2407e-01 -1.4580e+00 -1.6148e+00 +1.2187e+00 -1.4486e+00
74 0 +1.304391690e+07 +1.304397351e+07 +1.304397351e+07 -1.9668e+00 -5.9114e-01 -1.7957e+00 -1.1628e-01 -3.5303e+00
108 0 +8.833854180e+06 +8.833910790e+06 +8.833910790e+06 -4.4739e-01 -2.9825e+00 -2.2736e+00 +1.3525e+00 -2.3182e+00
150 0 +7.237069412e+06 +7.237126022e+06 +7.237126022e+06 -9.1643e-01 -2.1949e+00 -3.0643e+00 +1.4392e+00 -2.2152e+00
163 0 +6.170620981e+06 +6.170677591e+06 +6.170677591e+06 -2.5236e+00 -1.6102e+00 -1.9445e+00 +5.8865e-01 -2.2829e+00
170 0 +3.669885192e+06 +3.669941802e+06 +3.669941802e+06 -8.6689e-01 -4.1784e+00 -2.9801e+00 +1.0806e+00 -1.9712e+00
177 0 +1.646772297e+06 +1.646828907e+06 +1.646828907e+06 -2.4150e+00 -2.8878e+00 -3.6624e+00 +9.6458e-01 -1.0896e+00
206 0 +7.806737573e+05 +7.807303673e+05 +7.807303673e+05 -3.6848e+00 -1.6646e+00 -3.1381e+00 +3.7004e-01 -2.9884e+00
216 0 +7.050144849e+05 +7.050710949e+05 +7.050710949e+05 -2.7512e+00 -2.9241e+00 -4.3536e+00 +6.1673e-01 -2.1585e+00
219 0 +6.311663278e+05 +6.312229378e+05 +6.312229378e+05 -3.8050e+00 -2.9781e+00 -3.1561e+00 +1.1071e+00 -2.3329e+00
227 0 +5.963044067e+05 +5.963610167e+05 +5.963610167e+05 -2.9430e+00 -3.2603e+00 -3.8786e+00 +1.7046e+00 -1.5861e+00
260 0 +1.965062517e+05 +1.965628617e+05 +1.965628617e+05 -3.0948e+00 -2.8440e+00 -4.0563e+00 +7.9290e-01 -2.2399e+00
343 0 +9.290118837e+04 +9.295779837e+04 +9.295779837e+04 -3.8831e+00 -2.4392e+00 -4.0260e+00 +9.2564e-01 -2.6064e+00
627 0 +3.812683450e+04 +3.818344450e+04 +3.818344450e+04 -4.0731e+00 -2.1251e+00 -4.0108e+00 +7.2372e-01 -3.0504e+00
712 0 +2.303084285e+04 +2.308745285e+04 +2.308745285e+04 -3.8293e+00 -2.6107e+00 -3.8867e+00 +7.8897e-01 -2.7731e+00
1058 0 +2.189846098e+04 +2.195507098e+04 +2.195507098e+04 -4.1814e+00 -1.7481e+00 -3.8450e+00 +4.1530e-01 -3.1200e+00
1077 0 +1.136705851e+04 +1.142366851e+04 +1.142366851e+04 -4.3549e+00 -1.2215e+00 -3.8693e+00 +2.6599e-01 -3.5405e+00
1196 0 +8.178157728e+03 +8.234767728e+03 +8.234767728e+03 -4.3272e+00 -1.3946e+00 -3.9077e+00 +2.8173e-01 -3.3864e+00
1215 0 +3.854520746e+03 +3.911130746e+03 +3.911130746e+03 -4.2901e+00 -1.4132e+00 -3.9095e+00 +3.5220e-01 -3.3668e+00
1256 0 +2.684630181e+03 +2.741240181e+03 +2.741240181e+03 -4.1480e+00 -1.6635e+00 -3.8909e+00 +4.8754e-01 -3.2680e+00
1593 0 +1.306910225e+03 +1.363520225e+03 +1.363520225e+03 -4.0232e+00 -1.9749e+00 -3.8719e+00 +5.7376e-01 -3.0743e+00
2636 0 +6.248121581e+02 +6.814221581e+02 +6.814221581e+02 -3.7979e+00 -2.3970e+00 -3.8615e+00 +7.4123e-01 -2.8409e+00
2655 0 +2.527919712e+02 +3.094019712e+02 +3.094019712e+02 -3.8384e+00 -2.3008e+00 -3.8600e+00 +7.0212e-01 -2.9165e+00
3077 0 +1.896965647e+02 +2.463065647e+02 +2.463065647e+02 -3.7805e+00 -2.3976e+00 -3.8873e+00 +7.3282e-01 -2.8458e+00
3856 0 +1.417180994e+02 +1.983280994e+02 +1.983280994e+02 -3.6872e+00 -2.5364e+00 -3.8861e+00 +7.8517e-01 -2.7609e+00
4008 0 +1.314367301e+02 +1.880467301e+02 +1.880467301e+02 -3.6458e+00 -2.5842e+00 -3.8716e+00 +8.1974e-01 -2.7202e+00
4122 0 +1.154992452e+02 +1.721092452e+02 +1.721092452e+02 -3.6204e+00 -2.6136e+00 -3.8828e+00 +8.2366e-01 -2.6894e+00
4137 0 +4.678726795e+01 +1.033972680e+02 +1.033972680e+02 -3.6495e+00 -2.5919e+00 -3.8847e+00 +8.1825e-01 -2.7189e+00
4838 0 +3.894845122e+01 +9.555845122e+01 +9.555845122e+01 -3.4758e+00 -2.8432e+00 -3.8932e+00 +9.1841e-01 -2.5397e+00
4923 0 +1.839594279e+01 +7.500594279e+01 +7.500594279e+01 -3.5729e+00 -2.7074e+00 -3.8900e+00 +8.6181e-01 -2.6348e+00
5661 0 +1.818714419e+01 +7.479714419e+01 +7.479714419e+01 -3.5921e+00 -2.6651e+00 -3.8861e+00 +8.4780e-01 -2.6668e+00
6039 0 +1.389081802e+01 +7.050081802e+01 +7.050081802e+01 -3.6209e+00 -2.6284e+00 -3.8871e+00 +8.3006e-01 -2.6853e+00
6095 0 +8.305345313e+00 +6.491534531e+01 +6.491534531e+01 -3.6152e+00 -2.6331e+00 -3.8881e+00 +8.3386e-01 -2.6869e+00
6824 0 +5.923702355e+00 +6.253370235e+01 +6.253370235e+01 -3.6424e+00 -2.5935e+00 -3.8830e+00 +8.1820e-01 -2.7091e+00
7044 0 +5.532044207e+00 +6.214204421e+01 +6.214204421e+01 -3.6308e+00 -2.6155e+00 -3.8828e+00 +8.2555e-01 -2.6974e+00
7275 0 +2.891310122e+00 +5.950131012e+01 +5.950131012e+01 -3.6364e+00 -2.6047e+00 -3.8853e+00 +8.2053e-01 -2.7043e+00
7377 0 +2.359405178e+00 +5.896940518e+01 +5.896940518e+01 -3.6260e+00 -2.6181e+00 -3.8837e+00 +8.2701e-01 -2.6958e+00
7440 0 +1.921442525e+00 +5.853144253e+01 +5.853144253e+01 -3.6227e+00 -2.6227e+00 -3.8841e+00 +8.2955e-01 -2.6920e+00
7800 0 +9.964917278e-01 +5.760649173e+01 +5.760649173e+01 -3.6226e+00 -2.6230e+00 -3.8859e+00 +8.2986e-01 -2.6915e+00
7915 0 +6.012250690e-01 +5.721122507e+01 +5.721122507e+01 -3.6268e+00 -2.6180e+00 -3.8856e+00 +8.2774e-01 -2.6959e+00
8804 0 +4.844810295e-01 +5.709448103e+01 +5.709448103e+01 -3.6248e+00 -2.6215e+00 -3.8852e+00 +8.2865e-01 -2.6934e+00
8841 0 +3.798015061e-01 +5.698980151e+01 +5.698980151e+01 -3.6235e+00 -2.6233e+00 -3.8848e+00 +8.2967e-01 -2.6921e+00
9138 0 +3.590614537e-01 +5.696906145e+01 +5.696906145e+01 -3.6235e+00 -2.6224e+00 -3.8854e+00 +8.2993e-01 -2.6927e+00
9336 0 +3.367968381e-01 +5.694679684e+01 +5.694679684e+01 -3.6245e+00 -2.6216e+00 -3.8855e+00 +8.2924e-01 -2.6934e+00
9457 0 +3.186009033e-01 +5.692860090e+01 +5.692860090e+01 -3.6258e+00 -2.6199e+00 -3.8850e+00 +8.2857e-01 -2.6941e+00
9600 0 +3.154949130e-01 +5.692549491e+01 +5.692549491e+01 -3.6234e+00 -2.6232e+00 -3.8852e+00 +8.2998e-01 -2.6917e+00
9778 0 +2.503351372e-01 +5.686033514e+01 +5.686033514e+01 -3.6222e+00 -2.6247e+00 -3.8853e+00 +8.3066e-01 -2.6909e+00
9839 0 +2.368899778e-01 +5.684688998e+01 +5.684688998e+01 -3.6236e+00 -2.6230e+00 -3.8853e+00 +8.2989e-01 -2.6921e+00
11357 0 +2.276626300e-01 +5.683766263e+01 +5.683766263e+01 -3.6248e+00 -2.6210e+00 -3.8852e+00 +8.2901e-01 -2.6935e+00
23881 0 +2.243072301e-01 +5.683430723e+01 +5.683430723e+01 -3.6249e+00 -2.6209e+00 -3.8852e+00 +8.2897e-01 -2.6936e+00
% f evaluations | g evaluations | best noise-free fitness - Fopt (-1.810000000000e+01) + sum g_i+ | measured fitness | best measured fitness or single-digit g-values | x1 | x2...
1 0 +5.982210084e+07 +5.982208274e+07 +5.982208274e+07 +0.0000e+00 +0.0000e+00 +0.0000e+00 +0.0000e+00 +0.0000e+00
3 0 +4.889382888e+07 +4.889381078e+07 +4.889381078e+07 -3.3242e-01 +1.2022e-01 +1.0697e+00 -1.4301e+00 -9.5399e-01
5 0 +4.808920181e+07 +4.808918371e+07 +4.808918371e+07 +1.1318e+00 -1.1268e+00 +1.2590e+00 -6.5363e-02 -1.6487e+00
6 0 +4.073315139e+07 +4.073313329e+07 +4.073313329e+07 +1.0145e+00 +1.5805e+00 +1.6515e+00 -1.5152e+00 -1.2538e+00
9 0 +2.307545136e+07 +2.307543326e+07 +2.307543326e+07 -6.9334e-01 +6.7091e-01 +5.1705e-01 +8.0916e-01 +6.5376e-01
23 0 +1.984777781e+07 +1.984775971e+07 +1.984775971e+07 -7.3755e-01 +1.2112e+00 +7.7470e-01 +5.5936e-01 +9.2381e-01
42 0 +1.831950247e+07 +1.831948437e+07 +1.831948437e+07 +2.8556e-02 +1.2671e+00 +1.5245e+00 +5.0452e-01 -6.8037e-01
68 0 +1.625699982e+07 +1.625698172e+07 +1.625698172e+07 -5.0329e-01 +1.0566e+00 +1.1413e+00 +6.6832e-01 +2.3263e-01
74 0 +1.337079797e+07 +1.337077987e+07 +1.337077987e+07 -4.8438e-01 +5.1046e-01 +2.3572e+00 -4.6481e-02 +3.1932e-01
89 0 +1.189670820e+07 +1.189669010e+07 +1.189669010e+07 -1.3199e-01 +1.0102e+00 +1.7769e+00 +1.3015e+00 -4.4605e-01
91 0 +6.775012002e+06 +6.774993902e+06 +6.774993902e+06 -1.7400e+00 +7.5953e-02 +2.8314e+00 +7.6735e-01 +7.3884e-01
104 0 +3.115610506e+06 +3.115592406e+06 +3.115592406e+06 -1.1513e+00 +1.0096e+00 +4.4833e+00 +9.0797e-01 +2.7311e-01
181 0 +9.677879814e+05 +9.677698814e+05 +9.677698814e+05 -1.8879e+00 +1.5114e+00 +5.6006e+00 +6.2880e-01 +6.6337e-01
254 0 +5.481365027e+05 +5.481184027e+05 +5.481184027e+05 -1.6408e+00 +1.1317e+00 +4.3941e+00 +1.6974e+00 +1.9310e+00
302 0 +3.722977084e+05 +3.722796084e+05 +3.722796084e+05 -1.1905e+00 +3.2683e-01 +3.5519e+00 +2.8113e+00 +2.1024e+00
368 0 +1.756635896e+05 +1.756454896e+05 +1.756454896e+05 -8.0829e-01 +7.1217e-01 +3.9179e+00 +2.7859e+00 +1.5926e+00
537 0 +1.717717708e+05 +1.717536708e+05 +1.717536708e+05 -8.1903e-01 +6.2592e-01 +2.7237e+00 +3.1618e+00 +1.8825e+00
580 0 +1.177742781e+05 +1.177561781e+05 +1.177561781e+05 -5.1829e-01 +3.5155e-01 +2.4392e+00 +4.0710e+00 +2.2026e+00
715 0 +3.578215131e+04 +3.576405131e+04 +3.576405131e+04 -8.3666e-01 +7.2240e-01 +3.2559e+00 +3.3639e+00 +2.1436e+00
886 0 +3.004356393e+04 +3.002546393e+04 +3.002546393e+04 -7.3899e-01 +6.1452e-01 +3.2349e+00 +3.3689e+00 +2.0407e+00
903 0 +1.623506881e+04 +1.621696881e+04 +1.621696881e+04 -3.6652e-01 +5.0880e-01 +2.4453e+00 +3.6972e+00 +2.3037e+00
984 0 +1.425362404e+04 +1.423552404e+04 +1.423552404e+04 -8.7853e-01 +7.0313e-01 +3.2374e+00 +3.1840e+00 +1.9954e+00
1123 0 +1.144519894e+04 +1.142709894e+04 +1.142709894e+04 -7.4831e-01 +7.2180e-01 +3.2099e+00 +3.1733e+00 +2.0551e+00
1347 0 +1.020089390e+04 +1.018279390e+04 +1.018279390e+04 -7.6457e-01 +7.1835e-01 +3.3355e+00 +3.2106e+00 +1.9888e+00
1370 0 +5.609658291e+03 +5.591558291e+03 +5.591558291e+03 -1.0999e+00 +8.7822e-01 +3.8005e+00 +2.9111e+00 +1.8052e+00
1394 0 +2.491878893e+03 +2.473778893e+03 +2.473778893e+03 -8.7009e-01 +7.8200e-01 +3.3988e+00 +3.1194e+00 +1.9173e+00
1698 0 +2.166516820e+03 +2.148416820e+03 +2.148416820e+03 -6.3810e-01 +7.2024e-01 +2.9896e+00 +3.4439e+00 +2.0760e+00
1882 0 +6.542046508e+02 +6.361046508e+02 +6.361046508e+02 -6.6785e-01 +7.3151e-01 +2.9929e+00 +3.4021e+00 +2.0943e+00
2786 0 +3.775655517e+02 +3.594655517e+02 +3.594655517e+02 -3.7513e-01 +5.8305e-01 +2.3448e+00 +3.7812e+00 +2.2006e+00
3014 0 +3.023627304e+02 +2.842627304e+02 +2.842627304e+02 -5.6517e-01 +6.6101e-01 +2.7519e+00 +3.5376e+00 +2.1287e+00
3081 0 +1.552318251e+02 +1.371318251e+02 +1.371318251e+02 -3.2880e-01 +5.4847e-01 +2.2514e+00 +3.8511e+00 +2.2436e+00
4103 0 +1.376187048e+02 +1.195187048e+02 +1.195187048e+02 -4.9881e-01 +6.4438e-01 +2.6276e+00 +3.6140e+00 +2.1365e+00
4627 0 +1.079741260e+02 +8.987412599e+01 +8.987412599e+01 -5.6114e-01 +6.8395e-01 +2.7629e+00 +3.5305e+00 +2.1122e+00
4796 0 +7.984376904e+01 +6.174376904e+01 +6.174376904e+01 -6.1691e-01 +7.2145e-01 +2.9020e+00 +3.4577e+00 +2.1046e+00
4960 0 +1.816824731e+01 +6.824731392e-02 +6.824731392e-02 -6.1458e-01 +7.1575e-01 +2.9002e+00 +3.4506e+00 +2.1020e+00
5233 0 +3.962532472e+00 -1.413746753e+01 -1.413746753e+01 -5.8831e-01 +7.0172e-01 +2.8336e+00 +3.4860e+00 +2.1119e+00
5537 0 +2.942345913e+00 -1.515765409e+01 -1.515765409e+01 -6.0661e-01 +7.1423e-01 +2.8774e+00 +3.4639e+00 +2.1068e+00
6194 0 +2.719876963e+00 -1.538012304e+01 -1.538012304e+01 -6.0759e-01 +7.1420e-01 +2.8814e+00 +3.4594e+00 +2.1040e+00
6462 0 +1.957435524e+00 -1.614256448e+01 -1.614256448e+01 -6.0604e-01 +7.1379e-01 +2.8765e+00 +3.4649e+00 +2.1064e+00
6483 0 +1.627930241e+00 -1.647206976e+01 -1.647206976e+01 -6.0441e-01 +7.1254e-01 +2.8711e+00 +3.4675e+00 +2.1056e+00
6697 0 +1.087688303e+00 -1.701231170e+01 -1.701231170e+01 -5.9407e-01 +7.0596e-01 +2.8503e+00 +3.4803e+00 +2.1101e+00
6870 0 +6.462706204e-01 -1.745372938e+01 -1.745372938e+01 -5.9782e-01 +7.0815e-01 +2.8568e+00 +3.4744e+00 +2.1086e+00
7836 0 +4.662152823e-01 -1.763378472e+01 -1.763378472e+01 -6.0932e-01 +7.1566e-01 +2.8862e+00 +3.4585e+00 +2.1033e+00
7943 0 +3.245653783e-01 -1.777543462e+01 -1.777543462e+01 -6.0817e-01 +7.1573e-01 +2.8821e+00 +3.4604e+00 +2.1043e+00
7965 0 +1.562336241e-01 -1.794376638e+01 -1.794376638e+01 -6.1279e-01 +7.1870e-01 +2.8940e+00 +3.4540e+00 +2.1016e+00
8507 0 +1.821989057e-02 -1.808178011e+01 -1.808178011e+01 -6.0819e-01 +7.1535e-01 +2.8830e+00 +3.4602e+00 +2.1040e+00
9591 0 +6.910419468e-03 -1.809308958e+01 -1.809308958e+01 -6.0840e-01 +7.1559e-01 +2.8835e+00 +3.4600e+00 +2.1038e+00
11507 0 +6.068568787e-03 -1.809393143e+01 -1.809393143e+01 -6.1000e-01 +7.1654e-01 +2.8870e+00 +3.4579e+00 +2.1031e+00
11647 0 +3.030251264e-03 -1.809696975e+01 -1.809696975e+01 -6.0971e-01 +7.1645e-01 +2.8864e+00 +3.4583e+00 +2.1032e+00
11695 0 +2.964066845e-03 -1.809703593e+01 -1.809703593e+01 -6.1005e-01 +7.1670e-01 +2.8873e+00 +3.4577e+00 +2.1031e+00
12507 0 +1.951848867e-03 -1.809804815e+01 -1.809804815e+01 -6.0990e-01 +7.1653e-01 +2.8868e+00 +3.4580e+00 +2.1032e+00
12675 0 +1.629015443e-03 -1.809837098e+01 -1.809837098e+01 -6.0978e-01 +7.1649e-01 +2.8866e+00 +3.4581e+00 +2.1033e+00
12686 0 +1.393716054e-03 -1.809860628e+01 -1.809860628e+01 -6.0991e-01 +7.1661e-01 +2.8870e+00 +3.4579e+00 +2.1032e+00
13247 0 +9.554504579e-04 -1.809904455e+01 -1.809904455e+01 -6.0978e-01 +7.1651e-01 +2.8866e+00 +3.4582e+00 +2.1032e+00
13496 0 +4.685839101e-04 -1.809953142e+01 -1.809953142e+01 -6.0998e-01 +7.1661e-01 +2.8870e+00 +3.4579e+00 +2.1031e+00
14376 0 +1.941082179e-04 -1.809980589e+01 -1.809980589e+01 -6.1002e-01 +7.1664e-01 +2.8872e+00 +3.4578e+00 +2.1031e+00
14962 0 +1.813431768e-04 -1.809981866e+01 -1.809981866e+01 -6.0999e-01 +7.1661e-01 +2.8871e+00 +3.4579e+00 +2.1031e+00
15546 0 +1.614532383e-04 -1.809983855e+01 -1.809983855e+01 -6.1001e-01 +7.1663e-01 +2.8871e+00 +3.4579e+00 +2.1031e+00
15900 0 +1.577643590e-04 -1.809984224e+01 -1.809984224e+01 -6.0999e-01 +7.1663e-01 +2.8871e+00 +3.4579e+00 +2.1031e+00
15961 0 +1.425538066e-04 -1.809985745e+01 -1.809985745e+01 -6.1003e-01 +7.1664e-01 +2.8872e+00 +3.4578e+00 +2.1031e+00
16049 0 +1.411261874e-04 -1.809985887e+01 -1.809985887e+01 -6.0998e-01 +7.1661e-01 +2.8871e+00 +3.4579e+00 +2.1031e+00
16128 0 +1.369002354e-04 -1.809986310e+01 -1.809986310e+01 -6.1000e-01 +7.1663e-01 +2.8871e+00 +3.4579e+00 +2.1031e+00
17319 0 +1.337181541e-04 -1.809986628e+01 -1.809986628e+01 -6.0999e-01 +7.1662e-01 +2.8871e+00 +3.4579e+00 +2.1031e+00
17723 0 +1.308913565e-04 -1.809986911e+01 -1.809986911e+01 -6.0999e-01 +7.1662e-01 +2.8871e+00 +3.4579e+00 +2.1031e+00
18941 0 +1.287240602e-04 -1.809987128e+01 -1.809987128e+01 -6.1000e-01 +7.1663e-01 +2.8871e+00 +3.4579e+00 +2.1031e+00
21701 0 +1.283907723e-04 -1.809987161e+01 -1.809987161e+01 -6.1001e-01 +7.1663e-01 +2.8871e+00 +3.4579e+00 +2.1031e+00
% f evaluations | g evaluations | best noise-free fitness - Fopt (3.777000000000e+01) + sum g_i+ | measured fitness | best measured fitness or single-digit g-values | x1 | x2...
1 0 +5.916572692e+06 +5.916610462e+06 +5.916610462e+06 +0.0000e+00 +0.0000e+00 +0.0000e+00 +0.0000e+00 +0.0000e+00
2 0 +2.554337692e+06 +2.554375462e+06 +2.554375462e+06 +2.9874e-01 +8.1219e-01 +1.5275e+00 +1.1026e-01 -1.5594e-01
38 0 +2.412823560e+06 +2.412861330e+06 +2.412861330e+06 -4.7122e-01 +6.8826e-01 +1.9602e+00 +1.5276e-01 +2.0575e-01
42 0 +2.340174041e+06 +2.340211811e+06 +2.340211811e+06 +4.5460e-02 +6.0413e-01 +5.7076e-01 -9.3819e-02 +6.2651e-01
49 0 +1.970496436e+06 +1.970534206e+06 +1.970534206e+06 -7.2790e-01 +6.5071e-01 +2.1685e+00 -8.0098e-01 +2.3977e-01
65 0 +1.061331917e+06 +1.061369687e+06 +1.061369687e+06 -1.7671e-01 +1.5560e+00 +1.3503e+00 +4.8673e-01 +4.2896e-01
92 0 +5.432617985e+05 +5.432995685e+05 +5.432995685e+05 +8.3691e-02 +2.1476e+00 +1.3372e+00 +1.1205e-01 +7.0397e-01
97 0 +5.367386386e+05 +5.367764086e+05 +5.367764086e+05 +4.0854e-01 +2.1840e+00 +2.2115e+00 -7.4679e-01 +3.7720e-01
124 0 +3.249684965e+05 +3.250062665e+05 +3.250062665e+05 -1.2104e-01 +1.7065e+00 +1.0770e+00 -1.3488e-01 +5.6410e-01
145 0 +2.429312184e+05 +2.429689884e+05 +2.429689884e+05 +1.3843e-01 +2.1207e+00 +2.1266e+00 -9.2930e-01 +3.8200e-01
259 0 +2.340090605e+05 +2.340468305e+05 +2.340468305e+05 +1.6658e-01 +1.4630e+00 +1.5078e+00 -1.2626e+00 +3.7628e-01
282 0 +9.172589797e+04 +9.176366797e+04 +9.176366797e+04 +2.8127e-01 +1.9394e+00 +1.7924e+00 -9.4541e-01 +5.7822e-01
411 0 +6.090422189e+04 +6.094199189e+04 +6.094199189e+04 -1.2088e-01 +1.8904e+00 +1.8901e+00 -9.0449e-01 +4.9708e-01
545 0 +3.329160345e+04 +3.332937345e+04 +3.332937345e+04 -1.3571e-01 +1.8004e+00 +1.3111e+00 -5.7028e-01 +7.7566e-01
602 0 +1.684794615e+04 +1.688571615e+04 +1.688571615e+04 +1.1385e-01 +1.6838e+00 +2.0445e+00 -1.2372e+00 +5.0713e-01
784 0 +1.462297471e+04 +1.466074471e+04 +1.466074471e+04 +1.5938e-01 +1.7941e+00 +1.8606e+00 -1.0239e+00 +4.9969e-01
1088 0 +1.286225657e+04 +1.290002657e+04 +1.290002657e+04 -5.1179e-01 +2.0446e+00 +1.0644e+00 -2.5142e-01 +1.0412e+00
1131 0 +8.721476667e+03 +8.759246667e+03 +8.759246667e+03 -4.8023e-01 +1.9788e+00 +1.0432e+00 -2.0862e-01 +9.6199e-01
1423 0 +6.729555106e+03 +6.767325106e+03 +6.767325106e+03 -9.1844e-01 +2.0668e+00 +5.8815e-01 +2.4240e-01 +1.1914e+00
1490 0 +1.455209072e+03 +1.492979072e+03 +1.492979072e+03 -5.8346e-01 +1.9433e+00 +9.8166e-01 -1.6711e-01 +1.0098e+00
1918 0 +1.102074327e+03 +1.139844327e+03 +1.139844327e+03 -1.1412e+00 +2.0992e+00 +2.8489e-01 +5.9260e-01 +1.4264e+00
2018 0 +1.051780997e+03 +1.089550997e+03 +1.089550997e+03 -8.2107e-01 +2.0009e+00 +6.5921e-01 +1.3363e-01 +1.1910e+00
2144 0 +7.271913666e+02 +7.649613666e+02 +7.649613666e+02 -1.1920e+00 +2.0640e+00 +1.6677e-01 +7.2339e-01 +1.4965e+00
2166 0 +5.548660666e+02 +5.926360666e+02 +5.926360666e+02 -1.2055e+00 +2.0444e+00 +2.0186e-01 +6.9434e-01 +1.4861e+00
2273 0 +3.478198489e+02 +3.855898489e+02 +3.855898489e+02 -9.6405e-01 +2.0551e+00 +4.6457e-01 +3.4418e-01 +1.3408e+00
2540 0 +1.841711308e+02 +2.219411308e+02 +2.219411308e+02 -1.0995e+00 +2.0519e+00 +3.1379e-01 +5.5055e-01 +1.4343e+00
3271 0 +1.200211217e+02 +1.577911217e+02 +1.577911217e+02 -1.0580e+00 +2.0570e+00 +3.8057e-01 +4.7235e-01 +1.3797e+00
3526 0 +3.940041542e+01 +7.717041542e+01 +7.717041542e+01 -1.0545e+00 +2.0643e+00 +3.7932e-01 +4.6865e-01 +1.3961e+00
3768 0 +1.991662070e+01 +5.768662070e+01 +5.768662070e+01 -1.0277e+00 +2.0635e+00 +4.2079e-01 +4.1410e-01 +1.3694e+00
5878 0 +9.751929418e+00 +4.752192942e+01 +4.752192942e+01 -1.0519e+00 +2.0616e+00 +3.8822e-01 +4.5238e-01 +1.3875e+00
6328 0 +1.927573116e+00 +3.969757312e+01 +3.969757312e+01 -1.0719e+00 +2.0602e+00 +3.6130e-01 +4.9124e-01 +1.4025e+00
6596 0 +1.852141344e+00 +3.962214134e+01 +3.962214134e+01 -1.0706e+00 +2.0611e+00 +3.6153e-01 +4.8905e-01 +1.3994e+00
7067 0 +1.779402298e+00 +3.954940230e+01 +3.954940230e+01 -1.0820e+00 +2.0616e+00 +3.4863e-01 +5.0676e-01 +1.4096e+00
7682 0 +1.143545141e+00 +3.891354514e+01 +3.891354514e+01 -1.0626e+00 +2.0615e+00 +3.7070e-01 +4.7600e-01 +1.3965e+00
8307 0 +6.463538283e-01 +3.841635383e+01 +3.841635383e+01 -1.0547e+00 +2.0606e+00 +3.8069e-01 +4.6286e-01 +1.3894e+00
9034 0 +4.679523965e-01 +3.823795240e+01 +3.823795240e+01 -1.0596e+00 +2.0607e+00 +3.7472e-01 +4.7034e-01 +1.3934e+00
9075 0 +2.877698723e-01 +3.805776987e+01 +3.805776987e+01 -1.0631e+00 +2.0608e+00 +3.7122e-01 +4.7636e-01 +1.3951e+00
9275 0 +2.239270575e-01 +3.799392706e+01 +3.799392706e+01 -1.0613e+00 +2.0605e+00 +3.7390e-01 +4.7343e-01 +1.3943e+00
9495 0 +2.123384246e-01 +3.798233842e+01 +3.798233842e+01 -1.0635e+00 +2.0605e+00 +3.7104e-01 +4.7686e-01 +1.3961e+00
9844 0 +1.159259409e-01 +3.788592594e+01 +3.788592594e+01 -1.0678e+00 +2.0607e+00 +3.6496e-01 +4.8444e-01 +1.3988e+00
10751 0 +9.927015335e-02 +3.786927015e+01 +3.786927015e+01 -1.0643e+00 +2.0605e+00 +3.6970e-01 +4.7812e-01 +1.3967e+00
12352 0 +5.031999733e-02 +3.782032000e+01 +3.782032000e+01 -1.0644e+00 +2.0606e+00 +3.6947e-01 +4.7865e-01 +1.3966e+00
12973 0 +4.878422927e-02 +3.781878423e+01 +3.781878423e+01 -1.0620e+00 +2.0606e+00 +3.7256e-01 +4.7463e-01 +1.3949e+00
12984 0 +4.038205277e-02 +3.781038205e+01 +3.781038205e+01 -1.0639e+00 +2.0608e+00 +3.6992e-01 +4.7777e-01 +1.3964e+00
14477 0 +3.765869714e-02 +3.780765870e+01 +3.780765870e+01 -1.0641e+00 +2.0607e+00 +3.6986e-01 +4.7811e-01 +1.3964e+00
14502 0 +3.603665132e-02 +3.780603665e+01 +3.780603665e+01 -1.0637e+00 +2.0608e+00 +3.7018e-01 +4.7748e-01 +1.3961e+00
14524 0 +3.437731684e-02 +3.780437732e+01 +3.780437732e+01 -1.0637e+00 +2.0606e+00 +3.7021e-01 +4.7754e-01 +1.3961e+00
14685 0 +3.387591138e-02 +3.780387591e+01 +3.780387591e+01 -1.0636e+00 +2.0607e+00 +3.7040e-01 +4.7728e-01 +1.3960e+00
15375 0 +3.301983120e-02 +3.780301983e+01 +3.780301983e+01 -1.0632e+00 +2.0607e+00 +3.7085e-01 +4.7665e-01 +1.3959e+00
15852 0 +3.173509454e-02 +3.780173509e+01 +3.780173509e+01 -1.0631e+00 +2.0607e+00 +3.7090e-01 +4.7658e-01 +1.3957e+00
16188 0 +3.127633793e-02 +3.780127634e+01 +3.780127634e+01 -1.0632e+00 +2.0607e+00 +3.7091e-01 +4.7659e-01 +1.3958e+00
16917 0 +3.086844974e-02 +3.780086845e+01 +3.780086845e+01 -1.0632e+00 +2.0607e+00 +3.7083e-01 +4.7668e-01 +1.3958e+00
28901 0 +3.054923077e-02 +3.780054923e+01 +3.780054923e+01 -1.0629e+00 +2.0607e+00 +3.7124e-01 +4.7616e-01 +1.3956e+00
% f evaluations | g evaluations | best noise-free fitness - Fopt (-6.325500000000e+02) + sum g_i+ | measured fitness | best measured fitness or single-digit g-values | x1 | x2...
1 0 +9.146247928e+06 +9.145615378e+06 +9.145615378e+06 +0.0000e+00 +0.0000e+00 +0.0000e+00 +0.0000e+00 +0.0000e+00
2 0 +7.180377064e+06 +7.179744514e+06 +7.179744514e+06 -5.5854e-01 -6.4719e-01 +1.3687e+00 +2.7671e-01 +4.4555e-01
8 0 +6.197572272e+06 +6.196939722e+06 +6.196939722e+06 -1.5071e+00 +4.8993e-01 +6.8006e-01 +4.9873e-01 -5.8635e-01
27 0 +5.713706645e+06 +5.713074095e+06 +5.713074095e+06 +5.6276e-01 +6.6449e-01 +1.8919e+00 -1.2367e-01 +9.4880e-01
28 0 +5.250248920e+06 +5.249616370e+06 +5.249616370e+06 -1.4329e+00 +5.7905e-01 +9.4490e-01 +5.9946e-01 -5.2771e-01
43 0 +4.589271987e+06 +4.588639437e+06 +4.588639437e+06 -2.1156e-01 -5.5713e-01 +3.2139e-01 +1.3162e+00 -5.9914e-01
46 0 +4.371960282e+06 +4.371327732e+06 +4.371327732e+06 +1.0730e+00 -4.6402e-01 +2.0581e+00 -1.4994e-02 +1.4213e-01
53 0 +3.848814262e+06 +3.848181712e+06 +3.848181712e+06 -1.6565e+00 -4.5565e-01 +1.0874e+00 +1.4719e+00 -2.2287e-01
56 0 +3.735245352e+06 +3.734612802e+06 +3.734612802e+06 +1.6106e+00 +4.7896e-01 +1.0999e+00 +3.6133e-01 +2.2017e-01
59 0 +3.525900484e+06 +3.525267934e+06 +3.525267934e+06 -1.8553e+00 -1.3446e+00 +1.5969e+00 +1.7554e+00 -7.9222e-01
72 0 +3.292096557e+06 +3.291464007e+06 +3.291464007e+06 -7.6101e-01 +7.7188e-01 +3.0165e+00 +1.6418e+00 +5.3278e-02
77 0 +2.053022802e+06 +2.052390252e+06 +2.052390252e+06 -5.2639e-01 +2.8216e-01 +2.4677e+00 +7.9978e-01 -4.4980e-01
82 0 +7.695582717e+05 +7.689257217e+05 +7.689257217e+05 -1.1495e+00 -1.7796e-01 +1.6838e+00 +1.7358e+00 -1.0980e+00
107 0 +7.494813824e+05 +7.488488324e+05 +7.488488324e+05 -9.7279e-01 +8.4020e-01 +1.7629e+00 +2.0418e+00 -1.3684e+00
143 0 +3.888242865e+05 +3.881917365e+05 +3.881917365e+05 -9.3095e-01 -1.6927e-01 +1.4179e+00 +2.0926e+00 -1.2614e+00
162 0 +8.485100899e+04 +8.421845899e+04 +8.421845899e+04 -8.6329e-02 +3.7183e-01 +2.1507e+00 +1.6008e+00 -1.1437e+00
309 0 +6.430737701e+04 +6.367482701e+04 +6.367482701e+04 -2.4177e-01 +1.8669e-01 +2.2315e+00 +2.0253e+00 -1.4646e+00
389 0 +4.059145316e+04 +3.995890316e+04 +3.995890316e+04 +1.2592e+00 +7.3611e-01 +2.5397e+00 +1.1521e+00 -9.7261e-01
552 0 +4.071849051e+03 +3.439299051e+03 +3.439299051e+03 +8.9416e-01 +7.4359e-01 +2.3622e+00 +1.3532e+00 -9.8775e-01
936 0 +3.228230476e+03 +2.595680476e+03 +2.595680476e+03 +1.0631e+00 +8.1348e-01 +2.3824e+00 +1.2065e+00 -9.5398e-01
1284 0 +2.120807144e+03 +1.488257144e+03 +1.488257144e+03 +5.5491e-01 +6.1649e-01 +2.2847e+00 +1.5125e+00 -1.1095e+00
1625 0 +1.230039604e+03 +5.974896041e+02 +5.974896041e+02 +7.1998e-01 +7.2845e-01 +2.2729e+00 +1.3961e+00 -1.0743e+00
1757 0 +5.218242650e+02 -1.107257350e+02 -1.107257350e+02 +6.7555e-01 +6.7522e-01 +2.2671e+00 +1.4049e+00 -1.0616e+00
3226 0 +4.461586435e+02 -1.863913565e+02 -1.863913565e+02 +7.6619e-01 +7.4409e-01 +2.3020e+00 +1.3745e+00 -1.0544e+00
3417 0 +3.796369644e+02 -2.529130356e+02 -2.529130356e+02 +5.0069e-01 +6.1386e-01 +2.2311e+00 +1.5235e+00 -1.1220e+00
3800 0 +1.429077496e+02 -4.896422504e+02 -4.896422504e+02 +1.0733e+00 +8.6559e-01 +2.4051e+00 +1.1943e+00 -9.8654e-01
4282 0 +1.324603370e+02 -5.000896630e+02 -5.000896630e+02 +8.0742e-01 +7.4538e-01 +2.3175e+00 +1.3591e+00 -1.0546e+00
4796 0 +1.003160169e+02 -5.322339831e+02 -5.322339831e+02 +6.9170e-01 +6.8489e-01 +2.2716e+00 +1.4171e+00 -1.0670e+00
4923 0 +3.414511860e+01 -5.984048814e+02 -5.984048814e+02 +7.0019e-01 +6.8909e-01 +2.2817e+00 +1.4147e+00 -1.0611e+00
5907 0 +1.725420489e+01 -6.152957951e+02 -6.152957951e+02 +7.4294e-01 +7.0941e-01 +2.2973e+00 +1.3960e+00 -1.0606e+00
6212 0 +3.713770046e+00 -6.288362300e+02 -6.288362300e+02 +6.9842e-01 +6.9271e-01 +2.2859e+00 +1.4189e+00 -1.0653e+00
7466 0 +3.087191653e+00 -6.294628083e+02 -6.294628083e+02 +7.9743e-01 +7.3611e-01 +2.3176e+00 +1.3602e+00 -1.0448e+00
8136 0 +2.212761595e+00 -6.303372384e+02 -6.303372384e+02 +8.0235e-01 +7.3799e-01 +2.3188e+00 +1.3603e+00 -1.0466e+00
8207 0 +1.855532838e+00 -6.306944672e+02 -6.306944672e+02 +7.9462e-01 +7.3430e-01 +2.3180e+00 +1.3633e+00 -1.0478e+00
8301 0 +8.600394988e-01 -6.316899605e+02 -6.316899605e+02 +7.8950e-01 +7.3210e-01 +2.3155e+00 +1.3657e+00 -1.0487e+00
8831 0 +5.877129884e-01 -6.319622870e+02 -6.319622870e+02 +7.8486e-01 +7.3085e-01 +2.3141e+00 +1.3676e+00 -1.0483e+00
8842 0 +2.033673953e-01 -6.323466326e+02 -6.323466326e+02 +7.8547e-01 +7.3082e-01 +2.3137e+00 +1.3678e+00 -1.0485e+00
9684 0 +1.489777833e-01 -6.324010222e+02 -6.324010222e+02 +7.8606e-01 +7.3139e-01 +2.3143e+00 +1.3675e+00 -1.0486e+00
10307 0 +9.784737630e-02 -6.324521526e+02 -6.324521526e+02 +7.8610e-01 +7.3121e-01 +2.3141e+00 +1.3678e+00 -1.0488e+00
10456 0 +9.554646765e-02 -6.324544535e+02 -6.324544535e+02 +7.8564e-01 +7.3089e-01 +2.3138e+00 +1.3679e+00 -1.0487e+00
10771 0 +8.860793303e-02 -6.324613921e+02 -6.324613921e+02 +7.8839e-01 +7.3221e-01 +2.3148e+00 +1.3664e+00 -1.0482e+00
11265 0 +8.256394103e-02 -6.324674361e+02 -6.324674361e+02 +7.9205e-01 +7.3383e-01 +2.3161e+00 +1.3642e+00 -1.0476e+00
11978 0 +8.043826717e-02 -6.324695617e+02 -6.324695617e+02 +7.9232e-01 +7.3395e-01 +2.3162e+00 +1.3640e+00 -1.0475e+00
23201 0 +7.948855785e-02 -6.324705114e+02 -6.324705114e+02 +7.9298e-01 +7.3423e-01 +2.3164e+00 +1.3636e+00 -1.0474e+00
% f evaluations | g evaluations | best noise-free fitness - Fopt (-8.530000000000e+01) + sum g_i+ | measured fitness | best measured fitness or single-digit g-values | x1 | x2...
1 0 +1.015752237e+07 +1.015743707e+07 +1.015743707e+07 +0.0000e+00 +0.0000e+00 +0.0000e+00 +0.0000e+00 +0.0000e+00
2 0 +6.397558765e+06 +6.397473465e+06 +6.397473465e+06 +1.0573e+00 -8.6862e-01 +1.3231e+00 +1.6164e+00 -1.3310e+00
6 0 +5.914660777e+06 +5.914575477e+06 +5.914575477e+06 -4.1438e-01 -7.7882e-01 +6.9979e-01 -1.3746e+00 +1.5010e+00
10 0 +1.089433803e+06 +1.089348503e+06 +1.089348503e+06 -1.6565e+00 -3.1403e-01 +1.5813e+00 -1.3228e+00 +2.0959e-01
63 0 +8.373449008e+05 +8.372596008e+05 +8.372596008e+05 -1.4329e+00 +9.1074e-01 +1.4575e+00 -1.6342e+00 +6.8624e-01
105 0 +8.078639294e+05 +8.077786294e+05 +8.077786294e+05 -1.4252e+00 -2.7783e-01 +1.5546e+00 -1.5754e+00 +7.1713e-01
110 0 +5.258209886e+05 +5.257356886e+05 +5.257356886e+05 -1.6819e+00 -1.2991e-01 +2.2888e+00 -7.1143e-01 +1.6346e-01
142 0 +4.373787229e+05 +4.372934229e+05 +4.372934229e+05 -1.3090e+00 -1.2429e-01 +1.8059e+00 -1.5091e+00 +1.0411e+00
168 0 +2.283686283e+05 +2.282833283e+05 +2.282833283e+05 -1.2133e+00 -6.7989e-02 +2.0123e+00 -8.9733e-01 +3.3883e-01
185 0 +1.667117244e+05 +1.666264244e+05 +1.666264244e+05 -1.5200e+00 +6.3518e-01 +1.9691e+00 -1.7710e+00 +6.5126e-01
197 0 +6.291372451e+04 +6.282842451e+04 +6.282842451e+04 -1.3174e+00 -2.9880e-02 +2.2443e+00 -1.1144e+00 +9.4582e-01
530 0 +6.158100854e+04 +6.149570854e+04 +6.149570854e+04 -1.3614e-01 -9.7574e-01 +3.1946e+00 +3.0891e-01 +1.8362e-01
565 0 +5.299791542e+04 +5.291261542e+04 +5.291261542e+04 -6.0572e-01 -7.8581e-01 +2.8841e+00 +1.9342e-01 +1.8985e-01
604 0 +4.514171922e+04 +4.505641922e+04 +4.505641922e+04 -2.7407e-01 -9.3475e-01 +3.1837e+00 +4.1385e-01 +2.3478e-01
622 0 +4.064196720e+04 +4.055666720e+04 +4.055666720e+04 -7.7030e-01 -4.6591e-01 +2.7074e+00 +1.9445e-02 +3.5946e-01
669 0 +3.491997412e+04 +3.483467412e+04 +3.483467412e+04 -3.7748e-01 -7.5095e-01 +2.7559e+00 +3.2851e-01 +1.7416e-01
685 0 +1.418408155e+04 +1.409878155e+04 +1.409878155e+04 -5.5885e-01 -4.7362e-01 +2.8015e+00 +1.1341e-02 +3.5005e-01
1021 0 +7.863603973e+03 +7.778303973e+03 +7.778303973e+03 -1.0338e+00 -1.3420e-01 +2.5188e+00 -7.0550e-01 +5.1524e-01
1087 0 +7.431922646e+03 +7.346622646e+03 +7.346622646e+03 -1.1656e+00 -1.0456e-02 +2.4603e+00 -8.1697e-01 +6.7356e-01
1185 0 +4.773788930e+03 +4.688488930e+03 +4.688488930e+03 -1.0127e+00 -1.5517e-01 +2.4343e+00 -7.3273e-01 +6.4850e-01
1356 0 +4.241411253e+03 +4.156111253e+03 +4.156111253e+03 -1.3723e+00 +3.5197e-01 +2.1534e+00 -1.1920e+00 +8.5508e-01
1621 0 +2.143108829e+03 +2.057808829e+03 +2.057808829e+03 -1.0283e+00 -1.2221e-01 +2.4662e+00 -7.1964e-01 +6.5040e-01
1712 0 +7.826295982e+02 +6.973295982e+02 +6.973295982e+02 -9.6684e-01 -1.2359e-01 +2.4713e+00 -6.1366e-01 +5.6620e-01
2051 0 +4.992119220e+02 +4.139119220e+02 +4.139119220e+02 -1.0564e+00 -8.2119e-02 +2.4146e+00 -7.1759e-01 +6.4668e-01
2082 0 +3.637685503e+02 +2.784685503e+02 +2.784685503e+02 -1.0866e+00 +4.5483e-03 +2.3809e+00 -8.1865e-01 +6.5891e-01
2405 0 +1.874732664e+02 +1.021732664e+02 +1.021732664e+02 -1.0988e+00 -2.6291e-03 +2.3884e+00 -8.0763e-01 +6.5184e-01
2919 0 +1.064283398e+02 +2.112833985e+01 +2.112833985e+01 -1.0035e+00 -1.2229e-01 +2.4511e+00 -6.5683e-01 +6.0594e-01
3463 0 +3.701089600e+01 -4.828910400e+01 -4.828910400e+01 -9.4238e-01 -1.9596e-01 +2.4995e+00 -5.6675e-01 +5.5616e-01
3711 0 +2.683078822e+01 -5.846921178e+01 -5.846921178e+01 -1.0074e+00 -1.2327e-01 +2.4610e+00 -6.6323e-01 +5.9469e-01
4379 0 +1.678130169e+01 -6.851869831e+01 -6.851869831e+01 -9.1297e-01 -2.3392e-01 +2.5270e+00 -5.2334e-01 +5.2492e-01
4687 0 +1.148726434e+01 -7.381273566e+01 -7.381273566e+01 -9.2432e-01 -2.2347e-01 +2.5189e+00 -5.3824e-01 +5.3947e-01
4737 0 +4.416517824e+00 -8.088348218e+01 -8.088348218e+01 -8.7205e-01 -2.8463e-01 +2.5532e+00 -4.6421e-01 +4.9738e-01
5910 0 +3.786379781e+00 -8.151362022e+01 -8.151362022e+01 -8.9243e-01 -2.6480e-01 +2.5419e+00 -4.9056e-01 +5.1331e-01
5950 0 +1.581677781e+00 -8.371832222e+01 -8.371832222e+01 -8.8955e-01 -2.6490e-01 +2.5403e+00 -4.9011e-01 +5.1277e-01
6097 0 +8.648078542e-01 -8.443519215e+01 -8.443519215e+01 -8.8467e-01 -2.7090e-01 +2.5462e+00 -4.8183e-01 +5.0743e-01
6374 0 +4.042661265e-01 -8.489573387e+01 -8.489573387e+01 -8.9000e-01 -2.6405e-01 +2.5412e+00 -4.9018e-01 +5.1308e-01
7315 0 +3.240716415e-01 -8.497592836e+01 -8.497592836e+01 -8.9263e-01 -2.6071e-01 +2.5395e+00 -4.9478e-01 +5.1500e-01
7361 0 +4.687996548e-02 -8.525312003e+01 -8.525312003e+01 -8.8798e-01 -2.6669e-01 +2.5429e+00 -4.8697e-01 +5.1094e-01
9073 0 +4.444606694e-02 -8.525555393e+01 -8.525555393e+01 -8.8195e-01 -2.7443e-01 +2.5474e+00 -4.7771e-01 +5.0634e-01
9763 0 +1.692431300e-02 -8.528307569e+01 -8.528307569e+01 -8.8103e-01 -2.7531e-01 +2.5476e+00 -4.7660e-01 +5.0581e-01
10978 0 +1.033601547e-02 -8.528966398e+01 -8.528966398e+01 -8.8078e-01 -2.7543e-01 +2.5479e+00 -4.7626e-01 +5.0547e-01
11161 0 +8.902162654e-03 -8.529109784e+01 -8.529109784e+01 -8.7978e-01 -2.7678e-01 +2.5485e+00 -4.7463e-01 +5.0477e-01
12271 0 +8.348032574e-03 -8.529165197e+01 -8.529165197e+01 -8.7944e-01 -2.7735e-01 +2.5488e+00 -4.7403e-01 +5.0452e-01
12431 0 +4.779505496e-03 -8.529522049e+01 -8.529522049e+01 -8.7996e-01 -2.7648e-01 +2.5484e+00 -4.7495e-01 +5.0492e-01
12508 0 +4.623415929e-03 -8.529537658e+01 -8.529537658e+01 -8.7931e-01 -2.7747e-01 +2.5489e+00 -4.7384e-01 +5.0440e-01
12762 0 +4.378506045e-03 -8.529562149e+01 -8.529562149e+01 -8.7973e-01 -2.7683e-01 +2.5486e+00 -4.7462e-01 +5.0473e-01
12788 0 +3.223864108e-03 -8.529677614e+01 -8.529677614e+01 -8.7963e-01 -2.7695e-01 +2.5487e+00 -4.7442e-01 +5.0467e-01
12824 0 +2.983973105e-03 -8.529701603e+01 -8.529701603e+01 -8.7965e-01 -2.7696e-01 +2.5486e+00 -4.7444e-01 +5.0470e-01
13362 0 +2.644638015e-03 -8.529735536e+01 -8.529735536e+01 -8.7975e-01 -2.7681e-01 +2.5486e+00 -4.7459e-01 +5.0476e-01
14110 0 +2.624347532e-03 -8.529737565e+01 -8.529737565e+01 -8.7991e-01 -2.7663e-01 +2.5485e+00 -4.7484e-01 +5.0489e-01
14123 0 +2.484786815e-03 -8.529751521e+01 -8.529751521e+01 -8.7991e-01 -2.7662e-01 +2.5485e+00 -4.7485e-01 +5.0488e-01
14271 0 +2.390913803e-03 -8.529760909e+01 -8.529760909e+01 -8.8002e-01 -2.7652e-01 +2.5484e+00 -4.7498e-01 +5.0495e-01
16118 0 +2.326534817e-03 -8.529767347e+01 -8.529767347e+01 -8.7989e-01 -2.7665e-01 +2.5485e+00 -4.7481e-01 +5.0487e-01
18021 0 +2.288726124e-03 -8.529771127e+01 -8.529771127e+01 -8.7990e-01 -2.7665e-01 +2.5485e+00 -4.7481e-01 +5.0486e-01
23401 0 +2.277899571e-03 -8.529772210e+01 -8.529772210e+01 -8.7987e-01 -2.7669e-01 +2.5485e+00 -4.7476e-01 +5.0484e-01
% f evaluations | g evaluations | best noise-free fitness - Fopt (1.719500000000e+02) + sum g_i+ | measured fitness | best measured fitness or single-digit g-values | x1 | x2...
1 0 +2.487786894e+07 +2.487804089e+07 +2.487804089e+07 +0.0000e+00 +0.0000e+00 +0.0000e+00 +0.0000e+00 +0.0000e+00
2 0 +2.138440274e+07 +2.138457469e+07 +2.138457469e+07 +3.4786e-01 +3.7907e-01 +2.1378e-01 -4.1129e-01 -2.3221e-01
6 0 +1.693723764e+07 +1.693740959e+07 +1.693740959e+07 +8.3375e-01 +1.3985e+00 -1.1727e+00 -1.0410e-01 -1.4725e+00
19 0 +1.432421272e+07 +1.432438467e+07 +1.432438467e+07 -1.3052e+00 +1.6612e+00 +6.6698e-01 -3.4420e-01 +7.1927e-01
42 0 +1.424016385e+07 +1.424033580e+07 +1.424033580e+07 -3.5606e-01 +1.7636e+00 -1.2124e+00 -2.0380e-01 -7.7390e-01
48 0 +1.281682687e+07 +1.281699882e+07 +1.281699882e+07 +7.0322e-01 +3.0089e+00 +4.3415e-01 -2.1395e-01 -2.1699e-01
68 0 +7.993052305e+06 +7.993224255e+06 +7.993224255e+06 +2.4552e-01 +1.9446e+00 -5.4236e-01 -7.8416e-01 +7.6453e-01
89 0 +5.730924512e+06 +5.731096462e+06 +5.731096462e+06 +4.3592e-01 +3.8224e+00 -5.6940e-01 -8.1840e-01 +2.7352e-01
139 0 +4.596817381e+06 +4.596989331e+06 +4.596989331e+06 -2.3765e+00 +4.2151e+00 -1.4094e+00 -5.6663e-01 +1.3041e+00
158 0 +3.210420159e+06 +3.210592109e+06 +3.210592109e+06 -3.5917e-01 +2.6710e+00 -1.2791e+00 -1.6374e+00 +1.4155e+00
164 0 +2.643000689e+06 +2.643172639e+06 +2.643172639e+06 -7.9597e-01 +3.3005e+00 -1.0361e+00 -2.5637e+00 +6.9492e-01
170 0 +2.417139488e+06 +2.417311438e+06 +2.417311438e+06 +4.8668e-01 +2.7915e+00 -7.2105e-01 -2.1468e+00 +7.1106e-01
183 0 +1.240474888e+06 +1.240646838e+06 +1.240646838e+06 -5.4452e-01 +3.4966e+00 -7.3488e-01 -2.0659e+00 +1.1381e+00
198 0 +9.592003249e+05 +9.593722749e+05 +9.593722749e+05 +7.8203e-01 +3.0760e+00 -1.8810e+00 -2.1518e+00 +1.9538e-01
199 0 +7.544112517e+05 +7.545832017e+05 +7.545832017e+05 -1.0326e+00 +3.6924e+00 -1.5285e+00 -2.1274e+00 +1.2157e+00
204 0 +4.547793125e+05 +4.549512625e+05 +4.549512625e+05 -3.8111e-01 +4.1691e+00 -1.5585e+00 -2.1036e+00 +1.6585e+00
367 0 +9.413056976e+04 +9.430251976e+04 +9.430251976e+04 +1.8246e+00 +3.8089e+00 -2.2352e+00 -2.7835e+00 +5.0416e-01
580 0 +4.045697124e+04 +4.062892124e+04 +4.062892124e+04 +1.4474e+00 +3.5769e+00 -1.9637e+00 -2.5979e+00 +7.3969e-01
888 0 +2.850767622e+04 +2.867962622e+04 +2.867962622e+04 +3.3852e+00 +3.3407e+00 -2.2409e+00 -2.7240e+00 +6.3612e-02
893 0 +1.104464741e+04 +1.121659741e+04 +1.121659741e+04 +3.3897e+00 +3.4356e+00 -2.4587e+00 -2.5354e+00 +3.4189e-02
972 0 +6.350143060e+03 +6.522093060e+03 +6.522093060e+03 +3.3175e+00 +3.4603e+00 -2.4324e+00 -2.6494e+00 -1.1765e-02
1020 0 +4.030427100e+03 +4.202377100e+03 +4.202377100e+03 +4.0084e+00 +3.3533e+00 -2.5446e+00 -2.6354e+00 -1.8568e-01
1326 0 +1.876302231e+03 +2.048252231e+03 +2.048252231e+03 +2.2363e+00 +3.5573e+00 -2.1569e+00 -2.6768e+00 +4.0180e-01
1857 0 +8.278027644e+02 +9.997527644e+02 +9.997527644e+02 +3.1867e+00 +3.4409e+00 -2.3852e+00 -2.6508e+00 +9.4081e-02
2135 0 +4.740849161e+02 +6.460349161e+02 +6.460349161e+02 +3.2618e+00 +3.4281e+00 -2.3910e+00 -2.6421e+00 +7.4241e-02
2292 0 +2.574146021e+02 +4.293646021e+02 +4.293646021e+02 +3.4988e+00 +3.4312e+00 -2.4044e+00 -2.6043e+00 +1.1270e-02
2639 0 +1.942123342e+02 +3.661623342e+02 +3.661623342e+02 +3.5930e+00 +3.4211e+00 -2.4242e+00 -2.5929e+00 -1.2201e-02
2661 0 +7.453555285e+01 +2.464855529e+02 +2.464855529e+02 +3.0851e+00 +3.4408e+00 -2.3418e+00 -2.6704e+00 +1.5023e-01
3711 0 +5.035388138e+01 +2.223038814e+02 +2.223038814e+02 +3.7033e+00 +3.4141e+00 -2.4347e+00 -2.5718e+00 -6.1210e-02
4208 0 +3.920114559e+01 +2.111511456e+02 +2.111511456e+02 +3.3649e+00 +3.4217e+00 -2.3878e+00 -2.6389e+00 +6.0515e-02
5167 0 +1.140385056e+01 +1.833538506e+02 +1.833538506e+02 +3.3076e+00 +3.4186e+00 -2.3784e+00 -2.6466e+00 +7.2188e-02
5820 0 +5.902453231e+00 +1.778524532e+02 +1.778524532e+02 +3.3622e+00 +3.4188e+00 -2.3877e+00 -2.6358e+00 +5.4314e-02
6230 0 +5.014850944e+00 +1.769648509e+02 +1.769648509e+02 +3.2396e+00 +3.4248e+00 -2.3671e+00 -2.6534e+00 +9.4911e-02
6402 0 +3.578869696e+00 +1.755288697e+02 +1.755288697e+02 +3.2335e+00 +3.4233e+00 -2.3672e+00 -2.6571e+00 +9.9223e-02
7502 0 +3.234009314e+00 +1.751840093e+02 +1.751840093e+02 +3.0428e+00 +3.4384e+00 -2.3387e+00 -2.6793e+00 +1.5717e-01
7687 0 +2.761924701e+00 +1.747119247e+02 +1.747119247e+02 +3.0713e+00 +3.4370e+00 -2.3433e+00 -2.6759e+00 +1.4838e-01
8010 0 +1.332431236e+00 +1.732824312e+02 +1.732824312e+02 +3.0453e+00 +3.4375e+00 -2.3375e+00 -2.6786e+00 +1.5671e-01
8275 0 +6.533468400e-01 +1.726033468e+02 +1.726033468e+02 +3.0222e+00 +3.4399e+00 -2.3336e+00 -2.6802e+00 +1.6323e-01
8520 0 +4.205954570e-01 +1.723705955e+02 +1.723705955e+02 +3.0765e+00 +3.4359e+00 -2.3426e+00 -2.6748e+00 +1.4684e-01
11849 0 +3.728725816e-01 +1.723228726e+02 +1.723228726e+02 +3.0548e+00 +3.4374e+00 -2.3393e+00 -2.6770e+00 +1.5363e-01
13223 0 +3.598728216e-01 +1.723098728e+02 +1.723098728e+02 +3.0650e+00 +3.4365e+00 -2.3409e+00 -2.6760e+00 +1.5053e-01
14018 0 +3.503901122e-01 +1.723003901e+02 +1.723003901e+02 +3.0655e+00 +3.4366e+00 -2.3410e+00 -2.6760e+00 +1.5031e-01
24550 0 +3.467363495e-01 +1.722967363e+02 +1.722967363e+02 +3.0673e+00 +3.4364e+00 -2.3413e+00 -2.6758e+00 +1.4975e-01
50001 0 +3.444389266e-01 +1.722944389e+02 +1.722944389e+02 +3.0692e+00 +3.4363e+00 -2.3416e+00 -2.6756e+00 +1.4915e-01
% f evaluations | g evaluations | best noise-free fitness - Fopt (6.816000000000e+01) + sum g_i+ | measured fitness | best measured fitness or single-digit g-values | x1 | x2...
1 0 +2.894445503e+08 +2.894446185e+08 +2.894446185e+08 +0.0000e+00 +0.0000e+00 +0.0000e+00 +0.0000e+00 +0.0000e+00
3 0 +2.247860763e+08 +2.247861444e+08 +2.247861444e+08 +9.2515e-01 -7.5469e-01 -1.5944e+00 -1.8853e-01 +1.6098e+00
5 0 +2.134241981e+08 +2.134242662e+08 +2.134242662e+08 -3.8347e-01 -3.0673e-01 -7.5907e-01 +1.5115e-01 +1.5562e+00
7 0 +1.200871995e+08 +1.200872677e+08 +1.200872677e+08 +1.6437e+00 +1.6274e+00 +1.6532e+00 -9.9480e-01 +1.1357e+00
12 0 +1.095552413e+08 +1.095553095e+08 +1.095553095e+08 +5.2410e-01 +5.8273e-01 +1.1237e+00 -1.8814e-01 +1.5186e+00
23 0 +1.000735188e+08 +1.000735869e+08 +1.000735869e+08 +1.3460e-01 +1.1958e+00 +1.8768e+00 -2.3180e-01 +1.4976e+00
48 0 +8.295107948e+07 +8.295114764e+07 +8.295114764e+07 -3.5165e-01 +7.8126e-01 +4.7597e-01 +8.1237e-01 +2.0138e+00
59 0 +7.935882841e+07 +7.935889657e+07 +7.935889657e+07 +2.3755e-01 -2.7133e-01 +2.0468e+00 -7.6165e-01 +2.7573e+00
63 0 +7.811606182e+07 +7.811612998e+07 +7.811612998e+07 -2.3895e-01 +7.2265e-01 +1.9612e+00 -7.1629e-01 +2.9881e+00
68 0 +6.967441173e+07 +6.967447989e+07 +6.967447989e+07 -5.6804e-01 +1.3855e+00 +2.2282e+00 -4.0376e-01 +2.8412e+00
69 0 +5.863714457e+07 +5.863721273e+07 +5.863721273e+07 -6.0795e-01 +2.5215e+00 +3.6100e+00 -1.8213e-02 +1.9291e+00
72 0 +4.515840457e+07 +4.515847273e+07 +4.515847273e+07 +6.3737e-01 +1.0158e+00 +1.9552e+00 -9.9359e-01 +4.0801e+00
83 0 +2.552958532e+07 +2.552965348e+07 +2.552965348e+07 +1.7555e+00 +1.9626e+00 +2.8979e+00 -1.4107e+00 +5.2637e+00
109 0 +2.372397751e+07 +2.372404567e+07 +2.372404567e+07 +7.1209e-01 +7.9561e-01 +4.3735e-01 -6.1146e-01 +6.5078e+00
111 0 +1.753889296e+07 +1.753896112e+07 +1.753896112e+07 -2.0106e+00 -8.1070e-01 +2.9567e+00 +1.1223e+00 +8.0690e+00
147 0 +7.508626115e+06 +7.508694275e+06 +7.508694275e+06 +6.6718e-01 +1.7862e+00 +8.9506e-01 +8.9915e-01 +5.6885e+00
191 0 +2.149323373e+06 +2.149391533e+06 +2.149391533e+06 -8.0165e-02 +2.1968e+00 +1.1458e+00 +1.4957e+00 +6.9674e+00
503 0 +1.648400051e+06 +1.648468211e+06 +1.648468211e+06 +1.2504e+00 +2.5911e+00 +2.4549e+00 +2.0608e+00 +4.7955e+00
528 0 +1.485425115e+06 +1.485493275e+06 +1.485493275e+06 +1.5557e+00 +1.9467e+00 +2.1222e+00 +3.0868e+00 +4.5766e+00
542 0 +1.154980365e+06 +1.155048525e+06 +1.155048525e+06 +2.2868e+00 +2.6003e+00 +2.3976e+00 +3.0528e+00 +4.8428e+00
571 0 +8.679413291e+05 +8.680094891e+05 +8.680094891e+05 +1.4369e+00 +2.5659e+00 +2.5864e+00 +3.0895e+00 +5.0552e+00
591 0 +5.611406128e+05 +5.612087728e+05 +5.612087728e+05 +1.5362e+00 +2.4640e+00 +1.5904e+00 +3.2681e+00 +5.0635e+00
596 0 +2.214282183e+05 +2.214963783e+05 +2.214963783e+05 +1.9661e+00 +3.2562e+00 +1.5866e+00 +3.0564e+00 +3.9346e+00
755 0 +1.696861176e+05 +1.697542776e+05 +1.697542776e+05 +2.1261e+00 +3.0621e+00 +1.4356e+00 +3.8514e+00 +3.3454e+00
778 0 +1.498246766e+05 +1.498928366e+05 +1.498928366e+05 +1.6885e+00 +3.0558e+00 +1.6701e+00 +2.9407e+00 +4.3303e+00
829 0 +1.252121808e+05 +1.252803408e+05 +1.252803408e+05 +2.0103e+00 +3.2657e+00 +2.0114e+00 +3.2396e+00 +4.3853e+00
913 0 +1.168317043e+05 +1.168998643e+05 +1.168998643e+05 +1.7964e+00 +2.9785e+00 +1.6512e+00 +3.2612e+00 +3.9085e+00
1012 0 +5.861872573e+04 +5.868688573e+04 +5.868688573e+04 +2.2932e+00 +3.2430e+00 +1.7480e+00 +3.8684e+00 +3.4394e+00
1020 0 +4.189711950e+04 +4.196527950e+04 +4.196527950e+04 +2.0091e+00 +3.0582e+00 +1.7036e+00 +3.3899e+00 +3.7978e+00
1135 0 +2.968110726e+04 +2.974926726e+04 +2.974926726e+04 +2.4701e+00 +3.0694e+00 +1.8876e+00 +3.8612e+00 +3.2298e+00
1211 0 +2.169877260e+04 +2.176693260e+04 +2.176693260e+04 +2.5753e+00 +3.0005e+00 +1.6958e+00 +3.8455e+00 +3.0775e+00
1263 0 +4.360670125e+03 +4.428830125e+03 +4.428830125e+03 +2.5393e+00 +3.0867e+00 +1.8241e+00 +3.7600e+00 +3.3174e+00
1699 0 +2.669845468e+03 +2.738005468e+03 +2.738005468e+03 +3.1061e+00 +3.1249e+00 +1.7051e+00 +4.1993e+00 +2.4743e+00
1955 0 +1.454344943e+03 +1.522504943e+03 +1.522504943e+03 +3.1953e+00 +3.0599e+00 +1.7041e+00 +4.1993e+00 +2.4229e+00
2120 0 +8.615011377e+02 +9.296611377e+02 +9.296611377e+02 +3.0185e+00 +3.0759e+00 +1.7165e+00 +4.1239e+00 +2.5996e+00
2425 0 +2.485687397e+02 +3.167287397e+02 +3.167287397e+02 +2.9601e+00 +3.0962e+00 +1.7101e+00 +4.0959e+00 +2.7106e+00
2683 0 +4.916367596e+01 +1.173236760e+02 +1.173236760e+02 +2.8189e+00 +3.0977e+00 +1.7431e+00 +3.9813e+00 +2.9443e+00
3422 0 +2.852403534e+01 +9.668403534e+01 +9.668403534e+01 +2.7648e+00 +3.0980e+00 +1.7522e+00 +3.9215e+00 +3.0438e+00
4304 0 +1.930135961e+01 +8.746135961e+01 +8.746135961e+01 +2.7150e+00 +3.1005e+00 +1.7582e+00 +3.8849e+00 +3.1125e+00
4909 0 +4.376716676e+00 +7.253671668e+01 +7.253671668e+01 +2.7573e+00 +3.0978e+00 +1.7532e+00 +3.9250e+00 +3.0420e+00
5484 0 +8.744810246e-01 +6.903448102e+01 +6.903448102e+01 +2.7758e+00 +3.0978e+00 +1.7478e+00 +3.9389e+00 +3.0138e+00
7316 0 +6.781101256e-01 +6.883811013e+01 +6.883811013e+01 +2.7196e+00 +3.0970e+00 +1.7566e+00 +3.8931e+00 +3.1034e+00
7333 0 +4.465633795e-01 +6.860656338e+01 +6.860656338e+01 +2.7232e+00 +3.0971e+00 +1.7561e+00 +3.8978e+00 +3.0960e+00
7852 0 +2.855835534e-01 +6.844558355e+01 +6.844558355e+01 +2.7296e+00 +3.0971e+00 +1.7550e+00 +3.9013e+00 +3.0871e+00
8249 0 +2.455108206e-01 +6.840551082e+01 +6.840551082e+01 +2.7464e+00 +3.0981e+00 +1.7527e+00 +3.9147e+00 +3.0608e+00
9114 0 +2.280456079e-01 +6.838804561e+01 +6.838804561e+01 +2.7303e+00 +3.0975e+00 +1.7550e+00 +3.9031e+00 +3.0846e+00
9980 0 +2.197710855e-01 +6.837977109e+01 +6.837977109e+01 +2.7441e+00 +3.0980e+00 +1.7531e+00 +3.9133e+00 +3.0640e+00
10017 0 +1.258590354e-01 +6.828585904e+01 +6.828585904e+01 +2.7450e+00 +3.0973e+00 +1.7529e+00 +3.9138e+00 +3.0629e+00
10069 0 +9.358198351e-02 +6.825358198e+01 +6.825358198e+01 +2.7458e+00 +3.0978e+00 +1.7528e+00 +3.9141e+00 +3.0618e+00
10226 0 +8.300034917e-02 +6.824300035e+01 +6.824300035e+01 +2.7456e+00 +3.0975e+00 +1.7526e+00 +3.9142e+00 +3.0621e+00
10703 0 +8.068067459e-02 +6.824068067e+01 +6.824068067e+01 +2.7460e+00 +3.0977e+00 +1.7528e+00 +3.9147e+00 +3.0607e+00
10704 0 +6.952069520e-02 +6.822952070e+01 +6.822952070e+01 +2.7457e+00 +3.0975e+00 +1.7530e+00 +3.9144e+00 +3.0617e+00
10903 0 +5.899291171e-02 +6.821899291e+01 +6.821899291e+01 +2.7460e+00 +3.0977e+00 +1.7530e+00 +3.9144e+00 +3.0610e+00
11025 0 +5.808877397e-02 +6.821808877e+01 +6.821808877e+01 +2.7470e+00 +3.0977e+00 +1.7528e+00 +3.9153e+00 +3.0594e+00
11139 0 +4.668293483e-02 +6.820668293e+01 +6.820668293e+01 +2.7440e+00 +3.0976e+00 +1.7532e+00 +3.9130e+00 +3.0643e+00
11180 0 +4.372929589e-02 +6.820372930e+01 +6.820372930e+01 +2.7462e+00 +3.0976e+00 +1.7527e+00 +3.9147e+00 +3.0606e+00
11261 0 +3.699127367e-02 +6.819699127e+01 +6.819699127e+01 +2.7468e+00 +3.0976e+00 +1.7528e+00 +3.9150e+00 +3.0603e+00
11458 0 +3.547913098e-02 +6.819547913e+01 +6.819547913e+01 +2.7471e+00 +3.0975e+00 +1.7527e+00 +3.9153e+00 +3.0595e+00
11800 0 +3.196259962e-02 +6.819196260e+01 +6.819196260e+01 +2.7460e+00 +3.0976e+00 +1.7528e+00 +3.9145e+00 +3.0614e+00
11931 0 +2.802390340e-02 +6.818802390e+01 +6.818802390e+01 +2.7454e+00 +3.0977e+00 +1.7528e+00 +3.9140e+00 +3.0621e+00
12464 0 +2.340359411e-02 +6.818340359e+01 +6.818340359e+01 +2.7454e+00 +3.0976e+00 +1.7529e+00 +3.9141e+00 +3.0621e+00
12591 0 +2.210639608e-02 +6.818210640e+01 +6.818210640e+01 +2.7457e+00 +3.0976e+00 +1.7529e+00 +3.9143e+00 +3.0616e+00
12931 0 +2.169454114e-02 +6.818169454e+01 +6.818169454e+01 +2.7442e+00 +3.0976e+00 +1.7531e+00 +3.9131e+00 +3.0639e+00
13432 0 +2.041106471e-02 +6.818041106e+01 +6.818041106e+01 +2.7442e+00 +3.0976e+00 +1.7530e+00 +3.9131e+00 +3.0639e+00
13887 0 +1.989839236e-02 +6.817989839e+01 +6.817989839e+01 +2.7442e+00 +3.0975e+00 +1.7530e+00 +3.9132e+00 +3.0639e+00
14049 0 +1.941538706e-02 +6.817941539e+01 +6.817941539e+01 +2.7439e+00 +3.0976e+00 +1.7531e+00 +3.9129e+00 +3.0644e+00
16485 0 +1.902588930e-02 +6.817902589e+01 +6.817902589e+01 +2.7442e+00 +3.0976e+00 +1.7530e+00 +3.9131e+00 +3.0639e+00
23941 0 +1.889529515e-02 +6.817889530e+01 +6.817889530e+01 +2.7441e+00 +3.0976e+00 +1.7530e+00 +3.9130e+00 +3.0641e+00
% f evaluations | g evaluations | best noise-free fitness - Fopt (1.000000000000e+03) + sum g_i+ | measured fitness | best measured fitness or single-digit g-values | x1 | x2...
1 0 +5.742710637e+07 +5.742810637e+07 +5.742810637e+07 +0.0000e+00 +0.0000e+00 +0.0000e+00 +0.0000e+00 +0.0000e+00
2 0 +2.804417476e+07 +2.804517476e+07 +2.804517476e+07 -1.4747e+00 +5.4016e-01 +1.0559e+00 -3.0435e-01 -1.4122e-01
19 0 +2.229833792e+07 +2.229933792e+07 +2.229933792e+07 +1.0537e+00 +1.1607e+00 +1.2505e+00 -1.6017e+00 -1.0880e+00
28 0 +1.757826293e+07 +1.757926293e+07 +1.757926293e+07 -5.9762e-01 +1.2311e+00 +7.8196e-01 +8.3430e-02 -7.8333e-01
45 0 +1.726313631e+07 +1.726413631e+07 +1.726413631e+07 -4.4288e-02 +1.5849e+00 +8.4866e-01 -4.9577e-01 -2.8923e-01
50 0 +1.679966936e+07 +1.680066936e+07 +1.680066936e+07 -3.3613e-01 +9.8297e-01 +1.1846e+00 -6.9900e-01 -7.6389e-01
62 0 +1.017962499e+07 +1.018062499e+07 +1.018062499e+07 -4.6390e-01 +1.4901e+00 +1.1151e+00 -4.6120e-01 -2.0019e+00
85 0 +9.264194427e+06 +9.265194427e+06 +9.265194427e+06 -9.4892e-01 +1.0426e+00 +2.7500e+00 -1.1023e+00 -1.3343e+00
103 0 +8.910235216e+06 +8.911235216e+06 +8.911235216e+06 -1.0887e-01 +1.2933e+00 +2.8438e+00 +4.4335e-01 -2.5775e+00
106 0 +7.384254475e+06 +7.385254475e+06 +7.385254475e+06 -1.3425e+00 +1.0625e+00 +2.9210e+00 +2.3942e-01 -1.4091e+00
109 0 +5.917207871e+06 +5.918207871e+06 +5.918207871e+06 -1.4865e+00 +1.9247e+00 +2.1874e+00 -1.4562e-01 -4.5057e-01
130 0 +5.787155493e+06 +5.788155493e+06 +5.788155493e+06 -7.9167e-01 +1.7642e+00 +1.9889e+00 -6.2081e-01 -1.9487e+00
142 0 +5.429212672e+06 +5.430212672e+06 +5.430212672e+06 -7.4566e-01 +2.9753e+00 +1.2659e+00 +5.1907e-02 -1.5693e+00
147 0 +4.683639271e+06 +4.684639271e+06 +4.684639271e+06 -6.3073e-01 +2.4797e+00 +3.2879e+00 -1.2336e+00 -3.3864e+00
155 0 +4.636251560e+06 +4.637251560e+06 +4.637251560e+06 -1.3523e+00 +1.6262e+00 +2.6934e+00 -3.6268e-01 -1.5151e+00
175 0 +2.652931645e+06 +2.653931645e+06 +2.653931645e+06 -7.5497e-01 +3.0392e+00 +1.1458e+00 -6.0435e-02 -2.9567e+00
243 0 +5.890745166e+05 +5.900745166e+05 +5.900745166e+05 -1.5720e+00 +3.1506e+00 +2.6531e+00 -5.3965e-01 -3.1851e+00
327 0 +5.641198549e+05 +5.651198549e+05 +5.651198549e+05 -1.4702e+00 +3.9204e+00 +2.3298e+00 +6.0393e-01 -3.3161e+00
368 0 +1.378322887e+05 +1.388322887e+05 +1.388322887e+05 -2.3733e+00 +3.3181e+00 +2.3573e+00 -8.6394e-02 -3.3895e+00
532 0 +2.082016771e+04 +2.182016771e+04 +2.182016771e+04 -1.8457e+00 +3.3648e+00 +2.3795e+00 +1.3219e-01 -3.4591e+00
892 0 +1.470467518e+04 +1.570467518e+04 +1.570467518e+04 -1.8086e+00 +3.4691e+00 +2.1755e+00 +1.4557e-02 -3.4434e+00
1013 0 +1.147825981e+04 +1.247825981e+04 +1.247825981e+04 -1.8485e+00 +3.4812e+00 +2.2558e+00 +7.4504e-02 -3.4810e+00
1102 0 +7.205835926e+03 +8.205835926e+03 +8.205835926e+03 -1.7885e+00 +3.3394e+00 +2.3327e+00 +5.5731e-02 -3.4282e+00
1407 0 +6.690243233e+03 +7.690243233e+03 +7.690243233e+03 -1.4286e+00 +3.6784e+00 +2.2065e+00 -9.9708e-03 -3.8987e+00
1472 0 +6.173226095e+03 +7.173226095e+03 +7.173226095e+03 -1.6374e+00 +3.5047e+00 +2.2309e+00 +3.6750e-02 -3.5057e+00
1528 0 +6.156722445e+03 +7.156722445e+03 +7.156722445e+03 -1.6948e+00 +3.4096e+00 +2.2492e+00 -1.3226e-02 -3.5251e+00
1589 0 +5.736231363e+03 +6.736231363e+03 +6.736231363e+03 -1.3259e+00 +3.7576e+00 +2.2908e+00 +8.8515e-02 -3.9378e+00
1600 0 +5.226301758e+03 +6.226301758e+03 +6.226301758e+03 -1.9363e+00 +3.4086e+00 +2.3040e+00 +2.4120e-02 -3.2644e+00
1725 0 +5.025722439e+03 +6.025722439e+03 +6.025722439e+03 -1.8169e+00 +3.4073e+00 +2.3648e+00 +2.5756e-02 -3.3617e+00
1731 0 +3.620144952e+03 +4.620144952e+03 +4.620144952e+03 -1.9022e+00 +3.3127e+00 +2.3344e+00 +1.9620e-03 -3.3480e+00
1844 0 +1.745594770e+03 +2.745594770e+03 +2.745594770e+03 -1.7265e+00 +3.4700e+00 +2.3250e+00 +3.5251e-03 -3.5084e+00
1956 0 +1.193311142e+03 +2.193311142e+03 +2.193311142e+03 -1.7905e+00 +3.4434e+00 +2.2766e+00 +4.5223e-02 -3.4274e+00
2386 0 +4.631952506e+02 +1.463195251e+03 +1.463195251e+03 -2.0439e+00 +3.2683e+00 +2.3334e+00 +3.5795e-02 -3.1686e+00
3202 0 +2.119377870e+02 +1.211937787e+03 +1.211937787e+03 -1.4299e+00 +3.6576e+00 +2.2776e+00 +2.8379e-02 -3.8118e+00
3861 0 +1.981551211e+02 +1.198155121e+03 +1.198155121e+03 -1.4554e+00 +3.6432e+00 +2.2857e+00 +1.8647e-02 -3.7591e+00
4236 0 +1.467987935e+02 +1.146798793e+03 +1.146798793e+03 -1.4610e+00 +3.6400e+00 +2.2658e+00 +1.8368e-02 -3.7449e+00
4373 0 +1.213073642e+02 +1.121307364e+03 +1.121307364e+03 -1.3312e+00 +3.7076e+00 +2.2630e+00 +1.8830e-02 -3.9183e+00
4431 0 +3.751475126e+01 +1.037514751e+03 +1.037514751e+03 -1.5432e+00 +3.5779e+00 +2.2795e+00 +2.5477e-02 -3.6771e+00
4955 0 +3.691857611e+01 +1.036918576e+03 +1.036918576e+03 -1.4015e+00 +3.6733e+00 +2.2583e+00 +2.4609e-02 -3.8370e+00
5462 0 +2.914866119e+01 +1.029148661e+03 +1.029148661e+03 -1.3346e+00 +3.7115e+00 +2.2561e+00 +2.4171e-02 -3.9180e+00
5504 0 +1.950011449e+01 +1.019500114e+03 +1.019500114e+03 -1.4015e+00 +3.6681e+00 +2.2643e+00 +2.4169e-02 -3.8209e+00
5528 0 +1.722673486e+01 +1.017226735e+03 +1.017226735e+03 -1.3194e+00 +3.7159e+00 +2.2531e+00 +2.1772e-02 -3.9332e+00
5615 0 +5.076795073e+00 +1.005076795e+03 +1.005076795e+03 -1.3869e+00 +3.6779e+00 +2.2602e+00 +2.1944e-02 -3.8514e+00
6937 0 +4.572905873e+00 +1.004572906e+03 +1.004572906e+03 -1.3664e+00 +3.6898e+00 +2.2569e+00 +2.4791e-02 -3.8749e+00
6995 0 +3.478174407e+00 +1.003478174e+03 +1.003478174e+03 -1.3399e+00 +3.7031e+00 +2.2524e+00 +2.3932e-02 -3.9120e+00
7081 0 +2.400817462e+00 +1.002400817e+03 +1.002400817e+03 -1.3315e+00 +3.7077e+00 +2.2513e+00 +2.4452e-02 -3.9206e+00
7814 0 +2.360752221e+00 +1.002360752e+03 +1.002360752e+03 -1.3074e+00 +3.7223e+00 +2.2498e+00 +2.3988e-02 -3.9520e+00
7882 0 +1.214477055e+00 +1.001214477e+03 +1.001214477e+03 -1.3143e+00 +3.7181e+00 +2.2495e+00 +2.3405e-02 -3.9433e+00
8063 0 +9.330982417e-01 +1.000933098e+03 +1.000933098e+03 -1.3339e+00 +3.7079e+00 +2.2528e+00 +2.4426e-02 -3.9195e+00
8658 0 +6.781105679e-01 +1.000678111e+03 +1.000678111e+03 -1.3227e+00 +3.7120e+00 +2.2512e+00 +2.3639e-02 -3.9314e+00
9101 0 +5.974896290e-01 +1.000597490e+03 +1.000597490e+03 -1.3240e+00 +3.7119e+00 +2.2512e+00 +2.4593e-02 -3.9312e+00
9165 0 +4.051425092e-01 +1.000405143e+03 +1.000405143e+03 -1.3265e+00 +3.7106e+00 +2.2520e+00 +2.3532e-02 -3.9283e+00
9218 0 +2.429391708e-01 +1.000242939e+03 +1.000242939e+03 -1.3254e+00 +3.7114e+00 +2.2513e+00 +2.3748e-02 -3.9296e+00
11046 0 +2.105205655e-01 +1.000210521e+03 +1.000210521e+03 -1.3207e+00 +3.7144e+00 +2.2509e+00 +2.3789e-02 -3.9357e+00
11298 0 +1.724778047e-01 +1.000172478e+03 +1.000172478e+03 -1.3259e+00 +3.7110e+00 +2.2520e+00 +2.4163e-02 -3.9287e+00
11423 0 +1.425574533e-01 +1.000142557e+03 +1.000142557e+03 -1.3251e+00 +3.7117e+00 +2.2514e+00 +2.4166e-02 -3.9301e+00
11662 0 +6.715488252e-02 +1.000067155e+03 +1.000067155e+03 -1.3235e+00 +3.7126e+00 +2.2514e+00 +2.4176e-02 -3.9319e+00
11841 0 +6.372118490e-02 +1.000063721e+03 +1.000063721e+03 -1.3245e+00 +3.7118e+00 +2.2515e+00 +2.4087e-02 -3.9303e+00
12394 0 +5.606759889e-02 +1.000056068e+03 +1.000056068e+03 -1.3226e+00 +3.7130e+00 +2.2512e+00 +2.4017e-02 -3.9330e+00
13067 0 +5.412990412e-02 +1.000054130e+03 +1.000054130e+03 -1.3210e+00 +3.7140e+00 +2.2510e+00 +2.4059e-02 -3.9351e+00
13387 0 +5.260616948e-02 +1.000052606e+03 +1.000052606e+03 -1.3220e+00 +3.7134e+00 +2.2511e+00 +2.4035e-02 -3.9338e+00
14866 0 +5.169640090e-02 +1.000051696e+03 +1.000051696e+03 -1.3220e+00 +3.7134e+00 +2.2511e+00 +2.4052e-02 -3.9337e+00
15202 0 +5.108881428e-02 +1.000051089e+03 +1.000051089e+03 -1.3227e+00 +3.7130e+00 +2.2512e+00 +2.4069e-02 -3.9329e+00
27061 0 +5.061825761e-02 +1.000050618e+03 +1.000050618e+03 -1.3227e+00 +3.7130e+00 +2.2512e+00 +2.4057e-02 -3.9328e+00
% f evaluations | g evaluations | best noise-free fitness - Fopt (-6.837000000000e+01) + sum g_i+ | measured fitness | best measured fitness or single-digit g-values | x1 | x2...
1 0 +6.475518586e+07 +6.475511749e+07 +6.475511749e+07 +0.0000e+00 +0.0000e+00 +0.0000e+00 +0.0000e+00 +0.0000e+00
3 0 +1.148896650e+07 +1.148889813e+07 +1.148889813e+07 +1.3865e+00 -1.2218e+00 +6.8724e-01 +8.0148e-01 +1.0691e+00
15 0 +1.142417789e+07 +1.142410952e+07 +1.142410952e+07 +1.3808e+00 -8.1814e-01 +8.5752e-01 -1.2814e+00 +1.1551e+00
37 0 +1.124594939e+07 +1.124588102e+07 +1.124588102e+07 +1.3311e+00 -7.1677e-01 +6.4785e-01 +4.7315e-01 +9.8668e-01
44 0 +1.005679940e+07 +1.005673103e+07 +1.005673103e+07 +2.5383e+00 +1.4689e+00 -6.5011e-02 +9.8382e-01 +1.0651e+00
52 0 +8.930780623e+06 +8.930712253e+06 +8.930712253e+06 +1.9177e+00 +2.9697e-01 +2.0358e+00 -2.6015e-01 +1.2679e+00
61 0 +7.660650658e+06 +7.660582288e+06 +7.660582288e+06 +1.7292e+00 +9.7284e-01 -6.9630e-01 +8.4130e-01 +1.7379e+00
62 0 +2.767231826e+06 +2.767163456e+06 +2.767163456e+06 +2.1270e+00 +8.4076e-01 +8.8059e-01 +4.4698e-01 +2.1972e+00
68 0 +1.364888836e+06 +1.364820466e+06 +1.364820466e+06 +4.4441e+00 +6.6250e-01 +1.1966e+00 +5.6419e-01 +1.3669e+00
122 0 +1.218486367e+06 +1.218417997e+06 +1.218417997e+06 +2.9330e+00 +3.2912e-01 +2.3179e+00 +9.1123e-01 +1.8770e+00
127 0 +7.121137233e+05 +7.120453533e+05 +7.120453533e+05 +3.4199e+00 +1.3742e+00 +2.0035e+00 +6.0741e-01 +2.1300e+00
194 0 +3.708465431e+05 +3.707781731e+05 +3.707781731e+05 +3.6078e+00 +1.4708e+00 +2.5087e-01 +1.7717e+00 +2.1734e+00
304 0 +2.884407517e+05 +2.883723817e+05 +2.883723817e+05 +4.0384e+00 +5.4022e-02 +2.4087e+00 +1.4762e-01 +1.5453e+00
346 0 +2.546701982e+05 +2.546018282e+05 +2.546018282e+05 +3.4640e+00 +1.1917e+00 +6.6853e-01 +9.6167e-01 +2.1258e+00
370 0 +1.827340625e+05 +1.826656925e+05 +1.826656925e+05 +3.6047e+00 +1.3222e+00 +1.2461e+00 +6.1678e-01 +2.0590e+00
395 0 +7.339042961e+04 +7.332205961e+04 +7.332205961e+04 +3.5837e+00 +8.1057e-01 +2.0762e+00 +3.7151e-01 +2.1055e+00
625 0 +3.457138510e+04 +3.450301510e+04 +3.450301510e+04 +3.7251e+00 +1.6023e+00 +5.5825e-01 +1.5745e+00 +2.4463e+00
1004 0 +1.622012907e+04 +1.615175907e+04 +1.615175907e+04 +3.5324e+00 +1.8023e+00 +4.2593e-01 +1.6633e+00 +2.6205e+00
1400 0 +4.167970068e+03 +4.099600068e+03 +4.099600068e+03 +3.6216e+00 +2.0726e+00 -3.7488e-03 +1.8535e+00 +2.8018e+00
2069 0 +1.229892754e+03 +1.161522754e+03 +1.161522754e+03 +3.6448e+00 +2.2853e+00 -3.9506e-01 +2.2112e+00 +3.0619e+00
2586 0 +7.216799024e+02 +6.533099024e+02 +6.533099024e+02 +3.6259e+00 +2.0309e+00 +7.8639e-03 +1.8860e+00 +2.7899e+00
2803 0 +5.352766356e+02 +4.669066356e+02 +4.669066356e+02 +3.6226e+00 +2.1180e+00 -1.2998e-01 +1.9926e+00 +2.8882e+00
3560 0 +3.777896905e+02 +3.094196905e+02 +3.094196905e+02 +3.6545e+00 +2.1316e+00 -1.4869e-01 +2.0087e+00 +2.9168e+00
3775 0 +1.490530197e+02 +8.068301966e+01 +8.068301966e+01 +3.6295e+00 +2.0826e+00 -6.6605e-02 +1.9497e+00 +2.8564e+00
3970 0 +1.471258708e+02 +7.875587081e+01 +7.875587081e+01 +3.6315e+00 +2.0464e+00 +1.4269e-03 +1.8944e+00 +2.8218e+00
3991 0 +7.708663340e+01 +8.716633399e+00 +8.716633399e+00 +3.6372e+00 +1.9740e+00 +1.1868e-01 +1.8034e+00 +2.7432e+00
4302 0 +2.819041404e+01 -4.017958596e+01 -4.017958596e+01 +3.6445e+00 +2.1800e+00 -2.5063e-01 +2.0866e+00 +2.9640e+00
5990 0 +2.095892648e+01 -4.741107352e+01 -4.741107352e+01 +3.6420e+00 +2.0865e+00 -8.4357e-02 +1.9619e+00 +2.8632e+00
7629 0 +1.480617914e+01 -5.356382086e+01 -5.356382086e+01 +3.6390e+00 +2.0478e+00 -5.0884e-03 +1.9091e+00 +2.8208e+00
8351 0 +1.072938299e+01 -5.764061701e+01 -5.764061701e+01 +3.6400e+00 +2.0574e+00 -2.5797e-02 +1.9234e+00 +2.8307e+00
8399 0 +7.570112758e+00 -6.079988724e+01 -6.079988724e+01 +3.6388e+00 +2.0522e+00 -1.5392e-02 +1.9122e+00 +2.8268e+00
8673 0 +5.933561995e+00 -6.243643800e+01 -6.243643800e+01 +3.6388e+00 +2.0578e+00 -2.5737e-02 +1.9223e+00 +2.8317e+00
8780 0 +5.606235397e+00 -6.276376460e+01 -6.276376460e+01 +3.6384e+00 +2.0331e+00 +1.5566e-02 +1.8889e+00 +2.8073e+00
10433 0 +5.269826501e+00 -6.310017350e+01 -6.310017350e+01 +3.6386e+00 +2.0239e+00 +3.3257e-02 +1.8764e+00 +2.7978e+00
10577 0 +5.209868055e+00 -6.316013194e+01 -6.316013194e+01 +3.6381e+00 +2.0194e+00 +4.0936e-02 +1.8711e+00 +2.7936e+00
10852 0 +5.063918868e+00 -6.330608113e+01 -6.330608113e+01 +3.6384e+00 +2.0231e+00 +3.4971e-02 +1.8748e+00 +2.7966e+00
11306 0 +4.995994358e+00 -6.337400564e+01 -6.337400564e+01 +3.6378e+00 +2.0212e+00 +3.8517e-02 +1.8726e+00 +2.7946e+00
12628 0 +4.897688439e+00 -6.347231156e+01 -6.347231156e+01 +3.6377e+00 +2.0140e+00 +5.0321e-02 +1.8635e+00 +2.7878e+00
50001 0 +4.816604837e+00 -6.355339516e+01 -6.355339516e+01 +3.6377e+00 +2.0176e+00 +4.4231e-02 +1.8680e+00 +2.7914e+00
% f evaluations | g evaluations | best noise-free fitness - Fopt (-5.548000000000e+01) + sum g_i+ | measured fitness | best measured fitness or single-digit g-values | x1 | x2...
1 0 +3.995516711e+07 +3.995511163e+07 +3.995511163e+07 +0.0000e+00 +0.0000e+00 +0.0000e+00 +0.0000e+00 +0.0000e+00
2 0 +3.172749568e+07 +3.172744020e+07 +3.172744020e+07 -1.6386e+00 +1.5882e+00 +9.7113e-01 +8.3019e-01 +1.3399e+00
5 0 +2.652355742e+07 +2.652350194e+07 +2.652350194e+07 -8.6409e-01 +6.6893e-02 +8.0409e-01 +2.8490e-01 +8.9665e-01
35 0 +2.577212833e+07 +2.577207285e+07 +2.577207285e+07 -1.1740e+00 -5.7314e-01 +3.1674e-01 +5.7272e-01 -7.1829e-03
41 0 +2.509254031e+07 +2.509248483e+07 +2.509248483e+07 -1.4335e+00 -8.5316e-02 +1.0533e+00 +7.0414e-01 +7.4318e-02
49 0 +2.113650417e+07 +2.113644869e+07 +2.113644869e+07 -2.6414e+00 +8.0440e-01 +8.0658e-01 +6.4370e-01 +7.1850e-01
62 0 +1.975334038e+07 +1.975328490e+07 +1.975328490e+07 -2.4218e+00 +3.6643e-01 +1.2048e-01 +4.9142e-01 +1.0361e+00
79 0 +1.852034485e+07 +1.852028937e+07 +1.852028937e+07 -1.8298e+00 -3.4881e-01 +4.8701e-01 +7.7693e-01 +8.3794e-01
87 0 +1.729237101e+07 +1.729231553e+07 +1.729231553e+07 -3.0757e+00 -3.3695e-01 +3.5211e-01 +7.3155e-01 -5.3325e-01
90 0 +1.465312786e+07 +1.465307238e+07 +1.465307238e+07 -3.2500e+00 -9.7052e-01 +1.1313e+00 +1.3616e+00 -8.0559e-01
104 0 +1.178368090e+07 +1.178362542e+07 +1.178362542e+07 -3.9951e+00 -1.6096e-01 +1.7404e+00 -2.9180e-01 -1.0098e-01
110 0 +1.172838474e+07 +1.172832926e+07 +1.172832926e+07 -3.4789e+00 -1.6931e-01 +1.0746e+00 +6.0698e-01 +4.4745e-01
126 0 +9.458020701e+06 +9.457965221e+06 +9.457965221e+06 -4.2452e+00 -6.0721e-01 +4.2380e-01 +7.9455e-01 -1.2075e-01
134 0 +9.035980297e+06 +9.035924817e+06 +9.035924817e+06 -3.3877e+00 -3.8119e-01 +7.1654e-01 +2.9326e-01 +2.0264e+00
143 0 +5.803664977e+06 +5.803609497e+06 +5.803609497e+06 -4.5393e+00 -9.3618e-01 +9.4805e-01 +6.9408e-01 +1.4260e-01
144 0 +5.275442946e+06 +5.275387466e+06 +5.275387466e+06 -9.4903e+00 -1.8550e+00 +7.4775e-01 -7.3433e-01 -2.2111e-01
154 0 +4.621171526e+06 +4.621116046e+06 +4.621116046e+06 -5.5465e+00 -4.4157e-01 +1.1008e+00 +1.3612e-01 +5.9036e-02
188 0 +4.280796228e+06 +4.280740748e+06 +4.280740748e+06 -6.1515e+00 -7.6649e-01 +3.0151e-01 +6.4917e-01 +1.0132e+00
206 0 +1.564485566e+06 +1.564430086e+06 +1.564430086e+06 -5.8989e+00 -1.4052e+00 +1.5470e+00 +3.3638e-01 -1.6724e-01
223 0 +1.291612755e+06 +1.291557275e+06 +1.291557275e+06 -6.6458e+00 -1.5506e+00 +7.9786e-01 +4.3475e-01 +1.4076e-01
369 0 +4.514314830e+05 +4.513760030e+05 +4.513760030e+05 -4.7284e+00 -2.3762e+00 +9.8858e-01 +3.9540e-01 +2.2209e+00
537 0 +1.239844200e+05 +1.239289400e+05 +1.239289400e+05 -3.8738e+00 -2.9872e+00 +1.2719e+00 +3.9434e-01 +3.0940e+00
561 0 +8.078830527e+04 +8.073282527e+04 +8.073282527e+04 -4.6726e+00 -3.1296e+00 +1.1233e+00 +3.4770e-01 +2.3269e+00
595 0 +5.450184105e+04 +5.444636105e+04 +5.444636105e+04 -4.4506e+00 -3.0496e+00 +1.2723e+00 +4.7680e-01 +2.3523e+00
889 0 +4.561162497e+04 +4.555614497e+04 +4.555614497e+04 -3.8182e+00 -3.2595e+00 +1.1002e+00 +5.1698e-01 +3.0459e+00
922 0 +3.594714309e+04 +3.589166309e+04 +3.589166309e+04 -4.4459e+00 -3.2870e+00 +1.3341e+00 +3.8836e-01 +2.6217e+00
925 0 +7.755344203e+03 +7.699864203e+03 +7.699864203e+03 -4.4566e+00 -3.0487e+00 +1.2540e+00 +3.8019e-01 +2.5782e+00
1549 0 +1.836229514e+03 +1.780749514e+03 +1.780749514e+03 -3.4925e+00 -3.5419e+00 +1.0187e+00 +5.3090e-01 +3.6503e+00
1914 0 +1.753655229e+03 +1.698175229e+03 +1.698175229e+03 -3.9206e+00 -3.3600e+00 +1.1624e+00 +4.4610e-01 +3.2445e+00
1937 0 +1.374392330e+03 +1.318912330e+03 +1.318912330e+03 -3.4758e+00 -3.5315e+00 +1.0932e+00 +4.8588e-01 +3.6459e+00
1977 0 +9.328450018e+02 +8.773650018e+02 +8.773650018e+02 -3.8797e+00 -3.3828e+00 +1.1722e+00 +4.7062e-01 +3.2549e+00
2125 0 +6.685629264e+02 +6.130829264e+02 +6.130829264e+02 -3.2338e+00 -3.6543e+00 +9.7254e-01 +4.8489e-01 +3.9433e+00
2560 0 +6.209734360e+02 +5.654934360e+02 +5.654934360e+02 -3.1517e+00 -3.7346e+00 +9.2663e-01 +4.9353e-01 +4.0554e+00
2565 0 +4.748214480e+02 +4.193414480e+02 +4.193414480e+02 -3.1517e+00 -3.7222e+00 +9.4607e-01 +4.9677e-01 +4.0292e+00
2609 0 +3.793127458e+02 +3.238327458e+02 +3.238327458e+02 -3.2460e+00 -3.6689e+00 +9.6690e-01 +4.7330e-01 +3.9337e+00
2782 0 +6.282192059e+01 +7.341920586e+00 +7.341920586e+00 -3.1230e+00 -3.7226e+00 +9.1688e-01 +4.8774e-01 +4.0513e+00
3581 0 +5.300334160e+01 -2.476658396e+00 -2.476658396e+00 -3.3362e+00 -3.6218e+00 +9.9173e-01 +4.9715e-01 +3.8152e+00
3693 0 +8.797415047e+00 -4.668258495e+01 -4.668258495e+01 -3.3488e+00 -3.6161e+00 +9.9461e-01 +4.9161e-01 +3.8069e+00
4974 0 +5.014832405e+00 -5.046516760e+01 -5.046516760e+01 -3.3511e+00 -3.6130e+00 +9.9260e-01 +4.8798e-01 +3.8042e+00
5028 0 +4.839344884e+00 -5.064065512e+01 -5.064065512e+01 -3.3494e+00 -3.6154e+00 +9.9325e-01 +4.8855e-01 +3.8049e+00
5931 0 +2.768422459e+00 -5.271157754e+01 -5.271157754e+01 -3.3966e+00 -3.5894e+00 +1.0124e+00 +4.9215e-01 +3.7516e+00
6422 0 +2.412353389e+00 -5.306764661e+01 -5.306764661e+01 -3.3806e+00 -3.5968e+00 +1.0070e+00 +4.9217e-01 +3.7690e+00
6472 0 +2.212452445e+00 -5.326754756e+01 -5.326754756e+01 -3.3842e+00 -3.5938e+00 +1.0082e+00 +4.9228e-01 +3.7668e+00
6654 0 +9.656197868e-01 -5.451438021e+01 -5.451438021e+01 -3.3836e+00 -3.5935e+00 +1.0070e+00 +4.9116e-01 +3.7654e+00
6783 0 +5.234571183e-01 -5.495654288e+01 -5.495654288e+01 -3.3832e+00 -3.5948e+00 +1.0064e+00 +4.9185e-01 +3.7674e+00
7303 0 +4.369203830e-01 -5.504307962e+01 -5.504307962e+01 -3.3922e+00 -3.5901e+00 +1.0098e+00 +4.9204e-01 +3.7570e+00
7683 0 +4.098278992e-01 -5.507017210e+01 -5.507017210e+01 -3.3790e+00 -3.5970e+00 +1.0054e+00 +4.9104e-01 +3.7709e+00
7796 0 +3.839180225e-01 -5.509608198e+01 -5.509608198e+01 -3.3744e+00 -3.5999e+00 +1.0025e+00 +4.9106e-01 +3.7765e+00
8137 0 +3.443549901e-01 -5.513564501e+01 -5.513564501e+01 -3.3838e+00 -3.5948e+00 +1.0074e+00 +4.9148e-01 +3.7662e+00
8263 0 +2.190637184e-01 -5.526093628e+01 -5.526093628e+01 -3.3868e+00 -3.5925e+00 +1.0083e+00 +4.9166e-01 +3.7630e+00
8531 0 +2.031317994e-01 -5.527686820e+01 -5.527686820e+01 -3.3975e+00 -3.5868e+00 +1.0126e+00 +4.9209e-01 +3.7513e+00
8862 0 +1.437601599e-01 -5.533623984e+01 -5.533623984e+01 -3.3928e+00 -3.5896e+00 +1.0106e+00 +4.9179e-01 +3.7569e+00
9150 0 +1.222538102e-01 -5.535774619e+01 -5.535774619e+01 -3.3925e+00 -3.5897e+00 +1.0104e+00 +4.9149e-01 +3.7570e+00
9361 0 +1.064969498e-01 -5.537350305e+01 -5.537350305e+01 -3.3972e+00 -3.5871e+00 +1.0124e+00 +4.9182e-01 +3.7518e+00
9706 0 +9.889292335e-02 -5.538110708e+01 -5.538110708e+01 -3.4013e+00 -3.5851e+00 +1.0141e+00 +4.9209e-01 +3.7474e+00
11934 0 +9.505043578e-02 -5.538494956e+01 -5.538494956e+01 -3.4041e+00 -3.5836e+00 +1.0150e+00 +4.9219e-01 +3.7443e+00
12085 0 +8.431365654e-02 -5.539568634e+01 -5.539568634e+01 -3.4048e+00 -3.5833e+00 +1.0154e+00 +4.9217e-01 +3.7437e+00
14367 0 +8.243115621e-02 -5.539756884e+01 -5.539756884e+01 -3.4058e+00 -3.5827e+00 +1.0158e+00 +4.9218e-01 +3.7426e+00
25510 0 +8.128275287e-02 -5.539871725e+01 -5.539871725e+01 -3.4063e+00 -3.5824e+00 +1.0160e+00 +4.9221e-01 +3.7420e+00
26381 0 +8.126912574e-02 -5.539873087e+01 -5.539873087e+01 -3.4063e+00 -3.5824e+00 +1.0160e+00 +4.9221e-01 +3.7420e+00
% f evaluations | g evaluations | best noise-free fitness - Fopt (-5.349000000000e+01) + sum g_i+ | measured fitness | best measured fitness or single-digit g-values | x1 | x2...
1 0 +1.620367076e+07 +1.620361727e+07 +1.620361727e+07 +0.0000e+00 +0.0000e+00 +0.0000e+00 +0.0000e+00 +0.0000e+00
3 0 +1.016599272e+07 +1.016593923e+07 +1.016593923e+07 -1.0696e+00 -1.3061e+00 -8.7586e-01 -1.0634e+00 +1.4292e+00
4 0 +7.742949005e+06 +7.742895515e+06 +7.742895515e+06 -1.1940e+00 +1.2794e+00 -6.9967e-01 +6.4352e-02 +3.0661e-01
18 0 +7.039455645e+06 +7.039402155e+06 +7.039402155e+06 +1.4259e+00 +7.1200e-01 -5.6415e-01 -1.1223e+00 +4.6225e-01
24 0 +4.348372419e+06 +4.348318929e+06 +4.348318929e+06 +4.4884e-01 +5.8339e-01 -7.5999e-01 -1.3174e+00 +1.3050e-01
46 0 +3.982059087e+06 +3.982005597e+06 +3.982005597e+06 +8.9071e-01 +1.4112e+00 +6.2282e-01 -1.3205e+00 +1.6084e+00
62 0 +3.366236713e+06 +3.366183223e+06 +3.366183223e+06 +1.3075e-01 +4.1798e-01 -1.8463e-01 -1.6729e+00 +1.1986e+00
70 0 +1.816859193e+06 +1.816805703e+06 +1.816805703e+06 -1.7760e-01 +1.2734e+00 -1.6475e+00 -1.5942e+00 +2.7670e-01
96 0 +1.600104811e+06 +1.600051321e+06 +1.600051321e+06 -2.6245e-01 +1.1768e+00 -1.4443e+00 -1.1968e+00 +6.7152e-01
97 0 +8.460222458e+05 +8.459687558e+05 +8.459687558e+05 +6.9821e-01 +1.3782e+00 -9.0088e-01 -1.3542e+00 +2.0878e+00
107 0 +5.025250174e+05 +5.024715274e+05 +5.024715274e+05 +3.2525e-01 +1.1873e+00 -1.3489e+00 -1.2597e+00 +1.7707e+00
191 0 +1.909250212e+05 +1.908715312e+05 +1.908715312e+05 +1.2178e-01 +1.1604e+00 -2.2329e+00 -2.0237e+00 +1.5686e+00
334 0 +1.422811244e+05 +1.422276344e+05 +1.422276344e+05 -3.9375e-01 +6.9747e-01 -3.4077e+00 -1.0716e+00 +7.9710e-01
461 0 +7.255504668e+04 +7.250155668e+04 +7.250155668e+04 +1.2325e-01 +1.2903e+00 -2.1254e+00 -1.3804e+00 +1.3174e+00
515 0 +5.571641512e+04 +5.566292512e+04 +5.566292512e+04 -5.3621e-01 +9.9271e-01 -3.5307e+00 -8.5254e-01 +4.4092e-01
718 0 +1.795901034e+04 +1.790552034e+04 +1.790552034e+04 -1.1320e-01 +9.8894e-01 -2.7413e+00 -1.0975e+00 +1.1757e+00
838 0 +1.265289961e+04 +1.259940961e+04 +1.259940961e+04 -8.8406e-01 +7.0013e-01 -3.6989e+00 -4.8623e-01 +3.1667e-01
980 0 +1.241099624e+04 +1.235750624e+04 +1.235750624e+04 -6.8449e-01 +8.2351e-01 -3.5491e+00 -5.8402e-01 +3.2229e-01
1228 0 +1.141552633e+04 +1.136203633e+04 +1.136203633e+04 -6.6036e-01 +7.7604e-01 -3.5867e+00 -5.9186e-01 +3.5365e-01
1250 0 +1.094568682e+04 +1.089219682e+04 +1.089219682e+04 -2.7076e-01 +9.1839e-01 -3.1570e+00 -8.9270e-01 +8.7264e-01
1315 0 +6.454590416e+03 +6.401100416e+03 +6.401100416e+03 -6.6634e-01 +8.9396e-01 -3.5933e+00 -6.0464e-01 +4.6556e-01
1714 0 +9.546615613e+02 +9.011715613e+02 +9.011715613e+02 -3.3203e-01 +9.5126e-01 -3.1278e+00 -9.3055e-01 +8.3641e-01
2799 0 +5.958563381e+02 +5.423663381e+02 +5.423663381e+02 -9.8930e-01 +7.5846e-01 -3.9562e+00 -2.3421e-01 +1.1423e-01
2880 0 +4.043187369e+02 +3.508287369e+02 +3.508287369e+02 -9.9841e-01 +7.3998e-01 -3.9965e+00 -2.0965e-01 +5.8675e-02
3060 0 +1.979951993e+02 +1.445051993e+02 +1.445051993e+02 -8.3204e-01 +7.9846e-01 -3.7249e+00 -4.1977e-01 +2.9691e-01
3306 0 +1.471184418e+02 +9.362844176e+01 +9.362844176e+01 -8.1977e-01 +7.7094e-01 -3.7126e+00 -4.3257e-01 +3.1508e-01
3885 0 +5.075074602e+01 -2.739253985e+00 -2.739253985e+00 -9.4831e-01 +7.5608e-01 -3.8808e+00 -2.8805e-01 +1.5473e-01
4090 0 +1.984232721e+01 -3.364767279e+01 -3.364767279e+01 -8.4934e-01 +7.7654e-01 -3.7565e+00 -3.9363e-01 +2.7701e-01
5047 0 +1.426420243e+01 -3.922579757e+01 -3.922579757e+01 -8.5594e-01 +7.7802e-01 -3.7707e+00 -3.8924e-01 +2.6119e-01
5190 0 +1.403115421e+01 -3.945884579e+01 -3.945884579e+01 -8.3936e-01 +7.8133e-01 -3.7425e+00 -4.0840e-01 +2.8295e-01
5801 0 +6.723897518e+00 -4.676610248e+01 -4.676610248e+01 -8.4283e-01 +7.8034e-01 -3.7464e+00 -4.0554e-01 +2.8704e-01
5887 0 +5.608489458e+00 -4.788151054e+01 -4.788151054e+01 -8.6597e-01 +7.7586e-01 -3.7816e+00 -3.7975e-01 +2.5368e-01
6149 0 +4.200830027e+00 -4.928916997e+01 -4.928916997e+01 -8.6087e-01 +7.7651e-01 -3.7695e+00 -3.8554e-01 +2.6288e-01
6398 0 +2.477999394e+00 -5.101200061e+01 -5.101200061e+01 -8.5608e-01 +7.7612e-01 -3.7673e+00 -3.9062e-01 +2.6570e-01
6614 0 +2.056917777e+00 -5.143308222e+01 -5.143308222e+01 -8.4991e-01 +7.7677e-01 -3.7570e+00 -3.9775e-01 +2.7552e-01
7775 0 +2.000767138e+00 -5.148923286e+01 -5.148923286e+01 -8.3873e-01 +7.8115e-01 -3.7414e+00 -4.1246e-01 +2.9166e-01
8033 0 +1.075112560e+00 -5.241488744e+01 -5.241488744e+01 -8.4225e-01 +7.7950e-01 -3.7447e+00 -4.0886e-01 +2.8730e-01
8509 0 +6.286005646e-01 -5.286139944e+01 -5.286139944e+01 -8.4357e-01 +7.8064e-01 -3.7471e+00 -4.0645e-01 +2.8322e-01
8705 0 +5.815092740e-02 -5.343184907e+01 -5.343184907e+01 -8.4432e-01 +7.7981e-01 -3.7486e+00 -4.0562e-01 +2.8275e-01
10620 0 +4.240778964e-02 -5.344759221e+01 -5.344759221e+01 -8.4227e-01 +7.8030e-01 -3.7456e+00 -4.0797e-01 +2.8539e-01
11438 0 +3.808509244e-02 -5.345191491e+01 -5.345191491e+01 -8.4026e-01 +7.8077e-01 -3.7428e+00 -4.1014e-01 +2.8802e-01
12425 0 +3.516487268e-02 -5.345483513e+01 -5.345483513e+01 -8.4047e-01 +7.8060e-01 -3.7431e+00 -4.0996e-01 +2.8793e-01
12669 0 +3.425489275e-02 -5.345574511e+01 -5.345574511e+01 -8.4037e-01 +7.8066e-01 -3.7429e+00 -4.1017e-01 +2.8815e-01
12680 0 +3.127206628e-02 -5.345872793e+01 -5.345872793e+01 -8.4043e-01 +7.8072e-01 -3.7430e+00 -4.1007e-01 +2.8803e-01
12955 0 +2.767933144e-02 -5.346232067e+01 -5.346232067e+01 -8.4010e-01 +7.8078e-01 -3.7426e+00 -4.1045e-01 +2.8839e-01
17695 0 +2.752583092e-02 -5.346247417e+01 -5.346247417e+01 -8.4010e-01 +7.8078e-01 -3.7426e+00 -4.1046e-01 +2.8838e-01
23141 0 +2.744147097e-02 -5.346255853e+01 -5.346255853e+01 -8.4001e-01 +7.8080e-01 -3.7424e+00 -4.1057e-01 +2.8851e-01
% f evaluations | g evaluations | best noise-free fitness - Fopt (1.172700000000e+02) + sum g_i+ | measured fitness | best measured fitness or single-digit g-values | x1 | x2...
1 0 +6.310209862e+07 +6.310221589e+07 +6.310221589e+07 +0.0000e+00 +0.0000e+00 +0.0000e+00 +0.0000e+00 +0.0000e+00
10 0 +4.456104173e+07 +4.456115900e+07 +4.456115900e+07 +7.8736e-01 +5.1482e-01 -6.9198e-01 -6.5461e-01 -3.3885e-01
11 0 +9.452121685e+06 +9.452238955e+06 +9.452238955e+06 +1.4845e+00 -2.7417e-02 +1.1108e+00 +9.2075e-01 +1.7655e-01
16 0 +8.212561326e+06 +8.212678596e+06 +8.212678596e+06 +2.0375e-01 +4.8753e-01 -9.4954e-02 +1.2057e+00 -1.3932e+00
42 0 +7.754804008e+06 +7.754921278e+06 +7.754921278e+06 +2.5310e-02 +1.5743e-01 +8.1803e-01 +2.4521e+00 -1.0218e+00
44 0 +4.365610039e+06 +4.365727309e+06 +4.365727309e+06 +1.5252e+00 +2.5030e-01 +2.1082e-01 +1.5259e+00 -1.6980e-01
68 0 +2.356368006e+06 +2.356485276e+06 +2.356485276e+06 +2.4007e+00 -2.3095e-01 -4.5794e-01 +9.9731e-01 -1.4785e-01
90 0 +1.720906327e+06 +1.721023597e+06 +1.721023597e+06 +2.1141e+00 -7.2141e-01 -5.0123e-01 +1.5626e+00 -1.5161e+00
114 0 +1.229915620e+06 +1.230032890e+06 +1.230032890e+06 +3.1731e+00 +6.5862e-01 -1.1051e+00 +1.5888e+00 -7.0357e-02
131 0 +1.144756879e+06 +1.144874149e+06 +1.144874149e+06 +1.7265e+00 +7.7815e-01 +1.7727e+00 +3.5737e+00 -3.5328e+00
148 0 +9.446450670e+05 +9.447623370e+05 +9.447623370e+05 +1.7147e+00 -7.2213e-02 +1.5448e+00 +2.8415e+00 -2.8123e+00
175 0 +1.494405514e+05 +1.495578214e+05 +1.495578214e+05 +2.6687e+00 +5.4895e-01 +3.8074e-01 +2.1536e+00 -2.2223e+00
189 0 +7.613215901e+04 +7.624942901e+04 +7.624942901e+04 +2.1496e+00 +3.9515e-01 +1.3390e+00 +2.2887e+00 -2.8874e+00
418 0 +6.829419802e+04 +6.841146802e+04 +6.841146802e+04 +2.6126e+00 +4.4726e-01 -1.3281e-01 +2.0046e+00 -2.1889e+00
501 0 +5.525959610e+04 +5.537686610e+04 +5.537686610e+04 +2.0071e+00 +4.9159e-01 +1.1275e+00 +2.0965e+00 -2.7610e+00
802 0 +4.751741683e+04 +4.763468683e+04 +4.763468683e+04 +2.8140e+00 +5.4675e-01 -5.1435e-01 +1.7753e+00 -1.7767e+00
817 0 +3.880078654e+04 +3.891805654e+04 +3.891805654e+04 +2.6575e+00 +5.2934e-01 -4.7183e-01 +1.6040e+00 -1.6024e+00
877 0 +1.260267669e+04 +1.271994669e+04 +1.271994669e+04 +3.0155e+00 +3.9850e-01 -1.2669e+00 +1.2896e+00 -1.3196e+00
973 0 +8.856982837e+03 +8.974252837e+03 +8.974252837e+03 +3.5619e+00 +3.0387e-01 -2.7505e+00 +7.3574e-01 -2.0080e-01
1263 0 +6.308999142e+03 +6.426269142e+03 +6.426269142e+03 +3.2894e+00 +3.2872e-01 -1.9131e+00 +1.1354e+00 -7.9478e-01
1730 0 +4.398563857e+03 +4.515833857e+03 +4.515833857e+03 +3.1129e+00 +3.5260e-01 -1.4210e+00 +1.2927e+00 -1.0878e+00
1913 0 +3.305162636e+03 +3.422432636e+03 +3.422432636e+03 +3.3223e+00 +3.2719e-01 -2.1440e+00 +1.0109e+00 -5.1343e-01
2151 0 +1.337693398e+03 +1.454963398e+03 +1.454963398e+03 +3.0314e+00 +3.2859e-01 -1.4435e+00 +1.2934e+00 -1.1116e+00
2253 0 +4.968586565e+02 +6.141286565e+02 +6.141286565e+02 +3.4100e+00 +2.7975e-01 -2.4895e+00 +8.0281e-01 -3.1348e-01
2418 0 +4.359016583e+02 +5.531716583e+02 +5.531716583e+02 +3.3440e+00 +2.9409e-01 -2.2697e+00 +9.1206e-01 -4.8663e-01
2654 0 +3.404152075e+02 +4.576852075e+02 +4.576852075e+02 +3.3148e+00 +2.7854e-01 -2.1697e+00 +9.8597e-01 -5.5672e-01
3269 0 +2.520656221e+02 +3.693356221e+02 +3.693356221e+02 +3.2876e+00 +3.1199e-01 -2.0653e+00 +1.0193e+00 -6.3044e-01
3284 0 +2.222283708e+02 +3.394983708e+02 +3.394983708e+02 +3.2575e+00 +3.0576e-01 -2.0109e+00 +1.0425e+00 -6.7245e-01
3553 0 +1.426521395e+02 +2.599221395e+02 +2.599221395e+02 +3.3387e+00 +2.9845e-01 -2.2132e+00 +9.6327e-01 -5.3121e-01
3562 0 +5.531766652e+01 +1.725876665e+02 +1.725876665e+02 +3.2959e+00 +2.9945e-01 -2.1227e+00 +9.9837e-01 -5.8413e-01
3590 0 +5.432604729e+01 +1.715960473e+02 +1.715960473e+02 +3.2636e+00 +3.0588e-01 -2.0083e+00 +1.0676e+00 -6.7410e-01
4078 0 +4.846899890e+00 +1.221168999e+02 +1.221168999e+02 +3.3175e+00 +2.9861e-01 -2.1760e+00 +9.8234e-01 -5.5048e-01
4686 0 +4.677592811e+00 +1.219475928e+02 +1.219475928e+02 +3.3142e+00 +2.9588e-01 -2.1660e+00 +9.8595e-01 -5.5471e-01
5684 0 +2.598359637e+00 +1.198683596e+02 +1.198683596e+02 +3.2972e+00 +3.0087e-01 -2.1199e+00 +1.0081e+00 -5.9422e-01
6000 0 +1.273170691e+00 +1.185431707e+02 +1.185431707e+02 +3.3090e+00 +2.9763e-01 -2.1547e+00 +9.9205e-01 -5.6432e-01
7203 0 +8.055973565e-01 +1.180755974e+02 +1.180755974e+02 +3.3173e+00 +2.9696e-01 -2.1807e+00 +9.7801e-01 -5.4567e-01
7306 0 +7.651092406e-01 +1.180351092e+02 +1.180351092e+02 +3.3091e+00 +2.9824e-01 -2.1568e+00 +9.9019e-01 -5.6474e-01
7815 0 +7.459461004e-01 +1.180159461e+02 +1.180159461e+02 +3.3101e+00 +2.9869e-01 -2.1578e+00 +9.9009e-01 -5.6378e-01
8100 0 +6.436952366e-01 +1.179136952e+02 +1.179136952e+02 +3.3068e+00 +2.9852e-01 -2.1512e+00 +9.9319e-01 -5.6916e-01
8339 0 +5.257533636e-01 +1.177957534e+02 +1.177957534e+02 +3.3101e+00 +2.9842e-01 -2.1600e+00 +9.8877e-01 -5.6128e-01
8472 0 +3.809949179e-01 +1.176509949e+02 +1.176509949e+02 +3.3063e+00 +2.9859e-01 -2.1475e+00 +9.9506e-01 -5.7079e-01
8695 0 +3.210603649e-01 +1.175910604e+02 +1.175910604e+02 +3.3061e+00 +2.9822e-01 -2.1473e+00 +9.9587e-01 -5.7204e-01
8913 0 +3.128606106e-01 +1.175828606e+02 +1.175828606e+02 +3.3097e+00 +2.9848e-01 -2.1575e+00 +9.9068e-01 -5.6402e-01
9001 0 +2.577774068e-01 +1.175277774e+02 +1.175277774e+02 +3.3052e+00 +2.9891e-01 -2.1458e+00 +9.9709e-01 -5.7309e-01
9783 0 +1.436021626e-01 +1.174136022e+02 +1.174136022e+02 +3.3084e+00 +2.9853e-01 -2.1540e+00 +9.9241e-01 -5.6632e-01
10473 0 +1.334339628e-01 +1.174034340e+02 +1.174034340e+02 +3.3081e+00 +2.9831e-01 -2.1530e+00 +9.9285e-01 -5.6743e-01
10826 0 +1.293166066e-01 +1.173993166e+02 +1.173993166e+02 +3.3092e+00 +2.9836e-01 -2.1563e+00 +9.9129e-01 -5.6471e-01
11155 0 +1.193627487e-01 +1.173893627e+02 +1.173893627e+02 +3.3098e+00 +2.9807e-01 -2.1583e+00 +9.9008e-01 -5.6261e-01
11244 0 +9.918133748e-02 +1.173691813e+02 +1.173691813e+02 +3.3096e+00 +2.9817e-01 -2.1573e+00 +9.9074e-01 -5.6385e-01
11284 0 +9.279272263e-02 +1.173627927e+02 +1.173627927e+02 +3.3092e+00 +2.9808e-01 -2.1565e+00 +9.9113e-01 -5.6421e-01
11824 0 +8.551939308e-02 +1.173555194e+02 +1.173555194e+02 +3.3095e+00 +2.9807e-01 -2.1575e+00 +9.9072e-01 -5.6359e-01
13520 0 +7.876511306e-02 +1.173487651e+02 +1.173487651e+02 +3.3082e+00 +2.9824e-01 -2.1535e+00 +9.9266e-01 -5.6675e-01
15168 0 +7.718988262e-02 +1.173471899e+02 +1.173471899e+02 +3.3080e+00 +2.9829e-01 -2.1532e+00 +9.9275e-01 -5.6697e-01
15905 0 +7.517836547e-02 +1.173451784e+02 +1.173451784e+02 +3.3080e+00 +2.9831e-01 -2.1533e+00 +9.9277e-01 -5.6698e-01
18582 0 +7.408390256e-02 +1.173440839e+02 +1.173440839e+02 +3.3074e+00 +2.9843e-01 -2.1512e+00 +9.9380e-01 -5.6863e-01
29181 0 +7.370462000e-02 +1.173437046e+02 +1.173437046e+02 +3.3074e+00 +2.9842e-01 -2.1513e+00 +9.9379e-01 -5.6856e-01
% f evaluations | g evaluations | best noise-free fitness - Fopt (7.789000000000e+01) + sum g_i+ | measured fitness | best measured fitness or single-digit g-values | x1 | x2...
1 0 +2.123259065e+07 +2.123266854e+07 +2.123266854e+07 +0.0000e+00 +0.0000e+00 +0.0000e+00 +0.0000e+00 +0.0000e+00
5 0 +6.200094881e+06 +6.200172771e+06 +6.200172771e+06 +8.4297e-01 +1.3678e+00 +5.5950e-01 +1.2074e+00 -8.5326e-01
69 0 +4.307038698e+06 +4.307116588e+06 +4.307116588e+06 +1.4961e-01 +5.5003e-01 +2.1167e+00 +1.1913e+00 -1.4822e+00
99 0 +1.925345423e+06 +1.925423313e+06 +1.925423313e+06 +1.1296e+00 +1.0402e+00 +4.5554e+00 +1.2942e+00 -9.0038e-01
107 0 +1.829242322e+06 +1.829320212e+06 +1.829320212e+06 +9.6579e-01 +3.8331e-01 +6.3840e+00 +9.1901e-01 -1.8047e+00
145 0 +8.396745891e+05 +8.397524791e+05 +8.397524791e+05 +1.2322e+00 +5.2893e-01 +4.9491e+00 +1.9680e+00 -1.3979e+00
169 0 +6.804610100e+05 +6.805389000e+05 +6.805389000e+05 +3.3721e-01 +9.6597e-01 +3.9697e+00 +1.3887e+00 -1.7415e+00
178 0 +6.636840097e+05 +6.637618997e+05 +6.637618997e+05 +1.0401e+00 +1.1279e+00 +3.6531e+00 +1.4489e+00 -1.9576e+00
317 0 +6.516755105e+05 +6.517534005e+05 +6.517534005e+05 +4.1100e-01 +9.4213e-01 +4.6050e+00 +2.1461e+00 -2.5815e+00
335 0 +1.055226735e+05 +1.056005635e+05 +1.056005635e+05 +9.0423e-01 +1.6901e+00 +2.8650e+00 +2.2451e+00 -1.8127e+00
402 0 +2.341061074e+04 +2.348850074e+04 +2.348850074e+04 +1.6358e+00 +2.4187e+00 +1.3214e+00 +2.6784e+00 -2.2302e+00
563 0 +2.142092078e+04 +2.149881078e+04 +2.149881078e+04 +1.4279e+00 +2.1032e+00 +1.9460e+00 +2.4385e+00 -2.1987e+00
843 0 +1.774476178e+04 +1.782265178e+04 +1.782265178e+04 +9.4205e-01 +1.6673e+00 +3.1257e+00 +2.3156e+00 -2.0341e+00
1023 0 +8.264384781e+03 +8.342274781e+03 +8.342274781e+03 +1.3958e+00 +2.1397e+00 +1.6522e+00 +2.6198e+00 -2.1909e+00
1054 0 +2.853701575e+03 +2.931591575e+03 +2.931591575e+03 +1.3235e+00 +2.0792e+00 +1.9999e+00 +2.6036e+00 -2.1428e+00
1184 0 +1.182854882e+03 +1.260744882e+03 +1.260744882e+03 +1.3712e+00 +2.0439e+00 +1.9863e+00 +2.5485e+00 -2.1940e+00
1876 0 +1.074366415e+03 +1.152256415e+03 +1.152256415e+03 +1.2909e+00 +1.9913e+00 +2.1698e+00 +2.5315e+00 -2.1829e+00
1909 0 +1.007191520e+03 +1.085081520e+03 +1.085081520e+03 +1.3854e+00 +2.1112e+00 +1.9240e+00 +2.5881e+00 -2.2064e+00
1998 0 +3.058569196e+02 +3.837469196e+02 +3.837469196e+02 +1.4092e+00 +2.1114e+00 +1.7911e+00 +2.5837e+00 -2.2544e+00
2946 0 +2.874678842e+02 +3.653578842e+02 +3.653578842e+02 +1.2563e+00 +1.9409e+00 +2.2605e+00 +2.5352e+00 -2.1419e+00
3008 0 +1.166922521e+02 +1.945822521e+02 +1.945822521e+02 +1.2780e+00 +1.9646e+00 +2.2402e+00 +2.5424e+00 -2.1398e+00
3248 0 +6.910730701e+01 +1.469973070e+02 +1.469973070e+02 +1.2500e+00 +1.9271e+00 +2.3061e+00 +2.5256e+00 -2.1150e+00
3250 0 +6.444626494e+01 +1.423362649e+02 +1.423362649e+02 +1.2122e+00 +1.8869e+00 +2.4340e+00 +2.4927e+00 -2.0967e+00
3422 0 +2.923976109e+01 +1.071297611e+02 +1.071297611e+02 +1.2229e+00 +1.8961e+00 +2.3988e+00 +2.5058e+00 -2.0978e+00
3460 0 +1.653344856e+01 +9.442344856e+01 +9.442344856e+01 +1.2061e+00 +1.8700e+00 +2.4650e+00 +2.4939e+00 -2.0936e+00
4036 0 +1.417785494e+01 +9.206785494e+01 +9.206785494e+01 +1.2611e+00 +1.9422e+00 +2.2855e+00 +2.5287e+00 -2.1260e+00
5077 0 +5.940061496e+00 +8.383006150e+01 +8.383006150e+01 +1.2355e+00 +1.9109e+00 +2.3614e+00 +2.5118e+00 -2.1082e+00
6055 0 +2.804713294e+00 +8.069471329e+01 +8.069471329e+01 +1.2667e+00 +1.9559e+00 +2.2478e+00 +2.5332e+00 -2.1324e+00
7565 0 +1.986418708e+00 +7.987641871e+01 +7.987641871e+01 +1.3015e+00 +2.0014e+00 +2.1314e+00 +2.5526e+00 -2.1573e+00
7613 0 +1.934389965e+00 +7.982438996e+01 +7.982438996e+01 +1.2958e+00 +1.9938e+00 +2.1505e+00 +2.5499e+00 -2.1551e+00
8100 0 +4.547617897e-01 +7.834476179e+01 +7.834476179e+01 +1.2923e+00 +1.9886e+00 +2.1641e+00 +2.5484e+00 -2.1510e+00
8687 0 +3.375086159e-01 +7.822750862e+01 +7.822750862e+01 +1.2925e+00 +1.9893e+00 +2.1626e+00 +2.5484e+00 -2.1512e+00
8865 0 +3.299517142e-01 +7.821995171e+01 +7.821995171e+01 +1.2953e+00 +1.9928e+00 +2.1529e+00 +2.5499e+00 -2.1532e+00
9167 0 +3.208003299e-01 +7.821080033e+01 +7.821080033e+01 +1.2985e+00 +1.9968e+00 +2.1421e+00 +2.5518e+00 -2.1557e+00
9381 0 +3.007657627e-01 +7.819076576e+01 +7.819076576e+01 +1.2963e+00 +1.9941e+00 +2.1498e+00 +2.5505e+00 -2.1541e+00
11539 0 +2.865793740e-01 +7.817657937e+01 +7.817657937e+01 +1.3024e+00 +2.0021e+00 +2.1286e+00 +2.5540e+00 -2.1588e+00
12002 0 +2.750862560e-01 +7.816508626e+01 +7.816508626e+01 +1.3020e+00 +2.0015e+00 +2.1302e+00 +2.5536e+00 -2.1585e+00
23941 0 +2.724350735e-01 +7.816243507e+01 +7.816243507e+01 +1.3022e+00 +2.0017e+00 +2.1296e+00 +2.5538e+00 -2.1586e+00
