% f evaluations | g evaluations | best noise-free fitness - Fopt (2.997000000000e+01) + sum g_i+ | measured fitness | best measured fitness or single-digit g-values | x1 | x2...
1 0 +7.202573670e+02 +7.502273670e+02 +7.502273670e+02 +0.0000e+00 +0.0000e+00 +0.0000e+00
3 0 +3.406073489e+02 +3.705773489e+02 +3.705773489e+02 -5.7885e-01 -2.8334e+00 -2.7620e+00
11 0 +3.410342192e+01 +6.407342192e+01 +6.407342192e+01 +1.1077e+00 -2.2328e+00 -3.4822e+00
209 0 +3.280393805e+01 +6.277393805e+01 +6.277393805e+01 +3.7630e-01 -9.4044e-01 -4.1040e+00
247 0 +1.078483423e+01 +4.075483423e+01 +4.075483423e+01 +4.8210e-01 -1.2061e+00 -4.1197e+00
325 0 +6.523089720e+00 +3.649308972e+01 +3.649308972e+01 +5.1974e-01 -1.2183e+00 -4.0928e+00
480 0 +5.491319599e+00 +3.546131960e+01 +3.546131960e+01 +5.4163e-01 -1.2268e+00 -4.1096e+00
607 0 +4.687503742e+00 +3.465750374e+01 +3.465750374e+01 +9.0986e-01 -1.7146e+00 -3.6551e+00
707 0 +2.965381709e+00 +3.293538171e+01 +3.293538171e+01 +5.7833e-01 -1.2726e+00 -4.0520e+00
1184 0 +2.792888947e+00 +3.276288895e+01 +3.276288895e+01 +5.3671e-01 -1.2034e+00 -4.1009e+00
1219 0 +2.593060504e+00 +3.256306050e+01 +3.256306050e+01 +5.3068e-01 -1.1948e+00 -4.1109e+00
1373 0 +2.485180714e+00 +3.245518071e+01 +3.245518071e+01 +5.6276e-01 -1.2425e+00 -4.0661e+00
1385 0 +2.399177626e+00 +3.236917763e+01 +3.236917763e+01 +5.5968e-01 -1.2377e+00 -4.0713e+00
1392 0 +2.269511711e+00 +3.223951171e+01 +3.223951171e+01 +5.6826e-01 -1.2493e+00 -4.0608e+00
1653 0 +2.203534785e+00 +3.217353478e+01 +3.217353478e+01 +5.5826e-01 -1.2352e+00 -4.0764e+00
1656 0 +2.184175910e+00 +3.215417591e+01 +3.215417591e+01 +5.6320e-01 -1.2415e+00 -4.0702e+00
1711 0 +2.133617702e+00 +3.210361770e+01 +3.210361770e+01 +5.6277e-01 -1.2416e+00 -4.0704e+00
1920 0 +2.080921588e+00 +3.205092159e+01 +3.205092159e+01 +5.6337e-01 -1.2434e+00 -4.0686e+00
3564 0 +2.046026923e+00 +3.201602692e+01 +3.201602692e+01 +5.6334e-01 -1.2430e+00 -4.0690e+00
% f evaluations | g evaluations | best noise-free fitness - Fopt (-5.171000000000e+01) + sum g_i+ | measured fitness | best measured fitness or single-digit g-values | x1 | x2...
1 0 +9.345492948e+02 +8.828392948e+02 +8.828392948e+02 +0.0000e+00 +0.0000e+00 +0.0000e+00
4 0 +6.799671194e+02 +6.282571194e+02 +6.282571194e+02 +3.6114e+00 +4.7720e-01 +5.9678e-01
5 0 +5.689153959e+02 +5.172053959e+02 +5.172053959e+02 +2.7483e+00 +3.8338e-01 -1.7410e+00
22 0 +5.109366401e+02 +4.592266401e+02 +4.592266401e+02 +2.6365e+00 +7.3718e-01 -1.3615e+00
27 0 +3.982633594e+02 +3.465533594e+02 +3.465533594e+02 +4.9393e+00 +4.5486e-01 -1.1185e+00
31 0 +2.649172013e+02 +2.132072013e+02 +2.132072013e+02 +5.8660e+00 +5.1943e-01 -1.9640e+00
32 0 +2.002073653e+02 +1.484973653e+02 +1.484973653e+02 +7.3002e+00 +2.4252e-01 -2.3734e+00
52 0 +1.107919836e+02 +5.908198363e+01 +5.908198363e+01 +6.4746e+00 +9.7626e-01 -2.6899e+00
272 0 +4.968638619e+01 -2.023613806e+00 -2.023613806e+00 +5.3686e+00 +1.7542e+00 -2.8382e+00
308 0 +4.671664583e+01 -4.993354169e+00 -4.993354169e+00 +4.1564e+00 +2.3418e+00 -2.9401e+00
326 0 +1.619360865e+01 -3.551639135e+01 -3.551639135e+01 +4.7352e+00 +2.1926e+00 -3.1071e+00
397 0 +1.467815789e+01 -3.703184211e+01 -3.703184211e+01 +4.2132e+00 +2.4066e+00 -3.2322e+00
405 0 +1.028174021e+01 -4.142825979e+01 -4.142825979e+01 +4.2605e+00 +2.3878e+00 -3.2057e+00
453 0 +7.083987392e+00 -4.462601261e+01 -4.462601261e+01 +4.4263e+00 +2.3008e+00 -3.1591e+00
488 0 +6.962056117e+00 -4.474794388e+01 -4.474794388e+01 +4.2466e+00 +2.3953e+00 -3.1900e+00
532 0 +6.893297648e+00 -4.481670235e+01 -4.481670235e+01 +4.1486e+00 +2.4236e+00 -3.1703e+00
560 0 +6.395486722e+00 -4.531451328e+01 -4.531451328e+01 +4.2911e+00 +2.3738e+00 -3.1722e+00
682 0 +5.042206727e+00 -4.666779327e+01 -4.666779327e+01 +4.2543e+00 +2.3845e+00 -3.1739e+00
800 0 +4.465988960e+00 -4.724401104e+01 -4.724401104e+01 +4.1571e+00 +2.4293e+00 -3.1888e+00
867 0 +4.186584751e+00 -4.752341525e+01 -4.752341525e+01 +4.1011e+00 +2.4511e+00 -3.1903e+00
884 0 +3.709059973e+00 -4.800094003e+01 -4.800094003e+01 +4.0778e+00 +2.4639e+00 -3.1957e+00
1044 0 +3.496256309e+00 -4.821374369e+01 -4.821374369e+01 +4.0091e+00 +2.4939e+00 -3.2019e+00
1193 0 +3.365945935e+00 -4.834405406e+01 -4.834405406e+01 +4.0031e+00 +2.4977e+00 -3.2044e+00
1972 0 +3.304853720e+00 -4.840514628e+01 -4.840514628e+01 +3.9989e+00 +2.4993e+00 -3.2039e+00
2096 0 +3.227652201e+00 -4.848234780e+01 -4.848234780e+01 +3.9887e+00 +2.5039e+00 -3.2052e+00
4039 0 +3.181772075e+00 -4.852822793e+01 -4.852822793e+01 +3.9871e+00 +2.5047e+00 -3.2056e+00
% f evaluations | g evaluations | best noise-free fitness - Fopt (-2.799500000000e+02) + sum g_i+ | measured fitness | best measured fitness or single-digit g-values | x1 | x2...
1 0 +1.696773180e+03 +1.416823180e+03 +1.416823180e+03 +0.0000e+00 +0.0000e+00 +0.0000e+00
3 0 +4.720901304e+02 +1.921401304e+02 +1.921401304e+02 -1.8677e+00 -2.6549e+00 +2.8981e+00
10 0 +2.365799776e+02 -4.337002239e+01 -4.337002239e+01 -1.5189e+00 -6.6495e+00 -6.4147e-01
20 0 +2.239416915e+02 -5.600830855e+01 -5.600830855e+01 -2.1947e+00 -5.8662e+00 +1.0826e-01
32 0 +1.505843260e+02 -1.293656740e+02 -1.293656740e+02 -8.2804e-01 -5.2058e+00 +1.9700e+00
78 0 +3.333232875e+01 -2.466176713e+02 -2.466176713e+02 -2.1208e+00 -5.1807e+00 +1.8821e+00
161 0 +2.136574240e+01 -2.585842576e+02 -2.585842576e+02 -3.6805e+00 -4.0301e+00 +3.2814e+00
215 0 +7.766177698e+00 -2.721838223e+02 -2.721838223e+02 -3.4879e+00 -4.1085e+00 +3.1336e+00
293 0 +6.880103326e+00 -2.730698967e+02 -2.730698967e+02 -3.0050e+00 -4.5231e+00 +2.6163e+00
403 0 +3.771988028e+00 -2.761780120e+02 -2.761780120e+02 -3.4259e+00 -4.1071e+00 +3.0863e+00
535 0 +2.719761602e+00 -2.772302384e+02 -2.772302384e+02 -3.5111e+00 -4.0783e+00 +3.1393e+00
602 0 +1.471724291e+00 -2.784782757e+02 -2.784782757e+02 -3.4694e+00 -4.0933e+00 +3.1230e+00
647 0 +8.645124462e-01 -2.790854876e+02 -2.790854876e+02 -3.5626e+00 -4.0081e+00 +3.2140e+00
708 0 +2.697207227e-01 -2.796802793e+02 -2.796802793e+02 -3.6340e+00 -3.9479e+00 +3.2899e+00
1060 0 +2.060766303e-01 -2.797439234e+02 -2.797439234e+02 -3.5978e+00 -3.9757e+00 +3.2576e+00
1139 0 +1.147306067e-01 -2.798352694e+02 -2.798352694e+02 -3.5831e+00 -3.9912e+00 +3.2391e+00
1317 0 +9.101785049e-02 -2.798589821e+02 -2.798589821e+02 -3.5606e+00 -4.0108e+00 +3.2155e+00
1661 0 +6.041970532e-02 -2.798895803e+02 -2.798895803e+02 -3.5533e+00 -4.0169e+00 +3.2080e+00
1839 0 +4.884131239e-02 -2.799011587e+02 -2.799011587e+02 -3.5497e+00 -4.0203e+00 +3.2037e+00
4256 0 +4.884131239e-02 -2.799011587e+02 -2.799011587e+02 -3.5497e+00 -4.0203e+00 +3.2037e+00
% f evaluations | g evaluations | best noise-free fitness - Fopt (9.319900000000e+02) + sum g_i+ | measured fitness | best measured fitness or single-digit g-values | x1 | x2...
1 0 +3.905578211e+02 +1.322547821e+03 +1.322547821e+03 +0.0000e+00 +0.0000e+00 +0.0000e+00
28 0 +2.393638397e+02 +1.171353840e+03 +1.171353840e+03 +3.6762e-02 -1.6482e+00 +1.5694e+00
43 0 +2.188405998e+02 +1.150830600e+03 +1.150830600e+03 -8.2128e-01 -3.0357e+00 +3.5956e+00
54 0 +1.839436528e+02 +1.115933653e+03 +1.115933653e+03 -3.0994e-02 -8.6835e-01 +2.5000e+00
60 0 +1.374713550e+02 +1.069461355e+03 +1.069461355e+03 +4.1989e-01 -1.9594e-01 +4.1548e+00
67 0 +5.010558659e+01 +9.820955866e+02 +9.820955866e+02 +8.8358e-01 +3.2499e-01 +3.2529e+00
83 0 +1.308824936e+01 +9.450782494e+02 +9.450782494e+02 +1.1069e+00 +4.3270e-01 +3.1495e+00
327 0 +2.508891299e+00 +9.344988913e+02 +9.344988913e+02 +1.2225e+00 +6.1425e-01 +3.0273e+00
788 0 +2.391791859e+00 +9.343817919e+02 +9.343817919e+02 +1.4119e+00 +1.0781e+00 +2.8778e+00
796 0 +1.811203314e+00 +9.338012033e+02 +9.338012033e+02 +1.4054e+00 +1.0277e+00 +2.8743e+00
820 0 +1.110827740e+00 +9.331008277e+02 +9.331008277e+02 +1.4059e+00 +1.0342e+00 +2.8928e+00
942 0 +3.692763180e-01 +9.323592763e+02 +9.323592763e+02 +1.3298e+00 +8.6558e-01 +2.9319e+00
954 0 +2.809467050e-01 +9.322709467e+02 +9.322709467e+02 +1.3730e+00 +9.6536e-01 +2.9040e+00
1247 0 +2.541011040e-01 +9.322441011e+02 +9.322441011e+02 +1.3567e+00 +9.2472e-01 +2.9154e+00
1601 0 +1.367911825e-01 +9.321267912e+02 +9.321267912e+02 +1.3566e+00 +9.2485e-01 +2.9184e+00
1775 0 +9.852267767e-02 +9.320885227e+02 +9.320885227e+02 +1.3308e+00 +8.6522e-01 +2.9338e+00
1926 0 +6.939616707e-02 +9.320593962e+02 +9.320593962e+02 +1.3415e+00 +8.9091e-01 +2.9279e+00
2053 0 +3.461739379e-02 +9.320246174e+02 +9.320246174e+02 +1.3525e+00 +9.1593e-01 +2.9200e+00
2232 0 +3.094547278e-02 +9.320209455e+02 +9.320209455e+02 +1.3490e+00 +9.0807e-01 +2.9222e+00
2287 0 +2.279629151e-02 +9.320127963e+02 +9.320127963e+02 +1.3434e+00 +8.9483e-01 +2.9261e+00
2404 0 +9.541355074e-03 +9.319995414e+02 +9.319995414e+02 +1.3425e+00 +8.9274e-01 +2.9268e+00
3160 0 +6.568521904e-03 +9.319965685e+02 +9.319965685e+02 +1.3471e+00 +9.0343e-01 +2.9238e+00
3417 0 +6.153786869e-03 +9.319961538e+02 +9.319961538e+02 +1.3470e+00 +9.0320e-01 +2.9238e+00
3453 0 +5.260586264e-03 +9.319952606e+02 +9.319952606e+02 +1.3470e+00 +9.0339e-01 +2.9238e+00
3608 0 +4.047976357e-03 +9.319940480e+02 +9.319940480e+02 +1.3478e+00 +9.0531e-01 +2.9232e+00
3792 0 +3.852400554e-03 +9.319938524e+02 +9.319938524e+02 +1.3476e+00 +9.0475e-01 +2.9234e+00
3993 0 +3.511413738e-03 +9.319935114e+02 +9.319935114e+02 +1.3476e+00 +9.0477e-01 +2.9234e+00
4321 0 +3.439854045e-03 +9.319934399e+02 +9.319934399e+02 +1.3476e+00 +9.0462e-01 +2.9234e+00
4475 0 +3.383274407e-03 +9.319933833e+02 +9.319933833e+02 +1.3476e+00 +9.0465e-01 +2.9234e+00
4880 0 +3.339538300e-03 +9.319933395e+02 +9.319933395e+02 +1.3476e+00 +9.0462e-01 +2.9234e+00
% f evaluations | g evaluations | best noise-free fitness - Fopt (1.133100000000e+02) + sum g_i+ | measured fitness | best measured fitness or single-digit g-values | x1 | x2...
1 0 +7.209444707e+02 +8.342544707e+02 +8.342544707e+02 +0.0000e+00 +0.0000e+00 +0.0000e+00
2 0 +6.927369092e+02 +8.060469092e+02 +8.060469092e+02 +4.9027e+00 -2.4933e+00 +2.0529e+00
5 0 +6.764289036e+02 +7.897389036e+02 +7.897389036e+02 -2.1114e+00 +3.4906e+00 +2.2343e+00
9 0 +4.006431568e+02 +5.139531568e+02 +5.139531568e+02 -4.5199e-01 +2.6147e+00 +2.3809e+00
39 0 +2.774657816e+02 +3.907757816e+02 +3.907757816e+02 +8.5206e-01 +6.8978e-01 +2.9525e+00
51 0 +2.177009718e+02 +3.310109718e+02 +3.310109718e+02 +1.2405e+00 +3.6539e+00 +2.5755e+00
63 0 +2.128354271e+02 +3.261454271e+02 +3.261454271e+02 +6.8480e-01 +2.4416e+00 +2.5493e+00
65 0 +1.744815580e+02 +2.877915580e+02 +2.877915580e+02 +1.3178e+00 +3.1996e+00 +2.5044e+00
91 0 +1.598955612e+02 +2.732055612e+02 +2.732055612e+02 +2.1409e+00 +2.1045e+00 +2.7457e+00
94 0 +1.522266691e+02 +2.655366691e+02 +2.655366691e+02 +1.6947e+00 +3.2326e+00 +2.1712e+00
105 0 +8.422517447e+01 +1.975351745e+02 +1.975351745e+02 +1.8970e+00 +1.4019e+00 +2.1470e+00
119 0 +7.883494879e+01 +1.921449488e+02 +1.921449488e+02 +1.8803e+00 +1.3670e+00 +2.3047e+00
148 0 +7.116031206e+01 +1.844703121e+02 +1.844703121e+02 +2.0024e+00 +1.1061e+00 +2.5870e+00
185 0 +5.452906769e+01 +1.678390677e+02 +1.678390677e+02 +2.0316e+00 +1.7564e+00 +2.3090e+00
195 0 +3.644382827e+01 +1.497538283e+02 +1.497538283e+02 +1.9493e+00 +1.9764e+00 +1.9707e+00
236 0 +2.494485843e+01 +1.382548584e+02 +1.382548584e+02 +1.9552e+00 +3.0430e+00 +8.9544e-01
255 0 +2.317817933e+01 +1.364881793e+02 +1.364881793e+02 +2.2458e+00 +2.7910e+00 +9.1572e-01
263 0 +1.708232183e+01 +1.303923218e+02 +1.303923218e+02 +2.0626e+00 +2.6809e+00 +1.2367e+00
298 0 +5.593055829e+00 +1.189030558e+02 +1.189030558e+02 +2.1509e+00 +2.8830e+00 +8.2271e-01
397 0 +2.461896414e-01 +1.135561896e+02 +1.135561896e+02 +2.1385e+00 +3.2156e+00 +5.1603e-01
1118 0 +1.574013101e-01 +1.134674013e+02 +1.134674013e+02 +2.1404e+00 +3.2544e+00 +4.7356e-01
1373 0 +7.839167747e-02 +1.133883917e+02 +1.133883917e+02 +2.1385e+00 +3.2263e+00 +5.0367e-01
2346 0 +4.727056602e-02 +1.133572706e+02 +1.133572706e+02 +2.1355e+00 +3.1752e+00 +5.5829e-01
2469 0 +1.710802438e-02 +1.133271080e+02 +1.133271080e+02 +2.1364e+00 +3.1866e+00 +5.4564e-01
5391 0 +1.710802438e-02 +1.133271080e+02 +1.133271080e+02 +2.1364e+00 +3.1866e+00 +5.4564e-01
% f evaluations | g evaluations | best noise-free fitness - Fopt (2.849000000000e+01) + sum g_i+ | measured fitness | best measured fitness or single-digit g-values | x1 | x2...
1 0 +2.423916500e+02 +2.708816500e+02 +2.708816500e+02 +0.0000e+00 +0.0000e+00 +0.0000e+00
45 0 +1.228625566e+02 +1.513525566e+02 +1.513525566e+02 -9.1711e-01 -1.3562e+00 -1.5375e-01
53 0 +1.057232091e+02 +1.342132091e+02 +1.342132091e+02 -2.0783e+00 -1.4985e+00 -1.4593e-02
69 0 +8.371507876e+01 +1.122050788e+02 +1.122050788e+02 -2.1549e+00 -2.2551e+00 -3.9569e-01
82 0 +7.818070616e+01 +1.066707062e+02 +1.066707062e+02 -3.0982e+00 -2.9456e+00 -6.3460e-01
90 0 +5.364558019e+01 +8.213558019e+01 +8.213558019e+01 -2.7635e+00 -3.1186e+00 -5.6757e-01
139 0 +4.539444142e+01 +7.388444142e+01 +7.388444142e+01 -2.8314e+00 -3.1898e+00 -5.5546e-01
158 0 +3.434109855e+01 +6.283109855e+01 +6.283109855e+01 -2.8902e+00 -3.0733e+00 -5.1273e-01
209 0 +3.198459497e+01 +6.047459497e+01 +6.047459497e+01 -1.8542e+00 -2.6541e+00 -1.5227e-01
214 0 +1.883307073e+01 +4.732307073e+01 +4.732307073e+01 -1.4670e+00 -2.4342e+00 -8.2016e-02
279 0 +1.361492720e+01 +4.210492720e+01 +4.210492720e+01 -1.2529e+00 -2.1165e+00 -4.8742e-02
282 0 +1.327654440e+01 +4.176654440e+01 +4.176654440e+01 -1.5713e+00 -2.2996e+00 -1.2850e-01
290 0 +1.271810099e+01 +4.120810099e+01 +4.120810099e+01 -6.9020e-01 -1.8702e+00 +1.6227e-01
445 0 +9.771127516e+00 +3.826112752e+01 +3.826112752e+01 +6.2507e-02 -1.4334e+00 +3.0891e-01
494 0 +8.727292593e+00 +3.721729259e+01 +3.721729259e+01 +3.7273e-01 -1.3301e+00 +3.8550e-01
591 0 +7.000209810e+00 +3.549020981e+01 +3.549020981e+01 -2.4926e-01 -1.6861e+00 +2.0922e-01
801 0 +6.900550527e+00 +3.539055053e+01 +3.539055053e+01 +5.5729e-01 -1.2111e+00 +4.5570e-01
834 0 +5.971891196e+00 +3.446189120e+01 +3.446189120e+01 +4.5154e-01 -1.2564e+00 +4.2702e-01
937 0 +5.826789909e+00 +3.431678991e+01 +3.431678991e+01 +4.6472e-01 -1.2597e+00 +4.3064e-01
942 0 +5.314486746e+00 +3.380448675e+01 +3.380448675e+01 +4.6812e-01 -1.2561e+00 +4.2986e-01
1082 0 +4.755849305e+00 +3.324584930e+01 +3.324584930e+01 +3.1475e-01 -1.3432e+00 +3.8451e-01
1098 0 +4.569021069e+00 +3.305902107e+01 +3.305902107e+01 +2.5554e-01 -1.3834e+00 +3.6680e-01
1167 0 +4.018023798e+00 +3.250802380e+01 +3.250802380e+01 +2.1242e-01 -1.4091e+00 +3.5793e-01
1245 0 +3.816671775e+00 +3.230667177e+01 +3.230667177e+01 +2.2913e-01 -1.3953e+00 +3.6227e-01
1274 0 +3.473437798e+00 +3.196343780e+01 +3.196343780e+01 +2.4651e-01 -1.3769e+00 +3.6997e-01
1383 0 +3.396752570e+00 +3.188675257e+01 +3.188675257e+01 +2.1110e-01 -1.3957e+00 +3.6141e-01
1389 0 +3.364222502e+00 +3.185422250e+01 +3.185422250e+01 +1.9010e-01 -1.4154e+00 +3.5316e-01
1414 0 +3.035934892e+00 +3.152593489e+01 +3.152593489e+01 +2.0331e-01 -1.4030e+00 +3.5789e-01
1488 0 +2.845272618e+00 +3.133527262e+01 +3.133527262e+01 +1.6515e-01 -1.4250e+00 +3.4732e-01
1678 0 +2.805265950e+00 +3.129526595e+01 +3.129526595e+01 +1.6853e-01 -1.4218e+00 +3.4862e-01
1804 0 +2.722316520e+00 +3.121231652e+01 +3.121231652e+01 +1.1955e-01 -1.4450e+00 +3.3620e-01
1812 0 +2.492891688e+00 +3.098289169e+01 +3.098289169e+01 +1.2824e-01 -1.4440e+00 +3.3739e-01
2249 0 +2.452533462e+00 +3.094253346e+01 +3.094253346e+01 +1.2569e-01 -1.4451e+00 +3.3686e-01
3781 0 +2.436535844e+00 +3.092653584e+01 +3.092653584e+01 +1.2504e-01 -1.4454e+00 +3.3667e-01
% f evaluations | g evaluations | best noise-free fitness - Fopt (-7.405800000000e+02) + sum g_i+ | measured fitness | best measured fitness or single-digit g-values | x1 | x2...
1 0 +7.159750687e+02 -2.460493128e+01 -2.460493128e+01 +0.0000e+00 +0.0000e+00 +0.0000e+00
2 0 +3.508678343e+02 -3.897121657e+02 -3.897121657e+02 -4.1881e+00 -1.0092e+00 -2.3035e+00
10 0 +2.524222605e+02 -4.881577395e+02 -4.881577395e+02 -3.8910e+00 +5.5417e-01 -4.1454e-02
18 0 +9.241209395e+01 -6.481679060e+02 -6.481679060e+02 -4.0475e+00 -6.4104e-01 -5.5855e-01
54 0 +6.355062693e+01 -6.770293731e+02 -6.770293731e+02 -3.0567e+00 -5.1022e-01 -9.0246e-01
145 0 +3.688986531e+01 -7.036901347e+02 -7.036901347e+02 -2.2677e+00 -4.2127e-02 -1.8898e+00
153 0 +1.240475861e+01 -7.281752414e+02 -7.281752414e+02 -1.4571e+00 +8.1714e-02 -2.9668e+00
336 0 +5.904736033e+00 -7.346752640e+02 -7.346752640e+02 -2.8324e+00 -3.1717e-01 -1.4627e+00
601 0 +3.672533299e+00 -7.369074667e+02 -7.369074667e+02 -2.6413e+00 -2.6169e-01 -1.6846e+00
701 0 +3.107225723e+00 -7.374727743e+02 -7.374727743e+02 -2.3990e+00 -1.9921e-01 -1.9554e+00
979 0 +1.491492994e+00 -7.390885070e+02 -7.390885070e+02 -2.1661e+00 -1.3376e-01 -2.2371e+00
984 0 +1.314348332e+00 -7.392656517e+02 -7.392656517e+02 -2.0957e+00 -1.1319e-01 -2.3075e+00
1141 0 +8.885773594e-01 -7.396914226e+02 -7.396914226e+02 -2.1302e+00 -1.2265e-01 -2.2731e+00
1516 0 +6.992697468e-01 -7.398807303e+02 -7.398807303e+02 -2.0523e+00 -1.0169e-01 -2.3636e+00
1710 0 +5.283472548e-01 -7.400516527e+02 -7.400516527e+02 -1.9983e+00 -8.8210e-02 -2.4239e+00
1819 0 +4.603025929e-01 -7.401196974e+02 -7.401196974e+02 -1.9645e+00 -7.8666e-02 -2.4634e+00
2027 0 +4.236557542e-01 -7.401563442e+02 -7.401563442e+02 -1.9900e+00 -8.5989e-02 -2.4360e+00
2046 0 +3.819033590e-01 -7.401980966e+02 -7.401980966e+02 -1.9772e+00 -8.4059e-02 -2.4500e+00
2149 0 +2.913621763e-01 -7.402886378e+02 -7.402886378e+02 -1.9876e+00 -8.6226e-02 -2.4385e+00
2398 0 +2.762138497e-01 -7.403037862e+02 -7.403037862e+02 -1.9826e+00 -8.4789e-02 -2.4436e+00
2454 0 +2.717342685e-01 -7.403082657e+02 -7.403082657e+02 -1.9870e+00 -8.5696e-02 -2.4390e+00
2491 0 +2.395302547e-01 -7.403404697e+02 -7.403404697e+02 -1.9874e+00 -8.5945e-02 -2.4383e+00
2748 0 +2.153321995e-01 -7.403646678e+02 -7.403646678e+02 -1.9706e+00 -8.1370e-02 -2.4578e+00
3176 0 +2.124885047e-01 -7.403675115e+02 -7.403675115e+02 -1.9740e+00 -8.2368e-02 -2.4538e+00
3523 0 +2.087617854e-01 -7.403712382e+02 -7.403712382e+02 -1.9722e+00 -8.1885e-02 -2.4560e+00
4388 0 +2.038923210e-01 -7.403761077e+02 -7.403761077e+02 -1.9720e+00 -8.1816e-02 -2.4562e+00
5441 0 +2.035456616e-01 -7.403764543e+02 -7.403764543e+02 -1.9719e+00 -8.1779e-02 -2.4563e+00
% f evaluations | g evaluations | best noise-free fitness - Fopt (-5.177000000000e+01) + sum g_i+ | measured fitness | best measured fitness or single-digit g-values | x1 | x2...
1 0 +1.012061498e+03 +9.602914976e+02 +9.602914976e+02 +0.0000e+00 +0.0000e+00 +0.0000e+00
2 0 +5.727998169e+02 +5.210298169e+02 +5.210298169e+02 -4.0476e+00 +4.0710e+00 -1.1933e+00
3 0 +4.629924994e+02 +4.112224994e+02 +4.112224994e+02 -4.5589e+00 +2.0001e+00 -2.0244e-01
4 0 +3.435259017e+02 +2.917559017e+02 +2.917559017e+02 +3.9451e+00 +1.7759e+00 +2.9055e+00
10 0 +2.282777605e+02 +1.765077605e+02 +1.765077605e+02 -1.0094e+00 +2.4613e+00 +2.8408e+00
11 0 +1.750568044e+02 +1.232868044e+02 +1.232868044e+02 -4.2355e+00 +1.2280e+00 +2.4802e+00
54 0 +1.693529297e+02 +1.175829297e+02 +1.175829297e+02 -3.1611e-01 +2.5790e+00 +2.3928e+00
55 0 +1.236997291e+02 +7.192972907e+01 +7.192972907e+01 -2.6061e-01 +1.8074e+00 +2.3155e+00
68 0 +1.201701208e+02 +6.840012076e+01 +6.840012076e+01 +1.3404e+00 +7.8932e-01 +3.4099e+00
80 0 +6.497019869e+01 +1.320019869e+01 +1.320019869e+01 -1.7953e+00 +1.6386e+00 +2.6262e+00
167 0 +1.986102013e+01 -3.190897987e+01 -3.190897987e+01 -2.1268e+00 +1.6036e+00 +2.2476e+00
221 0 +1.705599287e+01 -3.471400713e+01 -3.471400713e+01 -1.2949e+00 +1.5854e+00 +2.4985e+00
333 0 +9.164019965e+00 -4.260598004e+01 -4.260598004e+01 -1.6646e+00 +1.6137e+00 +2.4050e+00
442 0 +2.500883037e+00 -4.926911696e+01 -4.926911696e+01 -2.2446e+00 +1.6984e+00 +2.2352e+00
1980 0 +2.431486870e+00 -4.933851313e+01 -4.933851313e+01 -3.3377e+00 +1.8502e+00 +1.8593e+00
4417 0 +2.399102639e+00 -4.937089736e+01 -4.937089736e+01 -3.3343e+00 +1.8495e+00 +1.8606e+00
% f evaluations | g evaluations | best noise-free fitness - Fopt (-2.229800000000e+02) + sum g_i+ | measured fitness | best measured fitness or single-digit g-values | x1 | x2...
1 0 +3.741982412e+02 +1.512182412e+02 +1.512182412e+02 +0.0000e+00 +0.0000e+00 +0.0000e+00
7 0 +3.480671023e+02 +1.250871023e+02 +1.250871023e+02 -1.8954e+00 +1.6575e+00 +3.2273e+00
10 0 +2.147409201e+02 -8.239079860e+00 -8.239079860e+00 -1.6589e+00 +2.0494e+00 +2.0108e+00
36 0 +1.711651562e+02 -5.181484383e+01 -5.181484383e+01 -1.0632e+00 +1.9407e+00 +1.3526e+00
39 0 +1.285737524e+02 -9.440624763e+01 -9.440624763e+01 -4.0462e-01 +1.8137e+00 -2.4339e-01
41 0 +1.254164194e+02 -9.756358062e+01 -9.756358062e+01 -1.1280e+00 +2.1216e+00 +7.2700e-01
75 0 +7.262656377e+01 -1.503534362e+02 -1.503534362e+02 +1.1606e+00 +9.5932e-01 -1.3071e+00
112 0 +6.840217173e+01 -1.545778283e+02 -1.545778283e+02 +7.7969e-02 +1.5351e+00 -1.3565e-01
113 0 +5.117974698e+01 -1.718002530e+02 -1.718002530e+02 +1.1379e+00 +1.0353e+00 -9.6114e-01
164 0 +2.348010186e+01 -1.994998981e+02 -1.994998981e+02 +3.7901e+00 +8.7710e-02 -3.3432e+00
266 0 +1.780376397e+01 -2.051762360e+02 -2.051762360e+02 +3.0589e+00 +3.9880e-01 -2.7700e+00
494 0 +1.173705303e+01 -2.112429470e+02 -2.112429470e+02 +2.6677e+00 +5.3335e-01 -2.4545e+00
599 0 +7.677594679e+00 -2.153024053e+02 -2.153024053e+02 +3.2726e+00 +2.2299e-01 -3.0192e+00
692 0 +4.198983945e+00 -2.187810161e+02 -2.187810161e+02 +3.9315e+00 -2.9796e-03 -3.5995e+00
708 0 +3.115514778e+00 -2.198644852e+02 -2.198644852e+02 +4.0819e+00 -8.1833e-02 -3.7370e+00
831 0 +2.744249419e+00 -2.202357506e+02 -2.202357506e+02 +3.9949e+00 -3.6313e-02 -3.6595e+00
1079 0 +2.672667670e+00 -2.203073323e+02 -2.203073323e+02 +3.9457e+00 -1.3141e-02 -3.6227e+00
1092 0 +1.787827652e+00 -2.211921723e+02 -2.211921723e+02 +3.8891e+00 +2.0593e-04 -3.5718e+00
1276 0 +1.507681360e+00 -2.214723186e+02 -2.214723186e+02 +3.8811e+00 +9.4104e-03 -3.5655e+00
1311 0 +1.469719104e+00 -2.215102809e+02 -2.215102809e+02 +3.8218e+00 +3.3799e-02 -3.5169e+00
1317 0 +1.163202267e+00 -2.218167977e+02 -2.218167977e+02 +3.8594e+00 +1.4015e-02 -3.5433e+00
1440 0 +1.089082166e+00 -2.218909178e+02 -2.218909178e+02 +3.8786e+00 +6.7946e-03 -3.5599e+00
1478 0 +1.007895366e+00 -2.219721046e+02 -2.219721046e+02 +3.8545e+00 +1.8366e-02 -3.5394e+00
1679 0 +9.096416971e-01 -2.220703583e+02 -2.220703583e+02 +3.8618e+00 +1.4761e-02 -3.5461e+00
1808 0 +8.611575538e-01 -2.221188424e+02 -2.221188424e+02 +3.8590e+00 +1.5697e-02 -3.5432e+00
2114 0 +8.313575388e-01 -2.221486425e+02 -2.221486425e+02 +3.8538e+00 +1.7861e-02 -3.5387e+00
2423 0 +8.108684197e-01 -2.221691316e+02 -2.221691316e+02 +3.8432e+00 +2.2318e-02 -3.5294e+00
3080 0 +7.907903763e-01 -2.221892096e+02 -2.221892096e+02 +3.8447e+00 +2.1603e-02 -3.5307e+00
4803 0 +7.879623638e-01 -2.221920376e+02 -2.221920376e+02 +3.8444e+00 +2.1728e-02 -3.5304e+00
% f evaluations | g evaluations | best noise-free fitness - Fopt (5.860000000000e+00) + sum g_i+ | measured fitness | best measured fitness or single-digit g-values | x1 | x2...
1 0 +2.860680494e+02 +2.919280494e+02 +2.919280494e+02 +0.0000e+00 +0.0000e+00 +0.0000e+00
4 0 +2.677932925e+02 +2.736532925e+02 +2.736532925e+02 -9.4106e-01 +1.2833e-01 -7.0088e-01
7 0 +1.943989083e+02 +2.002589083e+02 +2.002589083e+02 +9.6773e-01 +8.8642e-01 +7.1595e-01
54 0 +1.590950785e+02 +1.649550785e+02 +1.649550785e+02 +3.3845e-02 +1.2955e+00 +2.9321e-01
64 0 +1.584726228e+02 +1.643326228e+02 +1.643326228e+02 +1.3103e+00 +4.3748e-01 -4.8687e-01
67 0 +9.275879203e+01 +9.861879203e+01 +9.861879203e+01 +3.5916e-01 +9.0497e-01 -1.3686e-01
161 0 +4.139987019e+01 +4.725987019e+01 +4.725987019e+01 -2.1464e+00 +1.5076e+00 -4.7002e-01
201 0 +3.489621652e+01 +4.075621652e+01 +4.075621652e+01 -1.9187e+00 +1.3854e+00 -6.7713e-01
257 0 +2.163491580e+01 +2.749491580e+01 +2.749491580e+01 -3.6252e+00 +1.8876e+00 -1.0010e+00
333 0 +9.422779077e+00 +1.528277908e+01 +1.528277908e+01 -2.8460e+00 +1.7789e+00 -8.0855e-01
433 0 +6.190784125e+00 +1.205078412e+01 +1.205078412e+01 -3.0191e+00 +1.7907e+00 -8.3639e-01
560 0 +3.859862732e+00 +9.719862732e+00 +9.719862732e+00 -3.4257e+00 +1.9179e+00 -9.0720e-01
565 0 +3.679429684e+00 +9.539429684e+00 +9.539429684e+00 -3.3157e+00 +1.8789e+00 -9.1894e-01
747 0 +2.678611576e+00 +8.538611576e+00 +8.538611576e+00 -3.9887e+00 +2.0793e+00 -1.0616e+00
833 0 +1.853668503e+00 +7.713668503e+00 +7.713668503e+00 -3.9781e+00 +2.0924e+00 -1.0305e+00
849 0 +1.134913305e+00 +6.994913305e+00 +6.994913305e+00 -4.0167e+00 +2.0936e+00 -1.0480e+00
927 0 +8.837787934e-01 +6.743778793e+00 +6.743778793e+00 -3.8688e+00 +2.0504e+00 -1.0249e+00
1100 0 +3.110370338e-01 +6.171037034e+00 +6.171037034e+00 -3.6115e+00 +1.9775e+00 -9.6729e-01
1287 0 +1.158756020e-01 +5.975875602e+00 +5.975875602e+00 -3.7077e+00 +2.0060e+00 -9.8576e-01
1444 0 +9.681739901e-02 +5.956817399e+00 +5.956817399e+00 -3.7704e+00 +2.0244e+00 -9.9861e-01
1596 0 +5.979924593e-02 +5.919799246e+00 +5.919799246e+00 -3.8059e+00 +2.0350e+00 -1.0058e+00
1914 0 +2.815369027e-02 +5.888153690e+00 +5.888153690e+00 -3.7541e+00 +2.0202e+00 -9.9481e-01
2014 0 +1.816779737e-02 +5.878167797e+00 +5.878167797e+00 -3.7638e+00 +2.0229e+00 -9.9685e-01
2084 0 +4.559942485e-03 +5.864559942e+00 +5.864559942e+00 -3.7583e+00 +2.0213e+00 -9.9585e-01
2739 0 +2.791830768e-03 +5.862791831e+00 +5.862791831e+00 -3.7614e+00 +2.0222e+00 -9.9653e-01
2936 0 +1.897317995e-03 +5.861897318e+00 +5.861897318e+00 -3.7618e+00 +2.0223e+00 -9.9658e-01
2985 0 +1.140396041e-03 +5.861140396e+00 +5.861140396e+00 -3.7619e+00 +2.0223e+00 -9.9661e-01
3082 0 +1.065891759e-03 +5.861065892e+00 +5.861065892e+00 -3.7618e+00 +2.0223e+00 -9.9659e-01
3089 0 +8.913263472e-04 +5.860891326e+00 +5.860891326e+00 -3.7617e+00 +2.0223e+00 -9.9658e-01
3240 0 +7.090882807e-04 +5.860709088e+00 +5.860709088e+00 -3.7619e+00 +2.0223e+00 -9.9662e-01
3448 0 +5.835954717e-04 +5.860583595e+00 +5.860583595e+00 -3.7619e+00 +2.0223e+00 -9.9661e-01
3559 0 +4.935483605e-04 +5.860493548e+00 +5.860493548e+00 -3.7619e+00 +2.0223e+00 -9.9661e-01
3954 0 +4.909713040e-04 +5.860490971e+00 +5.860490971e+00 -3.7619e+00 +2.0223e+00 -9.9662e-01
% f evaluations | g evaluations | best noise-free fitness - Fopt (2.048600000000e+02) + sum g_i+ | measured fitness | best measured fitness or single-digit g-values | x1 | x2...
1 0 +5.159962663e+02 +7.208562663e+02 +7.208562663e+02 +0.0000e+00 +0.0000e+00 +0.0000e+00
6 0 +4.712256115e+02 +6.760856115e+02 +6.760856115e+02 -4.2108e+00 +6.1682e-01 +2.6766e+00
8 0 +1.535937001e+02 +3.584537001e+02 +3.584537001e+02 -5.9095e-01 -1.8093e+00 -1.5483e+00
18 0 +3.311743831e+01 +2.379774383e+02 +2.379774383e+02 -1.6072e+00 -8.6328e-01 +1.1117e-01
195 0 +1.819845016e+01 +2.230584502e+02 +2.230584502e+02 -1.8335e+00 -6.4890e-01 +1.0876e-03
369 0 +1.792693683e+01 +2.227869368e+02 +2.227869368e+02 -1.8856e+00 -5.5027e-01 +3.5888e-01
402 0 +1.678709367e+01 +2.216470937e+02 +2.216470937e+02 -1.8816e+00 -3.5448e-01 +7.0049e-01
424 0 +1.439524707e+01 +2.192552471e+02 +2.192552471e+02 -1.5882e+00 -8.9166e-01 -3.1178e-01
439 0 +8.373138813e+00 +2.132331388e+02 +2.132331388e+02 -2.0535e+00 -1.1734e-01 +9.9488e-01
445 0 +2.564534495e+00 +2.074245345e+02 +2.074245345e+02 -1.9707e+00 -2.6913e-01 +6.9040e-01
4320 0 +2.564534495e+00 +2.074245345e+02 +2.074245345e+02 -1.9707e+00 -2.6913e-01 +6.9040e-01
% f evaluations | g evaluations | best noise-free fitness - Fopt (1.154900000000e+02) + sum g_i+ | measured fitness | best measured fitness or single-digit g-values | x1 | x2...
1 0 +1.003919608e+03 +1.119409608e+03 +1.119409608e+03 +0.0000e+00 +0.0000e+00 +0.0000e+00
2 0 +5.947968143e+02 +7.102868143e+02 +7.102868143e+02 -8.8466e-02 +6.3178e-02 +2.3722e+00
5 0 +4.039772001e+02 +5.194672001e+02 +5.194672001e+02 -4.1547e+00 -3.0361e+00 +3.0817e+00
8 0 +2.657123000e+02 +3.812023000e+02 +3.812023000e+02 +1.7648e+00 -4.1646e+00 +3.7526e+00
25 0 +2.459217619e+02 +3.614117619e+02 +3.614117619e+02 -2.0076e+00 -3.5013e+00 +2.3118e+00
34 0 +2.309488803e+02 +3.464388803e+02 +3.464388803e+02 -1.4820e+00 -3.4895e+00 +1.9200e+00
50 0 +2.192680257e+02 +3.347580257e+02 +3.347580257e+02 -1.8448e+00 -3.0392e+00 +3.1510e+00
51 0 +2.035841961e+02 +3.190741961e+02 +3.190741961e+02 -1.7564e+00 -3.3190e+00 +2.2350e+00
75 0 +5.088455607e+01 +1.663745561e+02 +1.663745561e+02 -2.0707e+00 -2.0916e+00 +2.7186e+00
83 0 +4.209122759e+01 +1.575812276e+02 +1.575812276e+02 -1.8843e+00 -1.9278e+00 +2.8252e+00
103 0 +2.311520641e+01 +1.386052064e+02 +1.386052064e+02 -1.4751e+00 -2.0051e+00 +3.2144e+00
151 0 +1.613709094e+01 +1.316270909e+02 +1.316270909e+02 -1.6898e+00 -2.0162e+00 +2.9854e+00
206 0 +1.093812711e+01 +1.264281271e+02 +1.264281271e+02 -1.9135e+00 -1.9539e+00 +3.0219e+00
267 0 +9.800933094e+00 +1.252909331e+02 +1.252909331e+02 -2.1622e+00 -1.8177e+00 +2.9570e+00
270 0 +5.705435651e+00 +1.211954357e+02 +1.211954357e+02 -2.5924e+00 -1.6280e+00 +2.9469e+00
299 0 +2.412631839e+00 +1.179026318e+02 +1.179026318e+02 -2.3337e+00 -1.7175e+00 +2.9859e+00
399 0 +2.223307823e+00 +1.177133078e+02 +1.177133078e+02 -2.8554e+00 -1.4794e+00 +2.9345e+00
706 0 +8.619651995e-01 +1.163519652e+02 +1.163519652e+02 -2.5564e+00 -1.6066e+00 +2.9761e+00
1014 0 +7.965875741e-01 +1.162865876e+02 +1.162865876e+02 -2.4199e+00 -1.6669e+00 +2.9845e+00
1022 0 +5.752722347e-01 +1.160652722e+02 +1.160652722e+02 -2.3763e+00 -1.6866e+00 +2.9923e+00
1089 0 +3.143082518e-01 +1.158043083e+02 +1.158043083e+02 -2.5564e+00 -1.6046e+00 +2.9739e+00
1123 0 +2.790351492e-01 +1.157690351e+02 +1.157690351e+02 -2.2990e+00 -1.7180e+00 +3.0024e+00
1322 0 +1.936118787e-01 +1.156836119e+02 +1.156836119e+02 -2.3510e+00 -1.6949e+00 +2.9966e+00
1624 0 +1.839933680e-01 +1.156739934e+02 +1.156739934e+02 -2.2350e+00 -1.7452e+00 +3.0093e+00
1823 0 +1.378796112e-01 +1.156278796e+02 +1.156278796e+02 -2.2661e+00 -1.7312e+00 +3.0059e+00
5001 0 +1.378796112e-01 +1.156278796e+02 +1.156278796e+02 -2.2661e+00 -1.7312e+00 +3.0059e+00
% f evaluations | g evaluations | best noise-free fitness - Fopt (1.950500000000e+02) + sum g_i+ | measured fitness | best measured fitness or single-digit g-values | x1 | x2...
1 0 +3.345695000e+02 +5.296195000e+02 +5.296195000e+02 +0.0000e+00 +0.0000e+00 +0.0000e+00
11 0 +3.038058734e+02 +4.988558734e+02 +4.988558734e+02 -3.3541e+00 -1.3812e+00 -7.6430e-01
15 0 +1.273973998e+02 +3.224473998e+02 +3.224473998e+02 -2.6605e+00 -1.4883e+00 +4.5100e-02
35 0 +8.186498608e+01 +2.769149861e+02 +2.769149861e+02 -3.2457e+00 -1.3326e+00 +5.6118e-01
62 0 +5.179869030e+01 +2.468486903e+02 +2.468486903e+02 +5.8829e-01 +7.6110e-02 -2.0806e+00
132 0 +3.178192487e+01 +2.268319249e+02 +2.268319249e+02 -1.1470e+00 -6.4692e-01 -9.7221e-01
258 0 +2.638253014e+01 +2.214325301e+02 +2.214325301e+02 +1.9323e-01 -2.3076e-01 -1.9431e+00
348 0 +1.346567077e+01 +2.085156708e+02 +2.085156708e+02 +4.5368e-01 -2.6092e-01 -2.2837e+00
410 0 +9.119535120e+00 +2.041695351e+02 +2.041695351e+02 +1.8695e-01 -2.3537e-01 -2.0550e+00
620 0 +8.344621750e+00 +2.033946217e+02 +2.033946217e+02 +5.6167e-01 -1.7399e-01 -2.3372e+00
793 0 +6.544092914e+00 +2.015940929e+02 +2.015940929e+02 +8.8794e-01 -1.2922e-01 -2.6529e+00
811 0 +4.300806233e+00 +1.993508062e+02 +1.993508062e+02 +5.3141e-01 -1.6481e-01 -2.3376e+00
1060 0 +3.954797743e+00 +1.990047977e+02 +1.990047977e+02 +2.5967e-01 -2.4456e-01 -2.1462e+00
1095 0 +3.496715057e+00 +1.985467151e+02 +1.985467151e+02 +2.5761e-01 -2.5530e-01 -2.1339e+00
1275 0 +2.489505389e+00 +1.975395054e+02 +1.975395054e+02 +6.4560e-02 -3.1106e-01 -1.9973e+00
1457 0 +2.089551289e+00 +1.971395513e+02 +1.971395513e+02 +1.2528e-01 -2.9794e-01 -2.0461e+00
1734 0 +1.274781334e+00 +1.963247813e+02 +1.963247813e+02 +2.4440e-01 -2.6405e-01 -2.1384e+00
2291 0 +1.202716120e+00 +1.962527161e+02 +1.962527161e+02 +2.5192e-01 -2.6261e-01 -2.1444e+00
2317 0 +1.198280484e+00 +1.962482805e+02 +1.962482805e+02 +2.5907e-01 -2.6089e-01 -2.1500e+00
2545 0 +1.165148777e+00 +1.962151488e+02 +1.962151488e+02 +2.5555e-01 -2.6141e-01 -2.1474e+00
2692 0 +1.135807996e+00 +1.961858080e+02 +1.961858080e+02 +2.5395e-01 -2.6221e-01 -2.1465e+00
2892 0 +1.117872349e+00 +1.961678723e+02 +1.961678723e+02 +2.5761e-01 -2.6113e-01 -2.1492e+00
3964 0 +1.096079951e+00 +1.961460800e+02 +1.961460800e+02 +2.6037e-01 -2.6039e-01 -2.1514e+00
4684 0 +1.095804643e+00 +1.961458046e+02 +1.961458046e+02 +2.6035e-01 -2.6039e-01 -2.1513e+00
% f evaluations | g evaluations | best noise-free fitness - Fopt (-2.144800000000e+02) + sum g_i+ | measured fitness | best measured fitness or single-digit g-values | x1 | x2...
1 0 +6.021721676e+02 +3.876921676e+02 +3.876921676e+02 +0.0000e+00 +0.0000e+00 +0.0000e+00
10 0 +3.002052012e+02 +8.572520121e+01 +8.572520121e+01 +6.8293e-01 +3.2215e+00 +1.9081e+00
14 0 +2.501731007e+02 +3.569310072e+01 +3.569310072e+01 -2.4597e+00 +3.5800e+00 -7.9972e-01
16 0 +9.341114911e+01 -1.210688509e+02 -1.210688509e+02 +3.8127e-01 +4.3223e+00 +3.3272e+00
53 0 +7.907578447e+01 -1.354042155e+02 -1.354042155e+02 -1.6054e+00 +4.1177e+00 +1.5727e+00
102 0 +4.610819771e+01 -1.683718023e+02 -1.683718023e+02 -1.9893e+00 +3.3381e+00 +8.9850e-01
143 0 +3.879884662e+01 -1.756811534e+02 -1.756811534e+02 -1.8051e+00 +3.1598e+00 +5.2477e-01
155 0 +3.611515535e+01 -1.783648446e+02 -1.783648446e+02 -1.5604e+00 +3.3676e+00 +1.2150e+00
193 0 +2.359187670e+01 -1.908881233e+02 -1.908881233e+02 -2.3831e+00 +2.7989e+00 -1.3370e-01
251 0 +2.113163895e+01 -1.933483610e+02 -1.933483610e+02 -1.5179e+00 +3.7140e+00 +1.4021e+00
253 0 +1.714495100e+01 -1.973350490e+02 -1.973350490e+02 -1.8840e+00 +3.4115e+00 +7.5168e-01
302 0 +8.995946690e+00 -2.054840533e+02 -2.054840533e+02 -1.9662e+00 +3.3116e+00 +6.5368e-01
395 0 +6.711432528e+00 -2.077685675e+02 -2.077685675e+02 -1.6889e+00 +3.4626e+00 +1.0487e+00
430 0 +5.389802370e+00 -2.090901976e+02 -2.090901976e+02 -1.6451e+00 +3.5142e+00 +1.0860e+00
667 0 +3.224267834e+00 -2.112557322e+02 -2.112557322e+02 -1.1453e+00 +3.8229e+00 +1.7715e+00
900 0 +3.011733852e+00 -2.114682661e+02 -2.114682661e+02 -1.1162e+00 +3.8441e+00 +1.8024e+00
954 0 +2.699052792e+00 -2.117809472e+02 -2.117809472e+02 -1.0594e+00 +3.8947e+00 +1.8945e+00
996 0 +2.571748828e+00 -2.119082512e+02 -2.119082512e+02 -1.0775e+00 +3.8779e+00 +1.8641e+00
1120 0 +2.388185379e+00 -2.120918146e+02 -2.120918146e+02 -1.0826e+00 +3.8768e+00 +1.8616e+00
3676 0 +2.383471653e+00 -2.120965283e+02 -2.120965283e+02 -1.0743e+00 +3.8800e+00 +1.8713e+00
% f evaluations | g evaluations | best noise-free fitness - Fopt (-4.590000000000e+01) + sum g_i+ | measured fitness | best measured fitness or single-digit g-values | x1 | x2...
1 0 +2.774102835e+02 +2.315102835e+02 +2.315102835e+02 +0.0000e+00 +0.0000e+00 +0.0000e+00
14 0 +1.986487557e+02 +1.527487557e+02 +1.527487557e+02 +1.4188e+00 -1.4471e+00 -1.3436e+00
45 0 +1.662107252e+02 +1.203107252e+02 +1.203107252e+02 +1.8823e+00 -6.7426e-01 -2.5487e-01
98 0 +1.426340455e+02 +9.673404548e+01 +9.673404548e+01 +1.8381e-01 -1.9620e+00 +6.8791e-01
119 0 +7.179983209e+01 +2.589983209e+01 +2.589983209e+01 +6.6751e-01 -2.0752e+00 -3.3428e-01
173 0 +6.597263047e+01 +2.007263047e+01 +2.007263047e+01 +1.0484e+00 -2.0077e+00 -1.8283e-01
215 0 +4.053571265e+01 -5.364287352e+00 -5.364287352e+00 +2.2803e+00 -1.5879e+00 -6.6341e-01
264 0 +1.831512768e+01 -2.758487232e+01 -2.758487232e+01 +8.5137e-01 -1.7559e+00 -2.5641e-01
291 0 +1.275845191e+01 -3.314154809e+01 -3.314154809e+01 +8.8063e-01 -1.6218e+00 -1.7765e-01
298 0 +1.016901639e+01 -3.573098361e+01 -3.573098361e+01 +4.0621e-01 -1.6679e+00 -4.8914e-02
339 0 +5.562202926e+00 -4.033779707e+01 -4.033779707e+01 +5.2520e-01 -1.6744e+00 -1.6462e-01
419 0 +4.734136124e+00 -4.116586388e+01 -4.116586388e+01 +1.0501e-01 -1.6421e+00 -1.2107e-02
425 0 +2.086242649e+00 -4.381375735e+01 -4.381375735e+01 +1.0935e-01 -1.6573e+00 -3.3830e-02
591 0 +1.969138213e+00 -4.393086179e+01 -4.393086179e+01 -4.2035e-03 -1.6752e+00 -1.1719e-02
621 0 +1.473240090e+00 -4.442675991e+01 -4.442675991e+01 -6.7838e-02 -1.6770e+00 +1.8637e-02
705 0 +1.127989380e+00 -4.477201062e+01 -4.477201062e+01 -2.7914e-01 -1.6722e+00 +6.6741e-02
744 0 +3.845380076e-01 -4.551546199e+01 -4.551546199e+01 -1.6223e-01 -1.6690e+00 +3.9561e-02
963 0 +7.226712746e-02 -4.582773287e+01 -4.582773287e+01 -3.0856e-02 -1.6688e+00 +6.3041e-03
1248 0 +6.547778809e-02 -4.583452221e+01 -4.583452221e+01 +4.0492e-02 -1.6690e+00 -1.1807e-02
1252 0 +4.987004011e-02 -4.585012996e+01 -4.585012996e+01 -2.1954e-02 -1.6689e+00 +4.2351e-03
1419 0 +3.254805824e-02 -4.586745194e+01 -4.586745194e+01 +1.4482e-02 -1.6691e+00 -5.3791e-03
1583 0 +2.301666272e-02 -4.587698334e+01 -4.587698334e+01 +9.6341e-03 -1.6690e+00 -4.1499e-03
1885 0 +2.272258254e-02 -4.587727742e+01 -4.587727742e+01 +2.0831e-02 -1.6688e+00 -6.9201e-03
1959 0 +1.899416006e-02 -4.588100584e+01 -4.588100584e+01 +2.4000e-02 -1.6689e+00 -7.9504e-03
2020 0 +1.000791448e-02 -4.588999209e+01 -4.588999209e+01 +1.4332e-02 -1.6690e+00 -5.3541e-03
2036 0 +8.124418958e-03 -4.589187558e+01 -4.589187558e+01 +1.7767e-02 -1.6689e+00 -6.2011e-03
2141 0 +7.500453661e-03 -4.589249955e+01 -4.589249955e+01 +2.0250e-02 -1.6689e+00 -6.8523e-03
2151 0 +6.854934500e-03 -4.589314507e+01 -4.589314507e+01 +1.8961e-02 -1.6689e+00 -6.5543e-03
2185 0 +4.860006069e-03 -4.589513999e+01 -4.589513999e+01 +1.7903e-02 -1.6689e+00 -6.2779e-03
2586 0 +4.180193268e-03 -4.589581981e+01 -4.589581981e+01 +1.7476e-02 -1.6689e+00 -6.1634e-03
2600 0 +2.786139832e-03 -4.589721386e+01 -4.589721386e+01 +1.7756e-02 -1.6689e+00 -6.2262e-03
3184 0 +2.687455898e-03 -4.589731254e+01 -4.589731254e+01 +1.6732e-02 -1.6689e+00 -5.9564e-03
3320 0 +2.612930697e-03 -4.589738707e+01 -4.589738707e+01 +1.6896e-02 -1.6689e+00 -6.0014e-03
3398 0 +2.436937394e-03 -4.589756306e+01 -4.589756306e+01 +1.6947e-02 -1.6689e+00 -6.0144e-03
3599 0 +2.360742627e-03 -4.589763926e+01 -4.589763926e+01 +1.6779e-02 -1.6689e+00 -5.9709e-03
4616 0 +2.338421187e-03 -4.589766158e+01 -4.589766158e+01 +1.6674e-02 -1.6689e+00 -5.9434e-03
5209 0 +2.329993340e-03 -4.589767001e+01 -4.589767001e+01 +1.6673e-02 -1.6689e+00 -5.9429e-03
