% f evaluations | g evaluations | best noise-free fitness - Fopt (2.997000000000e+01) + sum g_i+ | measured fitness | best measured fitness or single-digit g-values | x1 | x2...
1 0 +1.048116465e+03 +1.078086465e+03 +1.078086465e+03 +0.0000e+00 +0.0000e+00 +0.0000e+00 +0.0000e+00 +0.0000e+00
15 0 +9.295875189e+02 +9.595575189e+02 +9.595575189e+02 -4.5208e-01 +1.8684e-01 -2.8367e+00 -2.2840e+00 -3.7140e+00
90 0 +9.032237552e+02 +9.331937552e+02 +9.331937552e+02 +2.4264e+00 -1.0308e+00 -5.3529e-01 -1.1293e+00 -2.6766e+00
114 0 +7.764451105e+02 +8.064151105e+02 +8.064151105e+02 +9.2532e-02 -1.0509e+00 -1.6075e+00 -2.0334e+00 -3.2928e+00
124 0 +6.101989119e+02 +6.401689119e+02 +6.401689119e+02 +9.5455e-01 -9.5565e-01 -1.3318e+00 -2.9841e+00 -2.2442e+00
156 0 +6.021307735e+02 +6.321007735e+02 +6.321007735e+02 +2.8065e+00 -3.1443e+00 -3.0333e+00 -2.9254e+00 -2.6111e+00
171 0 +5.259636559e+02 +5.559336559e+02 +5.559336559e+02 +2.2347e+00 -2.0586e+00 -3.9441e+00 -9.0366e-01 -5.7452e-02
175 0 +3.368305593e+02 +3.668005593e+02 +3.668005593e+02 +3.8096e-01 -1.5004e+00 -2.3233e+00 -3.0732e+00 +5.0398e-01
179 0 +3.206109017e+02 +3.505809017e+02 +3.505809017e+02 +1.0649e+00 -2.1744e+00 -2.3378e+00 -2.5642e+00 +1.2200e+00
231 0 +1.901889239e+02 +2.201589239e+02 +2.201589239e+02 +1.5544e+00 -2.5450e+00 -3.6870e+00 -1.3028e+00 +3.3481e+00
238 0 +1.712739547e+02 +2.012439547e+02 +2.012439547e+02 +1.1376e+00 -2.0463e+00 -3.3634e+00 -2.4085e+00 +3.4186e+00
256 0 +1.537235304e+02 +1.836935304e+02 +1.836935304e+02 +1.5650e-01 -1.7075e+00 -3.2757e+00 -2.0561e+00 +2.6803e+00
374 0 +1.491980174e+02 +1.791680174e+02 +1.791680174e+02 +1.9457e+00 -3.8923e+00 -4.5852e+00 -1.6839e+00 +2.1754e+00
438 0 +1.424661130e+02 +1.724361130e+02 +1.724361130e+02 +3.5686e-01 -2.5274e+00 -3.9530e+00 -1.9278e+00 +2.8550e+00
448 0 +1.217573639e+02 +1.517273639e+02 +1.517273639e+02 +1.8117e+00 -4.2975e+00 -4.4730e+00 -2.2680e+00 +1.5700e+00
506 0 +1.192062496e+02 +1.491762496e+02 +1.491762496e+02 +1.4638e+00 -4.1281e+00 -3.9710e+00 -2.2043e+00 +2.2433e+00
527 0 +9.653758938e+01 +1.265075894e+02 +1.265075894e+02 +9.0816e-01 -1.4512e+00 -3.8879e+00 -1.8350e+00 +3.0044e+00
547 0 +8.877298425e+01 +1.187429843e+02 +1.187429843e+02 +7.3180e-01 -2.2115e+00 -3.8398e+00 -2.3429e+00 +2.8530e+00
557 0 +8.529099007e+01 +1.152609901e+02 +1.152609901e+02 +1.1457e+00 -2.1791e+00 -4.0199e+00 -1.7375e+00 +2.8081e+00
605 0 +6.743923255e+01 +9.740923255e+01 +9.740923255e+01 +6.3975e-01 -1.6945e+00 -3.5286e+00 -2.2135e+00 +3.1361e+00
755 0 +5.707637149e+01 +8.704637149e+01 +8.704637149e+01 +1.0132e+00 -1.7140e+00 -3.4425e+00 -2.1209e+00 +2.7319e+00
800 0 +3.307009042e+01 +6.304009042e+01 +6.304009042e+01 +1.1284e+00 -2.3850e+00 -3.9734e+00 -1.9640e+00 +3.0281e+00
1008 0 +2.763457321e+01 +5.760457321e+01 +5.760457321e+01 +9.9282e-01 -2.2352e+00 -3.8861e+00 -2.0175e+00 +2.9648e+00
1233 0 +1.721923571e+01 +4.718923571e+01 +4.718923571e+01 +9.8796e-01 -1.9128e+00 -3.7214e+00 -1.8955e+00 +3.1421e+00
1302 0 +1.201257702e+01 +4.198257702e+01 +4.198257702e+01 +9.3989e-01 -1.6855e+00 -3.6651e+00 -1.9166e+00 +3.1401e+00
1475 0 +8.649914440e+00 +3.861991444e+01 +3.861991444e+01 +1.1456e+00 -2.3231e+00 -3.8197e+00 -2.0027e+00 +2.8943e+00
1776 0 +7.083667174e+00 +3.705366717e+01 +3.705366717e+01 +1.0996e+00 -2.2059e+00 -3.7901e+00 -1.9749e+00 +2.9408e+00
1859 0 +6.388356289e+00 +3.635835629e+01 +3.635835629e+01 +1.0913e+00 -2.2130e+00 -3.7746e+00 -1.9915e+00 +2.9167e+00
1884 0 +5.355166326e+00 +3.532516633e+01 +3.532516633e+01 +1.0609e+00 -2.2275e+00 -3.7766e+00 -2.0025e+00 +2.9010e+00
1887 0 +4.293359439e+00 +3.426335944e+01 +3.426335944e+01 +1.0793e+00 -2.2298e+00 -3.7925e+00 -1.9931e+00 +2.8794e+00
1898 0 +3.929432758e+00 +3.389943276e+01 +3.389943276e+01 +1.1014e+00 -2.2786e+00 -3.8000e+00 -1.9933e+00 +2.8995e+00
1913 0 +3.474338258e+00 +3.344433826e+01 +3.344433826e+01 +1.0472e+00 -2.1911e+00 -3.7849e+00 -1.9953e+00 +2.9181e+00
1927 0 +2.956876197e+00 +3.292687620e+01 +3.292687620e+01 +1.0094e+00 -2.0920e+00 -3.7581e+00 -1.9761e+00 +2.9533e+00
2038 0 +2.311743600e+00 +3.228174360e+01 +3.228174360e+01 +1.0056e+00 -2.0535e+00 -3.7526e+00 -1.9768e+00 +2.9882e+00
2041 0 +1.390578892e+00 +3.136057889e+01 +3.136057889e+01 +1.0010e+00 -2.0375e+00 -3.7423e+00 -1.9711e+00 +2.9859e+00
2178 0 +8.914812138e-01 +3.086148121e+01 +3.086148121e+01 +1.0030e+00 -2.0405e+00 -3.7451e+00 -1.9742e+00 +2.9771e+00
2338 0 +8.634901939e-01 +3.083349019e+01 +3.083349019e+01 +9.8556e-01 -1.9863e+00 -3.7310e+00 -1.9664e+00 +3.0017e+00
2371 0 +8.178170453e-01 +3.078781705e+01 +3.078781705e+01 +9.8723e-01 -1.9959e+00 -3.7351e+00 -1.9693e+00 +2.9977e+00
2399 0 +6.078388515e-01 +3.057783885e+01 +3.057783885e+01 +9.8771e-01 -1.9971e+00 -3.7336e+00 -1.9677e+00 +2.9959e+00
2573 0 +5.729912291e-01 +3.054299123e+01 +3.054299123e+01 +9.8327e-01 -1.9877e+00 -3.7322e+00 -1.9662e+00 +2.9998e+00
2603 0 +5.215255506e-01 +3.049152555e+01 +3.049152555e+01 +9.8126e-01 -1.9886e+00 -3.7322e+00 -1.9679e+00 +3.0001e+00
2682 0 +3.940540570e-01 +3.036405406e+01 +3.036405406e+01 +9.8507e-01 -1.9928e+00 -3.7332e+00 -1.9676e+00 +2.9992e+00
2877 0 +3.576544887e-01 +3.032765449e+01 +3.032765449e+01 +9.8622e-01 -1.9980e+00 -3.7348e+00 -1.9686e+00 +2.9972e+00
3020 0 +3.540432453e-01 +3.032404325e+01 +3.032404325e+01 +9.8672e-01 -1.9992e+00 -3.7351e+00 -1.9683e+00 +2.9961e+00
3098 0 +3.392613393e-01 +3.030926134e+01 +3.030926134e+01 +9.8595e-01 -1.9976e+00 -3.7345e+00 -1.9683e+00 +2.9969e+00
3280 0 +3.273680253e-01 +3.029736803e+01 +3.029736803e+01 +9.8620e-01 -1.9973e+00 -3.7342e+00 -1.9684e+00 +2.9971e+00
3402 0 +3.014157148e-01 +3.027141571e+01 +3.027141571e+01 +9.8596e-01 -1.9965e+00 -3.7343e+00 -1.9682e+00 +2.9976e+00
3775 0 +2.905794157e-01 +3.026057942e+01 +3.026057942e+01 +9.8599e-01 -1.9968e+00 -3.7343e+00 -1.9683e+00 +2.9973e+00
3822 0 +2.847309307e-01 +3.025473093e+01 +3.025473093e+01 +9.8608e-01 -1.9969e+00 -3.7343e+00 -1.9682e+00 +2.9972e+00
3903 0 +2.798485179e-01 +3.024984852e+01 +3.024984852e+01 +9.8607e-01 -1.9969e+00 -3.7343e+00 -1.9682e+00 +2.9973e+00
4514 0 +2.753663414e-01 +3.024536634e+01 +3.024536634e+01 +9.8617e-01 -1.9971e+00 -3.7344e+00 -1.9682e+00 +2.9972e+00
6120 0 +2.735949120e-01 +3.024359491e+01 +3.024359491e+01 +9.8618e-01 -1.9972e+00 -3.7344e+00 -1.9682e+00 +2.9972e+00
% f evaluations | g evaluations | best noise-free fitness - Fopt (-5.171000000000e+01) + sum g_i+ | measured fitness | best measured fitness or single-digit g-values | x1 | x2...
1 0 +1.267442521e+03 +1.215732521e+03 +1.215732521e+03 +0.0000e+00 +0.0000e+00 +0.0000e+00 +0.0000e+00 +0.0000e+00
4 0 +8.334900542e+02 +7.817800542e+02 +7.817800542e+02 +3.5877e+00 +2.3445e+00 -2.8690e+00 +2.6641e+00 +3.8053e+00
5 0 +4.364407069e+02 +3.847307069e+02 +3.847307069e+02 +3.0837e+00 +1.3351e+00 -4.1914e+00 -6.4068e-01 +1.9670e+00
18 0 +3.985077873e+02 +3.467977873e+02 +3.467977873e+02 +2.8031e+00 +2.8657e+00 -2.5035e+00 -9.5283e-01 +1.7891e+00
118 0 +3.299038167e+02 +2.781938167e+02 +2.781938167e+02 +2.2972e+00 +3.2840e-01 -4.6828e+00 -1.4761e+00 +4.2010e+00
135 0 +3.215570270e+02 +2.698470270e+02 +2.698470270e+02 +3.3631e+00 +1.0353e+00 -3.6610e+00 -2.4460e+00 +3.2032e+00
147 0 +2.219150316e+02 +1.702050316e+02 +1.702050316e+02 +2.3568e+00 +1.1800e-01 -4.0958e+00 -3.8065e+00 +3.0973e+00
222 0 +1.997338791e+02 +1.480238791e+02 +1.480238791e+02 +1.8365e+00 +3.4979e-01 -4.5215e+00 -3.9384e+00 +3.8121e+00
279 0 +1.239067448e+02 +7.219674482e+01 +7.219674482e+01 +2.3456e+00 +1.7559e+00 -3.9840e+00 -3.3484e+00 +2.7457e+00
367 0 +1.114426710e+02 +5.973267102e+01 +5.973267102e+01 +2.2087e+00 +2.0149e+00 -3.7263e+00 -3.1021e+00 +2.3639e+00
392 0 +8.828173539e+01 +3.657173539e+01 +3.657173539e+01 +2.4522e+00 +2.3703e+00 -3.5197e+00 -3.0751e+00 +1.6423e+00
437 0 +4.980550472e+01 -1.904495282e+00 -1.904495282e+00 +2.6526e+00 +2.8282e+00 -3.2538e+00 -3.5287e+00 +1.2590e+00
742 0 +4.451325873e+01 -7.196741266e+00 -7.196741266e+00 +2.6252e+00 +3.5252e+00 -3.3999e+00 -3.4558e+00 +9.5294e-01
750 0 +3.377763712e+01 -1.793236288e+01 -1.793236288e+01 +2.4621e+00 +2.7726e+00 -3.5466e+00 -3.6643e+00 +1.1932e+00
783 0 +2.909054308e+01 -2.261945692e+01 -2.261945692e+01 +2.4522e+00 +2.9370e+00 -3.5762e+00 -3.8474e+00 +1.2739e+00
882 0 +2.310293048e+01 -2.860706952e+01 -2.860706952e+01 +2.6275e+00 +3.3367e+00 -3.2267e+00 -3.6013e+00 +7.8800e-01
900 0 +1.739362694e+01 -3.431637306e+01 -3.431637306e+01 +2.7661e+00 +3.3929e+00 -3.2652e+00 -3.6843e+00 +8.1655e-01
911 0 +1.510072429e+01 -3.660927571e+01 -3.660927571e+01 +2.7922e+00 +3.5463e+00 -3.0944e+00 -3.6980e+00 +6.8819e-01
1022 0 +1.332507334e+01 -3.838492666e+01 -3.838492666e+01 +2.8311e+00 +3.5102e+00 -3.0739e+00 -3.6136e+00 +6.3854e-01
1191 0 +9.783402011e+00 -4.192659799e+01 -4.192659799e+01 +2.7163e+00 +3.4308e+00 -3.2157e+00 -3.5907e+00 +8.0242e-01
1198 0 +7.759756189e+00 -4.395024381e+01 -4.395024381e+01 +2.6413e+00 +3.2729e+00 -3.3093e+00 -3.6347e+00 +9.7551e-01
1224 0 +6.758795770e+00 -4.495120423e+01 -4.495120423e+01 +2.6693e+00 +3.2282e+00 -3.2971e+00 -3.6836e+00 +9.6057e-01
1235 0 +3.779192312e+00 -4.793080769e+01 -4.793080769e+01 +2.6685e+00 +3.2705e+00 -3.2873e+00 -3.6725e+00 +9.0299e-01
1579 0 +3.677127685e+00 -4.803287232e+01 -4.803287232e+01 +2.7136e+00 +3.3983e+00 -3.2116e+00 -3.6429e+00 +8.1324e-01
1604 0 +2.136958132e+00 -4.957304187e+01 -4.957304187e+01 +2.7201e+00 +3.4086e+00 -3.2014e+00 -3.6609e+00 +7.8320e-01
1691 0 +1.391708462e+00 -5.031829154e+01 -5.031829154e+01 +2.7233e+00 +3.3977e+00 -3.2022e+00 -3.6589e+00 +7.8907e-01
2081 0 +1.223089113e+00 -5.048691089e+01 -5.048691089e+01 +2.7186e+00 +3.3826e+00 -3.2108e+00 -3.6557e+00 +8.0601e-01
2164 0 +1.163102789e+00 -5.054689721e+01 -5.054689721e+01 +2.7257e+00 +3.4008e+00 -3.2044e+00 -3.6532e+00 +7.9085e-01
2353 0 +1.000108769e+00 -5.070989123e+01 -5.070989123e+01 +2.7255e+00 +3.4000e+00 -3.2033e+00 -3.6547e+00 +7.9041e-01
2643 0 +9.861385566e-01 -5.072386144e+01 -5.072386144e+01 +2.7266e+00 +3.4026e+00 -3.2016e+00 -3.6543e+00 +7.8766e-01
2897 0 +9.483369969e-01 -5.076166300e+01 -5.076166300e+01 +2.7244e+00 +3.3980e+00 -3.2044e+00 -3.6549e+00 +7.9132e-01
2942 0 +9.123007455e-01 -5.079769925e+01 -5.079769925e+01 +2.7239e+00 +3.3987e+00 -3.2039e+00 -3.6557e+00 +7.9064e-01
3090 0 +9.108560856e-01 -5.079914391e+01 -5.079914391e+01 +2.7237e+00 +3.3988e+00 -3.2038e+00 -3.6554e+00 +7.9064e-01
3142 0 +8.721018953e-01 -5.083789810e+01 -5.083789810e+01 +2.7241e+00 +3.3987e+00 -3.2043e+00 -3.6545e+00 +7.9184e-01
3236 0 +8.707005616e-01 -5.083929944e+01 -5.083929944e+01 +2.7230e+00 +3.3980e+00 -3.2048e+00 -3.6549e+00 +7.9218e-01
3255 0 +8.212559473e-01 -5.088874405e+01 -5.088874405e+01 +2.7238e+00 +3.3983e+00 -3.2043e+00 -3.6549e+00 +7.9180e-01
3299 0 +8.068505852e-01 -5.090314941e+01 -5.090314941e+01 +2.7236e+00 +3.3983e+00 -3.2045e+00 -3.6549e+00 +7.9183e-01
3644 0 +7.857317366e-01 -5.092426826e+01 -5.092426826e+01 +2.7236e+00 +3.3983e+00 -3.2045e+00 -3.6550e+00 +7.9193e-01
6343 0 +7.790519942e-01 -5.093094801e+01 -5.093094801e+01 +2.7235e+00 +3.3981e+00 -3.2047e+00 -3.6550e+00 +7.9216e-01
% f evaluations | g evaluations | best noise-free fitness - Fopt (-2.799500000000e+02) + sum g_i+ | measured fitness | best measured fitness or single-digit g-values | x1 | x2...
1 0 +1.914452900e+03 +1.634502900e+03 +1.634502900e+03 +0.0000e+00 +0.0000e+00 +0.0000e+00 +0.0000e+00 +0.0000e+00
2 0 +1.688151286e+03 +1.408201286e+03 +1.408201286e+03 -3.9745e-01 -1.0104e+00 -6.0246e-01 -3.7824e+00 -2.3291e+00
6 0 +1.613979612e+03 +1.334029612e+03 +1.334029612e+03 -2.7347e-01 -1.1439e-01 +1.9343e+00 -2.8452e+00 -4.5205e+00
8 0 +8.233547625e+02 +5.434047625e+02 +5.434047625e+02 -4.3869e+00 -2.8972e+00 +6.0631e-01 -1.6275e-01 +1.7390e+00
48 0 +6.682312541e+02 +3.882812541e+02 +3.882812541e+02 -3.2472e+00 -3.2030e+00 +3.5082e+00 -7.7020e-02 +1.1640e+00
69 0 +5.160659206e+02 +2.361159206e+02 +2.361159206e+02 -4.4080e+00 -2.8095e+00 +3.1672e+00 -4.5670e-01 +2.2592e-01
82 0 +4.672880681e+02 +1.873380681e+02 +1.873380681e+02 -2.3244e+00 -3.9387e+00 +3.1533e+00 +7.0509e-01 -6.4235e-01
104 0 +3.221494172e+02 +4.219941717e+01 +4.219941717e+01 -1.8851e+00 -5.1312e+00 +9.2725e-01 -1.3640e+00 -3.5897e+00
106 0 +2.430131296e+02 -3.693687038e+01 -3.693687038e+01 -4.1138e+00 -3.7486e+00 +5.0346e+00 -2.6657e-01 -2.2316e+00
129 0 +1.992363211e+02 -8.071367892e+01 -8.071367892e+01 -2.1312e+00 -4.7595e+00 +1.6900e+00 +3.8742e-01 -3.1781e+00
264 0 +1.350240816e+02 -1.449259184e+02 -1.449259184e+02 -3.3153e+00 -3.6631e+00 +3.1400e+00 -1.2684e+00 -4.2534e+00
291 0 +1.341610180e+02 -1.457889820e+02 -1.457889820e+02 -4.0367e+00 -3.6118e+00 +4.1665e+00 -1.4248e+00 -4.5341e+00
309 0 +1.280503515e+02 -1.518996485e+02 -1.518996485e+02 -3.8794e+00 -3.4968e+00 +3.0780e+00 -1.3724e+00 -4.4277e+00
342 0 +1.194853739e+02 -1.604646261e+02 -1.604646261e+02 -3.6738e+00 -3.5851e+00 +3.3957e+00 -7.3791e-01 -2.8803e+00
419 0 +1.156442649e+02 -1.643057351e+02 -1.643057351e+02 -4.4067e+00 -3.2857e+00 +4.7386e+00 -1.3456e+00 -3.9985e+00
420 0 +9.975777840e+01 -1.801922216e+02 -1.801922216e+02 -4.1153e+00 -3.3672e+00 +4.0753e+00 -1.8010e+00 -3.5089e+00
441 0 +3.983638185e+01 -2.401136181e+02 -2.401136181e+02 -3.6582e+00 -3.7778e+00 +3.2634e+00 -9.9296e-01 -3.5666e+00
802 0 +2.846271612e+01 -2.514872839e+02 -2.514872839e+02 -3.5749e+00 -4.0425e+00 +3.3782e+00 -8.6925e-01 -3.4526e+00
903 0 +1.519735631e+01 -2.647526437e+02 -2.647526437e+02 -3.5108e+00 -4.0943e+00 +3.1201e+00 -9.3619e-01 -3.5002e+00
1032 0 +1.508886255e+01 -2.648611374e+02 -2.648611374e+02 -3.1935e+00 -4.4293e+00 +2.7735e+00 -5.4553e-01 -3.1771e+00
1059 0 +1.129812810e+01 -2.686518719e+02 -2.686518719e+02 -3.2125e+00 -4.3566e+00 +2.7992e+00 -6.2354e-01 -3.2792e+00
1135 0 +1.071717002e+01 -2.692328300e+02 -2.692328300e+02 -3.2274e+00 -4.3631e+00 +2.7873e+00 -6.1006e-01 -3.1897e+00
1295 0 +8.803327556e+00 -2.711466724e+02 -2.711466724e+02 -3.2020e+00 -4.4232e+00 +2.7360e+00 -5.8627e-01 -3.2123e+00
1361 0 +8.025251071e+00 -2.719247489e+02 -2.719247489e+02 -3.1648e+00 -4.4363e+00 +2.6650e+00 -5.8266e-01 -3.2169e+00
1385 0 +7.810959620e+00 -2.721390404e+02 -2.721390404e+02 -3.2158e+00 -4.4055e+00 +2.7594e+00 -6.0509e-01 -3.2269e+00
1393 0 +7.718848017e+00 -2.722311520e+02 -2.722311520e+02 -3.1925e+00 -4.3997e+00 +2.7467e+00 -5.9916e-01 -3.2036e+00
1429 0 +6.113608208e+00 -2.738363918e+02 -2.738363918e+02 -3.1816e+00 -4.4309e+00 +2.7081e+00 -6.1115e-01 -3.2480e+00
1444 0 +5.473635429e+00 -2.744763646e+02 -2.744763646e+02 -3.1743e+00 -4.4375e+00 +2.7069e+00 -6.1387e-01 -3.2291e+00
1504 0 +4.880428768e+00 -2.750695712e+02 -2.750695712e+02 -3.1593e+00 -4.4434e+00 +2.6869e+00 -5.9976e-01 -3.2240e+00
1516 0 +4.065982713e+00 -2.758840173e+02 -2.758840173e+02 -3.2034e+00 -4.4036e+00 +2.7399e+00 -6.1393e-01 -3.2228e+00
1638 0 +3.779656976e+00 -2.761703430e+02 -2.761703430e+02 -3.2031e+00 -4.4067e+00 +2.7366e+00 -6.2920e-01 -3.2356e+00
1780 0 +3.548049230e+00 -2.764019508e+02 -2.764019508e+02 -3.1912e+00 -4.4163e+00 +2.7229e+00 -6.1714e-01 -3.2347e+00
1917 0 +3.448222808e+00 -2.765017772e+02 -2.765017772e+02 -3.1995e+00 -4.4059e+00 +2.7410e+00 -6.2531e-01 -3.2291e+00
1961 0 +3.320659064e+00 -2.766293409e+02 -2.766293409e+02 -3.1953e+00 -4.4109e+00 +2.7273e+00 -6.2035e-01 -3.2312e+00
2002 0 +3.234222524e+00 -2.767157775e+02 -2.767157775e+02 -3.1935e+00 -4.4130e+00 +2.7321e+00 -6.1319e-01 -3.2218e+00
2024 0 +3.158577663e+00 -2.767914223e+02 -2.767914223e+02 -3.1832e+00 -4.4239e+00 +2.7208e+00 -6.0803e-01 -3.2276e+00
2081 0 +2.971642483e+00 -2.769783575e+02 -2.769783575e+02 -3.1828e+00 -4.4244e+00 +2.7201e+00 -6.0784e-01 -3.2227e+00
2148 0 +2.934958887e+00 -2.770150411e+02 -2.770150411e+02 -3.1829e+00 -4.4243e+00 +2.7195e+00 -6.0856e-01 -3.2254e+00
2188 0 +2.791129478e+00 -2.771588705e+02 -2.771588705e+02 -3.1844e+00 -4.4232e+00 +2.7200e+00 -6.0781e-01 -3.2246e+00
2260 0 +2.734474198e+00 -2.772155258e+02 -2.772155258e+02 -3.1911e+00 -4.4161e+00 +2.7289e+00 -6.1471e-01 -3.2277e+00
2295 0 +2.663336297e+00 -2.772866637e+02 -2.772866637e+02 -3.1863e+00 -4.4205e+00 +2.7217e+00 -6.0981e-01 -3.2254e+00
2586 0 +2.627519814e+00 -2.773224802e+02 -2.773224802e+02 -3.1920e+00 -4.4146e+00 +2.7290e+00 -6.1412e-01 -3.2279e+00
2703 0 +2.527381877e+00 -2.774226181e+02 -2.774226181e+02 -3.1924e+00 -4.4144e+00 +2.7294e+00 -6.1500e-01 -3.2281e+00
2864 0 +2.491599385e+00 -2.774584006e+02 -2.774584006e+02 -3.1947e+00 -4.4120e+00 +2.7326e+00 -6.1683e-01 -3.2287e+00
3217 0 +2.444535490e+00 -2.775054645e+02 -2.775054645e+02 -3.1963e+00 -4.4103e+00 +2.7345e+00 -6.1826e-01 -3.2297e+00
5599 0 +2.433095021e+00 -2.775169050e+02 -2.775169050e+02 -3.1965e+00 -4.4100e+00 +2.7349e+00 -6.1846e-01 -3.2299e+00
% f evaluations | g evaluations | best noise-free fitness - Fopt (9.319900000000e+02) + sum g_i+ | measured fitness | best measured fitness or single-digit g-values | x1 | x2...
1 0 +7.845967669e+02 +1.716586767e+03 +1.716586767e+03 +0.0000e+00 +0.0000e+00 +0.0000e+00 +0.0000e+00 +0.0000e+00
5 0 +7.644952391e+02 +1.696485239e+03 +1.696485239e+03 -1.3061e+00 -6.9547e-01 -1.1059e+00 -1.0533e+00 +4.0011e+00
11 0 +6.862259448e+02 +1.618215945e+03 +1.618215945e+03 -8.6873e-01 -1.2733e+00 +6.5821e-01 +1.8823e+00 +1.2680e+00
39 0 +5.466693733e+02 +1.478659373e+03 +1.478659373e+03 +4.3779e-01 -1.3546e+00 +9.5383e-02 -5.1764e-02 +2.1767e+00
69 0 +4.788585405e+02 +1.410848541e+03 +1.410848541e+03 +1.4692e+00 +1.8345e-01 -4.9390e-02 -1.0658e+00 +2.9815e+00
70 0 +4.600715565e+02 +1.392061556e+03 +1.392061556e+03 +2.4871e-02 +3.3369e-01 -3.7537e-01 -2.5002e+00 +1.9201e+00
74 0 +4.318681423e+02 +1.363858142e+03 +1.363858142e+03 +9.9551e-01 -1.7792e+00 +1.3819e+00 +1.9361e-01 +2.6358e+00
86 0 +3.189732144e+02 +1.250963214e+03 +1.250963214e+03 +1.6361e+00 +1.0257e+00 +1.1229e+00 -1.0777e+00 +3.1304e+00
123 0 +2.843258131e+02 +1.216315813e+03 +1.216315813e+03 -3.4052e-01 +5.5668e-01 +1.0666e+00 -2.7682e+00 +1.8818e+00
134 0 +1.956559734e+02 +1.127645973e+03 +1.127645973e+03 -4.3394e-01 -4.9306e-02 +1.7319e+00 -1.6472e+00 +2.0266e+00
199 0 +1.820756011e+02 +1.114065601e+03 +1.114065601e+03 +1.5015e+00 -4.5231e-01 +1.7663e+00 -2.5592e+00 +3.6171e+00
205 0 +1.645452565e+02 +1.096535257e+03 +1.096535257e+03 +1.2433e+00 +1.6797e+00 +2.8798e+00 -1.0262e-01 +1.7377e+00
271 0 +1.356228751e+02 +1.067612875e+03 +1.067612875e+03 +1.2551e+00 +1.4822e-01 +2.5605e+00 -2.8180e-01 +2.6759e+00
278 0 +9.558495971e+01 +1.027574960e+03 +1.027574960e+03 +6.8425e-01 +9.3556e-01 +2.4268e+00 -1.1770e+00 +2.2177e+00
416 0 +8.067773150e+01 +1.012667731e+03 +1.012667731e+03 +1.5320e+00 +1.6442e+00 +3.4690e+00 -2.4207e-01 +1.7932e+00
573 0 +7.152644612e+01 +1.003516446e+03 +1.003516446e+03 +1.7248e+00 +1.4709e+00 +3.2585e+00 -1.8756e-01 +2.0562e+00
584 0 +6.841784927e+01 +1.000407849e+03 +1.000407849e+03 +1.5956e+00 +1.0771e+00 +2.9895e+00 -3.5683e-01 +2.1158e+00
639 0 +5.590020214e+01 +9.878902021e+02 +9.878902021e+02 +1.7848e+00 +1.0010e+00 +3.2647e+00 -3.2130e-01 +2.4555e+00
678 0 +4.469961978e+01 +9.766896198e+02 +9.766896198e+02 +1.3882e+00 +5.8981e-01 +2.8474e+00 -7.1051e-01 +2.5499e+00
731 0 +3.764680230e+01 +9.696368023e+02 +9.696368023e+02 +1.0885e+00 +9.1075e-01 +2.8224e+00 -6.6817e-01 +2.1983e+00
777 0 +2.457450236e+01 +9.565645024e+02 +9.565645024e+02 +1.2344e+00 +9.4690e-01 +3.0130e+00 -6.5305e-01 +2.1881e+00
867 0 +2.376344985e+01 +9.557534499e+02 +9.557534499e+02 +1.0444e+00 +5.4785e-01 +2.5410e+00 -1.0704e+00 +2.4627e+00
905 0 +1.599531958e+01 +9.479853196e+02 +9.479853196e+02 +1.2576e+00 +6.5547e-01 +2.5037e+00 -1.0398e+00 +2.5524e+00
1019 0 +1.495023420e+01 +9.469402342e+02 +9.469402342e+02 +1.1810e+00 +7.7256e-01 +2.7638e+00 -8.7346e-01 +2.3616e+00
1026 0 +1.458932939e+01 +9.465793294e+02 +9.465793294e+02 +1.3195e+00 +8.2911e-01 +2.6996e+00 -9.4353e-01 +2.4534e+00
1106 0 +1.341839919e+01 +9.454083992e+02 +9.454083992e+02 +1.3934e+00 +8.4583e-01 +2.8724e+00 -6.7109e-01 +2.3718e+00
1139 0 +1.266037616e+01 +9.446503762e+02 +9.446503762e+02 +1.3659e+00 +9.2250e-01 +2.8739e+00 -7.8309e-01 +2.3768e+00
1142 0 +1.240407497e+01 +9.443940750e+02 +9.443940750e+02 +1.3109e+00 +8.0629e-01 +2.9082e+00 -7.1096e-01 +2.3229e+00
1155 0 +8.907027321e+00 +9.408970273e+02 +9.408970273e+02 +1.3175e+00 +8.7608e-01 +2.9379e+00 -5.9670e-01 +2.2961e+00
1225 0 +7.276025128e+00 +9.392660251e+02 +9.392660251e+02 +1.3305e+00 +8.6358e-01 +2.8295e+00 -7.5930e-01 +2.3769e+00
1262 0 +7.141585788e+00 +9.391315858e+02 +9.391315858e+02 +1.3468e+00 +8.4720e-01 +2.8793e+00 -7.1474e-01 +2.3906e+00
1298 0 +5.677904476e+00 +9.376679045e+02 +9.376679045e+02 +1.3598e+00 +8.8150e-01 +2.8828e+00 -7.2358e-01 +2.3668e+00
1301 0 +5.490485623e+00 +9.374804856e+02 +9.374804856e+02 +1.3787e+00 +8.9336e-01 +2.9264e+00 -6.8363e-01 +2.3460e+00
1302 0 +2.099323243e+00 +9.340893232e+02 +9.340893232e+02 +1.3497e+00 +9.0477e-01 +2.9571e+00 -6.3467e-01 +2.3202e+00
1500 0 +1.641112287e+00 +9.336311123e+02 +9.336311123e+02 +1.3195e+00 +8.5671e-01 +2.8851e+00 -7.2607e-01 +2.3522e+00
1583 0 +1.554158974e+00 +9.335441590e+02 +9.335441590e+02 +1.3251e+00 +8.7090e-01 +2.9022e+00 -7.0573e-01 +2.3393e+00
1597 0 +1.327767208e+00 +9.333177672e+02 +9.333177672e+02 +1.3240e+00 +8.7047e-01 +2.8993e+00 -6.9819e-01 +2.3377e+00
1608 0 +1.293628996e+00 +9.332836290e+02 +9.332836290e+02 +1.3282e+00 +8.6466e-01 +2.8910e+00 -7.1321e-01 +2.3452e+00
1616 0 +1.055584553e+00 +9.330455846e+02 +9.330455846e+02 +1.3183e+00 +8.5545e-01 +2.8863e+00 -7.1550e-01 +2.3449e+00
1632 0 +8.069957595e-01 +9.327969958e+02 +9.327969958e+02 +1.3294e+00 +8.6095e-01 +2.9026e+00 -6.9578e-01 +2.3441e+00
1666 0 +7.105011112e-01 +9.327005011e+02 +9.327005011e+02 +1.3277e+00 +8.6557e-01 +2.9074e+00 -6.9353e-01 +2.3382e+00
1854 0 +6.689796805e-01 +9.326589797e+02 +9.326589797e+02 +1.3355e+00 +8.6967e-01 +2.9067e+00 -6.9251e-01 +2.3422e+00
1895 0 +6.583463837e-01 +9.326483464e+02 +9.326483464e+02 +1.3277e+00 +8.6741e-01 +2.9047e+00 -6.9179e-01 +2.3407e+00
1902 0 +5.904269261e-01 +9.325804269e+02 +9.325804269e+02 +1.3251e+00 +8.6637e-01 +2.9038e+00 -6.9487e-01 +2.3394e+00
1906 0 +3.657562653e-01 +9.323557563e+02 +9.323557563e+02 +1.3307e+00 +8.6614e-01 +2.9021e+00 -6.9878e-01 +2.3423e+00
1996 0 +3.372904481e-01 +9.323272904e+02 +9.323272904e+02 +1.3304e+00 +8.6917e-01 +2.9043e+00 -6.9646e-01 +2.3418e+00
2006 0 +2.787871142e-01 +9.322687871e+02 +9.322687871e+02 +1.3289e+00 +8.6727e-01 +2.9046e+00 -6.9381e-01 +2.3409e+00
2068 0 +1.976689971e-01 +9.321876690e+02 +9.321876690e+02 +1.3305e+00 +8.6652e-01 +2.9029e+00 -6.9688e-01 +2.3427e+00
2144 0 +1.737619684e-01 +9.321637620e+02 +9.321637620e+02 +1.3306e+00 +8.6854e-01 +2.9057e+00 -6.9525e-01 +2.3410e+00
2200 0 +1.572289924e-01 +9.321472290e+02 +9.321472290e+02 +1.3304e+00 +8.6641e-01 +2.9035e+00 -6.9658e-01 +2.3420e+00
2478 0 +1.081080925e-01 +9.320981081e+02 +9.320981081e+02 +1.3283e+00 +8.6491e-01 +2.9004e+00 -6.9979e-01 +2.3434e+00
2684 0 +8.221255146e-02 +9.320722126e+02 +9.320722126e+02 +1.3276e+00 +8.6407e-01 +2.8999e+00 -7.0013e-01 +2.3431e+00
2832 0 +5.320905051e-02 +9.320432091e+02 +9.320432091e+02 +1.3286e+00 +8.6520e-01 +2.9009e+00 -6.9922e-01 +2.3429e+00
2841 0 +4.851810106e-02 +9.320385181e+02 +9.320385181e+02 +1.3284e+00 +8.6444e-01 +2.9001e+00 -6.9990e-01 +2.3433e+00
2984 0 +3.255141363e-02 +9.320225514e+02 +9.320225514e+02 +1.3284e+00 +8.6493e-01 +2.9011e+00 -6.9873e-01 +2.3427e+00
3099 0 +3.027679016e-02 +9.320202768e+02 +9.320202768e+02 +1.3287e+00 +8.6547e-01 +2.9016e+00 -6.9816e-01 +2.3424e+00
3385 0 +2.903710989e-02 +9.320190371e+02 +9.320190371e+02 +1.3289e+00 +8.6554e-01 +2.9019e+00 -6.9813e-01 +2.3425e+00
3532 0 +2.727586999e-02 +9.320172759e+02 +9.320172759e+02 +1.3286e+00 +8.6531e-01 +2.9013e+00 -6.9865e-01 +2.3426e+00
3556 0 +2.561670755e-02 +9.320156167e+02 +9.320156167e+02 +1.3286e+00 +8.6533e-01 +2.9016e+00 -6.9832e-01 +2.3425e+00
3776 0 +2.276963387e-02 +9.320127696e+02 +9.320127696e+02 +1.3288e+00 +8.6544e-01 +2.9018e+00 -6.9809e-01 +2.3424e+00
3823 0 +1.738234858e-02 +9.320073823e+02 +9.320073823e+02 +1.3288e+00 +8.6557e-01 +2.9019e+00 -6.9803e-01 +2.3424e+00
3832 0 +1.716864218e-02 +9.320071686e+02 +9.320071686e+02 +1.3287e+00 +8.6553e-01 +2.9019e+00 -6.9804e-01 +2.3424e+00
3933 0 +1.482392808e-02 +9.320048239e+02 +9.320048239e+02 +1.3288e+00 +8.6555e-01 +2.9019e+00 -6.9794e-01 +2.3424e+00
3946 0 +1.407249804e-02 +9.320040725e+02 +9.320040725e+02 +1.3288e+00 +8.6545e-01 +2.9018e+00 -6.9807e-01 +2.3424e+00
4199 0 +1.126190447e-02 +9.320012619e+02 +9.320012619e+02 +1.3289e+00 +8.6565e-01 +2.9020e+00 -6.9790e-01 +2.3423e+00
4225 0 +1.064565868e-02 +9.320006457e+02 +9.320006457e+02 +1.3288e+00 +8.6558e-01 +2.9020e+00 -6.9790e-01 +2.3423e+00
4300 0 +9.557926649e-03 +9.319995579e+02 +9.319995579e+02 +1.3288e+00 +8.6556e-01 +2.9019e+00 -6.9797e-01 +2.3424e+00
4365 0 +8.660920632e-03 +9.319986609e+02 +9.319986609e+02 +1.3288e+00 +8.6558e-01 +2.9020e+00 -6.9793e-01 +2.3424e+00
4454 0 +8.323267769e-03 +9.319983233e+02 +9.319983233e+02 +1.3288e+00 +8.6560e-01 +2.9020e+00 -6.9794e-01 +2.3423e+00
4485 0 +7.329509324e-03 +9.319973295e+02 +9.319973295e+02 +1.3288e+00 +8.6558e-01 +2.9019e+00 -6.9796e-01 +2.3424e+00
4685 0 +6.864392281e-03 +9.319968644e+02 +9.319968644e+02 +1.3288e+00 +8.6559e-01 +2.9019e+00 -6.9795e-01 +2.3424e+00
5014 0 +6.742113944e-03 +9.319967421e+02 +9.319967421e+02 +1.3288e+00 +8.6556e-01 +2.9019e+00 -6.9799e-01 +2.3424e+00
5131 0 +6.591130070e-03 +9.319965911e+02 +9.319965911e+02 +1.3288e+00 +8.6557e-01 +2.9019e+00 -6.9797e-01 +2.3424e+00
5849 0 +6.382080223e-03 +9.319963821e+02 +9.319963821e+02 +1.3288e+00 +8.6556e-01 +2.9019e+00 -6.9799e-01 +2.3424e+00
5882 0 +6.277366730e-03 +9.319962774e+02 +9.319962774e+02 +1.3288e+00 +8.6556e-01 +2.9019e+00 -6.9799e-01 +2.3424e+00
6055 0 +6.249938947e-03 +9.319962499e+02 +9.319962499e+02 +1.3288e+00 +8.6556e-01 +2.9019e+00 -6.9798e-01 +2.3424e+00
% f evaluations | g evaluations | best noise-free fitness - Fopt (1.133100000000e+02) + sum g_i+ | measured fitness | best measured fitness or single-digit g-values | x1 | x2...
1 0 +5.494990338e+02 +6.628090338e+02 +6.628090338e+02 +0.0000e+00 +0.0000e+00 +0.0000e+00 +0.0000e+00 +0.0000e+00
61 0 +4.075597668e+02 +5.208697668e+02 +5.208697668e+02 +7.6569e-01 +6.0780e-01 -1.2009e+00 -2.1310e+00 +2.1695e+00
64 0 +2.964427744e+02 +4.097527744e+02 +4.097527744e+02 +7.2725e-01 +1.7368e+00 -2.4404e-01 +3.2746e-01 +1.3397e+00
159 0 +2.840908096e+02 +3.974008096e+02 +3.974008096e+02 +3.1965e+00 -1.8044e-01 -2.7853e+00 +1.9404e-01 +2.6760e+00
169 0 +1.978993917e+02 +3.112093917e+02 +3.112093917e+02 +3.2346e+00 +5.9796e-01 -2.4773e+00 +1.1416e+00 +2.3048e+00
266 0 +1.531701163e+02 +2.664801163e+02 +2.664801163e+02 +3.0622e+00 +9.5320e-01 -2.4471e+00 +1.5710e+00 +1.5211e+00
402 0 +1.428508598e+02 +2.561608598e+02 +2.561608598e+02 +2.7121e+00 +5.4029e-01 -2.1919e+00 +8.8453e-01 +1.0574e+00
422 0 +1.041690681e+02 +2.174790681e+02 +2.174790681e+02 +2.9818e+00 +4.0397e-01 -2.0613e+00 +9.8280e-01 +1.2833e+00
444 0 +1.004647507e+02 +2.137747507e+02 +2.137747507e+02 +2.9666e+00 +1.0198e+00 -1.9202e+00 +9.6956e-01 +1.2149e+00
463 0 +8.141656571e+01 +1.947265657e+02 +1.947265657e+02 +2.4478e+00 +1.1132e+00 -1.5621e+00 +8.6690e-01 +1.4490e+00
556 0 +7.260753236e+01 +1.859175324e+02 +1.859175324e+02 +2.6509e+00 +1.1514e+00 -1.7155e+00 +9.3552e-01 +1.3088e+00
591 0 +6.125238999e+01 +1.745623900e+02 +1.745623900e+02 +2.5838e+00 +1.4609e+00 -1.0726e+00 +6.3735e-01 +1.0018e+00
739 0 +4.906480899e+01 +1.623748090e+02 +1.623748090e+02 +2.6911e+00 +1.1974e+00 -1.3996e+00 +6.8256e-01 +1.3512e+00
798 0 +4.555970230e+01 +1.588697023e+02 +1.588697023e+02 +2.3094e+00 +3.2459e+00 +6.2252e-01 +6.8052e-01 +7.9778e-01
828 0 +2.455127236e+01 +1.378612724e+02 +1.378612724e+02 +2.2901e+00 +2.8626e+00 +3.3550e-01 +5.0536e-01 +7.6612e-01
1096 0 +2.300480669e+01 +1.363148067e+02 +1.363148067e+02 +2.1059e+00 +2.7244e+00 +2.1091e-01 +4.5908e-01 +8.1047e-01
1102 0 +1.522479403e+01 +1.285347940e+02 +1.285347940e+02 +2.2019e+00 +2.8951e+00 +3.0322e-01 +4.5809e-01 +7.4095e-01
1340 0 +7.100980693e+00 +1.204109807e+02 +1.204109807e+02 +2.0656e+00 +3.3708e+00 +8.0102e-01 +4.7628e-01 +5.7911e-01
1653 0 +5.659790426e+00 +1.189697904e+02 +1.189697904e+02 +2.0367e+00 +3.4985e+00 +9.0195e-01 +4.4345e-01 +6.0615e-01
1761 0 +5.227552334e+00 +1.185375523e+02 +1.185375523e+02 +2.0214e+00 +3.5268e+00 +9.3311e-01 +4.4449e-01 +5.5539e-01
1766 0 +4.348634109e+00 +1.176586341e+02 +1.176586341e+02 +2.0344e+00 +3.5121e+00 +9.4509e-01 +4.3412e-01 +5.7346e-01
1806 0 +3.916766580e+00 +1.172267666e+02 +1.172267666e+02 +2.0368e+00 +3.5475e+00 +9.6569e-01 +4.5134e-01 +5.6781e-01
1829 0 +3.489281199e+00 +1.167992812e+02 +1.167992812e+02 +2.0268e+00 +3.5271e+00 +9.4927e-01 +4.4088e-01 +5.5413e-01
1830 0 +3.315063415e+00 +1.166250634e+02 +1.166250634e+02 +2.0491e+00 +3.5205e+00 +9.2952e-01 +4.5467e-01 +5.7108e-01
1833 0 +1.854348474e+00 +1.151643485e+02 +1.151643485e+02 +2.0281e+00 +3.5119e+00 +9.2641e-01 +4.4396e-01 +5.7372e-01
1899 0 +1.660313241e+00 +1.149703132e+02 +1.149703132e+02 +2.0472e+00 +3.4792e+00 +8.8990e-01 +4.5124e-01 +5.8360e-01
1961 0 +1.427532711e+00 +1.147375327e+02 +1.147375327e+02 +2.0490e+00 +3.4670e+00 +8.8001e-01 +4.5158e-01 +5.8765e-01
2032 0 +1.347907366e+00 +1.146579074e+02 +1.146579074e+02 +2.0419e+00 +3.4867e+00 +9.0009e-01 +4.5097e-01 +5.8521e-01
2063 0 +1.231816574e+00 +1.145418166e+02 +1.145418166e+02 +2.0391e+00 +3.4835e+00 +8.9865e-01 +4.4887e-01 +5.8231e-01
2173 0 +1.197280626e+00 +1.145072806e+02 +1.145072806e+02 +2.0447e+00 +3.4833e+00 +8.9542e-01 +4.5619e-01 +5.8060e-01
2288 0 +9.969873064e-01 +1.143069873e+02 +1.143069873e+02 +2.0464e+00 +3.4777e+00 +8.8930e-01 +4.5506e-01 +5.8585e-01
2407 0 +8.576079688e-01 +1.141676080e+02 +1.141676080e+02 +2.0483e+00 +3.4677e+00 +8.8099e-01 +4.5688e-01 +5.8695e-01
2501 0 +7.778073826e-01 +1.140878074e+02 +1.140878074e+02 +2.0462e+00 +3.4732e+00 +8.8567e-01 +4.5481e-01 +5.8661e-01
2513 0 +7.759501501e-01 +1.140859502e+02 +1.140859502e+02 +2.0449e+00 +3.4760e+00 +8.8837e-01 +4.5513e-01 +5.8506e-01
2572 0 +7.329018703e-01 +1.140429019e+02 +1.140429019e+02 +2.0442e+00 +3.4762e+00 +8.8975e-01 +4.5359e-01 +5.8496e-01
2947 0 +7.042208652e-01 +1.140142209e+02 +1.140142209e+02 +2.0443e+00 +3.4781e+00 +8.9101e-01 +4.5407e-01 +5.8432e-01
3256 0 +6.586040242e-01 +1.139686040e+02 +1.139686040e+02 +2.0452e+00 +3.4753e+00 +8.8834e-01 +4.5464e-01 +5.8525e-01
3685 0 +6.390458536e-01 +1.139490459e+02 +1.139490459e+02 +2.0457e+00 +3.4732e+00 +8.8627e-01 +4.5497e-01 +5.8592e-01
3948 0 +6.285889188e-01 +1.139385889e+02 +1.139385889e+02 +2.0457e+00 +3.4730e+00 +8.8603e-01 +4.5502e-01 +5.8591e-01
6548 0 +6.216828188e-01 +1.139316828e+02 +1.139316828e+02 +2.0457e+00 +3.4728e+00 +8.8584e-01 +4.5502e-01 +5.8600e-01
% f evaluations | g evaluations | best noise-free fitness - Fopt (2.849000000000e+01) + sum g_i+ | measured fitness | best measured fitness or single-digit g-values | x1 | x2...
1 0 +8.888247590e+02 +9.173147590e+02 +9.173147590e+02 +0.0000e+00 +0.0000e+00 +0.0000e+00 +0.0000e+00 +0.0000e+00
2 0 +8.047521226e+02 +8.332421226e+02 +8.332421226e+02 -5.5610e-01 -4.2471e+00 +2.3336e+00 -3.0728e+00 -1.2855e+00
9 0 +5.989492087e+02 +6.274392087e+02 +6.274392087e+02 -1.4147e+00 +1.1494e+00 -9.4522e-01 -1.6315e+00 -2.0633e+00
12 0 +5.116234468e+02 +5.401134468e+02 +5.401134468e+02 -1.7629e+00 +3.9245e-01 -9.7987e-01 -2.2286e+00 -3.1333e+00
23 0 +4.376839198e+02 +4.661739198e+02 +4.661739198e+02 -2.0342e+00 +1.2558e+00 +5.4026e-01 -1.2909e+00 -1.1112e+00
26 0 +4.055565114e+02 +4.340465114e+02 +4.340465114e+02 -9.8946e-01 +2.1013e+00 +1.0133e+00 -3.3986e+00 -1.3183e+00
49 0 +3.185906557e+02 +3.470806557e+02 +3.470806557e+02 -1.9078e+00 -9.0116e-02 +1.9204e-01 -3.7005e+00 -1.0880e+00
239 0 +2.922709129e+02 +3.207609129e+02 +3.207609129e+02 +1.9321e-01 -1.7017e+00 +3.8975e-01 -4.8253e+00 -5.3793e-02
278 0 +2.591640586e+02 +2.876540586e+02 +2.876540586e+02 -4.6255e-01 -2.4145e+00 +1.0757e+00 -4.1135e+00 -2.2635e+00
307 0 +1.694719394e+02 +1.979619394e+02 +1.979619394e+02 -1.4221e+00 -4.9355e-01 +1.5160e+00 -4.0219e+00 -7.8345e-01
337 0 +1.250301105e+02 +1.535201105e+02 +1.535201105e+02 -1.1207e+00 -2.0712e+00 +1.7685e-01 -3.4085e+00 -2.2116e+00
345 0 +1.162081350e+02 +1.446981350e+02 +1.446981350e+02 -1.4097e+00 -1.3402e+00 +3.7723e-01 -3.1325e+00 -2.5034e+00
454 0 +1.129265968e+02 +1.414165968e+02 +1.414165968e+02 -1.2602e-01 -2.6906e+00 -2.5744e-01 -3.8967e+00 -1.9676e+00
509 0 +9.932728058e+01 +1.278172806e+02 +1.278172806e+02 -3.2290e-01 -1.8181e+00 -1.5727e-01 -4.2525e+00 -1.8601e+00
541 0 +8.244851708e+01 +1.109385171e+02 +1.109385171e+02 -3.1181e-01 -2.5577e+00 -5.3672e-02 -4.4614e+00 -2.2038e+00
661 0 +3.903912847e+01 +6.752912847e+01 +6.752912847e+01 -9.2498e-01 -1.4732e+00 +3.5975e-01 -3.9374e+00 -2.2978e+00
916 0 +3.803871918e+01 +6.652871918e+01 +6.652871918e+01 -3.6658e-01 -2.1419e+00 -1.4748e-01 -3.9141e+00 -2.4605e+00
1069 0 +3.169148395e+01 +6.018148395e+01 +6.018148395e+01 -2.3938e-01 -2.6839e+00 -3.5115e-01 -4.3012e+00 -2.7142e+00
1093 0 +1.725606180e+01 +4.574606180e+01 +4.574606180e+01 -9.3487e-02 -2.9346e+00 -5.3182e-01 -4.2389e+00 -2.8469e+00
1301 0 +1.163752533e+01 +4.012752533e+01 +4.012752533e+01 -5.6798e-01 -2.0040e+00 +1.6120e-02 -4.0109e+00 -2.4228e+00
1618 0 +1.085877564e+01 +3.934877564e+01 +3.934877564e+01 -5.2419e-01 -2.0423e+00 +5.0101e-02 -4.0587e+00 -2.3970e+00
1627 0 +8.755241372e+00 +3.724524137e+01 +3.724524137e+01 -5.5272e-01 -1.9523e+00 +9.0448e-02 -4.0219e+00 -2.3448e+00
1650 0 +6.572617686e+00 +3.506261769e+01 +3.506261769e+01 -5.9660e-01 -1.9217e+00 +9.6381e-02 -3.9729e+00 -2.4333e+00
1659 0 +5.921098205e+00 +3.441109820e+01 +3.441109820e+01 -5.7751e-01 -1.9015e+00 +9.7017e-02 -3.9775e+00 -2.4015e+00
1663 0 +5.604650200e+00 +3.409465020e+01 +3.409465020e+01 -5.2889e-01 -2.0345e+00 +2.6944e-02 -4.0173e+00 -2.3895e+00
1695 0 +4.291160643e+00 +3.278116064e+01 +3.278116064e+01 -5.4416e-01 -2.0271e+00 +4.6466e-02 -3.9935e+00 -2.4059e+00
1702 0 +3.712807794e+00 +3.220280779e+01 +3.220280779e+01 -5.9182e-01 -1.9451e+00 +9.3338e-02 -3.9742e+00 -2.3804e+00
1704 0 +1.827492313e+00 +3.031749231e+01 +3.031749231e+01 -5.6292e-01 -1.9673e+00 +6.9130e-02 -3.9820e+00 -2.4099e+00
1760 0 +1.639623063e+00 +3.012962306e+01 +3.012962306e+01 -6.6823e-01 -1.7911e+00 +1.7206e-01 -3.9190e+00 -2.3228e+00
1992 0 +1.387816366e+00 +2.987781637e+01 +2.987781637e+01 -6.2626e-01 -1.8568e+00 +1.2872e-01 -3.9430e+00 -2.3489e+00
2084 0 +9.903521079e-01 +2.948035211e+01 +2.948035211e+01 -6.2506e-01 -1.8657e+00 +1.2835e-01 -3.9410e+00 -2.3611e+00
2177 0 +8.103784806e-01 +2.930037848e+01 +2.930037848e+01 -6.3695e-01 -1.8334e+00 +1.4457e-01 -3.9381e+00 -2.3493e+00
2183 0 +5.128686953e-01 +2.900286870e+01 +2.900286870e+01 -6.3313e-01 -1.8472e+00 +1.4003e-01 -3.9402e+00 -2.3551e+00
2412 0 +5.078037940e-01 +2.899780379e+01 +2.899780379e+01 -6.3483e-01 -1.8402e+00 +1.4331e-01 -3.9421e+00 -2.3459e+00
2467 0 +4.138389120e-01 +2.890383891e+01 +2.890383891e+01 -6.3613e-01 -1.8357e+00 +1.4712e-01 -3.9400e+00 -2.3448e+00
2552 0 +3.316070199e-01 +2.882160702e+01 +2.882160702e+01 -6.3611e-01 -1.8371e+00 +1.4618e-01 -3.9407e+00 -2.3470e+00
2714 0 +3.238935203e-01 +2.881389352e+01 +2.881389352e+01 -6.4246e-01 -1.8271e+00 +1.5216e-01 -3.9366e+00 -2.3405e+00
2734 0 +2.919731111e-01 +2.878197311e+01 +2.878197311e+01 -6.4259e-01 -1.8254e+00 +1.5372e-01 -3.9359e+00 -2.3419e+00
2736 0 +1.503781945e-01 +2.864037819e+01 +2.864037819e+01 -6.4434e-01 -1.8253e+00 +1.5376e-01 -3.9346e+00 -2.3425e+00
2761 0 +1.428977184e-01 +2.863289772e+01 +2.863289772e+01 -6.4570e-01 -1.8205e+00 +1.5585e-01 -3.9339e+00 -2.3398e+00
2781 0 +9.912387374e-02 +2.858912387e+01 +2.858912387e+01 -6.4459e-01 -1.8231e+00 +1.5451e-01 -3.9346e+00 -2.3414e+00
2897 0 +8.992347204e-02 +2.857992347e+01 +2.857992347e+01 -6.4556e-01 -1.8223e+00 +1.5467e-01 -3.9337e+00 -2.3413e+00
3445 0 +7.813322672e-02 +2.856813323e+01 +2.856813323e+01 -6.4685e-01 -1.8196e+00 +1.5699e-01 -3.9331e+00 -2.3394e+00
3454 0 +7.273077455e-02 +2.856273077e+01 +2.856273077e+01 -6.4707e-01 -1.8196e+00 +1.5685e-01 -3.9332e+00 -2.3394e+00
3521 0 +5.601702047e-02 +2.854601702e+01 +2.854601702e+01 -6.4691e-01 -1.8193e+00 +1.5680e-01 -3.9333e+00 -2.3396e+00
3630 0 +3.075107855e-02 +2.852075108e+01 +2.852075108e+01 -6.4704e-01 -1.8194e+00 +1.5686e-01 -3.9329e+00 -2.3398e+00
3859 0 +2.935483390e-02 +2.851935483e+01 +2.851935483e+01 -6.4722e-01 -1.8191e+00 +1.5707e-01 -3.9330e+00 -2.3395e+00
3873 0 +2.727049309e-02 +2.851727049e+01 +2.851727049e+01 -6.4700e-01 -1.8193e+00 +1.5686e-01 -3.9331e+00 -2.3395e+00
3900 0 +2.676866708e-02 +2.851676867e+01 +2.851676867e+01 -6.4711e-01 -1.8192e+00 +1.5690e-01 -3.9329e+00 -2.3398e+00
3907 0 +2.010551894e-02 +2.851010552e+01 +2.851010552e+01 -6.4706e-01 -1.8193e+00 +1.5686e-01 -3.9330e+00 -2.3396e+00
4019 0 +1.690753864e-02 +2.850690754e+01 +2.850690754e+01 -6.4699e-01 -1.8195e+00 +1.5679e-01 -3.9331e+00 -2.3397e+00
4174 0 +1.578387105e-02 +2.850578387e+01 +2.850578387e+01 -6.4694e-01 -1.8196e+00 +1.5669e-01 -3.9331e+00 -2.3398e+00
4221 0 +1.286706596e-02 +2.850286707e+01 +2.850286707e+01 -6.4687e-01 -1.8197e+00 +1.5667e-01 -3.9331e+00 -2.3398e+00
4307 0 +9.665873088e-03 +2.849966587e+01 +2.849966587e+01 -6.4688e-01 -1.8197e+00 +1.5667e-01 -3.9331e+00 -2.3398e+00
4355 0 +7.613886787e-03 +2.849761389e+01 +2.849761389e+01 -6.4687e-01 -1.8197e+00 +1.5664e-01 -3.9331e+00 -2.3398e+00
5430 0 +7.525829087e-03 +2.849752583e+01 +2.849752583e+01 -6.4694e-01 -1.8196e+00 +1.5671e-01 -3.9331e+00 -2.3398e+00
5579 0 +7.388520531e-03 +2.849738852e+01 +2.849738852e+01 -6.4693e-01 -1.8196e+00 +1.5671e-01 -3.9331e+00 -2.3398e+00
5788 0 +7.238155062e-03 +2.849723816e+01 +2.849723816e+01 -6.4694e-01 -1.8196e+00 +1.5671e-01 -3.9331e+00 -2.3398e+00
5860 0 +7.208605720e-03 +2.849720861e+01 +2.849720861e+01 -6.4694e-01 -1.8196e+00 +1.5671e-01 -3.9331e+00 -2.3398e+00
% f evaluations | g evaluations | best noise-free fitness - Fopt (-7.405800000000e+02) + sum g_i+ | measured fitness | best measured fitness or single-digit g-values | x1 | x2...
1 0 +3.715572125e+02 -3.690227875e+02 -3.690227875e+02 +0.0000e+00 +0.0000e+00 +0.0000e+00 +0.0000e+00 +0.0000e+00
11 0 +3.333970302e+02 -4.071829698e+02 -4.071829698e+02 -5.5893e-01 +5.3433e-01 -1.0978e+00 +1.8164e+00 -1.3410e+00
14 0 +1.841806148e+02 -5.563993852e+02 -5.563993852e+02 -3.7704e-01 +2.1959e-01 -1.5771e+00 +2.3996e-02 +1.3383e-01
29 0 +1.442976778e+02 -5.962823222e+02 -5.962823222e+02 -8.6805e-01 +3.6684e-02 -2.4044e+00 +4.4626e-01 -3.4589e-01
79 0 +1.379205717e+02 -6.026594283e+02 -6.026594283e+02 -9.0731e-01 +1.7653e-02 -2.2752e+00 -3.5102e-01 -3.1705e-01
93 0 +9.652186719e+01 -6.440581328e+02 -6.440581328e+02 -1.5781e+00 +1.6916e-01 -3.0999e+00 +3.2432e-02 -1.0889e+00
148 0 +5.813587981e+01 -6.824441202e+02 -6.824441202e+02 -1.5982e+00 +9.1643e-02 -2.4645e+00 -6.6350e-02 -8.1667e-01
269 0 +3.790238430e+01 -7.026776157e+02 -7.026776157e+02 -1.3973e+00 +6.6243e-01 -2.6242e+00 -3.5370e-01 +9.4311e-02
498 0 +3.461894545e+01 -7.059610545e+02 -7.059610545e+02 -1.4456e+00 +6.1633e-01 -2.8311e+00 -1.8023e-01 -1.4768e-01
595 0 +3.120146670e+01 -7.093785333e+02 -7.093785333e+02 -1.1993e+00 +8.4716e-01 -2.8075e+00 -4.2460e-01 +2.6535e-01
761 0 +2.236539943e+01 -7.182146006e+02 -7.182146006e+02 -1.3875e+00 +5.5371e-01 -2.7564e+00 -2.5355e-01 -6.9308e-02
887 0 +2.119365737e+01 -7.193863426e+02 -7.193863426e+02 -1.4470e+00 +5.2201e-01 -2.7341e+00 -1.7105e-01 -3.0557e-01
975 0 +2.027853398e+01 -7.203014660e+02 -7.203014660e+02 -1.4381e+00 +2.8144e-01 -2.6307e+00 +8.4307e-02 -6.3473e-01
986 0 +1.932917850e+01 -7.212508215e+02 -7.212508215e+02 -1.5905e+00 +2.3172e-01 -2.7503e+00 +7.5489e-02 -6.2016e-01
1011 0 +6.818022157e+00 -7.337619778e+02 -7.337619778e+02 -1.5164e+00 +2.5824e-01 -2.6836e+00 -2.6960e-02 -5.4794e-01
1139 0 +6.040511795e+00 -7.345394882e+02 -7.345394882e+02 -1.7689e+00 -2.4781e-03 -2.7499e+00 +1.9938e-01 -1.0101e+00
1291 0 +3.310456927e+00 -7.372695431e+02 -7.372695431e+02 -1.7499e+00 +9.4472e-03 -2.7059e+00 +1.7987e-01 -9.7542e-01
1365 0 +2.930919380e+00 -7.376490806e+02 -7.376490806e+02 -1.7916e+00 -9.7746e-02 -2.6986e+00 +2.6921e-01 -1.1452e+00
1462 0 +2.376617918e+00 -7.382033821e+02 -7.382033821e+02 -1.7764e+00 -7.7270e-02 -2.7070e+00 +2.4930e-01 -1.0989e+00
1519 0 +1.399583231e+00 -7.391804168e+02 -7.391804168e+02 -1.7476e+00 -2.5364e-02 -2.7015e+00 +2.1202e-01 -1.0245e+00
1641 0 +1.256209520e+00 -7.393237905e+02 -7.393237905e+02 -1.7273e+00 +5.6191e-04 -2.7053e+00 +1.8907e-01 -9.8046e-01
1741 0 +1.205832176e+00 -7.393741678e+02 -7.393741678e+02 -1.7335e+00 -7.7115e-03 -2.7041e+00 +2.0057e-01 -1.0041e+00
1767 0 +1.198013399e+00 -7.393819866e+02 -7.393819866e+02 -1.7505e+00 -1.7172e-02 -2.7163e+00 +1.9660e-01 -1.0104e+00
1825 0 +7.929854297e-01 -7.397870146e+02 -7.397870146e+02 -1.7442e+00 -1.6170e-02 -2.7119e+00 +2.0156e-01 -1.0110e+00
1928 0 +7.702578742e-01 -7.398097421e+02 -7.398097421e+02 -1.7445e+00 -1.6941e-02 -2.7046e+00 +2.0357e-01 -1.0126e+00
1975 0 +5.290136783e-01 -7.400509863e+02 -7.400509863e+02 -1.7410e+00 -1.3571e-02 -2.7069e+00 +1.9998e-01 -1.0089e+00
2042 0 +4.661449538e-01 -7.401138550e+02 -7.401138550e+02 -1.7446e+00 -1.6099e-02 -2.7077e+00 +2.0337e-01 -1.0158e+00
2045 0 +4.267365780e-01 -7.401532634e+02 -7.401532634e+02 -1.7469e+00 -1.3751e-02 -2.7085e+00 +1.9861e-01 -1.0112e+00
2188 0 +2.570043202e-01 -7.403229957e+02 -7.403229957e+02 -1.7479e+00 -1.7313e-02 -2.7099e+00 +2.0399e-01 -1.0173e+00
2207 0 +2.301157846e-01 -7.403498842e+02 -7.403498842e+02 -1.7458e+00 -1.5353e-02 -2.7086e+00 +2.0187e-01 -1.0142e+00
2291 0 +2.287134270e-01 -7.403512866e+02 -7.403512866e+02 -1.7486e+00 -1.8219e-02 -2.7089e+00 +2.0250e-01 -1.0162e+00
2329 0 +9.377676402e-02 -7.404862232e+02 -7.404862232e+02 -1.7485e+00 -1.7311e-02 -2.7092e+00 +2.0294e-01 -1.0161e+00
2467 0 +8.188146695e-02 -7.404981185e+02 -7.404981185e+02 -1.7491e+00 -1.8362e-02 -2.7093e+00 +2.0354e-01 -1.0176e+00
2610 0 +6.798640380e-02 -7.405120136e+02 -7.405120136e+02 -1.7487e+00 -1.8421e-02 -2.7092e+00 +2.0352e-01 -1.0178e+00
2703 0 +5.142119772e-02 -7.405285788e+02 -7.405285788e+02 -1.7479e+00 -1.7271e-02 -2.7089e+00 +2.0299e-01 -1.0163e+00
2744 0 +5.126154943e-02 -7.405287385e+02 -7.405287385e+02 -1.7486e+00 -1.7439e-02 -2.7093e+00 +2.0311e-01 -1.0170e+00
2792 0 +3.588294156e-02 -7.405441171e+02 -7.405441171e+02 -1.7477e+00 -1.6687e-02 -2.7090e+00 +2.0263e-01 -1.0156e+00
2835 0 +2.793307421e-02 -7.405520669e+02 -7.405520669e+02 -1.7481e+00 -1.7072e-02 -2.7089e+00 +2.0289e-01 -1.0162e+00
2917 0 +2.705127226e-02 -7.405529487e+02 -7.405529487e+02 -1.7484e+00 -1.7366e-02 -2.7089e+00 +2.0304e-01 -1.0166e+00
2954 0 +2.663374983e-02 -7.405533663e+02 -7.405533663e+02 -1.7484e+00 -1.7208e-02 -2.7091e+00 +2.0291e-01 -1.0164e+00
3062 0 +1.380299954e-02 -7.405661970e+02 -7.405661970e+02 -1.7483e+00 -1.7251e-02 -2.7091e+00 +2.0295e-01 -1.0164e+00
3364 0 +1.292144386e-02 -7.405670786e+02 -7.405670786e+02 -1.7486e+00 -1.7606e-02 -2.7091e+00 +2.0319e-01 -1.0170e+00
3391 0 +8.896166268e-03 -7.405711038e+02 -7.405711038e+02 -1.7486e+00 -1.7676e-02 -2.7091e+00 +2.0324e-01 -1.0171e+00
3475 0 +6.666195542e-03 -7.405733338e+02 -7.405733338e+02 -1.7485e+00 -1.7626e-02 -2.7091e+00 +2.0315e-01 -1.0170e+00
3555 0 +6.071921985e-03 -7.405739281e+02 -7.405739281e+02 -1.7486e+00 -1.7655e-02 -2.7091e+00 +2.0317e-01 -1.0170e+00
3604 0 +5.744823085e-03 -7.405742552e+02 -7.405742552e+02 -1.7486e+00 -1.7677e-02 -2.7091e+00 +2.0318e-01 -1.0171e+00
3648 0 +5.090004842e-03 -7.405749100e+02 -7.405749100e+02 -1.7487e+00 -1.7702e-02 -2.7092e+00 +2.0321e-01 -1.0171e+00
3802 0 +4.854090336e-03 -7.405751459e+02 -7.405751459e+02 -1.7486e+00 -1.7730e-02 -2.7091e+00 +2.0322e-01 -1.0171e+00
3872 0 +4.392696858e-03 -7.405756073e+02 -7.405756073e+02 -1.7486e+00 -1.7676e-02 -2.7091e+00 +2.0320e-01 -1.0171e+00
3908 0 +2.645463714e-03 -7.405773545e+02 -7.405773545e+02 -1.7487e+00 -1.7773e-02 -2.7091e+00 +2.0326e-01 -1.0172e+00
4108 0 +1.356444131e-03 -7.405786436e+02 -7.405786436e+02 -1.7486e+00 -1.7741e-02 -2.7091e+00 +2.0324e-01 -1.0172e+00
4542 0 +1.293035337e-03 -7.405787070e+02 -7.405787070e+02 -1.7486e+00 -1.7736e-02 -2.7091e+00 +2.0323e-01 -1.0171e+00
4714 0 +7.539275174e-04 -7.405792461e+02 -7.405792461e+02 -1.7486e+00 -1.7723e-02 -2.7091e+00 +2.0323e-01 -1.0171e+00
4748 0 +5.669515598e-04 -7.405794330e+02 -7.405794330e+02 -1.7486e+00 -1.7721e-02 -2.7091e+00 +2.0323e-01 -1.0171e+00
5142 0 +4.475612254e-04 -7.405795524e+02 -7.405795524e+02 -1.7486e+00 -1.7729e-02 -2.7091e+00 +2.0323e-01 -1.0171e+00
5354 0 +4.475612254e-04 -7.405795524e+02 -7.405795524e+02 -1.7486e+00 -1.7729e-02 -2.7091e+00 +2.0323e-01 -1.0171e+00
% f evaluations | g evaluations | best noise-free fitness - Fopt (-5.177000000000e+01) + sum g_i+ | measured fitness | best measured fitness or single-digit g-values | x1 | x2...
1 0 +1.027210844e+03 +9.754408436e+02 +9.754408436e+02 +0.0000e+00 +0.0000e+00 +0.0000e+00 +0.0000e+00 +0.0000e+00
6 0 +7.671869681e+02 +7.154169681e+02 +7.154169681e+02 +1.2358e+00 +4.6286e+00 -3.0582e+00 -4.6068e+00 +2.4637e+00
19 0 +3.306619278e+02 +2.788919278e+02 +2.788919278e+02 -7.5985e-01 +3.8295e+00 -1.0095e-01 -4.3077e+00 +2.6209e+00
195 0 +2.355814687e+02 +1.838114687e+02 +1.838114687e+02 -2.5020e+00 +1.1972e+00 +2.3723e+00 -4.8497e+00 +3.4328e+00
275 0 +9.539885034e+01 +4.362885034e+01 +4.362885034e+01 -3.0426e-01 +3.2856e+00 +1.8720e+00 -3.9047e+00 +4.0411e+00
404 0 +7.442577678e+01 +2.265577678e+01 +2.265577678e+01 -1.0286e+00 +3.0136e+00 +1.7487e+00 -4.0540e+00 +3.9668e+00
522 0 +5.339096838e+01 +1.620968382e+00 +1.620968382e+00 -1.3779e+00 +2.7222e+00 +2.0177e+00 -4.0330e+00 +3.7899e+00
703 0 +4.799200497e+01 -3.777995031e+00 -3.777995031e+00 -2.3193e+00 +1.9221e+00 +1.9472e+00 -3.8584e+00 +3.9813e+00
787 0 +2.381797993e+01 -2.795202007e+01 -2.795202007e+01 -1.3699e+00 +2.4471e+00 +2.2599e+00 -3.9668e+00 +3.8804e+00
810 0 +2.039182124e+01 -3.137817876e+01 -3.137817876e+01 -1.8570e+00 +2.1647e+00 +2.1059e+00 -3.8310e+00 +3.9319e+00
1012 0 +1.698416299e+01 -3.478583701e+01 -3.478583701e+01 -2.0965e+00 +1.9516e+00 +2.1861e+00 -3.8652e+00 +3.7655e+00
1025 0 +1.180326749e+01 -3.996673251e+01 -3.996673251e+01 -1.7561e+00 +2.1639e+00 +2.1884e+00 -3.8823e+00 +3.9253e+00
1176 0 +8.975348174e+00 -4.279465183e+01 -4.279465183e+01 -1.9370e+00 +2.0003e+00 +2.1914e+00 -3.8440e+00 +3.8508e+00
1376 0 +8.460112183e+00 -4.330988782e+01 -4.330988782e+01 -1.8663e+00 +2.1084e+00 +2.1545e+00 -3.8564e+00 +3.8325e+00
1425 0 +7.782810437e+00 -4.398718956e+01 -4.398718956e+01 -1.9011e+00 +2.0644e+00 +2.2299e+00 -3.8571e+00 +3.9016e+00
1429 0 +5.846372335e+00 -4.592362767e+01 -4.592362767e+01 -1.9906e+00 +1.9933e+00 +2.1693e+00 -3.8428e+00 +3.8357e+00
1431 0 +4.850773587e+00 -4.691922641e+01 -4.691922641e+01 -2.0576e+00 +1.9573e+00 +2.1822e+00 -3.8383e+00 +3.8524e+00
1541 0 +4.604304163e+00 -4.716569584e+01 -4.716569584e+01 -2.1223e+00 +1.8731e+00 +2.2044e+00 -3.8092e+00 +3.8205e+00
1572 0 +4.448746321e+00 -4.732125368e+01 -4.732125368e+01 -2.0895e+00 +1.8990e+00 +2.2160e+00 -3.8087e+00 +3.8587e+00
1871 0 +4.228610992e+00 -4.754138901e+01 -4.754138901e+01 -2.0517e+00 +1.9335e+00 +2.2064e+00 -3.8425e+00 +3.8759e+00
1979 0 +3.829967710e+00 -4.794003229e+01 -4.794003229e+01 -2.0278e+00 +1.9625e+00 +2.1992e+00 -3.8324e+00 +3.8766e+00
1992 0 +3.697684480e+00 -4.807231552e+01 -4.807231552e+01 -2.0127e+00 +1.9851e+00 +2.1899e+00 -3.8473e+00 +3.8638e+00
2012 0 +3.590371922e+00 -4.817962808e+01 -4.817962808e+01 -1.9976e+00 +1.9820e+00 +2.1932e+00 -3.8495e+00 +3.8553e+00
2030 0 +3.136232136e+00 -4.863376786e+01 -4.863376786e+01 -2.0304e+00 +1.9596e+00 +2.2107e+00 -3.8457e+00 +3.8663e+00
2033 0 +2.767397833e+00 -4.900260217e+01 -4.900260217e+01 -1.9857e+00 +1.9985e+00 +2.2040e+00 -3.8412e+00 +3.8668e+00
2079 0 +2.408762640e+00 -4.936123736e+01 -4.936123736e+01 -2.0185e+00 +1.9644e+00 +2.2079e+00 -3.8396e+00 +3.8535e+00
2095 0 +2.205545853e+00 -4.956445415e+01 -4.956445415e+01 -2.0072e+00 +1.9784e+00 +2.2062e+00 -3.8432e+00 +3.8594e+00
2245 0 +1.883172252e+00 -4.988682775e+01 -4.988682775e+01 -1.9995e+00 +1.9833e+00 +2.1993e+00 -3.8386e+00 +3.8546e+00
2262 0 +1.849906080e+00 -4.992009392e+01 -4.992009392e+01 -1.9790e+00 +1.9988e+00 +2.2017e+00 -3.8444e+00 +3.8600e+00
2350 0 +1.673770975e+00 -5.009622902e+01 -5.009622902e+01 -1.9807e+00 +1.9983e+00 +2.1994e+00 -3.8444e+00 +3.8595e+00
2483 0 +1.612019730e+00 -5.015798027e+01 -5.015798027e+01 -1.9991e+00 +1.9856e+00 +2.2004e+00 -3.8430e+00 +3.8603e+00
2507 0 +1.417096749e+00 -5.035290325e+01 -5.035290325e+01 -2.0056e+00 +1.9787e+00 +2.2009e+00 -3.8411e+00 +3.8594e+00
2627 0 +1.390363942e+00 -5.037963606e+01 -5.037963606e+01 -2.0121e+00 +1.9722e+00 +2.2011e+00 -3.8387e+00 +3.8575e+00
2676 0 +1.367116068e+00 -5.040288393e+01 -5.040288393e+01 -2.0138e+00 +1.9712e+00 +2.1994e+00 -3.8389e+00 +3.8591e+00
2739 0 +1.315735236e+00 -5.045426476e+01 -5.045426476e+01 -2.0204e+00 +1.9651e+00 +2.2006e+00 -3.8368e+00 +3.8577e+00
2855 0 +1.235653361e+00 -5.053434664e+01 -5.053434664e+01 -2.0215e+00 +1.9660e+00 +2.1993e+00 -3.8369e+00 +3.8586e+00
2925 0 +1.167981388e+00 -5.060201861e+01 -5.060201861e+01 -2.0270e+00 +1.9618e+00 +2.1994e+00 -3.8363e+00 +3.8576e+00
3082 0 +1.081228271e+00 -5.068877173e+01 -5.068877173e+01 -2.0288e+00 +1.9595e+00 +2.1998e+00 -3.8358e+00 +3.8565e+00
3309 0 +1.056232747e+00 -5.071376725e+01 -5.071376725e+01 -2.0377e+00 +1.9521e+00 +2.2009e+00 -3.8342e+00 +3.8561e+00
3514 0 +1.032533099e+00 -5.073746690e+01 -5.073746690e+01 -2.0365e+00 +1.9534e+00 +2.2002e+00 -3.8350e+00 +3.8564e+00
3661 0 +1.011983453e+00 -5.075801655e+01 -5.075801655e+01 -2.0374e+00 +1.9521e+00 +2.2004e+00 -3.8346e+00 +3.8562e+00
3695 0 +9.884390798e-01 -5.078156092e+01 -5.078156092e+01 -2.0364e+00 +1.9532e+00 +2.2003e+00 -3.8347e+00 +3.8566e+00
4407 0 +9.747620736e-01 -5.079523793e+01 -5.079523793e+01 -2.0349e+00 +1.9544e+00 +2.2003e+00 -3.8349e+00 +3.8565e+00
7641 0 +9.650832423e-01 -5.080491676e+01 -5.080491676e+01 -2.0354e+00 +1.9540e+00 +2.2003e+00 -3.8348e+00 +3.8565e+00
% f evaluations | g evaluations | best noise-free fitness - Fopt (-2.229800000000e+02) + sum g_i+ | measured fitness | best measured fitness or single-digit g-values | x1 | x2...
1 0 +1.858957053e+03 +1.635977053e+03 +1.635977053e+03 +0.0000e+00 +0.0000e+00 +0.0000e+00 +0.0000e+00 +0.0000e+00
4 0 +1.036123540e+03 +8.131435400e+02 +8.131435400e+02 +4.0275e+00 +2.6394e+00 -2.1909e-01 -1.5597e+00 -3.9677e+00
11 0 +9.498442689e+02 +7.268642689e+02 +7.268642689e+02 +4.3346e-01 +7.3633e-01 -8.5798e-01 +1.7794e-01 -4.0905e+00
21 0 +8.091684969e+02 +5.861884969e+02 +5.861884969e+02 +1.3117e+00 +1.0577e+00 -8.4426e-01 +2.4789e+00 -2.3838e+00
26 0 +7.633105569e+02 +5.403305569e+02 +5.403305569e+02 -1.3595e+00 +9.6132e-01 -2.2479e+00 +3.0232e+00 -5.1984e+00
43 0 +7.114031056e+02 +4.884231056e+02 +4.884231056e+02 +2.9046e+00 +5.7291e-01 -1.0365e+00 +6.9377e+00 -1.4156e+00
53 0 +3.576987196e+02 +1.347187196e+02 +1.347187196e+02 +1.3799e+00 +1.2634e+00 -2.7461e+00 +2.9436e+00 -3.6064e+00
61 0 +1.863280898e+02 -3.665191023e+01 -3.665191023e+01 +2.5709e+00 +2.3883e+00 -2.9273e+00 +2.5163e+00 -5.0100e+00
106 0 +1.443449300e+02 -7.863506996e+01 -7.863506996e+01 +2.9904e+00 +2.4728e+00 -2.4470e+00 +3.3178e+00 -3.7104e+00
292 0 +1.343625676e+02 -8.861743241e+01 -8.861743241e+01 +3.0723e+00 +1.7954e+00 -2.4979e+00 +3.3886e+00 -3.4478e+00
293 0 +1.061809714e+02 -1.167990286e+02 -1.167990286e+02 +2.7072e+00 +2.0211e+00 -3.0426e+00 +2.8631e+00 -3.7916e+00
325 0 +9.982220563e+01 -1.231577944e+02 -1.231577944e+02 +2.8034e+00 +1.8516e+00 -2.2972e+00 +2.7719e+00 -4.2946e+00
386 0 +8.757866556e+01 -1.354013344e+02 -1.354013344e+02 +2.7149e+00 +1.8099e+00 -2.6317e+00 +3.3521e+00 -3.9875e+00
403 0 +8.025125615e+01 -1.427287438e+02 -1.427287438e+02 +2.5077e+00 +2.0008e+00 -2.8188e+00 +2.9967e+00 -3.9047e+00
419 0 +6.174946645e+01 -1.612305336e+02 -1.612305336e+02 +2.6125e+00 +2.1309e+00 -2.4799e+00 +3.0703e+00 -4.1349e+00
485 0 +6.090391847e+01 -1.620760815e+02 -1.620760815e+02 +2.7508e+00 +1.4346e+00 -3.1034e+00 +2.7736e+00 -4.0425e+00
496 0 +5.845887430e+01 -1.645211257e+02 -1.645211257e+02 +3.2078e+00 +1.0752e+00 -2.8438e+00 +2.6687e+00 -3.9709e+00
522 0 +5.037065060e+01 -1.726093494e+02 -1.726093494e+02 +2.8306e+00 +1.4843e+00 -2.7782e+00 +2.5351e+00 -4.0403e+00
570 0 +2.226075313e+01 -2.007192469e+02 -2.007192469e+02 +2.9638e+00 +1.2851e+00 -2.9346e+00 +2.5834e+00 -4.0466e+00
688 0 +1.680343088e+01 -2.061765691e+02 -2.061765691e+02 +2.9330e+00 +1.1133e+00 -2.8971e+00 +2.5368e+00 -4.0782e+00
1001 0 +1.614561430e+01 -2.068343857e+02 -2.068343857e+02 +2.8650e+00 +1.2893e+00 -2.8346e+00 +2.5994e+00 -4.0817e+00
1061 0 +1.560323283e+01 -2.073767672e+02 -2.073767672e+02 +2.8916e+00 +1.3717e+00 -2.8472e+00 +2.6812e+00 -4.0172e+00
1066 0 +1.451459683e+01 -2.084654032e+02 -2.084654032e+02 +2.8744e+00 +1.3784e+00 -2.8288e+00 +2.6654e+00 -4.0667e+00
1248 0 +1.306587746e+01 -2.099141225e+02 -2.099141225e+02 +2.8767e+00 +1.2682e+00 -2.8588e+00 +2.6010e+00 -4.0769e+00
1290 0 +1.211356709e+01 -2.108664329e+02 -2.108664329e+02 +2.8821e+00 +1.3433e+00 -2.8653e+00 +2.6310e+00 -4.0738e+00
1295 0 +1.177086879e+01 -2.112091312e+02 -2.112091312e+02 +2.8771e+00 +1.3113e+00 -2.8565e+00 +2.6195e+00 -4.0522e+00
1302 0 +1.148796825e+01 -2.114920317e+02 -2.114920317e+02 +2.8806e+00 +1.2952e+00 -2.8942e+00 +2.6117e+00 -4.0506e+00
1311 0 +9.906826339e+00 -2.130731737e+02 -2.130731737e+02 +2.9573e+00 +1.1824e+00 -2.9056e+00 +2.5904e+00 -4.0200e+00
1316 0 +9.530646934e+00 -2.134493531e+02 -2.134493531e+02 +2.9372e+00 +1.2201e+00 -2.8894e+00 +2.5728e+00 -4.0299e+00
1359 0 +8.682256973e+00 -2.142977430e+02 -2.142977430e+02 +2.9241e+00 +1.2286e+00 -2.8826e+00 +2.6051e+00 -4.0271e+00
1389 0 +8.098296708e+00 -2.148817033e+02 -2.148817033e+02 +2.9625e+00 +1.1823e+00 -2.9176e+00 +2.5694e+00 -4.0112e+00
1439 0 +7.854495828e+00 -2.151255042e+02 -2.151255042e+02 +2.9835e+00 +1.1261e+00 -2.9119e+00 +2.5523e+00 -4.0076e+00
1444 0 +7.379258328e+00 -2.156007417e+02 -2.156007417e+02 +2.9691e+00 +1.1586e+00 -2.9114e+00 +2.5720e+00 -3.9988e+00
1451 0 +6.402967757e+00 -2.165770322e+02 -2.165770322e+02 +2.9574e+00 +1.1678e+00 -2.9113e+00 +2.5667e+00 -4.0097e+00
1584 0 +6.158298253e+00 -2.168217017e+02 -2.168217017e+02 +2.9661e+00 +1.1428e+00 -2.9234e+00 +2.5564e+00 -4.0085e+00
1634 0 +5.588203742e+00 -2.173917963e+02 -2.173917963e+02 +2.9750e+00 +1.1299e+00 -2.9237e+00 +2.5489e+00 -4.0068e+00
1702 0 +5.280000646e+00 -2.176999994e+02 -2.176999994e+02 +2.9898e+00 +1.0982e+00 -2.9303e+00 +2.5391e+00 -3.9949e+00
1705 0 +5.237636233e+00 -2.177423638e+02 -2.177423638e+02 +2.9886e+00 +1.1015e+00 -2.9288e+00 +2.5375e+00 -3.9973e+00
1718 0 +5.122818310e+00 -2.178571817e+02 -2.178571817e+02 +2.9850e+00 +1.1089e+00 -2.9285e+00 +2.5410e+00 -3.9987e+00
1884 0 +4.885621006e+00 -2.180943790e+02 -2.180943790e+02 +2.9921e+00 +1.0986e+00 -2.9321e+00 +2.5372e+00 -3.9950e+00
2729 0 +4.782554791e+00 -2.181974452e+02 -2.181974452e+02 +2.9923e+00 +1.0970e+00 -2.9320e+00 +2.5358e+00 -3.9953e+00
7298 0 +4.713078169e+00 -2.182669218e+02 -2.182669218e+02 +2.9932e+00 +1.0953e+00 -2.9326e+00 +2.5350e+00 -3.9950e+00
% f evaluations | g evaluations | best noise-free fitness - Fopt (5.860000000000e+00) + sum g_i+ | measured fitness | best measured fitness or single-digit g-values | x1 | x2...
1 0 +1.166861521e+03 +1.172721521e+03 +1.172721521e+03 +0.0000e+00 +0.0000e+00 +0.0000e+00 +0.0000e+00 +0.0000e+00
5 0 +9.555904555e+02 +9.614504555e+02 +9.614504555e+02 +7.4841e-01 +4.3571e+00 +2.0923e+00 +4.2226e+00 -4.1955e+00
6 0 +5.511636755e+02 +5.570236755e+02 +5.570236755e+02 -3.3885e+00 +2.8451e+00 -1.2468e+00 +3.0373e+00 -1.4778e+00
29 0 +4.804800367e+02 +4.863400367e+02 +4.863400367e+02 +6.3813e-01 +2.6329e+00 -1.0693e+00 +2.3034e+00 +2.7504e+00
49 0 +3.064526505e+02 +3.123126505e+02 +3.123126505e+02 -3.4292e+00 +1.5213e+00 -1.4640e+00 +3.5394e+00 +2.5041e+00
57 0 +2.123865855e+02 +2.182465855e+02 +2.182465855e+02 -3.6107e+00 +2.0742e+00 -2.1086e+00 +1.2146e+00 +3.3810e+00
234 0 +1.464396808e+02 +1.522996808e+02 +1.522996808e+02 -2.6507e+00 +2.6575e+00 -2.0076e-01 +2.9748e+00 +1.5270e+00
343 0 +1.195118761e+02 +1.253718761e+02 +1.253718761e+02 -3.6369e+00 +1.9110e+00 -3.9699e-01 +3.4826e+00 +3.2308e-01
419 0 +1.054136780e+02 +1.112736780e+02 +1.112736780e+02 -3.6877e+00 +1.9365e+00 -4.5578e-01 +2.5423e+00 +1.9053e+00
421 0 +8.771581956e+01 +9.357581956e+01 +9.357581956e+01 -3.4250e+00 +2.2672e+00 -2.2583e-01 +2.8139e+00 +1.2306e+00
437 0 +7.808800066e+01 +8.394800066e+01 +8.394800066e+01 -2.5825e+00 +2.0562e+00 -4.2964e-01 +3.5008e+00 +1.3444e+00
482 0 +6.672895535e+01 +7.258895535e+01 +7.258895535e+01 -3.1926e+00 +1.8690e+00 -5.4755e-01 +2.8332e+00 +1.1618e+00
530 0 +5.740853636e+01 +6.326853636e+01 +6.326853636e+01 -3.0374e+00 +1.9715e+00 -4.6808e-01 +3.2925e+00 +1.3426e+00
532 0 +4.219396223e+01 +4.805396223e+01 +4.805396223e+01 -2.6978e+00 +2.1303e+00 -4.8982e-02 +4.0336e+00 +6.4070e-01
695 0 +3.873379528e+01 +4.459379528e+01 +4.459379528e+01 -2.9013e+00 +2.0504e+00 -3.2836e-01 +3.5729e+00 +9.6085e-01
787 0 +2.919001471e+01 +3.505001471e+01 +3.505001471e+01 -3.5883e+00 +2.0104e+00 -6.6300e-01 +2.3785e+00 +1.4816e+00
941 0 +2.763902196e+01 +3.349902196e+01 +3.349902196e+01 -3.6329e+00 +2.0417e+00 -7.2220e-01 +2.3194e+00 +1.7953e+00
982 0 +2.631024976e+01 +3.217024976e+01 +3.217024976e+01 -3.4739e+00 +2.1406e+00 -8.0831e-01 +2.2825e+00 +1.8087e+00
987 0 +2.218352438e+01 +2.804352438e+01 +2.804352438e+01 -3.6123e+00 +2.0529e+00 -8.5833e-01 +2.0932e+00 +1.7182e+00
998 0 +2.004314378e+01 +2.590314378e+01 +2.590314378e+01 -3.4949e+00 +2.0524e+00 -7.6947e-01 +2.4188e+00 +1.5723e+00
1030 0 +9.521536710e+00 +1.538153671e+01 +1.538153671e+01 -3.6662e+00 +2.0536e+00 -9.1023e-01 +1.9542e+00 +1.9190e+00
1334 0 +8.884015921e+00 +1.474401592e+01 +1.474401592e+01 -3.5387e+00 +2.0701e+00 -8.3597e-01 +2.1170e+00 +1.8761e+00
1581 0 +6.291794713e+00 +1.215179471e+01 +1.215179471e+01 -3.4844e+00 +2.0584e+00 -8.0096e-01 +2.2540e+00 +1.7770e+00
1603 0 +5.892955593e+00 +1.175295559e+01 +1.175295559e+01 -3.7591e+00 +2.0174e+00 -9.5053e-01 +1.8677e+00 +2.0158e+00
1739 0 +4.494861162e+00 +1.035486116e+01 +1.035486116e+01 -3.7077e+00 +2.0310e+00 -9.3006e-01 +1.8907e+00 +2.0257e+00
1777 0 +3.329835439e+00 +9.189835439e+00 +9.189835439e+00 -3.6789e+00 +2.0224e+00 -9.1869e-01 +1.9471e+00 +1.9593e+00
1848 0 +1.625478131e+00 +7.485478131e+00 +7.485478131e+00 -3.7106e+00 +2.0250e+00 -9.4637e-01 +1.8772e+00 +2.0288e+00
2015 0 +1.172018799e+00 +7.032018799e+00 +7.032018799e+00 -3.7052e+00 +2.0258e+00 -9.5031e-01 +1.8821e+00 +2.0214e+00
2044 0 +7.560589065e-01 +6.616058907e+00 +6.616058907e+00 -3.7171e+00 +2.0244e+00 -9.6352e-01 +1.8468e+00 +2.0566e+00
2163 0 +9.679896065e-02 +5.956798961e+00 +5.956798961e+00 -3.7241e+00 +2.0226e+00 -9.7004e-01 +1.8382e+00 +2.0620e+00
3090 0 +8.225005236e-02 +5.942250052e+00 +5.942250052e+00 -3.7228e+00 +2.0226e+00 -9.6867e-01 +1.8404e+00 +2.0604e+00
3185 0 +5.515615985e-02 +5.915156160e+00 +5.915156160e+00 -3.7209e+00 +2.0228e+00 -9.6720e-01 +1.8443e+00 +2.0577e+00
3284 0 +3.155254000e-02 +5.891552540e+00 +5.891552540e+00 -3.7218e+00 +2.0228e+00 -9.6793e-01 +1.8426e+00 +2.0587e+00
4059 0 +2.498183147e-02 +5.884981831e+00 +5.884981831e+00 -3.7217e+00 +2.0227e+00 -9.6792e-01 +1.8428e+00 +2.0585e+00
4388 0 +2.172456743e-02 +5.881724567e+00 +5.881724567e+00 -3.7215e+00 +2.0227e+00 -9.6766e-01 +1.8433e+00 +2.0581e+00
5072 0 +2.028384193e-02 +5.880283842e+00 +5.880283842e+00 -3.7216e+00 +2.0227e+00 -9.6779e-01 +1.8430e+00 +2.0583e+00
5348 0 +1.785121216e-02 +5.877851212e+00 +5.877851212e+00 -3.7217e+00 +2.0227e+00 -9.6788e-01 +1.8428e+00 +2.0585e+00
5717 0 +1.733801572e-02 +5.877338016e+00 +5.877338016e+00 -3.7217e+00 +2.0227e+00 -9.6790e-01 +1.8428e+00 +2.0585e+00
6047 0 +1.697421060e-02 +5.876974211e+00 +5.876974211e+00 -3.7217e+00 +2.0227e+00 -9.6790e-01 +1.8428e+00 +2.0585e+00
6712 0 +1.654920974e-02 +5.876549210e+00 +5.876549210e+00 -3.7217e+00 +2.0227e+00 -9.6789e-01 +1.8428e+00 +2.0585e+00
6787 0 +1.654920974e-02 +5.876549210e+00 +5.876549210e+00 -3.7217e+00 +2.0227e+00 -9.6789e-01 +1.8428e+00 +2.0585e+00
% f evaluations | g evaluations | best noise-free fitness - Fopt (2.048600000000e+02) + sum g_i+ | measured fitness | best measured fitness or single-digit g-values | x1 | x2...
1 0 +3.811875881e+02 +5.860475881e+02 +5.860475881e+02 +0.0000e+00 +0.0000e+00 +0.0000e+00 +0.0000e+00 +0.0000e+00
45 0 +2.539528838e+02 +4.588128838e+02 +4.588128838e+02 +2.5685e-01 -3.5197e-01 -1.3260e+00 +2.5223e-01 -6.2979e-01
66 0 +2.353580139e+02 +4.402180139e+02 +4.402180139e+02 -5.0351e-01 -1.1432e+00 -2.8666e+00 +3.0420e-01 -2.7255e-01
89 0 +2.134788782e+02 +4.183388782e+02 +4.183388782e+02 -7.3775e-01 -1.0792e+00 -7.6468e-01 +1.8199e+00 -4.6942e-01
153 0 +1.691834008e+02 +3.740434008e+02 +3.740434008e+02 -1.3303e+00 -2.6636e-01 +4.6327e-01 +1.9582e+00 -1.3122e+00
166 0 +1.423148654e+02 +3.471748654e+02 +3.471748654e+02 -9.2444e-01 +3.0896e-02 -2.5240e-01 +2.3803e+00 -1.6957e+00
267 0 +1.168509797e+02 +3.217109797e+02 +3.217109797e+02 -1.9720e+00 -6.8439e-01 -6.6691e-01 +3.1040e+00 -1.4378e+00
338 0 +1.037758860e+02 +3.086358860e+02 +3.086358860e+02 -1.3749e+00 -2.4489e-01 +6.7310e-01 +2.8358e+00 -2.2047e+00
409 0 +9.146745024e+01 +2.963274502e+02 +2.963274502e+02 -2.3662e+00 -7.3155e-01 +3.4000e-01 +2.8536e+00 -2.2077e+00
442 0 +4.845860209e+01 +2.533186021e+02 +2.533186021e+02 -1.8468e+00 -8.1984e-01 +1.2420e-01 +2.9358e+00 -2.0227e+00
604 0 +3.141214508e+01 +2.362721451e+02 +2.362721451e+02 -2.1972e+00 -6.6695e-01 +1.0913e+00 +3.0781e+00 -2.5182e+00
905 0 +2.658026608e+01 +2.314402661e+02 +2.314402661e+02 -1.9679e+00 -5.5874e-01 +6.1588e-01 +2.9578e+00 -2.2757e+00
1104 0 +2.523101028e+01 +2.300910103e+02 +2.300910103e+02 -1.8370e+00 -5.7818e-01 +4.6124e-01 +2.9351e+00 -2.2040e+00
1119 0 +1.909622434e+01 +2.239562243e+02 +2.239562243e+02 -1.9635e+00 -6.4788e-01 +4.5517e-01 +2.8031e+00 -2.3066e+00
1141 0 +1.832793249e+01 +2.231879325e+02 +2.231879325e+02 -1.9671e+00 -7.0464e-01 +3.1728e-01 +2.7747e+00 -2.1515e+00
1160 0 +1.391722317e+01 +2.187772232e+02 +2.187772232e+02 -1.9912e+00 -6.1256e-01 +7.7049e-01 +2.9568e+00 -2.4205e+00
1340 0 +1.373251333e+01 +2.185925133e+02 +2.185925133e+02 -2.1613e+00 -6.9639e-01 +9.4965e-01 +3.1855e+00 -2.5002e+00
1377 0 +6.802484249e+00 +2.116624842e+02 +2.116624842e+02 -2.0134e+00 -6.6481e-01 +6.8785e-01 +3.0100e+00 -2.3401e+00
1733 0 +6.760127302e+00 +2.116201273e+02 +2.116201273e+02 -2.1234e+00 -6.7025e-01 +9.8291e-01 +3.1311e+00 -2.5287e+00
1862 0 +6.520848171e+00 +2.113808482e+02 +2.113808482e+02 -2.1427e+00 -6.6768e-01 +9.9381e-01 +3.1472e+00 -2.5396e+00
2058 0 +6.380127652e+00 +2.112401277e+02 +2.112401277e+02 -2.1320e+00 -6.6635e-01 +9.8455e-01 +3.1413e+00 -2.5243e+00
2073 0 +5.569683877e+00 +2.104296839e+02 +2.104296839e+02 -2.1326e+00 -6.6595e-01 +9.8769e-01 +3.1387e+00 -2.5309e+00
2120 0 +5.354269945e+00 +2.102142699e+02 +2.102142699e+02 -2.1317e+00 -6.6635e-01 +9.8743e-01 +3.1377e+00 -2.5354e+00
2457 0 +5.185819311e+00 +2.100458193e+02 +2.100458193e+02 -2.1270e+00 -6.6664e-01 +9.7933e-01 +3.1328e+00 -2.5271e+00
2532 0 +5.112243038e+00 +2.099722430e+02 +2.099722430e+02 -2.1251e+00 -6.6408e-01 +9.7572e-01 +3.1288e+00 -2.5267e+00
2925 0 +4.997503759e+00 +2.098575038e+02 +2.098575038e+02 -2.1204e+00 -6.6613e-01 +9.5619e-01 +3.1209e+00 -2.5136e+00
2965 0 +4.818932114e+00 +2.096789321e+02 +2.096789321e+02 -2.1171e+00 -6.6575e-01 +9.5447e-01 +3.1169e+00 -2.5128e+00
2975 0 +4.699067366e+00 +2.095590674e+02 +2.095590674e+02 -2.1172e+00 -6.6516e-01 +9.5638e-01 +3.1190e+00 -2.5129e+00
3204 0 +4.657930048e+00 +2.095179300e+02 +2.095179300e+02 -2.1137e+00 -6.6507e-01 +9.4749e-01 +3.1133e+00 -2.5068e+00
3358 0 +4.521095584e+00 +2.093810956e+02 +2.093810956e+02 -2.1131e+00 -6.6501e-01 +9.4440e-01 +3.1128e+00 -2.5060e+00
3838 0 +4.458513790e+00 +2.093185138e+02 +2.093185138e+02 -2.1119e+00 -6.6486e-01 +9.4191e-01 +3.1112e+00 -2.5041e+00
6203 0 +4.450766988e+00 +2.093107670e+02 +2.093107670e+02 -2.1121e+00 -6.6485e-01 +9.4272e-01 +3.1115e+00 -2.5047e+00
% f evaluations | g evaluations | best noise-free fitness - Fopt (1.154900000000e+02) + sum g_i+ | measured fitness | best measured fitness or single-digit g-values | x1 | x2...
1 0 +1.456583734e+03 +1.572073734e+03 +1.572073734e+03 +0.0000e+00 +0.0000e+00 +0.0000e+00 +0.0000e+00 +0.0000e+00
7 0 +1.292054055e+03 +1.407544055e+03 +1.407544055e+03 +2.9648e+00 +2.6878e+00 +2.2951e+00 -3.1996e+00 -7.7624e-01
10 0 +1.131859305e+03 +1.247349305e+03 +1.247349305e+03 +3.3671e+00 +1.2760e+00 +1.1737e+00 -1.1285e+00 +5.1127e-01
18 0 +1.049454074e+03 +1.164944074e+03 +1.164944074e+03 +1.0993e+00 -1.3292e+00 -8.9072e-01 -4.3952e+00 +1.6367e+00
19 0 +9.777225357e+02 +1.093212536e+03 +1.093212536e+03 +2.2989e+00 +2.4930e+00 -1.1028e-01 -1.4473e+00 +2.6405e+00
40 0 +4.118899452e+02 +5.273799452e+02 +5.273799452e+02 -1.0836e+00 -1.0663e-01 +9.4868e-01 -2.9480e+00 +3.3169e+00
141 0 +3.837376963e+02 +4.992276963e+02 +4.992276963e+02 -9.3407e-01 -1.7964e+00 +2.6592e+00 -1.8941e+00 +2.5794e+00
171 0 +3.649768670e+02 +4.804668670e+02 +4.804668670e+02 -1.1500e+00 -1.9811e+00 +1.7896e+00 -2.3470e+00 +2.9556e+00
235 0 +3.082200133e+02 +4.237100133e+02 +4.237100133e+02 +1.7545e-01 -1.8690e+00 +4.2790e+00 -2.4448e+00 +2.0788e+00
294 0 +2.658711006e+02 +3.813611006e+02 +3.813611006e+02 -1.5389e+00 -8.3932e-01 +2.9802e+00 -3.0384e+00 +2.3193e+00
300 0 +2.198257281e+02 +3.353157281e+02 +3.353157281e+02 -6.8607e-01 -2.2482e+00 +4.3226e+00 -2.8331e+00 +2.4999e+00
331 0 +1.891051885e+02 +3.045951885e+02 +3.045951885e+02 -1.8245e+00 -1.7454e+00 +3.8158e+00 -2.5748e+00 +3.5795e+00
363 0 +1.500983637e+02 +2.655883637e+02 +2.655883637e+02 -2.8878e+00 -2.3488e+00 +3.5486e+00 -3.0119e+00 +2.3808e+00
410 0 +8.061138158e+01 +1.961013816e+02 +1.961013816e+02 -1.8097e+00 -2.7582e+00 +3.9261e+00 -3.2994e+00 +2.3465e+00
508 0 +7.457396466e+01 +1.900639647e+02 +1.900639647e+02 -2.6167e+00 -2.7437e+00 +3.7405e+00 -3.4859e+00 +2.3318e+00
588 0 +6.123836625e+01 +1.767283663e+02 +1.767283663e+02 -2.3398e+00 -3.0310e+00 +3.6696e+00 -3.1877e+00 +2.3429e+00
670 0 +5.809495949e+01 +1.735849595e+02 +1.735849595e+02 -2.3171e+00 -2.7509e+00 +3.5810e+00 -3.0812e+00 +2.6663e+00
674 0 +5.325914906e+01 +1.687491491e+02 +1.687491491e+02 -2.4541e+00 -1.1170e+00 +2.8164e+00 -2.8678e+00 +3.4846e+00
687 0 +4.084381806e+01 +1.563338181e+02 +1.563338181e+02 -2.2977e+00 -2.4292e+00 +3.3309e+00 -3.2438e+00 +2.9838e+00
694 0 +2.265188194e+01 +1.381418819e+02 +1.381418819e+02 -2.2658e+00 -1.5294e+00 +3.0229e+00 -2.9792e+00 +3.3691e+00
1098 0 +2.211121349e+01 +1.376012135e+02 +1.376012135e+02 -2.2907e+00 -1.2982e+00 +2.7944e+00 -2.9532e+00 +3.5979e+00
1106 0 +1.341222186e+01 +1.289022219e+02 +1.289022219e+02 -2.4736e+00 -1.1581e+00 +2.7009e+00 -2.9654e+00 +3.7979e+00
1345 0 +9.558236890e+00 +1.250482369e+02 +1.250482369e+02 -2.5591e+00 -1.0213e+00 +2.5457e+00 -2.9356e+00 +3.9099e+00
1364 0 +9.242925544e+00 +1.247329255e+02 +1.247329255e+02 -2.4858e+00 -1.1948e+00 +2.6947e+00 -2.9388e+00 +3.7811e+00
1745 0 +8.738471471e+00 +1.242284715e+02 +1.242284715e+02 -2.5216e+00 -7.9084e-01 +2.4201e+00 -2.8796e+00 +4.0708e+00
1755 0 +7.816514259e+00 +1.233065143e+02 +1.233065143e+02 -2.5365e+00 -7.7089e-01 +2.4209e+00 -2.8849e+00 +4.0761e+00
1779 0 +4.650445539e+00 +1.201404455e+02 +1.201404455e+02 -2.4940e+00 -1.1130e+00 +2.6494e+00 -2.9318e+00 +3.7994e+00
2123 0 +3.937690103e+00 +1.194276901e+02 +1.194276901e+02 -2.5136e+00 -1.1328e+00 +2.6538e+00 -2.9472e+00 +3.7967e+00
2127 0 +2.417515099e+00 +1.179075151e+02 +1.179075151e+02 -2.4994e+00 -1.1011e+00 +2.6458e+00 -2.9385e+00 +3.8120e+00
2446 0 +2.155910726e+00 +1.176459107e+02 +1.176459107e+02 -2.5004e+00 -1.0902e+00 +2.6320e+00 -2.9379e+00 +3.8233e+00
2647 0 +2.112759794e+00 +1.176027598e+02 +1.176027598e+02 -2.4986e+00 -1.0864e+00 +2.6326e+00 -2.9369e+00 +3.8238e+00
2968 0 +1.982221953e+00 +1.174722220e+02 +1.174722220e+02 -2.5020e+00 -1.0732e+00 +2.6242e+00 -2.9339e+00 +3.8355e+00
3705 0 +1.926058101e+00 +1.174160581e+02 +1.174160581e+02 -2.5009e+00 -1.0777e+00 +2.6269e+00 -2.9347e+00 +3.8319e+00
4536 0 +1.905025854e+00 +1.173950259e+02 +1.173950259e+02 -2.5011e+00 -1.0776e+00 +2.6267e+00 -2.9347e+00 +3.8321e+00
6302 0 +1.895370990e+00 +1.173853710e+02 +1.173853710e+02 -2.5011e+00 -1.0777e+00 +2.6268e+00 -2.9348e+00 +3.8320e+00
% f evaluations | g evaluations | best noise-free fitness - Fopt (1.950500000000e+02) + sum g_i+ | measured fitness | best measured fitness or single-digit g-values | x1 | x2...
1 0 +5.088012700e+02 +7.038512700e+02 +7.038512700e+02 +0.0000e+00 +0.0000e+00 +0.0000e+00 +0.0000e+00 +0.0000e+00
39 0 +4.003858916e+02 +5.954358916e+02 +5.954358916e+02 +4.6480e-03 -2.1539e+00 -4.2339e+00 -1.4730e-02 -3.1605e+00
50 0 +3.004444844e+02 +4.954944844e+02 +4.954944844e+02 -5.1782e-01 -1.3301e+00 -5.2638e+00 -2.4492e-01 -1.2644e+00
96 0 +2.913498124e+02 +4.863998124e+02 +4.863998124e+02 +1.2561e+00 -4.7669e-01 -2.3182e+00 +6.0375e-01 +3.5996e-01
104 0 +2.596559047e+02 +4.547059047e+02 +4.547059047e+02 +6.4502e-01 -1.0078e+00 -2.5027e+00 +7.1676e-02 +1.2029e-01
203 0 +1.671641372e+02 +3.622141372e+02 +3.622141372e+02 +1.0228e-01 -5.6231e-01 -2.6311e+00 -3.1352e-01 -1.1880e+00
299 0 +9.753848973e+01 +2.925884897e+02 +2.925884897e+02 +5.1901e-01 +1.7127e-01 -2.9340e+00 -3.6932e-01 -2.0549e+00
404 0 +9.342518011e+01 +2.884751801e+02 +2.884751801e+02 +1.1044e+00 -3.8017e-01 -2.4754e+00 -6.4626e-01 -1.4005e+00
424 0 +7.835925202e+01 +2.734092520e+02 +2.734092520e+02 +1.4026e+00 +3.9570e-01 -1.9874e+00 -6.9597e-01 -1.4640e+00
492 0 +7.592842870e+01 +2.709784287e+02 +2.709784287e+02 +1.3619e+00 +2.3479e-01 -1.4771e+00 -7.1802e-01 -1.2504e+00
523 0 +4.576632407e+01 +2.408163241e+02 +2.408163241e+02 +1.8231e+00 +1.7638e-01 -1.3790e+00 -4.8279e-01 -1.0388e+00
532 0 +4.540213386e+01 +2.404521339e+02 +2.404521339e+02 +1.1927e+00 -2.3075e-01 -2.3054e+00 -3.1874e-01 -1.4937e+00
663 0 +4.389422895e+01 +2.389442289e+02 +2.389442289e+02 +1.2157e+00 -2.3381e-02 -2.3518e+00 -5.3242e-01 -1.4404e+00
697 0 +1.539022565e+01 +2.104402256e+02 +2.104402256e+02 +1.3271e+00 +1.5571e-02 -1.8873e+00 -4.1073e-01 -1.2161e+00
1196 0 +7.790496936e+00 +2.028404969e+02 +2.028404969e+02 +1.0527e+00 -4.2326e-02 -2.3228e+00 -4.8030e-01 -1.4954e+00
1472 0 +7.470321422e+00 +2.025203214e+02 +2.025203214e+02 +1.3149e+00 +7.4090e-02 -1.9541e+00 -4.3196e-01 -1.2725e+00
1607 0 +7.366124363e+00 +2.024161244e+02 +2.024161244e+02 +1.2883e+00 +4.9990e-02 -1.9837e+00 -3.9166e-01 -1.2745e+00
1609 0 +5.187971569e+00 +2.002379716e+02 +2.002379716e+02 +1.2170e+00 +2.7380e-02 -2.0445e+00 -4.1949e-01 -1.3077e+00
1931 0 +4.847424783e+00 +1.998974248e+02 +1.998974248e+02 +1.4290e+00 +9.1769e-02 -1.7713e+00 -3.9299e-01 -1.1294e+00
2019 0 +4.120156568e+00 +1.991701566e+02 +1.991701566e+02 +1.3950e+00 +9.0854e-02 -1.8026e+00 -3.9524e-01 -1.1637e+00
2096 0 +3.965543324e+00 +1.990155433e+02 +1.990155433e+02 +1.3323e+00 +7.9351e-02 -1.8970e+00 -4.1842e-01 -1.2177e+00
2114 0 +3.138118951e+00 +1.981881190e+02 +1.981881190e+02 +1.3358e+00 +6.8217e-02 -1.9038e+00 -4.1372e-01 -1.2246e+00
2191 0 +3.070515564e+00 +1.981205156e+02 +1.981205156e+02 +1.3500e+00 +7.3514e-02 -1.8702e+00 -4.1273e-01 -1.2024e+00
2194 0 +2.951110342e+00 +1.980011103e+02 +1.980011103e+02 +1.3454e+00 +7.6399e-02 -1.8815e+00 -4.0984e-01 -1.2060e+00
2270 0 +2.790261062e+00 +1.978402611e+02 +1.978402611e+02 +1.3535e+00 +7.0842e-02 -1.8744e+00 -4.0381e-01 -1.2007e+00
2305 0 +2.659738757e+00 +1.977097388e+02 +1.977097388e+02 +1.3448e+00 +7.2166e-02 -1.8852e+00 -4.1001e-01 -1.2059e+00
2326 0 +2.576341031e+00 +1.976263410e+02 +1.976263410e+02 +1.3483e+00 +7.1874e-02 -1.8782e+00 -4.0550e-01 -1.2048e+00
2390 0 +2.545898112e+00 +1.975958981e+02 +1.975958981e+02 +1.3540e+00 +7.2723e-02 -1.8673e+00 -4.0759e-01 -1.1965e+00
2397 0 +2.279241570e+00 +1.973292416e+02 +1.973292416e+02 +1.3497e+00 +7.2188e-02 -1.8745e+00 -4.0728e-01 -1.2018e+00
2472 0 +2.232101898e+00 +1.972821019e+02 +1.972821019e+02 +1.3461e+00 +7.2419e-02 -1.8780e+00 -4.1010e-01 -1.2035e+00
2571 0 +2.104231393e+00 +1.971542314e+02 +1.971542314e+02 +1.3479e+00 +7.2821e-02 -1.8775e+00 -4.0997e-01 -1.2039e+00
2898 0 +2.081465803e+00 +1.971314658e+02 +1.971314658e+02 +1.3469e+00 +7.2508e-02 -1.8779e+00 -4.0923e-01 -1.2032e+00
2974 0 +2.015877875e+00 +1.970658779e+02 +1.970658779e+02 +1.3466e+00 +7.2458e-02 -1.8792e+00 -4.0921e-01 -1.2042e+00
3043 0 +1.992441101e+00 +1.970424411e+02 +1.970424411e+02 +1.3467e+00 +7.2618e-02 -1.8791e+00 -4.0955e-01 -1.2046e+00
3414 0 +1.949026000e+00 +1.969990260e+02 +1.969990260e+02 +1.3424e+00 +7.0674e-02 -1.8858e+00 -4.0960e-01 -1.2083e+00
4437 0 +1.905444504e+00 +1.969554445e+02 +1.969554445e+02 +1.3432e+00 +7.1123e-02 -1.8842e+00 -4.0976e-01 -1.2076e+00
6603 0 +1.901326710e+00 +1.969513267e+02 +1.969513267e+02 +1.3431e+00 +7.1073e-02 -1.8844e+00 -4.0976e-01 -1.2077e+00
% f evaluations | g evaluations | best noise-free fitness - Fopt (-2.144800000000e+02) + sum g_i+ | measured fitness | best measured fitness or single-digit g-values | x1 | x2...
1 0 +1.048917530e+03 +8.344375298e+02 +8.344375298e+02 +0.0000e+00 +0.0000e+00 +0.0000e+00 +0.0000e+00 +0.0000e+00
4 0 +5.505680326e+02 +3.360880326e+02 +3.360880326e+02 -1.5677e+00 +4.6178e+00 +1.5771e+00 -1.0964e-01 -4.6671e+00
14 0 +3.202637348e+02 +1.057837348e+02 +1.057837348e+02 -2.2009e+00 +1.6573e+00 +1.1239e+00 -2.9613e+00 -3.4392e+00
177 0 +1.681354752e+02 -4.634452480e+01 -4.634452480e+01 -1.8344e+00 +4.0968e+00 +6.0275e-01 -2.3867e+00 -1.1064e+00
258 0 +1.404763371e+02 -7.400366289e+01 -7.400366289e+01 -2.8466e+00 +2.8208e+00 +1.1147e+00 -3.1533e+00 -1.6855e+00
316 0 +1.363308108e+02 -7.814918923e+01 -7.814918923e+01 -2.9978e+00 +1.7227e+00 +2.0457e+00 -3.2625e+00 -2.3330e+00
329 0 +1.149733722e+02 -9.950662778e+01 -9.950662778e+01 -3.7939e+00 +2.3067e+00 +2.2060e+00 -3.1303e+00 -2.6321e+00
344 0 +9.565322051e+01 -1.188267795e+02 -1.188267795e+02 -2.5143e+00 +2.9729e+00 +1.5534e+00 -2.5996e+00 -2.4054e+00
396 0 +8.681060906e+01 -1.276693909e+02 -1.276693909e+02 -3.3459e+00 +2.5550e+00 +1.8114e+00 -3.1544e+00 -2.3460e+00
401 0 +8.334026541e+01 -1.311397346e+02 -1.311397346e+02 -3.8364e+00 +2.0815e+00 +2.0264e+00 -3.1777e+00 -2.2086e+00
425 0 +6.126873237e+01 -1.532112676e+02 -1.532112676e+02 -2.9722e+00 +2.8707e+00 +1.5337e+00 -2.8169e+00 -1.7491e+00
518 0 +5.925735730e+01 -1.552226427e+02 -1.552226427e+02 -1.4753e+00 +3.0479e+00 +1.0389e+00 -2.2025e+00 -1.9785e+00
522 0 +5.179633636e+01 -1.626836636e+02 -1.626836636e+02 -1.7074e+00 +3.0187e+00 +1.2961e+00 -2.3670e+00 -1.8439e+00
568 0 +5.126387598e+01 -1.632161240e+02 -1.632161240e+02 -9.2592e-01 +3.4469e+00 +7.4609e-01 -1.8978e+00 -1.8145e+00
646 0 +4.689578471e+01 -1.675842153e+02 -1.675842153e+02 -2.2140e+00 +3.4179e+00 +1.0608e+00 -2.3327e+00 -1.9785e+00
653 0 +4.429860569e+01 -1.701813943e+02 -1.701813943e+02 -2.5268e+00 +2.9657e+00 +1.4194e+00 -2.7214e+00 -1.7536e+00
677 0 +3.371652462e+01 -1.807634754e+02 -1.807634754e+02 -2.6816e+00 +2.8974e+00 +1.5647e+00 -2.7220e+00 -2.0387e+00
772 0 +3.106772313e+01 -1.834122769e+02 -1.834122769e+02 -1.5545e+00 +3.4840e+00 +1.0941e+00 -1.9851e+00 -1.8125e+00
833 0 +1.951317112e+01 -1.949668289e+02 -1.949668289e+02 -2.1158e+00 +3.0884e+00 +1.2575e+00 -2.3469e+00 -1.9604e+00
891 0 +1.911611356e+01 -1.953638864e+02 -1.953638864e+02 -2.0977e+00 +3.2061e+00 +1.2818e+00 -2.3417e+00 -1.8080e+00
928 0 +1.545400705e+01 -1.990259930e+02 -1.990259930e+02 -2.1238e+00 +3.3134e+00 +1.2198e+00 -2.2671e+00 -1.9099e+00
932 0 +1.395284224e+01 -2.005271578e+02 -2.005271578e+02 -2.3108e+00 +3.1104e+00 +1.2885e+00 -2.4891e+00 -1.8973e+00
956 0 +9.340437613e+00 -2.051395624e+02 -2.051395624e+02 -1.9920e+00 +3.3502e+00 +1.1465e+00 -2.2338e+00 -1.8772e+00
965 0 +6.467311527e+00 -2.080126885e+02 -2.080126885e+02 -2.2059e+00 +3.1775e+00 +1.2726e+00 -2.3873e+00 -1.8851e+00
1248 0 +6.319630406e+00 -2.081603696e+02 -2.081603696e+02 -1.7659e+00 +3.4355e+00 +1.0157e+00 -2.1360e+00 -1.8033e+00
1287 0 +4.250945610e+00 -2.102290544e+02 -2.102290544e+02 -1.8423e+00 +3.3538e+00 +1.0770e+00 -2.2054e+00 -1.8029e+00
1290 0 +4.009159016e+00 -2.104708410e+02 -2.104708410e+02 -1.7669e+00 +3.3716e+00 +1.0592e+00 -2.1783e+00 -1.8100e+00
1301 0 +3.089819359e+00 -2.113901806e+02 -2.113901806e+02 -1.8411e+00 +3.3547e+00 +1.0907e+00 -2.2063e+00 -1.8038e+00
1332 0 +3.018087796e+00 -2.114619122e+02 -2.114619122e+02 -1.8603e+00 +3.3385e+00 +1.0909e+00 -2.2025e+00 -1.8393e+00
1340 0 +2.670253491e+00 -2.118097465e+02 -2.118097465e+02 -1.8620e+00 +3.3325e+00 +1.0909e+00 -2.2101e+00 -1.8254e+00
1363 0 +2.619102490e+00 -2.118608975e+02 -2.118608975e+02 -1.8553e+00 +3.3587e+00 +1.0832e+00 -2.2017e+00 -1.8270e+00
1380 0 +2.376281813e+00 -2.121037182e+02 -2.121037182e+02 -1.8698e+00 +3.3566e+00 +1.0952e+00 -2.2065e+00 -1.8321e+00
1413 0 +2.050926389e+00 -2.124290736e+02 -2.124290736e+02 -1.8522e+00 +3.3466e+00 +1.1008e+00 -2.1995e+00 -1.8214e+00
1418 0 +1.936220157e+00 -2.125437798e+02 -2.125437798e+02 -1.8665e+00 +3.3506e+00 +1.1050e+00 -2.2111e+00 -1.8185e+00
1425 0 +1.762597703e+00 -2.127174023e+02 -2.127174023e+02 -1.8539e+00 +3.3551e+00 +1.0971e+00 -2.2072e+00 -1.8174e+00
1476 0 +1.531454977e+00 -2.129485450e+02 -2.129485450e+02 -1.8526e+00 +3.3600e+00 +1.0961e+00 -2.1989e+00 -1.8176e+00
1502 0 +1.508029266e+00 -2.129719707e+02 -2.129719707e+02 -1.8827e+00 +3.3274e+00 +1.1087e+00 -2.2171e+00 -1.8353e+00
1599 0 +1.185821501e+00 -2.132941785e+02 -2.132941785e+02 -1.8781e+00 +3.3377e+00 +1.1057e+00 -2.2115e+00 -1.8332e+00
1739 0 +8.438921100e-01 -2.136361079e+02 -2.136361079e+02 -1.8983e+00 +3.3254e+00 +1.1137e+00 -2.2250e+00 -1.8328e+00
1774 0 +7.737846697e-01 -2.137062153e+02 -2.137062153e+02 -1.9005e+00 +3.3264e+00 +1.1145e+00 -2.2273e+00 -1.8342e+00
1781 0 +6.565919823e-01 -2.138234080e+02 -2.138234080e+02 -1.8802e+00 +3.3343e+00 +1.1076e+00 -2.2187e+00 -1.8296e+00
2062 0 +6.150329524e-01 -2.138649670e+02 -2.138649670e+02 -1.8857e+00 +3.3302e+00 +1.1096e+00 -2.2203e+00 -1.8308e+00
2063 0 +5.715126211e-01 -2.139084874e+02 -2.139084874e+02 -1.8917e+00 +3.3281e+00 +1.1126e+00 -2.2244e+00 -1.8312e+00
2102 0 +4.377436470e-01 -2.140422564e+02 -2.140422564e+02 -1.8918e+00 +3.3297e+00 +1.1125e+00 -2.2234e+00 -1.8316e+00
2340 0 +4.207514715e-01 -2.140592485e+02 -2.140592485e+02 -1.8796e+00 +3.3364e+00 +1.1064e+00 -2.2167e+00 -1.8286e+00
2450 0 +4.083686333e-01 -2.140716314e+02 -2.140716314e+02 -1.8793e+00 +3.3375e+00 +1.1068e+00 -2.2160e+00 -1.8288e+00
2679 0 +3.733157206e-01 -2.141066843e+02 -2.141066843e+02 -1.8776e+00 +3.3372e+00 +1.1065e+00 -2.2155e+00 -1.8288e+00
2702 0 +3.504361049e-01 -2.141295639e+02 -2.141295639e+02 -1.8778e+00 +3.3370e+00 +1.1062e+00 -2.2152e+00 -1.8289e+00
2773 0 +3.419925666e-01 -2.141380074e+02 -2.141380074e+02 -1.8756e+00 +3.3379e+00 +1.1052e+00 -2.2145e+00 -1.8281e+00
2828 0 +3.360794376e-01 -2.141439206e+02 -2.141439206e+02 -1.8759e+00 +3.3381e+00 +1.1050e+00 -2.2143e+00 -1.8283e+00
2969 0 +3.302198152e-01 -2.141497802e+02 -2.141497802e+02 -1.8753e+00 +3.3384e+00 +1.1048e+00 -2.2140e+00 -1.8282e+00
2998 0 +3.186788882e-01 -2.141613211e+02 -2.141613211e+02 -1.8740e+00 +3.3395e+00 +1.1045e+00 -2.2134e+00 -1.8278e+00
3035 0 +3.127535946e-01 -2.141672464e+02 -2.141672464e+02 -1.8721e+00 +3.3403e+00 +1.1036e+00 -2.2123e+00 -1.8274e+00
3106 0 +3.010877649e-01 -2.141789122e+02 -2.141789122e+02 -1.8729e+00 +3.3399e+00 +1.1036e+00 -2.2129e+00 -1.8277e+00
3279 0 +2.825415010e-01 -2.141974585e+02 -2.141974585e+02 -1.8723e+00 +3.3404e+00 +1.1035e+00 -2.2125e+00 -1.8276e+00
3491 0 +2.783608977e-01 -2.142016391e+02 -2.142016391e+02 -1.8715e+00 +3.3408e+00 +1.1031e+00 -2.2120e+00 -1.8273e+00
3754 0 +2.739439962e-01 -2.142060560e+02 -2.142060560e+02 -1.8712e+00 +3.3409e+00 +1.1030e+00 -2.2118e+00 -1.8272e+00
3825 0 +2.688582814e-01 -2.142111417e+02 -2.142111417e+02 -1.8711e+00 +3.3409e+00 +1.1030e+00 -2.2119e+00 -1.8272e+00
4496 0 +2.629780197e-01 -2.142170220e+02 -2.142170220e+02 -1.8712e+00 +3.3409e+00 +1.1030e+00 -2.2119e+00 -1.8273e+00
5686 0 +2.625104663e-01 -2.142174895e+02 -2.142174895e+02 -1.8713e+00 +3.3409e+00 +1.1030e+00 -2.2119e+00 -1.8273e+00
% f evaluations | g evaluations | best noise-free fitness - Fopt (-4.590000000000e+01) + sum g_i+ | measured fitness | best measured fitness or single-digit g-values | x1 | x2...
1 0 +9.855133308e+02 +9.396133308e+02 +9.396133308e+02 +0.0000e+00 +0.0000e+00 +0.0000e+00 +0.0000e+00 +0.0000e+00
2 0 +8.399287878e+02 +7.940287878e+02 +7.940287878e+02 -6.2334e-01 -6.5453e-01 -2.0452e-01 -1.3434e+00 -4.8389e-01
15 0 +7.093283352e+02 +6.634283352e+02 +6.634283352e+02 -7.6339e-01 -2.8532e+00 -7.0334e-01 -1.2242e+00 -1.7252e+00
21 0 +5.710863993e+02 +5.251863993e+02 +5.251863993e+02 +5.8693e-02 -1.9003e+00 -2.2455e+00 -5.2345e-01 -2.5223e+00
62 0 +4.558395960e+02 +4.099395960e+02 +4.099395960e+02 +1.0811e+00 -2.6635e+00 +2.5758e-01 +2.5920e+00 -2.0882e+00
97 0 +4.347813843e+02 +3.888813843e+02 +3.888813843e+02 -8.5432e-01 -1.1455e+00 +7.3673e-01 -1.3209e+00 -2.3203e+00
115 0 +3.589093043e+02 +3.130093043e+02 +3.130093043e+02 +1.2900e+00 -1.4977e+00 -2.2707e-01 -3.2552e+00 -3.0247e+00
206 0 +3.023296981e+02 +2.564296981e+02 +2.564296981e+02 -7.2030e-01 -2.1829e+00 -1.1478e+00 -1.0830e+00 -3.6040e+00
209 0 +2.777931077e+02 +2.318931077e+02 +2.318931077e+02 -1.3783e-03 -1.3680e+00 -3.5261e-01 +2.8202e-01 -2.8734e+00
213 0 +2.294877373e+02 +1.835877373e+02 +1.835877373e+02 +1.0495e+00 -2.6457e+00 +7.2908e-01 +2.3779e+00 -3.2313e+00
226 0 +8.276959781e+01 +3.686959781e+01 +3.686959781e+01 +4.7953e-01 -1.6258e+00 +1.8339e-02 +1.1267e-01 -4.2197e+00
392 0 +5.090165231e+01 +5.001652305e+00 +5.001652305e+00 +3.1566e-01 -1.9363e+00 +2.2508e-01 +2.0760e+00 -3.7763e+00
630 0 +4.928059497e+01 +3.380594972e+00 +3.380594972e+00 +3.2133e-01 -1.9276e+00 +3.7036e-01 +2.4675e+00 -3.9093e+00
692 0 +4.372052448e+01 -2.179475519e+00 -2.179475519e+00 +3.5340e-01 -2.1107e+00 +4.5479e-01 +2.5184e+00 -3.7575e+00
755 0 +3.677398750e+01 -9.126012499e+00 -9.126012499e+00 +3.6995e-02 -1.9725e+00 +4.7965e-01 +2.6448e+00 -3.8047e+00
896 0 +3.501940831e+01 -1.088059169e+01 -1.088059169e+01 +3.0891e-01 -2.1031e+00 +5.3086e-01 +2.6597e+00 -3.7524e+00
901 0 +3.053479160e+01 -1.536520840e+01 -1.536520840e+01 +2.7335e-01 -2.0222e+00 +4.7000e-01 +2.4990e+00 -3.7348e+00
1072 0 +2.804503684e+01 -1.785496316e+01 -1.785496316e+01 +3.1222e-01 -2.0028e+00 +4.7194e-01 +2.5506e+00 -3.7728e+00
1089 0 +2.663267791e+01 -1.926732209e+01 -1.926732209e+01 +1.8760e-01 -1.9811e+00 +5.1623e-01 +2.2278e+00 -3.8436e+00
1114 0 +2.520230347e+01 -2.069769653e+01 -2.069769653e+01 +1.1691e-01 -1.9975e+00 +4.4202e-01 +2.4170e+00 -3.7820e+00
1128 0 +1.608610252e+01 -2.981389748e+01 -2.981389748e+01 +2.0375e-01 -1.9923e+00 +4.4684e-01 +2.2610e+00 -3.8130e+00
1194 0 +1.545412668e+01 -3.044587332e+01 -3.044587332e+01 +1.2843e-01 -1.9264e+00 +3.0288e-01 +1.7768e+00 -3.8601e+00
1227 0 +1.386928711e+01 -3.203071289e+01 -3.203071289e+01 +1.3207e-01 -1.8570e+00 +2.7428e-01 +1.6799e+00 -3.8652e+00
1254 0 +1.019084833e+01 -3.570915167e+01 -3.570915167e+01 +1.1703e-01 -1.8405e+00 +2.7224e-01 +1.5108e+00 -3.8662e+00
1322 0 +9.874099341e+00 -3.602590066e+01 -3.602590066e+01 +1.2420e-01 -1.8470e+00 +1.9753e-01 +1.2805e+00 -3.8936e+00
1365 0 +9.620648026e+00 -3.627935197e+01 -3.627935197e+01 +1.3370e-01 -1.8771e+00 +2.8388e-01 +1.5816e+00 -3.8976e+00
1424 0 +8.121119348e+00 -3.777888065e+01 -3.777888065e+01 +1.2862e-01 -1.8335e+00 +2.6987e-01 +1.3552e+00 -3.8980e+00
1466 0 +7.925358953e+00 -3.797464105e+01 -3.797464105e+01 +3.8510e-02 -1.7601e+00 +1.2585e-01 +7.8869e-01 -3.9309e+00
1538 0 +6.545636327e+00 -3.935436367e+01 -3.935436367e+01 +1.1123e-01 -1.7524e+00 +1.3427e-01 +6.5725e-01 -3.9413e+00
1628 0 +3.866942318e+00 -4.203305768e+01 -4.203305768e+01 +8.8566e-02 -1.7275e+00 +8.5659e-02 +5.6904e-01 -3.9588e+00
1650 0 +3.405084957e+00 -4.249491504e+01 -4.249491504e+01 +8.0055e-02 -1.7247e+00 +6.9018e-02 +5.5102e-01 -3.9533e+00
1733 0 +1.819760492e+00 -4.408023951e+01 -4.408023951e+01 +6.1060e-02 -1.7156e+00 +5.0857e-02 +4.2735e-01 -3.9658e+00
1736 0 +1.404387853e+00 -4.449561215e+01 -4.449561215e+01 +6.6194e-02 -1.7160e+00 +5.3954e-02 +4.0994e-01 -3.9626e+00
1802 0 +9.121754274e-01 -4.498782457e+01 -4.498782457e+01 +5.6201e-02 -1.6906e+00 +2.5948e-02 +2.6830e-01 -3.9697e+00
1901 0 +7.696781167e-01 -4.513032188e+01 -4.513032188e+01 +4.9619e-02 -1.6852e+00 +1.2090e-02 +2.1931e-01 -3.9779e+00
1998 0 +2.311624775e-01 -4.566883752e+01 -4.566883752e+01 +3.6907e-02 -1.6620e+00 -2.1588e-02 +5.2848e-02 -3.9875e+00
2344 0 +7.225320474e-02 -4.582774680e+01 -4.582774680e+01 +3.7062e-02 -1.6633e+00 -2.0531e-02 +5.9112e-02 -3.9859e+00
2747 0 +5.905517439e-02 -4.584094483e+01 -4.584094483e+01 +3.6451e-02 -1.6624e+00 -2.1535e-02 +5.2589e-02 -3.9865e+00
2813 0 +5.588924118e-02 -4.584411076e+01 -4.584411076e+01 +3.6396e-02 -1.6628e+00 -2.1107e-02 +5.6597e-02 -3.9864e+00
2945 0 +4.415789749e-02 -4.585584210e+01 -4.585584210e+01 +3.6639e-02 -1.6626e+00 -2.1469e-02 +5.3972e-02 -3.9866e+00
3026 0 +3.542439030e-02 -4.586457561e+01 -4.586457561e+01 +3.6458e-02 -1.6621e+00 -2.2030e-02 +5.0919e-02 -3.9867e+00
3262 0 +3.133565406e-02 -4.586866435e+01 -4.586866435e+01 +3.6385e-02 -1.6618e+00 -2.2486e-02 +4.8859e-02 -3.9869e+00
3272 0 +2.490195128e-02 -4.587509805e+01 -4.587509805e+01 +3.6207e-02 -1.6618e+00 -2.2390e-02 +4.9424e-02 -3.9869e+00
3372 0 +1.036351448e-02 -4.588963649e+01 -4.588963649e+01 +3.6330e-02 -1.6620e+00 -2.2184e-02 +5.0534e-02 -3.9868e+00
3836 0 +9.729715896e-03 -4.589027028e+01 -4.589027028e+01 +3.6325e-02 -1.6620e+00 -2.2097e-02 +5.0917e-02 -3.9867e+00
4201 0 +8.912166714e-03 -4.589108783e+01 -4.589108783e+01 +3.6311e-02 -1.6621e+00 -2.2081e-02 +5.0960e-02 -3.9867e+00
4218 0 +7.676139360e-03 -4.589232386e+01 -4.589232386e+01 +3.6342e-02 -1.6621e+00 -2.2042e-02 +5.1185e-02 -3.9867e+00
4324 0 +7.268566943e-03 -4.589273143e+01 -4.589273143e+01 +3.6354e-02 -1.6621e+00 -2.2036e-02 +5.1149e-02 -3.9867e+00
4411 0 +6.912209008e-03 -4.589308779e+01 -4.589308779e+01 +3.6340e-02 -1.6621e+00 -2.2060e-02 +5.1096e-02 -3.9867e+00
4426 0 +6.038644954e-03 -4.589396136e+01 -4.589396136e+01 +3.6366e-02 -1.6621e+00 -2.2039e-02 +5.1187e-02 -3.9867e+00
4628 0 +4.951547462e-03 -4.589504845e+01 -4.589504845e+01 +3.6361e-02 -1.6621e+00 -2.2039e-02 +5.1198e-02 -3.9867e+00
5026 0 +4.880722798e-03 -4.589511928e+01 -4.589511928e+01 +3.6358e-02 -1.6621e+00 -2.2029e-02 +5.1237e-02 -3.9867e+00
5088 0 +4.684551207e-03 -4.589531545e+01 -4.589531545e+01 +3.6365e-02 -1.6621e+00 -2.2026e-02 +5.1260e-02 -3.9867e+00
5243 0 +4.580110240e-03 -4.589541989e+01 -4.589541989e+01 +3.6364e-02 -1.6621e+00 -2.2019e-02 +5.1289e-02 -3.9867e+00
5581 0 +4.466824717e-03 -4.589553318e+01 -4.589553318e+01 +3.6368e-02 -1.6621e+00 -2.2014e-02 +5.1317e-02 -3.9867e+00
5989 0 +4.460716872e-03 -4.589553928e+01 -4.589553928e+01 +3.6368e-02 -1.6621e+00 -2.2014e-02 +5.1311e-02 -3.9867e+00
