% f evaluations | g evaluations | best noise-free fitness - Fopt (2.997000000000e+01) + sum g_i+ | measured fitness | best measured fitness or single-digit g-values | x1 | x2...
1 0 +7.202573670e+02 +7.502273670e+02 +7.502273670e+02 +0.0000e+00 +0.0000e+00 +0.0000e+00
3 0 +7.053703692e+02 +7.353403692e+02 +7.353403692e+02 +1.6969e+00 +3.1378e+00 -2.6477e+00
9 0 +3.868623126e+02 +4.168323126e+02 +4.168323126e+02 -2.3517e-01 +2.4436e+00 -4.0703e+00
11 0 +1.994559534e+02 +2.294259534e+02 +2.294259534e+02 -5.7003e-01 +1.6719e+00 -6.5239e+00
63 0 +9.448837557e+01 +1.244583756e+02 +1.244583756e+02 +1.6268e-01 -7.3324e-01 -3.8590e+00
70 0 +6.820910457e+01 +9.817910457e+01 +9.817910457e+01 +4.0188e-01 -6.3466e-01 -4.8093e+00
71 0 +6.538948359e+01 +9.535948359e+01 +9.535948359e+01 +9.9444e-01 -2.0865e+00 -3.8730e+00
111 0 +5.525807877e+01 +8.522807877e+01 +8.522807877e+01 +9.2885e-01 -1.5467e+00 -4.0849e+00
150 0 +5.017084548e+01 +8.014084548e+01 +8.014084548e+01 +7.7098e-01 -1.7790e+00 -3.3411e+00
158 0 +3.891802690e+01 +6.888802690e+01 +6.888802690e+01 +1.4949e+00 -2.2709e+00 -3.0738e+00
196 0 +3.022158468e+01 +6.019158468e+01 +6.019158468e+01 +1.0392e+00 -2.1600e+00 -3.5095e+00
220 0 +1.925261726e+01 +4.922261726e+01 +4.922261726e+01 +1.3760e+00 -2.3179e+00 -3.1386e+00
299 0 +9.999788943e+00 +3.996978894e+01 +3.996978894e+01 +9.5630e-01 -1.8045e+00 -3.4918e+00
313 0 +6.174352412e+00 +3.614435241e+01 +3.614435241e+01 +8.8327e-01 -1.7522e+00 -3.6714e+00
558 0 +5.322221763e+00 +3.529222176e+01 +3.529222176e+01 +1.2461e+00 -2.2798e+00 -3.1638e+00
566 0 +3.920248327e+00 +3.389024833e+01 +3.389024833e+01 +1.1388e+00 -2.0809e+00 -3.3066e+00
597 0 +3.826588760e+00 +3.379658876e+01 +3.379658876e+01 +1.1873e+00 -2.1532e+00 -3.2673e+00
673 0 +3.028832919e+00 +3.299883292e+01 +3.299883292e+01 +1.1334e+00 -2.0994e+00 -3.3245e+00
685 0 +2.170749489e+00 +3.214074949e+01 +3.214074949e+01 +1.1387e+00 -2.1029e+00 -3.3115e+00
748 0 +1.413211814e+00 +3.138321181e+01 +3.138321181e+01 +1.0513e+00 -1.9663e+00 -3.4345e+00
777 0 +1.171089755e+00 +3.114108976e+01 +3.114108976e+01 +1.0131e+00 -1.9016e+00 -3.4847e+00
815 0 +1.080780855e+00 +3.105078085e+01 +3.105078085e+01 +1.0054e+00 -1.9039e+00 -3.4826e+00
829 0 +6.908667336e-01 +3.066086673e+01 +3.066086673e+01 +9.9236e-01 -1.8747e+00 -3.5072e+00
1279 0 +6.462659575e-01 +3.061626596e+01 +3.061626596e+01 +1.0241e+00 -1.9268e+00 -3.4650e+00
1296 0 +5.955658507e-01 +3.056556585e+01 +3.056556585e+01 +1.0239e+00 -1.9249e+00 -3.4642e+00
1351 0 +5.503212183e-01 +3.052032122e+01 +3.052032122e+01 +1.0235e+00 -1.9244e+00 -3.4650e+00
1379 0 +4.778874172e-01 +3.044788742e+01 +3.044788742e+01 +1.0213e+00 -1.9218e+00 -3.4682e+00
1703 0 +4.485371735e-01 +3.041853717e+01 +3.041853717e+01 +1.0183e+00 -1.9173e+00 -3.4721e+00
1743 0 +4.458819424e-01 +3.041588194e+01 +3.041588194e+01 +1.0175e+00 -1.9162e+00 -3.4731e+00
2398 0 +4.364801567e-01 +3.040648016e+01 +3.040648016e+01 +1.0177e+00 -1.9164e+00 -3.4728e+00
3844 0 +4.355627920e-01 +3.040556279e+01 +3.040556279e+01 +1.0179e+00 -1.9167e+00 -3.4725e+00
% f evaluations | g evaluations | best noise-free fitness - Fopt (-5.171000000000e+01) + sum g_i+ | measured fitness | best measured fitness or single-digit g-values | x1 | x2...
1 0 +9.345492948e+02 +8.828392948e+02 +8.828392948e+02 +0.0000e+00 +0.0000e+00 +0.0000e+00
4 0 +4.332765321e+02 +3.815665321e+02 +3.815665321e+02 -2.8872e+00 +4.1221e+00 -2.0097e+00
6 0 +2.397261861e+02 +1.880161861e+02 +1.880161861e+02 +6.2771e-01 +3.5497e+00 -2.2759e+00
90 0 +2.268665797e+02 +1.751565797e+02 +1.751565797e+02 +5.0054e+00 +1.3918e+00 -1.8311e+00
95 0 +2.191867518e+02 +1.674767518e+02 +1.674767518e+02 +2.3019e+00 +3.5541e+00 -2.5704e+00
97 0 +1.479904955e+02 +9.628049549e+01 +9.628049549e+01 +1.6763e+00 +3.2223e+00 -2.6326e+00
99 0 +5.369605171e+01 +1.986051707e+00 +1.986051707e+00 +8.1259e-01 +3.8978e+00 -3.7656e+00
100 0 +3.412107679e+01 -1.758892321e+01 -1.758892321e+01 +1.1561e+00 +3.7550e+00 -3.3601e+00
350 0 +2.008560271e+01 -3.162439729e+01 -3.162439729e+01 +2.1144e+00 +3.2716e+00 -3.3201e+00
378 0 +1.142340586e+01 -4.028659414e+01 -4.028659414e+01 +2.2267e+00 +3.2722e+00 -3.4268e+00
440 0 +7.347337189e+00 -4.436266281e+01 -4.436266281e+01 +3.0345e+00 +2.9584e+00 -3.3003e+00
527 0 +1.985320877e+00 -4.972467912e+01 -4.972467912e+01 +2.1722e+00 +3.3239e+00 -3.4133e+00
1059 0 +1.623801677e+00 -5.008619832e+01 -5.008619832e+01 +3.3010e+00 +2.8183e+00 -3.2876e+00
1069 0 +1.427729930e+00 -5.028227007e+01 -5.028227007e+01 +3.2291e+00 +2.8454e+00 -3.2897e+00
1268 0 +1.376029892e+00 -5.033397011e+01 -5.033397011e+01 +2.9574e+00 +2.9778e+00 -3.3245e+00
1401 0 +1.182727394e+00 -5.052727261e+01 -5.052727261e+01 +2.8598e+00 +3.0182e+00 -3.3387e+00
1433 0 +7.852721459e-01 -5.092472785e+01 -5.092472785e+01 +2.7348e+00 +3.0766e+00 -3.3472e+00
1451 0 +6.403484035e-01 -5.106965160e+01 -5.106965160e+01 +2.7605e+00 +3.0593e+00 -3.3408e+00
1755 0 +5.617585956e-01 -5.114824140e+01 -5.114824140e+01 +2.6062e+00 +3.1343e+00 -3.3621e+00
1756 0 +4.160783122e-01 -5.129392169e+01 -5.129392169e+01 +2.5912e+00 +3.1367e+00 -3.3621e+00
1801 0 +3.462115693e-01 -5.136378843e+01 -5.136378843e+01 +2.6013e+00 +3.1352e+00 -3.3616e+00
1836 0 +5.183989136e-02 -5.165816011e+01 -5.165816011e+01 +2.6499e+00 +3.1119e+00 -3.3566e+00
2290 0 +1.596743827e-02 -5.169403256e+01 -5.169403256e+01 +2.6507e+00 +3.1116e+00 -3.3563e+00
2756 0 +7.816710062e-03 -5.170218329e+01 -5.170218329e+01 +2.6416e+00 +3.1157e+00 -3.3573e+00
3402 0 +4.445476021e-03 -5.170555452e+01 -5.170555452e+01 +2.6367e+00 +3.1179e+00 -3.3579e+00
3511 0 +3.612817982e-03 -5.170638718e+01 -5.170638718e+01 +2.6365e+00 +3.1180e+00 -3.3579e+00
3651 0 +2.675854872e-03 -5.170732415e+01 -5.170732415e+01 +2.6369e+00 +3.1179e+00 -3.3579e+00
3852 0 +2.466359442e-03 -5.170753364e+01 -5.170753364e+01 +2.6372e+00 +3.1177e+00 -3.3578e+00
4165 0 +2.108459937e-03 -5.170789154e+01 -5.170789154e+01 +2.6373e+00 +3.1177e+00 -3.3578e+00
4395 0 +1.993076322e-03 -5.170800692e+01 -5.170800692e+01 +2.6377e+00 +3.1175e+00 -3.3578e+00
4868 0 +1.931899843e-03 -5.170806810e+01 -5.170806810e+01 +2.6378e+00 +3.1175e+00 -3.3578e+00
5121 0 +1.925993296e-03 -5.170807401e+01 -5.170807401e+01 +2.6377e+00 +3.1175e+00 -3.3578e+00
% f evaluations | g evaluations | best noise-free fitness - Fopt (-2.799500000000e+02) + sum g_i+ | measured fitness | best measured fitness or single-digit g-values | x1 | x2...
1 0 +1.696773180e+03 +1.416823180e+03 +1.416823180e+03 +0.0000e+00 +0.0000e+00 +0.0000e+00
2 0 +1.584212667e+03 +1.304262667e+03 +1.304262667e+03 +3.9336e+00 -1.5583e+00 -4.2030e-01
6 0 +8.586532735e+02 +5.787032735e+02 +5.787032735e+02 +1.9245e+00 -1.7015e+00 +3.6029e+00
12 0 +7.881358820e+02 +5.081858820e+02 +5.081858820e+02 -1.2090e-01 -3.2897e+00 +5.6590e-01
14 0 +6.245278915e+02 +3.445778915e+02 +3.445778915e+02 -1.0902e+00 -1.5236e+00 +4.1488e+00
16 0 +5.998813324e+02 +3.199313324e+02 +3.199313324e+02 +2.9262e+00 -4.1606e+00 +2.4835e+00
20 0 +5.367171615e+02 +2.567671615e+02 +2.567671615e+02 +9.2312e-01 -4.1662e+00 +1.2923e+00
25 0 +2.974943368e+02 +1.754433684e+01 +1.754433684e+01 -1.9092e-01 -4.4340e+00 +3.4614e+00
32 0 +1.804268087e+02 -9.952319134e+01 -9.952319134e+01 -9.1419e-01 -5.3664e+00 +1.0455e+00
34 0 +5.220983508e+01 -2.277401649e+02 -2.277401649e+02 -3.5053e+00 -4.1160e+00 +3.3624e+00
214 0 +4.452737297e+01 -2.354226270e+02 -2.354226270e+02 -2.7499e+00 -4.3971e+00 +2.6290e+00
222 0 +4.208064455e+01 -2.378693555e+02 -2.378693555e+02 -2.4379e+00 -4.6843e+00 +2.4907e+00
275 0 +2.787888143e+01 -2.520711186e+02 -2.520711186e+02 -3.5974e+00 -3.8358e+00 +3.3004e+00
276 0 +1.956867598e+01 -2.603813240e+02 -2.603813240e+02 -3.9330e+00 -3.5044e+00 +3.8193e+00
302 0 +1.110289801e+01 -2.688471020e+02 -2.688471020e+02 -3.1437e+00 -4.3604e+00 +2.7495e+00
376 0 +3.628534060e+00 -2.763214659e+02 -2.763214659e+02 -3.2443e+00 -4.3051e+00 +2.8527e+00
538 0 +1.170282636e+00 -2.787797174e+02 -2.787797174e+02 -3.7000e+00 -3.8824e+00 +3.3637e+00
1857 0 +1.144875511e+00 -2.788051245e+02 -2.788051245e+02 -3.2599e+00 -4.2777e+00 +2.8955e+00
4194 0 +1.128582731e+00 -2.788214173e+02 -2.788214173e+02 -3.2597e+00 -4.2777e+00 +2.8954e+00
% f evaluations | g evaluations | best noise-free fitness - Fopt (9.319900000000e+02) + sum g_i+ | measured fitness | best measured fitness or single-digit g-values | x1 | x2...
1 0 +3.905578211e+02 +1.322547821e+03 +1.322547821e+03 +0.0000e+00 +0.0000e+00 +0.0000e+00
12 0 +1.345542691e+02 +1.066544269e+03 +1.066544269e+03 +1.2082e+00 -3.1296e-01 +2.1657e+00
43 0 +7.585426831e+01 +1.007844268e+03 +1.007844268e+03 +5.8806e-01 -1.5372e-01 +3.0856e+00
120 0 +5.754823167e+01 +9.895382317e+02 +9.895382317e+02 +1.6015e+00 +1.9943e+00 +2.8537e+00
126 0 +2.625640628e+01 +9.582464063e+02 +9.582464063e+02 +1.4361e+00 +1.3741e+00 +2.8632e+00
213 0 +2.083014257e+01 +9.528201426e+02 +9.528201426e+02 +1.1845e+00 +3.3109e-01 +3.0044e+00
223 0 +1.914418447e+01 +9.511341845e+02 +9.511341845e+02 +1.7659e+00 +1.8598e+00 +2.7754e+00
250 0 +1.700432116e+01 +9.489943212e+02 +9.489943212e+02 +1.6878e+00 +1.5825e+00 +2.8029e+00
310 0 +1.686794517e+01 +9.488579452e+02 +9.488579452e+02 +1.6589e+00 +1.6089e+00 +2.5900e+00
332 0 +1.541491035e+01 +9.474049104e+02 +9.474049104e+02 +1.5120e+00 +1.4290e+00 +2.8236e+00
333 0 +1.421414698e+01 +9.462041470e+02 +9.462041470e+02 +1.5558e+00 +1.4848e+00 +2.6885e+00
348 0 +9.562567374e+00 +9.415525674e+02 +9.415525674e+02 +1.4852e+00 +1.1905e+00 +2.7539e+00
453 0 +8.225490896e+00 +9.402154909e+02 +9.402154909e+02 +1.2271e+00 +6.6932e-01 +3.0636e+00
474 0 +5.963570013e+00 +9.379535700e+02 +9.379535700e+02 +1.2833e+00 +7.7768e-01 +3.0185e+00
479 0 +3.341961786e+00 +9.353319618e+02 +9.353319618e+02 +1.3885e+00 +9.8273e-01 +2.9286e+00
494 0 +1.753735465e+00 +9.337437355e+02 +9.337437355e+02 +1.3238e+00 +8.6669e-01 +2.9294e+00
918 0 +1.646145509e+00 +9.336361455e+02 +9.336361455e+02 +1.1548e+00 +4.5270e-01 +3.0563e+00
979 0 +1.574837870e+00 +9.335648379e+02 +9.335648379e+02 +1.1574e+00 +4.6218e-01 +3.0528e+00
1208 0 +1.547603539e+00 +9.335376035e+02 +9.335376035e+02 +1.1451e+00 +4.3133e-01 +3.0601e+00
1325 0 +1.510207285e+00 +9.335002073e+02 +9.335002073e+02 +1.1456e+00 +4.3241e-01 +3.0591e+00
3564 0 +1.492383883e+00 +9.334823839e+02 +9.334823839e+02 +1.1448e+00 +4.3021e-01 +3.0600e+00
% f evaluations | g evaluations | best noise-free fitness - Fopt (1.133100000000e+02) + sum g_i+ | measured fitness | best measured fitness or single-digit g-values | x1 | x2...
1 0 +7.209444707e+02 +8.342544707e+02 +8.342544707e+02 +0.0000e+00 +0.0000e+00 +0.0000e+00
5 0 +6.897452233e+02 +8.030552233e+02 +8.030552233e+02 +1.1402e-01 +7.5370e-01 -5.9438e-01
8 0 +6.381682962e+02 +7.514782962e+02 +7.514782962e+02 -1.9019e+00 +1.5263e+00 +4.1399e+00
10 0 +3.912184381e+02 +5.045284381e+02 +5.045284381e+02 +6.5392e-01 -6.2339e-01 +4.1416e+00
16 0 +3.882716119e+02 +5.015816119e+02 +5.015816119e+02 +2.3809e+00 -6.8125e-01 +1.1925e+00
29 0 +2.972609111e+02 +4.105709111e+02 +4.105709111e+02 +1.2563e+00 +4.7989e-01 +2.0066e+00
30 0 +2.941753348e+02 +4.074853348e+02 +4.074853348e+02 +2.1648e+00 -7.7719e-01 +2.9092e+00
34 0 +1.272979221e+02 +2.406079221e+02 +2.406079221e+02 +1.8560e+00 +4.9768e-01 +3.1501e+00
40 0 +1.004522197e+02 +2.137622197e+02 +2.137622197e+02 +1.8822e+00 +2.5119e+00 +2.2134e+00
51 0 +8.461060278e+01 +1.979206028e+02 +1.979206028e+02 +2.6298e+00 +2.5003e+00 +3.8835e-01
55 0 +1.378346875e+01 +1.270934688e+02 +1.270934688e+02 +2.0718e+00 +2.2196e+00 +1.5970e+00
161 0 +1.059892919e+01 +1.239089292e+02 +1.239089292e+02 +2.1989e+00 +3.2758e+00 +3.3168e-01
295 0 +7.619777053e+00 +1.209297771e+02 +1.209297771e+02 +2.0943e+00 +3.0633e+00 +7.6427e-01
339 0 +6.133171003e+00 +1.194431710e+02 +1.194431710e+02 +2.1842e+00 +3.4839e+00 +1.8162e-01
353 0 +1.482688302e+00 +1.147926883e+02 +1.147926883e+02 +2.1264e+00 +3.1625e+00 +5.8823e-01
723 0 +7.870652768e-01 +1.140970653e+02 +1.140970653e+02 +2.1259e+00 +2.9990e+00 +7.4141e-01
785 0 +6.148791896e-01 +1.139248792e+02 +1.139248792e+02 +2.1264e+00 +3.0474e+00 +6.9883e-01
1003 0 +5.565056208e-01 +1.138665056e+02 +1.138665056e+02 +2.1253e+00 +3.0086e+00 +7.3781e-01
1021 0 +3.182073384e-01 +1.136282073e+02 +1.136282073e+02 +2.1295e+00 +3.0485e+00 +6.9246e-01
1091 0 +3.003411976e-01 +1.136103412e+02 +1.136103412e+02 +2.1316e+00 +3.0931e+00 +6.4670e-01
4887 0 +3.003411976e-01 +1.136103412e+02 +1.136103412e+02 +2.1316e+00 +3.0931e+00 +6.4670e-01
% f evaluations | g evaluations | best noise-free fitness - Fopt (2.849000000000e+01) + sum g_i+ | measured fitness | best measured fitness or single-digit g-values | x1 | x2...
1 0 +2.423916500e+02 +2.708816500e+02 +2.708816500e+02 +0.0000e+00 +0.0000e+00 +0.0000e+00
33 0 +2.073235559e+02 +2.358135559e+02 +2.358135559e+02 -1.4631e+00 +6.4036e-04 +3.3473e-01
44 0 +5.651684853e+01 +8.500684853e+01 +8.500684853e+01 -5.5613e-01 -1.3427e+00 +3.7803e-01
122 0 +3.826414079e+01 +6.675414079e+01 +6.675414079e+01 +1.5411e-01 -1.8320e+00 +2.2623e-01
130 0 +3.546803934e+01 +6.395803934e+01 +6.395803934e+01 -6.7573e-01 -1.6805e+00 +6.4948e-02
161 0 +2.673065409e+01 +5.522065409e+01 +5.522065409e+01 -2.2393e+00 -2.5542e+00 -2.7072e-01
182 0 +2.563026859e+01 +5.412026859e+01 +5.412026859e+01 -9.1841e-01 -1.8997e+00 +4.6103e-03
214 0 +1.999799291e+01 +4.848799291e+01 +4.848799291e+01 +7.1193e-02 -1.3517e+00 +3.0406e-01
238 0 +1.355603663e+01 +4.204603663e+01 +4.204603663e+01 -1.0127e+00 -1.9603e+00 +8.2227e-02
331 0 +1.177996475e+01 +4.026996475e+01 +4.026996475e+01 -1.8590e+00 -2.4709e+00 -1.9014e-01
451 0 +1.158788029e+01 +4.007788029e+01 +4.007788029e+01 -1.8143e+00 -2.4460e+00 -1.8054e-01
456 0 +8.656500322e+00 +3.714650032e+01 +3.714650032e+01 -1.7116e+00 -2.4843e+00 -1.7253e-01
497 0 +8.425386525e+00 +3.691538652e+01 +3.691538652e+01 -1.7417e+00 -2.4454e+00 -1.7103e-01
518 0 +6.646431304e+00 +3.513643130e+01 +3.513643130e+01 -1.6120e+00 -2.4136e+00 -1.4248e-01
631 0 +6.225592307e+00 +3.471559231e+01 +3.471559231e+01 -1.4619e+00 -2.3490e+00 -1.0027e-01
644 0 +4.583990901e+00 +3.307399090e+01 +3.307399090e+01 -1.5716e+00 -2.3786e+00 -1.2081e-01
700 0 +4.308761888e+00 +3.279876189e+01 +3.279876189e+01 -1.3832e+00 -2.2769e+00 -7.7884e-02
709 0 +4.030827986e+00 +3.252082799e+01 +3.252082799e+01 -1.3996e+00 -2.2704e+00 -7.7121e-02
735 0 +2.987711627e+00 +3.147771163e+01 +3.147771163e+01 -1.3454e+00 -2.2548e+00 -6.3742e-02
3473 0 +2.987711627e+00 +3.147771163e+01 +3.147771163e+01 -1.3454e+00 -2.2548e+00 -6.3742e-02
% f evaluations | g evaluations | best noise-free fitness - Fopt (-7.405800000000e+02) + sum g_i+ | measured fitness | best measured fitness or single-digit g-values | x1 | x2...
1 0 +7.159750687e+02 -2.460493128e+01 -2.460493128e+01 +0.0000e+00 +0.0000e+00 +0.0000e+00
2 0 +4.950411115e+02 -2.455388885e+02 -2.455388885e+02 -4.1718e+00 -5.4649e-01 +3.1991e+00
8 0 +2.726333299e+02 -4.679466701e+02 -4.679466701e+02 -2.8532e+00 +1.0382e+00 -1.1853e+00
9 0 +2.325961986e+02 -5.079838014e+02 -5.079838014e+02 -9.7620e-01 +1.1515e+00 -2.3007e+00
28 0 +1.817084949e+02 -5.588715051e+02 -5.588715051e+02 -1.4465e+00 +9.3668e-01 -3.3059e+00
29 0 +1.477331544e+02 -5.928468456e+02 -5.928468456e+02 -4.0590e+00 -3.2832e-02 -4.5980e-02
85 0 +1.193219418e+02 -6.212580582e+02 -6.212580582e+02 -3.5032e-01 +6.0245e-01 -3.5305e+00
93 0 +1.154892144e+02 -6.250907856e+02 -6.250907856e+02 -1.7787e+00 +4.8981e-01 -2.9336e+00
113 0 +9.351838496e+01 -6.470616150e+02 -6.470616150e+02 -2.5244e+00 -3.9258e-01 -1.2827e+00
120 0 +8.557475832e+01 -6.550052417e+02 -6.550052417e+02 -8.6761e-01 +2.2212e-01 -3.1567e+00
121 0 +5.134716216e+01 -6.892328378e+02 -6.892328378e+02 -1.9157e+00 +1.9044e-01 -2.5502e+00
163 0 +4.970281082e+01 -6.908771892e+02 -6.908771892e+02 -1.5670e+00 -1.8604e-01 -2.7924e+00
166 0 +2.601048424e+01 -7.145695158e+02 -7.145695158e+02 -3.2031e+00 -3.2408e-01 -1.0127e+00
359 0 +2.392656466e+01 -7.166534353e+02 -7.166534353e+02 -2.6059e+00 -1.7173e-01 -1.6041e+00
417 0 +2.013732497e+01 -7.204426750e+02 -7.204426750e+02 -1.8919e+00 -1.5705e-01 -2.5204e+00
422 0 +1.486179447e+01 -7.257182055e+02 -7.257182055e+02 -2.0758e+00 -3.6369e-02 -2.2871e+00
446 0 +1.325870572e+01 -7.273212943e+02 -7.273212943e+02 -2.1652e+00 -1.7209e-01 -2.3168e+00
456 0 +6.123069112e+00 -7.344569309e+02 -7.344569309e+02 -2.1262e+00 -1.0571e-01 -2.2422e+00
459 0 +4.690816473e+00 -7.358891835e+02 -7.358891835e+02 -2.2925e+00 -1.7607e-01 -2.1098e+00
602 0 +2.427185985e+00 -7.381528140e+02 -7.381528140e+02 -1.6293e+00 +1.8466e-02 -2.8377e+00
627 0 +2.358416120e+00 -7.382215839e+02 -7.382215839e+02 -1.7133e+00 -1.2348e-04 -2.7508e+00
670 0 +1.035577826e+00 -7.395444222e+02 -7.395444222e+02 -1.6643e+00 -1.5545e-03 -2.8189e+00
698 0 +3.884566594e-01 -7.401915433e+02 -7.401915433e+02 -1.5827e+00 +2.1865e-02 -2.9047e+00
947 0 +3.576913457e-01 -7.402223087e+02 -7.402223087e+02 -1.6426e+00 +7.8481e-03 -2.8370e+00
1026 0 +2.856430532e-01 -7.402943569e+02 -7.402943569e+02 -1.6782e+00 -2.7157e-03 -2.7974e+00
1071 0 +7.893780598e-02 -7.405010622e+02 -7.405010622e+02 -1.6577e+00 +2.0771e-03 -2.8193e+00
1702 0 +7.588708858e-02 -7.405041129e+02 -7.405041129e+02 -1.6426e+00 +6.2084e-03 -2.8368e+00
2020 0 +7.185189830e-02 -7.405081481e+02 -7.405081481e+02 -1.6433e+00 +6.0292e-03 -2.8364e+00
2036 0 +5.787114243e-02 -7.405221289e+02 -7.405221289e+02 -1.6432e+00 +6.1137e-03 -2.8362e+00
2142 0 +5.464944028e-02 -7.405253506e+02 -7.405253506e+02 -1.6445e+00 +5.7245e-03 -2.8348e+00
2540 0 +5.152465169e-02 -7.405284753e+02 -7.405284753e+02 -1.6428e+00 +6.2047e-03 -2.8367e+00
2939 0 +5.110442707e-02 -7.405288956e+02 -7.405288956e+02 -1.6433e+00 +6.0904e-03 -2.8362e+00
4103 0 +5.105440861e-02 -7.405289456e+02 -7.405289456e+02 -1.6431e+00 +6.1319e-03 -2.8364e+00
% f evaluations | g evaluations | best noise-free fitness - Fopt (-5.177000000000e+01) + sum g_i+ | measured fitness | best measured fitness or single-digit g-values | x1 | x2...
1 0 +1.012061498e+03 +9.602914976e+02 +9.602914976e+02 +0.0000e+00 +0.0000e+00 +0.0000e+00
3 0 +9.359980382e+02 +8.842280382e+02 +8.842280382e+02 +2.7769e-01 -1.6225e+00 +1.5959e+00
5 0 +7.893180789e+02 +7.375480789e+02 +7.375480789e+02 +3.0478e+00 +3.9714e+00 +4.7235e+00
6 0 +5.019753717e+02 +4.502053717e+02 +4.502053717e+02 -1.5636e+00 -1.4385e+00 +3.1356e+00
10 0 +3.141819930e+02 +2.624119930e+02 +2.624119930e+02 +2.9647e+00 +4.0008e-01 +3.4119e+00
20 0 +2.856665693e+02 +2.338965693e+02 +2.338965693e+02 +1.5993e+00 +2.7787e+00 +2.1154e+00
27 0 +1.581234421e+02 +1.063534421e+02 +1.063534421e+02 +2.0760e+00 +1.1848e+00 +3.2223e+00
33 0 +5.125761353e+01 -5.123864704e-01 -5.123864704e-01 -2.1187e-01 +1.4261e+00 +2.7682e+00
61 0 +4.789529648e+01 -3.874703516e+00 -3.874703516e+00 +4.5431e-01 +1.1115e+00 +3.3341e+00
133 0 +4.647502300e+01 -5.294977004e+00 -5.294977004e+00 -3.4600e+00 +2.1238e+00 +1.5899e+00
142 0 +3.439641242e+01 -1.737358758e+01 -1.737358758e+01 -2.2661e+00 +1.4553e+00 +2.3051e+00
197 0 +2.865517576e+01 -2.311482424e+01 -2.311482424e+01 +4.2935e-01 +1.2359e+00 +3.2281e+00
205 0 +2.726906250e+01 -2.450093750e+01 -2.450093750e+01 +4.1617e-01 +1.3372e+00 +3.1313e+00
261 0 +2.152580021e+01 -3.024419979e+01 -3.024419979e+01 -1.8835e+00 +1.5684e+00 +2.4727e+00
376 0 +1.521380026e+01 -3.655619974e+01 -3.655619974e+01 -6.5824e-01 +1.4323e+00 +2.8309e+00
417 0 +9.965779452e+00 -4.180422055e+01 -4.180422055e+01 -2.3027e+00 +1.6452e+00 +2.2761e+00
427 0 +6.122229327e+00 -4.564777067e+01 -4.564777067e+01 -1.1947e+00 +1.4987e+00 +2.6173e+00
586 0 +5.732436828e+00 -4.603756317e+01 -4.603756317e+01 -2.2144e+00 +1.6345e+00 +2.2768e+00
684 0 +2.990501252e+00 -4.877949875e+01 -4.877949875e+01 -1.8609e+00 +1.6177e+00 +2.3879e+00
909 0 +1.801587522e+00 -4.996841248e+01 -4.996841248e+01 -1.6199e+00 +1.5864e+00 +2.4587e+00
1104 0 +1.331239763e+00 -5.043876024e+01 -5.043876024e+01 -1.9370e+00 +1.6265e+00 +2.3548e+00
1185 0 +1.299727901e+00 -5.047027210e+01 -5.047027210e+01 -2.0673e+00 +1.6519e+00 +2.3096e+00
1193 0 +1.017064168e+00 -5.075293583e+01 -5.075293583e+01 -2.1845e+00 +1.6771e+00 +2.2627e+00
1273 0 +9.246817838e-01 -5.084531822e+01 -5.084531822e+01 -2.2066e+00 +1.6756e+00 +2.2588e+00
1348 0 +1.092315237e-01 -5.166076848e+01 -5.166076848e+01 -2.2424e+00 +1.6799e+00 +2.2438e+00
1883 0 +4.935673969e-02 -5.172064326e+01 -5.172064326e+01 -2.4183e+00 +1.7078e+00 +2.1815e+00
2078 0 +2.862937301e-02 -5.174137063e+01 -5.174137063e+01 -2.4216e+00 +1.7082e+00 +2.1805e+00
2424 0 +2.766568106e-02 -5.174233432e+01 -5.174233432e+01 -2.4289e+00 +1.7093e+00 +2.1779e+00
2660 0 +2.654431375e-02 -5.174345569e+01 -5.174345569e+01 -2.4292e+00 +1.7093e+00 +2.1778e+00
2759 0 +2.123500685e-02 -5.174876499e+01 -5.174876499e+01 -2.4276e+00 +1.7091e+00 +2.1784e+00
3093 0 +2.024722490e-02 -5.174975278e+01 -5.174975278e+01 -2.4283e+00 +1.7092e+00 +2.1782e+00
3126 0 +1.938203459e-02 -5.175061797e+01 -5.175061797e+01 -2.4285e+00 +1.7092e+00 +2.1781e+00
3139 0 +1.887585025e-02 -5.175112415e+01 -5.175112415e+01 -2.4285e+00 +1.7092e+00 +2.1781e+00
3191 0 +1.861568411e-02 -5.175138432e+01 -5.175138432e+01 -2.4285e+00 +1.7092e+00 +2.1781e+00
3200 0 +1.778932283e-02 -5.175221068e+01 -5.175221068e+01 -2.4285e+00 +1.7092e+00 +2.1781e+00
3995 0 +1.776384471e-02 -5.175223616e+01 -5.175223616e+01 -2.4285e+00 +1.7092e+00 +2.1781e+00
4600 0 +1.774989637e-02 -5.175225010e+01 -5.175225010e+01 -2.4285e+00 +1.7092e+00 +2.1781e+00
% f evaluations | g evaluations | best noise-free fitness - Fopt (-2.229800000000e+02) + sum g_i+ | measured fitness | best measured fitness or single-digit g-values | x1 | x2...
1 0 +3.741982412e+02 +1.512182412e+02 +1.512182412e+02 +0.0000e+00 +0.0000e+00 +0.0000e+00
15 0 +3.551369934e+02 +1.321569934e+02 +1.321569934e+02 +8.0060e-01 +2.6921e-01 +1.9129e+00
29 0 +1.849140644e+02 -3.806593556e+01 -3.806593556e+01 -1.3637e-01 +1.0143e+00 +2.7105e-01
40 0 +1.482057945e+02 -7.477420550e+01 -7.477420550e+01 +9.2819e-01 +7.0564e-01 -8.1346e-02
140 0 +1.200219131e+02 -1.029580869e+02 -1.029580869e+02 +3.6287e+00 +6.7174e-01 -3.4230e+00
177 0 +7.585380267e+01 -1.471261973e+02 -1.471261973e+02 +2.1964e+00 +6.0316e-01 -2.5372e+00
191 0 +5.406648134e+01 -1.689135187e+02 -1.689135187e+02 +2.0476e+00 +9.7624e-01 -2.0977e+00
205 0 +4.722599344e+01 -1.757540066e+02 -1.757540066e+02 +3.5093e+00 -7.6529e-02 -3.0661e+00
403 0 +4.459296707e+01 -1.783870329e+02 -1.783870329e+02 +1.7019e+00 +9.7539e-01 -1.8947e+00
439 0 +2.585802657e+01 -1.971219734e+02 -1.971219734e+02 +2.4174e+00 +7.1099e-01 -2.3545e+00
496 0 +2.394993864e+01 -1.990300614e+02 -1.990300614e+02 +2.3227e+00 +7.2013e-01 -2.1625e+00
549 0 +1.084133522e+01 -2.121386648e+02 -2.121386648e+02 +3.7018e+00 +1.1562e-01 -3.3665e+00
606 0 +2.656927583e+00 -2.203230724e+02 -2.203230724e+02 +3.4948e+00 +1.7925e-01 -3.2365e+00
881 0 +1.491467488e+00 -2.214885325e+02 -2.214885325e+02 +3.4350e+00 +1.9407e-01 -3.1812e+00
952 0 +1.206965779e+00 -2.217730342e+02 -2.217730342e+02 +3.4792e+00 +1.7842e-01 -3.2150e+00
1147 0 +1.148932010e+00 -2.218310680e+02 -2.218310680e+02 +3.4850e+00 +1.7531e-01 -3.2112e+00
1231 0 +9.792093966e-01 -2.220007906e+02 -2.220007906e+02 +3.4096e+00 +2.0220e-01 -3.1380e+00
1278 0 +8.922661467e-01 -2.220877339e+02 -2.220877339e+02 +3.4332e+00 +1.9627e-01 -3.1690e+00
1281 0 +5.779440482e-01 -2.224020560e+02 -2.224020560e+02 +3.4373e+00 +1.8861e-01 -3.1725e+00
1307 0 +4.702049903e-01 -2.225097950e+02 -2.225097950e+02 +3.4069e+00 +2.0452e-01 -3.1421e+00
1404 0 +4.645225548e-01 -2.225154774e+02 -2.225154774e+02 +3.4104e+00 +2.0336e-01 -3.1491e+00
1440 0 +2.987677181e-01 -2.226812323e+02 -2.226812323e+02 +3.3830e+00 +2.1356e-01 -3.1209e+00
1450 0 +1.799531639e-01 -2.228000468e+02 -2.228000468e+02 +3.3947e+00 +2.0808e-01 -3.1311e+00
1497 0 +1.598750504e-01 -2.228201249e+02 -2.228201249e+02 +3.4122e+00 +2.0088e-01 -3.1468e+00
1568 0 +1.263016522e-01 -2.228536983e+02 -2.228536983e+02 +3.3864e+00 +2.1165e-01 -3.1255e+00
1570 0 +1.235641461e-01 -2.228564359e+02 -2.228564359e+02 +3.3962e+00 +2.0676e-01 -3.1326e+00
1603 0 +1.168648869e-01 -2.228631351e+02 -2.228631351e+02 +3.3891e+00 +2.1004e-01 -3.1278e+00
1709 0 +6.557210372e-02 -2.229144279e+02 -2.229144279e+02 +3.4001e+00 +2.0579e-01 -3.1370e+00
2039 0 +6.008495008e-02 -2.229199150e+02 -2.229199150e+02 +3.3925e+00 +2.0850e-01 -3.1299e+00
2050 0 +5.816724050e-02 -2.229218328e+02 -2.229218328e+02 +3.3929e+00 +2.0866e-01 -3.1305e+00
2089 0 +3.432638535e-02 -2.229456736e+02 -2.229456736e+02 +3.3881e+00 +2.1055e-01 -3.1263e+00
2470 0 +3.221521114e-02 -2.229477848e+02 -2.229477848e+02 +3.3864e+00 +2.1125e-01 -3.1248e+00
2498 0 +2.777539897e-02 -2.229522246e+02 -2.229522246e+02 +3.3866e+00 +2.1112e-01 -3.1249e+00
3094 0 +2.614068802e-02 -2.229538593e+02 -2.229538593e+02 +3.3862e+00 +2.1130e-01 -3.1245e+00
3488 0 +2.563594858e-02 -2.229543641e+02 -2.229543641e+02 +3.3862e+00 +2.1129e-01 -3.1246e+00
4817 0 +2.550848937e-02 -2.229544915e+02 -2.229544915e+02 +3.3862e+00 +2.1130e-01 -3.1245e+00
% f evaluations | g evaluations | best noise-free fitness - Fopt (5.860000000000e+00) + sum g_i+ | measured fitness | best measured fitness or single-digit g-values | x1 | x2...
1 0 +2.860680494e+02 +2.919280494e+02 +2.919280494e+02 +0.0000e+00 +0.0000e+00 +0.0000e+00
35 0 +2.813314106e+02 +2.871914106e+02 +2.871914106e+02 -2.1082e+00 +9.8116e-01 -3.1298e+00
48 0 +1.618405933e+02 +1.677005933e+02 +1.677005933e+02 -3.0725e+00 +1.1158e+00 -1.0765e+00
49 0 +9.771420348e+01 +1.035742035e+02 +1.035742035e+02 -3.8158e+00 +1.6315e+00 -1.6341e+00
77 0 +6.129443405e+01 +6.715443405e+01 +6.715443405e+01 -2.5249e+00 +1.8928e+00 -4.4732e-01
84 0 +3.738988768e+01 +4.324988768e+01 +4.324988768e+01 -1.7623e+00 +1.4873e+00 -4.1377e-01
219 0 +2.078915301e+01 +2.664915301e+01 +2.664915301e+01 -2.3224e+00 +1.5765e+00 -8.1247e-01
379 0 +1.530029400e+01 +2.116029400e+01 +2.116029400e+01 -4.1327e+00 +2.0652e+00 -1.1114e+00
428 0 +9.374441125e+00 +1.523444113e+01 +1.523444113e+01 -3.5040e+00 +1.9062e+00 -9.6239e-01
437 0 +6.515651091e+00 +1.237565109e+01 +1.237565109e+01 -3.8621e+00 +2.0249e+00 -1.0177e+00
488 0 +3.939080047e+00 +9.799080047e+00 +9.799080047e+00 -3.6711e+00 +1.9982e+00 -1.0070e+00
505 0 +2.749488147e+00 +8.609488147e+00 +8.609488147e+00 -3.7924e+00 +2.0268e+00 -9.8594e-01
672 0 +1.353125503e+00 +7.213125503e+00 +7.213125503e+00 -3.6818e+00 +1.9958e+00 -9.7339e-01
1015 0 +1.269839452e+00 +7.129839452e+00 +7.129839452e+00 -3.4115e+00 +1.9234e+00 -9.1998e-01
1425 0 +1.188331906e+00 +7.048331906e+00 +7.048331906e+00 -3.2586e+00 +1.8760e+00 -8.9254e-01
1542 0 +1.088266559e+00 +6.948266559e+00 +6.948266559e+00 -3.2677e+00 +1.8775e+00 -8.9517e-01
1633 0 +1.063535651e+00 +6.923535651e+00 +6.923535651e+00 -3.2725e+00 +1.8791e+00 -8.9487e-01
1665 0 +1.035377299e+00 +6.895377299e+00 +6.895377299e+00 -3.2725e+00 +1.8797e+00 -8.9487e-01
1680 0 +1.008421396e+00 +6.868421396e+00 +6.868421396e+00 -3.2710e+00 +1.8788e+00 -8.9491e-01
3553 0 +1.005933135e+00 +6.865933135e+00 +6.865933135e+00 -3.2611e+00 +1.8760e+00 -8.9307e-01
% f evaluations | g evaluations | best noise-free fitness - Fopt (2.048600000000e+02) + sum g_i+ | measured fitness | best measured fitness or single-digit g-values | x1 | x2...
1 0 +5.159962663e+02 +7.208562663e+02 +7.208562663e+02 +0.0000e+00 +0.0000e+00 +0.0000e+00
2 0 +2.027422850e+02 +4.076022850e+02 +4.076022850e+02 -1.6000e+00 -6.3647e-01 -2.0075e+00
51 0 +1.798438085e+02 +3.847038085e+02 +3.847038085e+02 -1.9968e+00 +5.6228e-01 +3.3098e+00
53 0 +7.296864325e+01 +2.778286432e+02 +2.778286432e+02 -1.4392e+00 -9.9237e-01 +2.6318e-01
65 0 +4.443626511e+01 +2.492962651e+02 +2.492962651e+02 -1.9626e+00 -5.8976e-01 +4.4782e-01
191 0 +4.104917405e+01 +2.459091740e+02 +2.459091740e+02 -2.2158e+00 -8.9272e-02 +9.5735e-01
230 0 +3.681670463e+01 +2.416767046e+02 +2.416767046e+02 -1.1489e+00 -1.6820e+00 -1.7018e+00
279 0 +3.146026940e+01 +2.363202694e+02 +2.363202694e+02 -1.3455e+00 -1.3149e+00 -6.9994e-01
288 0 +1.811568581e+01 +2.229756858e+02 +2.229756858e+02 -1.5968e+00 -8.9218e-01 -1.2692e-01
338 0 +5.802604836e+00 +2.106626048e+02 +2.106626048e+02 -1.8848e+00 -4.2100e-01 +3.9403e-01
4026 0 +5.802604836e+00 +2.106626048e+02 +2.106626048e+02 -1.8848e+00 -4.2100e-01 +3.9403e-01
% f evaluations | g evaluations | best noise-free fitness - Fopt (1.154900000000e+02) + sum g_i+ | measured fitness | best measured fitness or single-digit g-values | x1 | x2...
1 0 +1.003919608e+03 +1.119409608e+03 +1.119409608e+03 +0.0000e+00 +0.0000e+00 +0.0000e+00
4 0 +4.356396104e+02 +5.511296104e+02 +5.511296104e+02 -1.8395e+00 +7.4586e-01 +3.4468e+00
6 0 +2.737221115e+02 +3.892121115e+02 +3.892121115e+02 -1.8549e+00 -3.5428e+00 +1.5390e+00
9 0 +1.783949740e+02 +2.938849740e+02 +2.938849740e+02 -3.4301e+00 -2.5120e+00 +2.0899e+00
17 0 +1.458225182e+02 +2.613125182e+02 +2.613125182e+02 -3.9337e-01 -2.8470e+00 +3.6273e+00
42 0 +4.702800361e+01 +1.625180036e+02 +1.625180036e+02 -4.9863e+00 -4.8361e-01 +2.6587e+00
156 0 +3.123058035e+01 +1.467205804e+02 +1.467205804e+02 -1.1187e+00 -2.0511e+00 +3.2256e+00
219 0 +1.422682046e+01 +1.297168205e+02 +1.297168205e+02 -2.3014e+00 -1.6195e+00 +3.0248e+00
363 0 +7.265207562e+00 +1.227552076e+02 +1.227552076e+02 -2.1335e+00 -1.7560e+00 +3.0114e+00
468 0 +6.644975986e+00 +1.221349760e+02 +1.221349760e+02 -2.3139e+00 -1.7125e+00 +3.0329e+00
491 0 +3.889866296e+00 +1.193798663e+02 +1.193798663e+02 -2.1152e+00 -1.8105e+00 +3.0305e+00
853 0 +1.928856170e+00 +1.174188562e+02 +1.174188562e+02 -2.7572e+00 -1.5249e+00 +2.9479e+00
1154 0 +1.274087019e+00 +1.167640870e+02 +1.167640870e+02 -2.7999e+00 -1.4980e+00 +2.9504e+00
1234 0 +9.328855348e-01 +1.164228855e+02 +1.164228855e+02 -2.8577e+00 -1.4703e+00 +2.9422e+00
1532 0 +8.158857696e-01 +1.163058858e+02 +1.163058858e+02 -2.8093e+00 -1.4913e+00 +2.9488e+00
1592 0 +7.871042025e-01 +1.162771042e+02 +1.162771042e+02 -2.8268e+00 -1.4828e+00 +2.9468e+00
1621 0 +7.014660498e-01 +1.161914660e+02 +1.161914660e+02 -2.7692e+00 -1.5086e+00 +2.9534e+00
1846 0 +5.438492361e-01 +1.160338492e+02 +1.160338492e+02 -2.6115e+00 -1.5814e+00 +2.9675e+00
1882 0 +2.834744051e-01 +1.157734744e+02 +1.157734744e+02 -2.5800e+00 -1.5933e+00 +2.9727e+00
1997 0 +2.501875410e-01 +1.157401875e+02 +1.157401875e+02 -2.5482e+00 -1.6071e+00 +2.9764e+00
2247 0 +1.988995341e-01 +1.156888995e+02 +1.156888995e+02 -2.5620e+00 -1.6001e+00 +2.9751e+00
2302 0 +1.544527940e-01 +1.156444528e+02 +1.156444528e+02 -2.5521e+00 -1.6047e+00 +2.9759e+00
2383 0 +1.481478303e-01 +1.156381478e+02 +1.156381478e+02 -2.5379e+00 -1.6114e+00 +2.9773e+00
2450 0 +1.038405223e-01 +1.155938405e+02 +1.155938405e+02 -2.5611e+00 -1.6008e+00 +2.9746e+00
3126 0 +9.872853999e-02 +1.155887285e+02 +1.155887285e+02 -2.5730e+00 -1.5955e+00 +2.9733e+00
3212 0 +9.655257648e-02 +1.155865526e+02 +1.155865526e+02 -2.5719e+00 -1.5960e+00 +2.9734e+00
3315 0 +9.549406352e-02 +1.155854941e+02 +1.155854941e+02 -2.5724e+00 -1.5958e+00 +2.9733e+00
4058 0 +9.167599890e-02 +1.155816760e+02 +1.155816760e+02 -2.5715e+00 -1.5961e+00 +2.9734e+00
4351 0 +9.104646325e-02 +1.155810465e+02 +1.155810465e+02 -2.5710e+00 -1.5964e+00 +2.9735e+00
5853 0 +9.064059277e-02 +1.155806406e+02 +1.155806406e+02 -2.5711e+00 -1.5963e+00 +2.9735e+00
% f evaluations | g evaluations | best noise-free fitness - Fopt (1.950500000000e+02) + sum g_i+ | measured fitness | best measured fitness or single-digit g-values | x1 | x2...
1 0 +3.345695000e+02 +5.296195000e+02 +5.296195000e+02 +0.0000e+00 +0.0000e+00 +0.0000e+00
21 0 +2.783654229e+02 +4.734154229e+02 +4.734154229e+02 +8.3782e-01 +1.5542e+00 -1.6206e+00
23 0 +2.405612878e+02 +4.356112878e+02 +4.356112878e+02 -2.4245e-01 +1.9839e-02 -2.7023e+00
31 0 +5.401197667e+01 +2.490619767e+02 +2.490619767e+02 -1.2277e+00 -5.7622e-01 -1.1533e+00
95 0 +2.003901450e+01 +2.150890145e+02 +2.150890145e+02 -1.9383e-02 -3.6527e-01 -2.0446e+00
287 0 +1.286328528e+01 +2.079132853e+02 +2.079132853e+02 -3.0691e-01 -4.4964e-01 -1.7059e+00
631 0 +1.059326277e+01 +2.056432628e+02 +2.056432628e+02 +1.2569e-01 -2.9957e-01 -2.0969e+00
640 0 +6.598931601e+00 +2.016489316e+02 +2.016489316e+02 +4.6729e-01 -2.4079e-01 -2.3370e+00
855 0 +6.081299114e+00 +2.011312991e+02 +2.011312991e+02 +7.4335e-02 -3.2603e-01 -2.0008e+00
942 0 +3.968359634e+00 +1.990183596e+02 +1.990183596e+02 +1.4729e+00 +5.3777e-02 -3.0846e+00
1353 0 +2.845632705e+00 +1.978956327e+02 +1.978956327e+02 +5.4872e-01 -1.6714e-01 -2.3612e+00
1756 0 +2.554167553e+00 +1.976041676e+02 +1.976041676e+02 +2.1751e-01 -2.7017e-01 -2.1106e+00
1833 0 +7.806878514e-01 +1.958306879e+02 +1.958306879e+02 +6.4392e-01 -1.5307e-01 -2.4424e+00
1994 0 +5.471710789e-01 +1.955971711e+02 +1.955971711e+02 +7.4331e-01 -1.3275e-01 -2.5242e+00
2403 0 +3.708128429e-01 +1.954208128e+02 +1.954208128e+02 +5.5524e-01 -1.8101e-01 -2.3786e+00
2551 0 +3.311208323e-01 +1.953811208e+02 +1.953811208e+02 +5.8019e-01 -1.7350e-01 -2.3974e+00
2576 0 +3.186892361e-01 +1.953686892e+02 +1.953686892e+02 +5.8432e-01 -1.7326e-01 -2.4009e+00
2680 0 +3.111324602e-01 +1.953611325e+02 +1.953611325e+02 +5.8040e-01 -1.7430e-01 -2.3977e+00
2682 0 +2.748510784e-01 +1.953248511e+02 +1.953248511e+02 +5.7634e-01 -1.7465e-01 -2.3941e+00
2692 0 +2.462741077e-01 +1.952962741e+02 +1.952962741e+02 +5.8596e-01 -1.7234e-01 -2.4018e+00
2899 0 +2.384025555e-01 +1.952884026e+02 +1.952884026e+02 +5.8594e-01 -1.7226e-01 -2.4015e+00
3062 0 +2.280234178e-01 +1.952780234e+02 +1.952780234e+02 +5.8812e-01 -1.7162e-01 -2.4032e+00
3353 0 +2.226151698e-01 +1.952726152e+02 +1.952726152e+02 +5.8647e-01 -1.7212e-01 -2.4020e+00
3712 0 +2.187474588e-01 +1.952687475e+02 +1.952687475e+02 +5.8610e-01 -1.7224e-01 -2.4017e+00
5188 0 +2.168726982e-01 +1.952668727e+02 +1.952668727e+02 +5.8616e-01 -1.7223e-01 -2.4018e+00
% f evaluations | g evaluations | best noise-free fitness - Fopt (-2.144800000000e+02) + sum g_i+ | measured fitness | best measured fitness or single-digit g-values | x1 | x2...
1 0 +6.021721676e+02 +3.876921676e+02 +3.876921676e+02 +0.0000e+00 +0.0000e+00 +0.0000e+00
13 0 +5.918484517e+02 +3.773684517e+02 +3.773684517e+02 +7.1848e-02 +9.5359e-01 -1.0324e+00
14 0 +5.546433549e+02 +3.401633549e+02 +3.401633549e+02 +9.8784e-02 +9.5811e-01 -6.5987e-01
16 0 +2.640632806e+02 +4.958328063e+01 +4.958328063e+01 -1.6633e+00 +2.4916e+00 -8.9468e-01
56 0 +1.935172717e+02 -2.096272827e+01 -2.096272827e+01 -3.8424e+00 +3.3930e+00 -9.1648e-01
58 0 +1.882673165e+02 -2.621268350e+01 -2.621268350e+01 -3.8290e+00 +3.0932e+00 -1.6126e+00
60 0 +1.374284317e+02 -7.705156830e+01 -7.705156830e+01 -3.1363e+00 +2.0107e+00 -7.1594e-01
68 0 +8.870075731e+01 -1.257792427e+02 -1.257792427e+02 -2.7096e+00 +2.2956e+00 -1.0575e+00
77 0 +4.301459009e+01 -1.714654099e+02 -1.714654099e+02 -2.8232e+00 +2.6529e+00 -3.9054e-01
135 0 +3.694911153e+01 -1.775308885e+02 -1.775308885e+02 -1.4476e+00 +3.3546e+00 +1.0459e+00
146 0 +2.518662025e+01 -1.892933797e+02 -1.892933797e+02 -2.0946e+00 +2.9782e+00 +2.4495e-01
583 0 +2.186381568e+01 -1.926161843e+02 -1.926161843e+02 -3.4687e+00 +2.1885e+00 -1.5049e+00
621 0 +2.056720302e+01 -1.939127970e+02 -1.939127970e+02 -3.4044e+00 +2.2349e+00 -1.4267e+00
681 0 +1.897519900e+01 -1.955048010e+02 -1.955048010e+02 -3.3795e+00 +2.2228e+00 -1.4035e+00
737 0 +1.842187071e+01 -1.960581293e+02 -1.960581293e+02 -3.2429e+00 +2.3051e+00 -1.2177e+00
766 0 +1.818520917e+01 -1.962947908e+02 -1.962947908e+02 -3.2957e+00 +2.3025e+00 -1.2616e+00
773 0 +1.748357195e+01 -1.969964281e+02 -1.969964281e+02 -3.2365e+00 +2.3159e+00 -1.2047e+00
791 0 +1.647713960e+01 -1.980028604e+02 -1.980028604e+02 -3.1824e+00 +2.3521e+00 -1.1374e+00
823 0 +1.534543695e+01 -1.991345630e+02 -1.991345630e+02 -3.1284e+00 +2.4182e+00 -1.0535e+00
859 0 +1.503803177e+01 -1.994419682e+02 -1.994419682e+02 -3.1506e+00 +2.4027e+00 -1.0605e+00
896 0 +1.460834120e+01 -1.998716588e+02 -1.998716588e+02 -3.1528e+00 +2.3911e+00 -1.0895e+00
904 0 +1.393213354e+01 -2.005478665e+02 -2.005478665e+02 -3.1497e+00 +2.4032e+00 -1.0682e+00
958 0 +1.296352714e+01 -2.015164729e+02 -2.015164729e+02 -3.1265e+00 +2.4110e+00 -1.0453e+00
1301 0 +1.276731038e+01 -2.017126896e+02 -2.017126896e+02 -3.1191e+00 +2.4180e+00 -1.0336e+00
1363 0 +1.244334021e+01 -2.020366598e+02 -2.020366598e+02 -3.1000e+00 +2.4302e+00 -1.0052e+00
1672 0 +1.216744766e+01 -2.023125523e+02 -2.023125523e+02 -3.0836e+00 +2.4432e+00 -9.8334e-01
1683 0 +1.199708833e+01 -2.024829117e+02 -2.024829117e+02 -3.0860e+00 +2.4417e+00 -9.8547e-01
2083 0 +1.154887843e+01 -2.029311216e+02 -2.029311216e+02 -3.0596e+00 +2.4602e+00 -9.4829e-01
2245 0 +1.148080076e+01 -2.029991992e+02 -2.029991992e+02 -3.0560e+00 +2.4631e+00 -9.4286e-01
4277 0 +1.135051992e+01 -2.031294801e+02 -2.031294801e+02 -3.0501e+00 +2.4671e+00 -9.3446e-01
% f evaluations | g evaluations | best noise-free fitness - Fopt (-4.590000000000e+01) + sum g_i+ | measured fitness | best measured fitness or single-digit g-values | x1 | x2...
1 0 +2.774102835e+02 +2.315102835e+02 +2.315102835e+02 +0.0000e+00 +0.0000e+00 +0.0000e+00
16 0 +2.636418636e+02 +2.177418636e+02 +2.177418636e+02 +3.4459e+00 -2.7399e-01 -9.0649e-01
24 0 +1.888473394e+02 +1.429473394e+02 +1.429473394e+02 +3.4628e+00 -1.5292e+00 -1.5576e+00
31 0 +1.651300197e+02 +1.192300197e+02 +1.192300197e+02 +3.0145e+00 -1.8839e+00 -1.4062e+00
33 0 +1.106335269e+02 +6.473352686e+01 +6.473352686e+01 +3.8409e+00 -1.8823e+00 -8.1964e-01
46 0 +9.837496185e+01 +5.247496185e+01 +5.247496185e+01 +2.8805e+00 -1.9587e+00 -9.5251e-01
64 0 +5.154248435e+01 +5.642484346e+00 +5.642484346e+00 +2.2937e+00 -1.6796e+00 -7.5481e-01
67 0 +4.315344995e+01 -2.746550054e+00 -2.746550054e+00 +1.6851e+00 -1.4686e+00 -4.5332e-01
159 0 +1.724449919e+01 -2.865550081e+01 -2.865550081e+01 +1.8208e+00 -1.6722e+00 -4.5546e-01
247 0 +1.085483574e+01 -3.504516426e+01 -3.504516426e+01 -1.1004e+00 -1.6593e+00 +2.5679e-01
262 0 +9.350447064e+00 -3.654955294e+01 -3.654955294e+01 -6.8211e-01 -1.7168e+00 +1.6810e-01
308 0 +5.081024629e+00 -4.081897537e+01 -4.081897537e+01 -4.2886e-01 -1.6770e+00 +1.3198e-01
361 0 +4.515309391e+00 -4.138469061e+01 -4.138469061e+01 -9.6375e-02 -1.6673e+00 -2.7277e-03
368 0 +2.295747767e+00 -4.360425223e+01 -4.360425223e+01 -5.0013e-01 -1.6729e+00 +1.2167e-01
381 0 +1.860276690e+00 -4.403972331e+01 -4.403972331e+01 -1.6489e-01 -1.6619e+00 +3.5997e-02
403 0 +1.556210675e+00 -4.434378932e+01 -4.434378932e+01 -1.5559e-01 -1.6725e+00 +4.5999e-02
422 0 +1.536603496e+00 -4.436339650e+01 -4.436339650e+01 -7.0196e-02 -1.6765e+00 +2.0665e-02
528 0 +1.381411599e+00 -4.451858840e+01 -4.451858840e+01 -2.4193e-01 -1.6729e+00 +5.5005e-02
598 0 +9.237434441e-01 -4.497625656e+01 -4.497625656e+01 -1.2220e-01 -1.6720e+00 +2.5416e-02
681 0 +7.032796960e-01 -4.519672030e+01 -4.519672030e+01 -4.3096e-02 -1.6650e+00 +1.0566e-02
876 0 +6.168415083e-01 -4.528315849e+01 -4.528315849e+01 +5.6977e-02 -1.6725e+00 -1.7326e-02
941 0 +9.680499735e-02 -4.580319500e+01 -4.580319500e+01 +1.8754e-02 -1.6683e+00 -6.2886e-03
1150 0 +9.495023645e-02 -4.580504976e+01 -4.580504976e+01 -4.8754e-02 -1.6696e+00 +1.0886e-02
1234 0 +9.137376618e-02 -4.580862623e+01 -4.580862623e+01 +5.7303e-03 -1.6686e+00 -2.6803e-03
1451 0 +8.508897261e-02 -4.581491103e+01 -4.581491103e+01 +9.0716e-02 -1.6682e+00 -2.5287e-02
1513 0 +5.016785476e-02 -4.584983215e+01 -4.584983215e+01 +7.3200e-02 -1.6684e+00 -2.0500e-02
1545 0 +2.869726249e-02 -4.587130274e+01 -4.587130274e+01 +5.4478e-02 -1.6688e+00 -1.5621e-02
1749 0 +2.507555148e-02 -4.587492445e+01 -4.587492445e+01 +5.1078e-02 -1.6688e+00 -1.5025e-02
2164 0 +1.952433969e-02 -4.588047566e+01 -4.588047566e+01 +9.3003e-02 -1.6686e+00 -2.5762e-02
2812 0 +1.917912539e-02 -4.588082087e+01 -4.588082087e+01 +9.6246e-02 -1.6685e+00 -2.6602e-02
5132 0 +1.917912539e-02 -4.588082087e+01 -4.588082087e+01 +9.6246e-02 -1.6685e+00 -2.6602e-02
