% f evaluations | g evaluations | best noise-free fitness - Fopt (2.997000000000e+01) + sum g_i+ | measured fitness | best measured fitness or single-digit g-values | x1 | x2...
1 0 +7.202573670e+02 +7.502273670e+02 +7.502273670e+02 +0.0000e+00 +0.0000e+00 +0.0000e+00
3 0 +4.071118241e+02 +4.370818241e+02 +4.370818241e+02 -9.3384e-01 +1.5067e+00 -3.2655e+00
6 0 +1.437421167e+02 +1.737121167e+02 +1.737121167e+02 +1.5983e+00 -2.9153e+00 -1.7893e+00
26 0 +1.032300525e+02 +1.332000525e+02 +1.332000525e+02 +1.8507e-01 -1.0726e+00 -3.6483e+00
71 0 +5.150783841e+01 +8.147783841e+01 +8.147783841e+01 +8.7448e-01 -1.7060e+00 -3.2769e+00
108 0 +3.048273672e+01 +6.045273672e+01 +6.045273672e+01 +1.6901e+00 -3.0378e+00 -2.4648e+00
152 0 +2.160019765e+01 +5.157019765e+01 +5.157019765e+01 +6.4855e-01 -1.5472e+00 -3.9600e+00
212 0 +2.023034854e+01 +5.020034854e+01 +5.020034854e+01 +8.2458e-01 -1.8456e+00 -3.5914e+00
259 0 +8.668521632e+00 +3.863852163e+01 +3.863852163e+01 +9.8357e-01 -1.8512e+00 -3.4632e+00
365 0 +2.551751398e+00 +3.252175140e+01 +3.252175140e+01 +1.0647e+00 -1.9759e+00 -3.4283e+00
731 0 +1.656217561e+00 +3.162621756e+01 +3.162621756e+01 +8.4184e-01 -1.6382e+00 -3.7135e+00
829 0 +1.240997013e-01 +3.009409970e+01 +3.009409970e+01 +8.4384e-01 -1.6585e+00 -3.7002e+00
1394 0 +9.050838659e-02 +3.006050839e+01 +3.006050839e+01 +9.1517e-01 -1.7640e+00 -3.6072e+00
1563 0 +7.281978190e-02 +3.004281978e+01 +3.004281978e+01 +9.1303e-01 -1.7612e+00 -3.6098e+00
1692 0 +6.558949999e-02 +3.003558950e+01 +3.003558950e+01 +9.1056e-01 -1.7580e+00 -3.6133e+00
1722 0 +5.861135780e-02 +3.002861136e+01 +3.002861136e+01 +9.0994e-01 -1.7564e+00 -3.6141e+00
1740 0 +3.839085018e-02 +3.000839085e+01 +3.000839085e+01 +9.1024e-01 -1.7572e+00 -3.6137e+00
2026 0 +3.745543474e-02 +3.000745543e+01 +3.000745543e+01 +9.1395e-01 -1.7627e+00 -3.6089e+00
2262 0 +3.687202040e-02 +3.000687202e+01 +3.000687202e+01 +9.1331e-01 -1.7616e+00 -3.6098e+00
2375 0 +3.400487890e-02 +3.000400488e+01 +3.000400488e+01 +9.1276e-01 -1.7608e+00 -3.6105e+00
2435 0 +3.356254941e-02 +3.000356255e+01 +3.000356255e+01 +9.1282e-01 -1.7610e+00 -3.6104e+00
2518 0 +3.309287183e-02 +3.000309287e+01 +3.000309287e+01 +9.1296e-01 -1.7612e+00 -3.6102e+00
2816 0 +3.235369747e-02 +3.000235370e+01 +3.000235370e+01 +9.1323e-01 -1.7616e+00 -3.6098e+00
3823 0 +3.204068819e-02 +3.000204069e+01 +3.000204069e+01 +9.1332e-01 -1.7617e+00 -3.6097e+00
% f evaluations | g evaluations | best noise-free fitness - Fopt (-5.171000000000e+01) + sum g_i+ | measured fitness | best measured fitness or single-digit g-values | x1 | x2...
1 0 +9.345492948e+02 +8.828392948e+02 +8.828392948e+02 +0.0000e+00 +0.0000e+00 +0.0000e+00
6 0 +8.765769462e+02 +8.248669462e+02 +8.248669462e+02 -4.6474e+00 +3.0428e+00 -4.0750e-01
15 0 +8.039527482e+02 +7.522427482e+02 +7.522427482e+02 +3.5764e-01 +3.6151e-01 -1.3445e+00
23 0 +5.034993450e+02 +4.517893450e+02 +4.517893450e+02 +5.2736e+00 +1.8048e+00 -5.5837e-01
46 0 +4.389143639e+02 +3.872043639e+02 +3.872043639e+02 +3.9584e+00 +1.5209e+00 -6.9243e-01
47 0 +2.723621088e+02 +2.206521088e+02 +2.206521088e+02 +1.4787e+00 +3.4201e+00 -2.0740e+00
51 0 +2.641256128e+02 +2.124156128e+02 +2.124156128e+02 +1.7413e+00 +2.4869e+00 -2.0826e+00
66 0 +1.889093305e+02 +1.371993305e+02 +1.371993305e+02 +3.6910e+00 +1.8695e+00 -2.2838e+00
106 0 +9.161777649e+01 +3.990777649e+01 +3.990777649e+01 +4.8185e+00 +2.4919e+00 -3.5047e+00
155 0 +8.344195769e+01 +3.173195769e+01 +3.173195769e+01 +3.0428e+00 +3.3278e+00 -3.5653e+00
160 0 +6.216702745e+01 +1.045702745e+01 +1.045702745e+01 +3.9511e+00 +2.8019e+00 -3.3687e+00
164 0 +6.101048733e+01 +9.300487330e+00 +9.300487330e+00 +3.6062e+00 +2.5758e+00 -3.4457e+00
173 0 +3.917247737e+01 -1.253752263e+01 -1.253752263e+01 +5.0700e+00 +2.0411e+00 -3.2361e+00
179 0 +2.271152928e+01 -2.899847072e+01 -2.899847072e+01 +4.1881e+00 +2.3448e+00 -3.1918e+00
335 0 +1.958326266e+01 -3.212673734e+01 -3.212673734e+01 +3.9279e+00 +2.5524e+00 -3.3026e+00
380 0 +1.858468555e+01 -3.312531445e+01 -3.312531445e+01 +2.9686e+00 +3.0033e+00 -3.4247e+00
382 0 +1.706760125e+01 -3.464239875e+01 -3.464239875e+01 +3.5225e+00 +2.6994e+00 -3.1726e+00
459 0 +1.570185910e+01 -3.600814090e+01 -3.600814090e+01 +2.2843e+00 +3.3019e+00 -3.4847e+00
495 0 +5.820049861e+00 -4.588995014e+01 -4.588995014e+01 +1.6608e+00 +3.5548e+00 -3.4440e+00
580 0 +5.616677705e+00 -4.609332230e+01 -4.609332230e+01 +1.6198e+00 +3.5831e+00 -3.4941e+00
602 0 +5.373752815e+00 -4.633624719e+01 -4.633624719e+01 +1.5127e+00 +3.6161e+00 -3.4662e+00
765 0 +4.507701538e+00 -4.720229846e+01 -4.720229846e+01 +1.3594e+00 +3.6985e+00 -3.5118e+00
871 0 +4.331144303e+00 -4.737885570e+01 -4.737885570e+01 +1.2814e+00 +3.7343e+00 -3.5183e+00
1209 0 +3.795908509e+00 -4.791409149e+01 -4.791409149e+01 +1.2530e+00 +3.7459e+00 -3.5101e+00
1263 0 +3.420055555e+00 -4.828994444e+01 -4.828994444e+01 +1.2134e+00 +3.7646e+00 -3.5196e+00
1334 0 +3.318571348e+00 -4.839142865e+01 -4.839142865e+01 +1.2408e+00 +3.7509e+00 -3.5143e+00
1369 0 +3.045992623e+00 -4.866400738e+01 -4.866400738e+01 +1.2854e+00 +3.7312e+00 -3.5095e+00
1455 0 +2.670931071e+00 -4.903906893e+01 -4.903906893e+01 +1.4006e+00 +3.6781e+00 -3.4965e+00
1864 0 +2.593781470e+00 -4.911621853e+01 -4.911621853e+01 +1.3913e+00 +3.6835e+00 -3.4977e+00
1980 0 +2.567692761e+00 -4.914230724e+01 -4.914230724e+01 +1.3805e+00 +3.6881e+00 -3.4996e+00
2093 0 +2.488331643e+00 -4.922166836e+01 -4.922166836e+01 +1.3925e+00 +3.6831e+00 -3.4985e+00
2254 0 +2.442468361e+00 -4.926753164e+01 -4.926753164e+01 +1.3944e+00 +3.6821e+00 -3.4981e+00
2879 0 +2.397669674e+00 -4.931233033e+01 -4.931233033e+01 +1.4047e+00 +3.6775e+00 -3.4969e+00
5286 0 +2.382921579e+00 -4.932707842e+01 -4.932707842e+01 +1.4075e+00 +3.6762e+00 -3.4966e+00
% f evaluations | g evaluations | best noise-free fitness - Fopt (-2.799500000000e+02) + sum g_i+ | measured fitness | best measured fitness or single-digit g-values | x1 | x2...
1 0 +1.696773180e+03 +1.416823180e+03 +1.416823180e+03 +0.0000e+00 +0.0000e+00 +0.0000e+00
2 0 +5.866358925e+02 +3.066858925e+02 +3.066858925e+02 -1.5535e+00 -4.6065e+00 -3.3747e-01
5 0 +5.495502828e+02 +2.696002828e+02 +2.696002828e+02 +1.8080e+00 -3.9184e+00 +4.7074e+00
12 0 +3.101722194e+02 +3.022221943e+01 +3.022221943e+01 +2.4195e-01 -6.5548e+00 +1.4010e+00
25 0 +1.974547646e+02 -8.249523544e+01 -8.249523544e+01 -1.5199e+00 -4.2698e+00 +3.5519e+00
46 0 +1.327535854e+02 -1.471964146e+02 -1.471964146e+02 -1.2758e+00 -5.0823e+00 +2.2942e+00
122 0 +1.033855531e+02 -1.765644469e+02 -1.765644469e+02 -4.7333e+00 -3.3078e+00 +4.5222e+00
167 0 +5.088992882e+01 -2.290600712e+02 -2.290600712e+02 -3.3529e+00 -3.7234e+00 +3.6617e+00
228 0 +4.485158686e+01 -2.350984131e+02 -2.350984131e+02 -3.9012e+00 -4.0570e+00 +3.0066e+00
330 0 +2.468653453e+01 -2.552634655e+02 -2.552634655e+02 -3.3937e+00 -4.2624e+00 +2.8005e+00
558 0 +2.107826529e+01 -2.588717347e+02 -2.588717347e+02 -3.3200e+00 -4.2716e+00 +2.8003e+00
562 0 +1.614428981e+01 -2.638057102e+02 -2.638057102e+02 -3.9061e+00 -3.8426e+00 +3.4552e+00
619 0 +1.276924084e+01 -2.671807592e+02 -2.671807592e+02 -4.1085e+00 -3.5766e+00 +3.6824e+00
630 0 +6.831693219e+00 -2.731183068e+02 -2.731183068e+02 -4.1768e+00 -3.4562e+00 +3.9000e+00
837 0 +3.653529725e+00 -2.762964703e+02 -2.762964703e+02 -3.7794e+00 -3.7837e+00 +3.4842e+00
993 0 +2.489346508e+00 -2.774606535e+02 -2.774606535e+02 -3.7160e+00 -3.8491e+00 +3.4084e+00
1118 0 +9.588297697e-01 -2.789911702e+02 -2.789911702e+02 -3.7871e+00 -3.8042e+00 +3.4650e+00
1304 0 +6.507417367e-01 -2.792992583e+02 -2.792992583e+02 -3.6572e+00 -3.9201e+00 +3.3261e+00
1447 0 +3.773851058e-01 -2.795726149e+02 -2.795726149e+02 -3.6376e+00 -3.9455e+00 +3.2942e+00
1481 0 +1.788177116e-01 -2.797711823e+02 -2.797711823e+02 -3.6052e+00 -3.9695e+00 +3.2641e+00
1701 0 +3.413441372e-02 -2.799158656e+02 -2.799158656e+02 -3.6306e+00 -3.9487e+00 +3.2896e+00
2013 0 +8.596898359e-03 -2.799414031e+02 -2.799414031e+02 -3.6285e+00 -3.9502e+00 +3.2877e+00
2620 0 +6.422687302e-03 -2.799435773e+02 -2.799435773e+02 -3.6287e+00 -3.9501e+00 +3.2879e+00
2646 0 +4.856674323e-03 -2.799451433e+02 -2.799451433e+02 -3.6289e+00 -3.9499e+00 +3.2881e+00
2651 0 +4.730449701e-03 -2.799452696e+02 -2.799452696e+02 -3.6289e+00 -3.9500e+00 +3.2879e+00
2732 0 +3.405776606e-03 -2.799465942e+02 -2.799465942e+02 -3.6293e+00 -3.9496e+00 +3.2884e+00
2817 0 +2.859272413e-03 -2.799471407e+02 -2.799471407e+02 -3.6292e+00 -3.9497e+00 +3.2883e+00
2833 0 +1.643665191e-03 -2.799483563e+02 -2.799483563e+02 -3.6291e+00 -3.9498e+00 +3.2883e+00
3506 0 +1.508438563e-03 -2.799484916e+02 -2.799484916e+02 -3.6297e+00 -3.9493e+00 +3.2889e+00
4011 0 +1.336864144e-03 -2.799486631e+02 -2.799486631e+02 -3.6297e+00 -3.9493e+00 +3.2888e+00
4607 0 +1.317671014e-03 -2.799486823e+02 -2.799486823e+02 -3.6297e+00 -3.9493e+00 +3.2888e+00
4714 0 +1.296210881e-03 -2.799487038e+02 -2.799487038e+02 -3.6297e+00 -3.9493e+00 +3.2888e+00
% f evaluations | g evaluations | best noise-free fitness - Fopt (9.319900000000e+02) + sum g_i+ | measured fitness | best measured fitness or single-digit g-values | x1 | x2...
1 0 +3.905578211e+02 +1.322547821e+03 +1.322547821e+03 +0.0000e+00 +0.0000e+00 +0.0000e+00
3 0 +1.200270569e+02 +1.052017057e+03 +1.052017057e+03 +1.2194e+00 +8.8905e-01 +4.1554e+00
29 0 +7.035323160e+01 +1.002343232e+03 +1.002343232e+03 +7.6101e-01 -4.7166e-01 +3.8722e+00
62 0 +5.966340422e+01 +9.916534042e+02 +9.916534042e+02 +1.1362e+00 +3.7779e-02 +2.6802e+00
75 0 +5.363610369e+01 +9.856261037e+02 +9.856261037e+02 +5.4886e-01 -8.1599e-01 +3.1010e+00
131 0 +4.915257009e+01 +9.811425701e+02 +9.811425701e+02 +1.3511e+00 +7.2881e-01 +3.4239e+00
179 0 +2.865214719e+01 +9.606421472e+02 +9.606421472e+02 +1.4581e+00 +1.4492e+00 +2.7984e+00
194 0 +2.628407649e+01 +9.582740765e+02 +9.582740765e+02 +1.2380e+00 +3.8301e-01 +3.0233e+00
210 0 +2.496303221e+01 +9.569530322e+02 +9.569530322e+02 +1.2024e+00 +4.4499e-01 +3.2531e+00
245 0 +2.383828353e+01 +9.558282835e+02 +9.558282835e+02 +1.9854e+00 +2.3122e+00 +2.5630e+00
278 0 +1.374861390e+01 +9.457386139e+02 +9.457386139e+02 +1.8518e+00 +2.0807e+00 +2.6205e+00
340 0 +1.302651641e+01 +9.450165164e+02 +9.450165164e+02 +1.2371e+00 +5.6117e-01 +3.1092e+00
394 0 +1.059909532e+01 +9.425890953e+02 +9.425890953e+02 +1.5566e+00 +1.4708e+00 +2.8103e+00
399 0 +6.844679026e+00 +9.388346790e+02 +9.388346790e+02 +1.3984e+00 +9.7757e-01 +2.9526e+00
469 0 +6.157586968e+00 +9.381475870e+02 +9.381475870e+02 +1.5402e+00 +1.3039e+00 +2.8166e+00
472 0 +2.957433747e+00 +9.349474337e+02 +9.349474337e+02 +1.4576e+00 +1.1546e+00 +2.8271e+00
900 0 +8.184590262e-01 +9.328084590e+02 +9.328084590e+02 +1.2796e+00 +7.4803e-01 +2.9620e+00
1410 0 +5.761934624e-01 +9.325661935e+02 +9.325661935e+02 +1.3055e+00 +8.1068e-01 +2.9474e+00
1429 0 +5.295702736e-01 +9.325195703e+02 +9.325195703e+02 +1.3257e+00 +8.4810e-01 +2.9374e+00
1478 0 +1.166785205e-01 +9.321066785e+02 +9.321066785e+02 +1.3406e+00 +8.8873e-01 +2.9269e+00
1836 0 +2.476129685e-02 +9.320147613e+02 +9.320147613e+02 +1.3317e+00 +8.6784e-01 +2.9340e+00
2689 0 +2.387126277e-02 +9.320138713e+02 +9.320138713e+02 +1.3583e+00 +9.2976e-01 +2.9162e+00
2691 0 +1.853951376e-02 +9.320085395e+02 +9.320085395e+02 +1.3582e+00 +9.2963e-01 +2.9162e+00
2801 0 +1.574153259e-02 +9.320057415e+02 +9.320057415e+02 +1.3550e+00 +9.2218e-01 +2.9184e+00
2863 0 +1.426108154e-02 +9.320042611e+02 +9.320042611e+02 +1.3546e+00 +9.2118e-01 +2.9186e+00
3176 0 +1.301032730e-02 +9.320030103e+02 +9.320030103e+02 +1.3538e+00 +9.1928e-01 +2.9192e+00
3286 0 +1.288137906e-02 +9.320028814e+02 +9.320028814e+02 +1.3539e+00 +9.1943e-01 +2.9192e+00
3350 0 +1.168141691e-02 +9.320016814e+02 +9.320016814e+02 +1.3540e+00 +9.1976e-01 +2.9191e+00
3374 0 +1.086357251e-02 +9.320008636e+02 +9.320008636e+02 +1.3542e+00 +9.2013e-01 +2.9190e+00
3725 0 +1.060465779e-02 +9.320006047e+02 +9.320006047e+02 +1.3542e+00 +9.2025e-01 +2.9189e+00
3749 0 +1.018533391e-02 +9.320001853e+02 +9.320001853e+02 +1.3542e+00 +9.2026e-01 +2.9189e+00
4849 0 +9.995583171e-03 +9.319999956e+02 +9.319999956e+02 +1.3542e+00 +9.2022e-01 +2.9189e+00
4901 0 +9.991164763e-03 +9.319999912e+02 +9.319999912e+02 +1.3542e+00 +9.2022e-01 +2.9189e+00
% f evaluations | g evaluations | best noise-free fitness - Fopt (1.133100000000e+02) + sum g_i+ | measured fitness | best measured fitness or single-digit g-values | x1 | x2...
1 0 +7.209444707e+02 +8.342544707e+02 +8.342544707e+02 +0.0000e+00 +0.0000e+00 +0.0000e+00
3 0 +6.904307666e+02 +8.037407666e+02 +8.037407666e+02 +4.0917e+00 -4.0557e-01 -3.5912e+00
8 0 +2.328509811e+02 +3.461609811e+02 +3.461609811e+02 +3.5895e+00 +3.1150e+00 -1.7724e+00
67 0 +1.852141359e+02 +2.985241359e+02 +2.985241359e+02 +1.1012e+00 +3.8155e+00 +1.9940e+00
74 0 +1.475071731e+02 +2.608171731e+02 +2.608171731e+02 +2.4739e+00 +1.1150e+00 +1.3236e+00
156 0 +1.104386288e+02 +2.237486288e+02 +2.237486288e+02 +1.8325e+00 +7.6799e-01 +3.4363e+00
161 0 +1.070125415e+02 +2.203225415e+02 +2.203225415e+02 +1.5920e+00 +1.7007e+00 +2.8406e+00
171 0 +1.013383578e+02 +2.146483578e+02 +2.146483578e+02 +1.4725e+00 +2.2085e+00 +2.1021e+00
282 0 +9.297148507e+01 +2.062814851e+02 +2.062814851e+02 +2.2891e+00 +2.6642e+00 +9.2284e-02
284 0 +8.333787327e+01 +1.966478733e+02 +1.966478733e+02 +2.6056e+00 +3.2744e+00 +4.1583e-01
291 0 +5.728595891e+01 +1.705959589e+02 +1.705959589e+02 +1.7769e+00 +3.5701e+00 +4.3500e-01
333 0 +4.877542675e+01 +1.620854268e+02 +1.620854268e+02 +2.2737e+00 +3.4434e+00 -2.4040e-01
348 0 +1.968456562e+01 +1.329945656e+02 +1.329945656e+02 +2.2335e+00 +2.7311e+00 +9.1340e-01
431 0 +1.217456519e+01 +1.254845652e+02 +1.254845652e+02 +2.1293e+00 +2.9633e+00 +6.6925e-01
465 0 +1.178321887e+01 +1.250932189e+02 +1.250932189e+02 +2.1774e+00 +3.2725e+00 +5.1117e-01
489 0 +1.109846921e+01 +1.244084692e+02 +1.244084692e+02 +2.1886e+00 +3.1695e+00 +4.3287e-01
595 0 +1.036633628e+01 +1.236763363e+02 +1.236763363e+02 +2.1713e+00 +3.2170e+00 +5.6151e-01
600 0 +5.824228580e+00 +1.191342286e+02 +1.191342286e+02 +2.0981e+00 +3.2106e+00 +5.7668e-01
675 0 +4.868477155e+00 +1.181784772e+02 +1.181784772e+02 +2.1183e+00 +3.1175e+00 +5.9436e-01
705 0 +2.990128297e+00 +1.163001283e+02 +1.163001283e+02 +2.1285e+00 +3.2302e+00 +4.8743e-01
747 0 +2.119878119e+00 +1.154298781e+02 +1.154298781e+02 +2.1567e+00 +3.5461e+00 +1.6488e-01
961 0 +5.502786097e-01 +1.138602786e+02 +1.138602786e+02 +2.1368e+00 +3.1540e+00 +5.7391e-01
1672 0 +2.951591721e-01 +1.136051592e+02 +1.136051592e+02 +2.1309e+00 +3.0835e+00 +6.5322e-01
2124 0 +2.047683958e-01 +1.135147684e+02 +1.135147684e+02 +2.1365e+00 +3.2062e+00 +5.2480e-01
2226 0 +1.782946566e-01 +1.134882947e+02 +1.134882947e+02 +2.1360e+00 +3.1905e+00 +5.4068e-01
2234 0 +1.355081052e-01 +1.134455081e+02 +1.134455081e+02 +2.1353e+00 +3.1823e+00 +5.5063e-01
2459 0 +1.212060472e-01 +1.134312060e+02 +1.134312060e+02 +2.1373e+00 +3.2043e+00 +5.2779e-01
2490 0 +8.319008171e-02 +1.133931901e+02 +1.133931901e+02 +2.1361e+00 +3.1758e+00 +5.5741e-01
2646 0 +4.834393800e-02 +1.133583439e+02 +1.133583439e+02 +2.1368e+00 +3.1943e+00 +5.3785e-01
2890 0 +3.181816520e-02 +1.133418182e+02 +1.133418182e+02 +2.1370e+00 +3.1993e+00 +5.3237e-01
3020 0 +2.095225549e-02 +1.133309523e+02 +1.133309523e+02 +2.1368e+00 +3.1942e+00 +5.3744e-01
3324 0 +1.591488694e-02 +1.133259149e+02 +1.133259149e+02 +2.1367e+00 +3.1924e+00 +5.3945e-01
3464 0 +1.449023094e-02 +1.133244902e+02 +1.133244902e+02 +2.1366e+00 +3.1902e+00 +5.4171e-01
3496 0 +1.432747007e-02 +1.133243275e+02 +1.133243275e+02 +2.1367e+00 +3.1917e+00 +5.4013e-01
3614 0 +1.124226115e-02 +1.133212423e+02 +1.133212423e+02 +2.1367e+00 +3.1930e+00 +5.3885e-01
4017 0 +1.017572071e-02 +1.133201757e+02 +1.133201757e+02 +2.1366e+00 +3.1907e+00 +5.4124e-01
4294 0 +9.252072872e-03 +1.133192521e+02 +1.133192521e+02 +2.1366e+00 +3.1901e+00 +5.4190e-01
4435 0 +8.961794759e-03 +1.133189618e+02 +1.133189618e+02 +2.1366e+00 +3.1902e+00 +5.4184e-01
4470 0 +8.653031057e-03 +1.133186530e+02 +1.133186530e+02 +2.1366e+00 +3.1903e+00 +5.4167e-01
4944 0 +8.319587767e-03 +1.133183196e+02 +1.133183196e+02 +2.1366e+00 +3.1904e+00 +5.4157e-01
5106 0 +8.229662938e-03 +1.133182297e+02 +1.133182297e+02 +2.1366e+00 +3.1904e+00 +5.4158e-01
5497 0 +8.095738364e-03 +1.133180957e+02 +1.133180957e+02 +2.1366e+00 +3.1904e+00 +5.4160e-01
6194 0 +8.027775380e-03 +1.133180278e+02 +1.133180278e+02 +2.1366e+00 +3.1904e+00 +5.4160e-01
% f evaluations | g evaluations | best noise-free fitness - Fopt (2.849000000000e+01) + sum g_i+ | measured fitness | best measured fitness or single-digit g-values | x1 | x2...
1 0 +2.423916500e+02 +2.708816500e+02 +2.708816500e+02 +0.0000e+00 +0.0000e+00 +0.0000e+00
9 0 +2.025660145e+02 +2.310560145e+02 +2.310560145e+02 -8.8885e-01 -4.1070e+00 -2.1019e-01
29 0 +1.920948613e+02 +2.205848613e+02 +2.205848613e+02 +3.7953e-03 -4.6939e-01 -1.9323e-03
31 0 +5.696348090e+01 +8.545348090e+01 +8.545348090e+01 -1.6015e+00 -2.9081e+00 -1.7397e-01
35 0 +1.906189174e+01 +4.755189174e+01 +4.755189174e+01 -1.0534e+00 -2.0089e+00 -1.9148e-02
310 0 +1.698577901e+01 +4.547577901e+01 +4.547577901e+01 +7.6004e-01 -1.0276e+00 +5.4129e-01
347 0 +3.414667519e+00 +3.190466752e+01 +3.190466752e+01 +3.4240e-02 -1.5071e+00 +3.1321e-01
564 0 +2.340372588e+00 +3.083037259e+01 +3.083037259e+01 -1.1528e+00 -2.1490e+00 -1.3057e-02
1099 0 +2.235258399e+00 +3.072525840e+01 +3.072525840e+01 -1.0243e+00 -2.0610e+00 +2.5762e-02
1118 0 +1.989461337e+00 +3.047946134e+01 +3.047946134e+01 -1.0153e+00 -2.0768e+00 +2.3130e-02
1130 0 +1.866137593e+00 +3.035613759e+01 +3.035613759e+01 -1.0760e+00 -2.0976e+00 +1.6189e-02
1193 0 +8.227784996e-01 +2.931277850e+01 +2.931277850e+01 -9.4990e-01 -2.0302e+00 +4.7601e-02
3825 0 +8.227784996e-01 +2.931277850e+01 +2.931277850e+01 -9.4990e-01 -2.0302e+00 +4.7601e-02
% f evaluations | g evaluations | best noise-free fitness - Fopt (-7.405800000000e+02) + sum g_i+ | measured fitness | best measured fitness or single-digit g-values | x1 | x2...
1 0 +7.159750687e+02 -2.460493128e+01 -2.460493128e+01 +0.0000e+00 +0.0000e+00 +0.0000e+00
4 0 +4.789452875e+02 -2.616347125e+02 -2.616347125e+02 -2.7838e+00 -2.7121e+00 -3.2753e+00
10 0 +3.287710443e+02 -4.118089557e+02 -4.118089557e+02 -1.1447e+00 -4.1366e-01 -1.4478e+00
12 0 +2.665734420e+02 -4.740065580e+02 -4.740065580e+02 -2.8159e+00 -1.6630e+00 -2.4551e+00
20 0 +1.933711626e+02 -5.472088374e+02 -5.472088374e+02 -4.9446e+00 -1.6506e+00 +1.1978e+00
52 0 +1.511162964e+02 -5.894637036e+02 -5.894637036e+02 -2.6368e+00 +4.4063e-01 -1.0960e+00
55 0 +9.185942188e+01 -6.487205781e+02 -6.487205781e+02 -1.4064e-01 +2.1198e-01 -5.1010e+00
60 0 +3.658772965e+01 -7.039922704e+02 -7.039922704e+02 -1.4324e+00 +2.5295e-01 -2.9714e+00
148 0 +2.995402190e+01 -7.106259781e+02 -7.106259781e+02 -3.0226e+00 -2.5274e-01 -1.2672e+00
210 0 +2.894625858e+01 -7.116337414e+02 -7.116337414e+02 -3.0466e+00 -4.7074e-01 -1.1661e+00
251 0 +2.653771677e+01 -7.140422832e+02 -7.140422832e+02 -2.6762e+00 -3.9194e-01 -1.7211e+00
278 0 +2.560849821e+01 -7.149715018e+02 -7.149715018e+02 -2.7986e+00 -2.5679e-01 -1.3590e+00
285 0 +1.509430931e+01 -7.254856907e+02 -7.254856907e+02 -3.0167e+00 -3.3126e-01 -1.1998e+00
377 0 +1.314825849e+01 -7.274317415e+02 -7.274317415e+02 -2.2021e+00 -7.9362e-02 -2.1598e+00
408 0 +2.556585989e+00 -7.380234140e+02 -7.380234140e+02 -1.8932e+00 -4.7636e-02 -2.5432e+00
4902 0 +2.556585989e+00 -7.380234140e+02 -7.380234140e+02 -1.8932e+00 -4.7636e-02 -2.5432e+00
% f evaluations | g evaluations | best noise-free fitness - Fopt (-5.177000000000e+01) + sum g_i+ | measured fitness | best measured fitness or single-digit g-values | x1 | x2...
1 0 +1.012061498e+03 +9.602914976e+02 +9.602914976e+02 +0.0000e+00 +0.0000e+00 +0.0000e+00
3 0 +1.893191977e+02 +1.375491977e+02 +1.375491977e+02 -3.6647e-01 +1.2927e+00 +2.2643e+00
39 0 +1.588998638e+02 +1.071298638e+02 +1.071298638e+02 -4.7489e-01 +1.5922e+00 +3.3156e+00
41 0 +4.579674009e+01 -5.973259908e+00 -5.973259908e+00 -2.8863e-01 +1.6016e+00 +2.7230e+00
115 0 +1.644075889e+01 -3.532924111e+01 -3.532924111e+01 -4.8420e-01 +1.4697e+00 +2.8215e+00
247 0 +1.241418967e+01 -3.935581033e+01 -3.935581033e+01 -6.6427e-01 +1.4457e+00 +2.7703e+00
367 0 +8.670349947e+00 -4.309965005e+01 -4.309965005e+01 -8.8827e-01 +1.4653e+00 +2.7079e+00
402 0 +7.145778870e+00 -4.462422113e+01 -4.462422113e+01 -1.0154e+00 +1.4894e+00 +2.6846e+00
496 0 +5.447713904e+00 -4.632228610e+01 -4.632228610e+01 -9.8215e-01 +1.4794e+00 +2.6866e+00
752 0 +4.444754201e+00 -4.732524580e+01 -4.732524580e+01 -1.2166e+00 +1.5125e+00 +2.6095e+00
797 0 +3.242941885e+00 -4.852705812e+01 -4.852705812e+01 -1.2583e+00 +1.5305e+00 +2.5863e+00
826 0 +3.035766465e+00 -4.873423354e+01 -4.873423354e+01 -1.3243e+00 +1.5358e+00 +2.5679e+00
1039 0 +2.958546001e+00 -4.881145400e+01 -4.881145400e+01 -1.2738e+00 +1.5316e+00 +2.5825e+00
1076 0 +2.789523427e+00 -4.898047657e+01 -4.898047657e+01 -1.2854e+00 +1.5320e+00 +2.5792e+00
1215 0 +2.694979254e+00 -4.907502075e+01 -4.907502075e+01 -1.3261e+00 +1.5384e+00 +2.5653e+00
1226 0 +2.677565927e+00 -4.909243407e+01 -4.909243407e+01 -1.3199e+00 +1.5384e+00 +2.5661e+00
1300 0 +2.446038095e+00 -4.932396190e+01 -4.932396190e+01 -1.3437e+00 +1.5412e+00 +2.5584e+00
1895 0 +2.397417439e+00 -4.937258256e+01 -4.937258256e+01 -1.3520e+00 +1.5425e+00 +2.5555e+00
3375 0 +2.393021866e+00 -4.937697813e+01 -4.937697813e+01 -1.3524e+00 +1.5426e+00 +2.5553e+00
% f evaluations | g evaluations | best noise-free fitness - Fopt (-2.229800000000e+02) + sum g_i+ | measured fitness | best measured fitness or single-digit g-values | x1 | x2...
1 0 +3.741982412e+02 +1.512182412e+02 +1.512182412e+02 +0.0000e+00 +0.0000e+00 +0.0000e+00
6 0 +1.345812929e+02 -8.839870706e+01 -8.839870706e+01 +4.2021e+00 -5.1290e-01 -2.6747e+00
12 0 +1.243219654e+02 -9.865803461e+01 -9.865803461e+01 +2.1203e+00 +2.5272e-01 -1.0952e+00
80 0 +1.062465094e+02 -1.167334906e+02 -1.167334906e+02 +6.6112e-01 +1.6442e+00 -9.8164e-01
105 0 +9.759425556e+01 -1.253857444e+02 -1.253857444e+02 +1.5240e+00 +6.2340e-01 -8.9929e-01
119 0 +9.245566429e+01 -1.305243357e+02 -1.305243357e+02 -1.2405e-01 +1.7706e+00 -3.9972e-02
181 0 +8.684473618e+01 -1.361352638e+02 -1.361352638e+02 +5.1776e+00 -8.2719e-01 -4.1691e+00
186 0 +7.603617962e+01 -1.469438204e+02 -1.469438204e+02 +4.4371e+00 -3.5608e-01 -3.4100e+00
210 0 +7.015218635e+01 -1.528278136e+02 -1.528278136e+02 +3.2663e+00 +2.5746e-01 -3.5813e+00
216 0 +2.725031447e+01 -1.957296855e+02 -1.957296855e+02 +2.8519e+00 +3.3472e-01 -2.4424e+00
333 0 +2.353448531e+01 -1.994455147e+02 -1.994455147e+02 +1.7977e+00 +8.8072e-01 -1.6604e+00
378 0 +1.647768101e+01 -2.065023190e+02 -2.065023190e+02 +2.3344e+00 +6.8138e-01 -2.1685e+00
478 0 +9.382587620e+00 -2.135974124e+02 -2.135974124e+02 +2.7936e+00 +4.8095e-01 -2.5794e+00
510 0 +8.176621851e+00 -2.148033781e+02 -2.148033781e+02 +2.6190e+00 +5.5075e-01 -2.4586e+00
652 0 +7.693507219e+00 -2.152864928e+02 -2.152864928e+02 +2.6047e+00 +5.5051e-01 -2.4631e+00
731 0 +1.394619223e+00 -2.215853808e+02 -2.215853808e+02 +3.1695e+00 +2.9739e-01 -2.9245e+00
4460 0 +1.394619223e+00 -2.215853808e+02 -2.215853808e+02 +3.1695e+00 +2.9739e-01 -2.9245e+00
% f evaluations | g evaluations | best noise-free fitness - Fopt (5.860000000000e+00) + sum g_i+ | measured fitness | best measured fitness or single-digit g-values | x1 | x2...
1 0 +2.860680494e+02 +2.919280494e+02 +2.919280494e+02 +0.0000e+00 +0.0000e+00 +0.0000e+00
26 0 +2.265837804e+02 +2.324437804e+02 +2.324437804e+02 +1.2312e+00 -5.5621e-02 -8.9618e-01
34 0 +1.547378610e+02 +1.605978610e+02 +1.605978610e+02 +8.0226e-01 +3.4188e-01 -2.8944e-01
108 0 +9.835114118e+01 +1.042111412e+02 +1.042111412e+02 -1.2514e+00 +1.3060e+00 +7.7792e-02
142 0 +9.513570819e+01 +1.009957082e+02 +1.009957082e+02 -1.2413e+00 +1.4545e+00 +6.8033e-02
151 0 +7.946933490e+01 +8.532933490e+01 +8.532933490e+01 -3.6560e+00 +2.0940e+00 -2.8540e-01
158 0 +4.942568211e+01 +5.528568211e+01 +5.528568211e+01 -3.9665e+00 +2.0016e+00 -7.3553e-01
164 0 +4.191565649e+01 +4.777565649e+01 +4.777565649e+01 -2.9637e+00 +1.9238e+00 -5.2986e-01
184 0 +2.411168106e+01 +2.997168106e+01 +2.997168106e+01 -2.9198e+00 +1.8274e+00 -6.4263e-01
189 0 +1.774136065e+01 +2.360136065e+01 +2.360136065e+01 -2.3458e+00 +1.5646e+00 -7.5625e-01
269 0 +1.702002655e+01 +2.288002655e+01 +2.288002655e+01 -2.5916e+00 +1.7014e+00 -8.2233e-01
293 0 +9.415786933e+00 +1.527578693e+01 +1.527578693e+01 -3.3562e+00 +1.8880e+00 -9.9108e-01
472 0 +4.814921609e+00 +1.067492161e+01 +1.067492161e+01 -3.1010e+00 +1.8176e+00 -8.5612e-01
582 0 +3.749811799e+00 +9.609811799e+00 +9.609811799e+00 -2.9677e+00 +1.7892e+00 -8.4282e-01
814 0 +3.328945801e+00 +9.188945801e+00 +9.188945801e+00 -2.9059e+00 +1.7717e+00 -8.2267e-01
1205 0 +3.207217862e+00 +9.067217862e+00 +9.067217862e+00 -2.8876e+00 +1.7666e+00 -8.1653e-01
1288 0 +3.023194304e+00 +8.883194304e+00 +8.883194304e+00 -2.9125e+00 +1.7743e+00 -8.2036e-01
1344 0 +2.958124594e+00 +8.818124594e+00 +8.818124594e+00 -2.9280e+00 +1.7787e+00 -8.2325e-01
1351 0 +2.907711948e+00 +8.767711948e+00 +8.767711948e+00 -2.9350e+00 +1.7809e+00 -8.2464e-01
1384 0 +2.865622768e+00 +8.725622768e+00 +8.725622768e+00 -2.9389e+00 +1.7815e+00 -8.2673e-01
1410 0 +2.791809331e+00 +8.651809331e+00 +8.651809331e+00 -2.9513e+00 +1.7851e+00 -8.2903e-01
1424 0 +2.720985001e+00 +8.580985001e+00 +8.580985001e+00 -2.9594e+00 +1.7875e+00 -8.3052e-01
1490 0 +2.605362014e+00 +8.465362014e+00 +8.465362014e+00 -2.9770e+00 +1.7929e+00 -8.3378e-01
1669 0 +2.556232349e+00 +8.416232349e+00 +8.416232349e+00 -2.9810e+00 +1.7940e+00 -8.3578e-01
1799 0 +2.509824930e+00 +8.369824930e+00 +8.369824930e+00 -2.9807e+00 +1.7942e+00 -8.3494e-01
1984 0 +2.450891210e+00 +8.310891210e+00 +8.310891210e+00 -2.9870e+00 +1.7960e+00 -8.3638e-01
4887 0 +2.401215054e+00 +8.261215054e+00 +8.261215054e+00 -2.9940e+00 +1.7980e+00 -8.3784e-01
% f evaluations | g evaluations | best noise-free fitness - Fopt (2.048600000000e+02) + sum g_i+ | measured fitness | best measured fitness or single-digit g-values | x1 | x2...
1 0 +5.159962663e+02 +7.208562663e+02 +7.208562663e+02 +0.0000e+00 +0.0000e+00 +0.0000e+00
2 0 +5.068371906e+02 +7.116971906e+02 +7.116971906e+02 -3.1118e+00 +2.4199e+00 -8.8021e-01
3 0 +2.767761453e+02 +4.816361453e+02 +4.816361453e+02 +5.9745e-01 -4.4545e+00 -3.4587e+00
14 0 +2.345368746e+02 +4.393968746e+02 +4.393968746e+02 +6.9652e-02 -2.7954e+00 -1.9313e+00
18 0 +2.273112003e+02 +4.321712003e+02 +4.321712003e+02 -2.8129e+00 +1.5864e+00 +1.0019e+00
19 0 +8.127233046e+01 +2.861323305e+02 +2.861323305e+02 -2.2485e+00 +3.8317e-01 +7.9679e-01
58 0 +7.432248008e+01 +2.791824801e+02 +2.791824801e+02 -1.4293e+00 -7.1622e-01 -1.2566e-01
65 0 +2.752116169e+01 +2.323811617e+02 +2.323811617e+02 -2.5857e+00 +8.5689e-01 +2.3936e+00
465 0 +2.380505554e+01 +2.286650555e+02 +2.286650555e+02 -1.4945e+00 -1.2304e+00 -1.0226e+00
515 0 +1.352353644e+01 +2.183835364e+02 +2.183835364e+02 -1.7153e+00 -8.0993e-01 -1.0797e-02
531 0 +5.297242100e+00 +2.101572421e+02 +2.101572421e+02 -1.8622e+00 -4.4035e-01 +3.8309e-01
545 0 +4.527767918e+00 +2.093877679e+02 +2.093877679e+02 -1.7796e+00 -6.6378e-01 +6.3873e-02
633 0 +4.390831550e+00 +2.092508316e+02 +2.092508316e+02 -1.6742e+00 -8.6703e-01 -2.2645e-01
813 0 +3.608712611e+00 +2.084687126e+02 +2.084687126e+02 -1.6861e+00 -7.8385e-01 -1.0138e-01
930 0 +2.009398434e+00 +2.068693984e+02 +2.068693984e+02 -1.6199e+00 -9.3628e-01 -3.3047e-01
1041 0 +1.419385559e+00 +2.062793856e+02 +2.062793856e+02 -1.7430e+00 -7.0805e-01 -1.2175e-03
1110 0 +1.173809840e+00 +2.060338098e+02 +2.060338098e+02 -1.7638e+00 -6.6501e-01 +6.6053e-02
1139 0 +3.141374801e-01 +2.051741375e+02 +2.051741375e+02 -1.8003e+00 -5.8838e-01 +1.9978e-01
1393 0 +2.682494281e-01 +2.051282494e+02 +2.051282494e+02 -1.7742e+00 -6.3816e-01 +1.2084e-01
1399 0 +1.664745202e-01 +2.050264745e+02 +2.050264745e+02 -1.7809e+00 -6.2568e-01 +1.3949e-01
1523 0 +1.539098267e-01 +2.050139098e+02 +2.050139098e+02 -1.7751e+00 -6.3805e-01 +1.2101e-01
1768 0 +1.024309878e-01 +2.049624310e+02 +2.049624310e+02 -1.7959e+00 -5.9836e-01 +1.8146e-01
1951 0 +7.673476776e-02 +2.049367348e+02 +2.049367348e+02 -1.7906e+00 -6.0810e-01 +1.6669e-01
2082 0 +3.836385908e-02 +2.048983639e+02 +2.048983639e+02 -1.7881e+00 -6.1266e-01 +1.5864e-01
2269 0 +3.796732834e-02 +2.048979673e+02 +2.048979673e+02 -1.7768e+00 -6.3506e-01 +1.2365e-01
2540 0 +1.618408030e-02 +2.048761841e+02 +2.048761841e+02 -1.7726e+00 -6.4305e-01 +1.1129e-01
2574 0 +1.314681839e-02 +2.048731468e+02 +2.048731468e+02 -1.7728e+00 -6.4261e-01 +1.1207e-01
2762 0 +1.136517096e-02 +2.048713652e+02 +2.048713652e+02 -1.7724e+00 -6.4337e-01 +1.1090e-01
2771 0 +4.401422030e-03 +2.048644014e+02 +2.048644014e+02 -1.7721e+00 -6.4404e-01 +1.0987e-01
2972 0 +3.453542876e-03 +2.048634535e+02 +2.048634535e+02 -1.7722e+00 -6.4372e-01 +1.1044e-01
3032 0 +1.946140201e-03 +2.048619461e+02 +2.048619461e+02 -1.7723e+00 -6.4354e-01 +1.1068e-01
3415 0 +1.061810854e-03 +2.048610618e+02 +2.048610618e+02 -1.7719e+00 -6.4430e-01 +1.0952e-01
3549 0 +6.208142114e-04 +2.048606208e+02 +2.048606208e+02 -1.7719e+00 -6.4437e-01 +1.0940e-01
3832 0 +5.334843758e-04 +2.048605335e+02 +2.048605335e+02 -1.7719e+00 -6.4441e-01 +1.0934e-01
3842 0 +3.969554075e-04 +2.048603970e+02 +2.048603970e+02 -1.7719e+00 -6.4441e-01 +1.0934e-01
3979 0 +3.381204560e-04 +2.048603381e+02 +2.048603381e+02 -1.7719e+00 -6.4441e-01 +1.0934e-01
4134 0 +3.238425312e-04 +2.048603238e+02 +2.048603238e+02 -1.7719e+00 -6.4441e-01 +1.0934e-01
4223 0 +3.064499695e-04 +2.048603064e+02 +2.048603064e+02 -1.7719e+00 -6.4441e-01 +1.0934e-01
4306 0 +3.064499695e-04 +2.048603064e+02 +2.048603064e+02 -1.7719e+00 -6.4441e-01 +1.0934e-01
% f evaluations | g evaluations | best noise-free fitness - Fopt (1.154900000000e+02) + sum g_i+ | measured fitness | best measured fitness or single-digit g-values | x1 | x2...
1 0 +1.003919608e+03 +1.119409608e+03 +1.119409608e+03 +0.0000e+00 +0.0000e+00 +0.0000e+00
6 0 +1.780747516e+02 +2.935647516e+02 +2.935647516e+02 +1.9130e+00 -2.7758e+00 +3.5754e+00
62 0 +1.264058834e+02 +2.418958834e+02 +2.418958834e+02 -9.2373e-01 -3.0900e+00 +2.7737e+00
79 0 +1.155695177e+02 +2.310595177e+02 +2.310595177e+02 -1.4563e+00 -1.8063e+00 +3.7772e+00
86 0 +8.585287713e+01 +2.013428771e+02 +2.013428771e+02 -9.6140e-01 -2.5627e+00 +2.6775e+00
90 0 +5.275740188e+01 +1.682474019e+02 +1.682474019e+02 -1.3384e+00 -2.1497e+00 +3.3386e+00
103 0 +1.964002962e+01 +1.351300296e+02 +1.351300296e+02 -2.5660e+00 -1.6828e+00 +3.0106e+00
146 0 +9.507035098e+00 +1.249970351e+02 +1.249970351e+02 -3.1580e+00 -1.2876e+00 +2.9294e+00
401 0 +9.052147766e+00 +1.245421478e+02 +1.245421478e+02 -1.9825e+00 -1.8362e+00 +3.0862e+00
431 0 +4.558360844e+00 +1.200483608e+02 +1.200483608e+02 -1.9545e+00 -1.8551e+00 +3.0308e+00
502 0 +2.052996391e+00 +1.175429964e+02 +1.175429964e+02 -2.6340e+00 -1.5718e+00 +2.9743e+00
517 0 +8.356518619e-01 +1.163256519e+02 +1.163256519e+02 -2.6220e+00 -1.5717e+00 +2.9661e+00
637 0 +8.041044206e-01 +1.162941044e+02 +1.162941044e+02 -2.5232e+00 -1.6158e+00 +2.9831e+00
716 0 +6.848912088e-01 +1.161748912e+02 +1.161748912e+02 -2.5447e+00 -1.6125e+00 +2.9745e+00
844 0 +2.976646681e-01 +1.157876647e+02 +1.157876647e+02 -2.4494e+00 -1.6481e+00 +2.9870e+00
1634 0 +2.896362608e-01 +1.157796363e+02 +1.157796363e+02 -2.3174e+00 -1.7080e+00 +3.0019e+00
1810 0 +2.344330240e-01 +1.157244330e+02 +1.157244330e+02 -2.4049e+00 -1.6692e+00 +2.9926e+00
1884 0 +2.170307206e-01 +1.157070307e+02 +1.157070307e+02 -2.4257e+00 -1.6592e+00 +2.9902e+00
1970 0 +2.029548460e-01 +1.156929548e+02 +1.156929548e+02 -2.4494e+00 -1.6514e+00 +2.9852e+00
1981 0 +7.678278649e-02 +1.155667828e+02 +1.155667828e+02 -2.4346e+00 -1.6565e+00 +2.9885e+00
2027 0 +6.036007188e-02 +1.155503601e+02 +1.155503601e+02 -2.4276e+00 -1.6602e+00 +2.9887e+00
2274 0 +5.655999051e-02 +1.155465600e+02 +1.155465600e+02 -2.4673e+00 -1.6421e+00 +2.9848e+00
2278 0 +5.316580820e-02 +1.155431658e+02 +1.155431658e+02 -2.4734e+00 -1.6397e+00 +2.9840e+00
2287 0 +4.695291693e-02 +1.155369529e+02 +1.155369529e+02 -2.4615e+00 -1.6446e+00 +2.9854e+00
2308 0 +4.511663797e-02 +1.155351166e+02 +1.155351166e+02 -2.4799e+00 -1.6369e+00 +2.9831e+00
2591 0 +1.468474676e-02 +1.155046847e+02 +1.155046847e+02 -2.4670e+00 -1.6424e+00 +2.9846e+00
2880 0 +8.878891793e-03 +1.154988789e+02 +1.154988789e+02 -2.4666e+00 -1.6426e+00 +2.9846e+00
3141 0 +6.941945023e-03 +1.154969419e+02 +1.154969419e+02 -2.4635e+00 -1.6439e+00 +2.9849e+00
3648 0 +6.807714356e-03 +1.154968077e+02 +1.154968077e+02 -2.4627e+00 -1.6443e+00 +2.9850e+00
3703 0 +5.941475175e-03 +1.154959415e+02 +1.154959415e+02 -2.4625e+00 -1.6444e+00 +2.9850e+00
4188 0 +5.626418008e-03 +1.154956264e+02 +1.154956264e+02 -2.4621e+00 -1.6445e+00 +2.9851e+00
4547 0 +5.573340164e-03 +1.154955733e+02 +1.154955733e+02 -2.4622e+00 -1.6445e+00 +2.9851e+00
4551 0 +5.453361858e-03 +1.154954534e+02 +1.154954534e+02 -2.4622e+00 -1.6445e+00 +2.9851e+00
4603 0 +5.342414493e-03 +1.154953424e+02 +1.154953424e+02 -2.4621e+00 -1.6445e+00 +2.9851e+00
5965 0 +5.342414493e-03 +1.154953424e+02 +1.154953424e+02 -2.4621e+00 -1.6445e+00 +2.9851e+00
% f evaluations | g evaluations | best noise-free fitness - Fopt (1.950500000000e+02) + sum g_i+ | measured fitness | best measured fitness or single-digit g-values | x1 | x2...
1 0 +3.345695000e+02 +5.296195000e+02 +5.296195000e+02 +0.0000e+00 +0.0000e+00 +0.0000e+00
4 0 +1.985115550e+02 +3.935615550e+02 +3.935615550e+02 +2.0880e-01 +3.5846e-01 -8.1985e-01
15 0 +1.842992205e+02 +3.793492205e+02 +3.793492205e+02 -1.5440e+00 +2.5607e-01 +3.8587e-02
19 0 +1.619576448e+02 +3.570076448e+02 +3.570076448e+02 -2.1038e+00 -8.1674e-02 +6.3779e-02
20 0 +1.179571088e+02 +3.130071088e+02 +3.130071088e+02 -1.1774e+00 -7.1554e-03 -6.5136e-01
44 0 +1.049080649e+02 +2.999580649e+02 +2.999580649e+02 -2.7961e+00 -1.1159e+00 -1.5045e-01
50 0 +9.615442535e+01 +2.912044254e+02 +2.912044254e+02 -1.7871e+00 -3.5946e-01 -3.2560e-01
54 0 +8.483792538e+01 +2.798879254e+02 +2.798879254e+02 -2.8305e+00 -9.1118e-01 +1.8429e-01
95 0 +5.483370358e+01 +2.498837036e+02 +2.498837036e+02 -2.2935e+00 -8.6167e-01 -2.3029e-01
97 0 +4.695178006e+01 +2.420017801e+02 +2.420017801e+02 -1.6681e+00 -7.7483e-01 -5.2219e-01
102 0 +3.795312095e+01 +2.330031209e+02 +2.330031209e+02 -1.5615e+00 -6.4753e-01 -7.3267e-01
122 0 +2.885266326e+01 +2.239026633e+02 +2.239026633e+02 -1.6297e+00 -7.2110e-01 -6.8984e-01
128 0 +2.865421298e+01 +2.237042130e+02 +2.237042130e+02 -1.4555e+00 -7.0652e-01 -7.6007e-01
136 0 +1.915928757e+01 +2.142092876e+02 +2.142092876e+02 -1.1669e+00 -6.2798e-01 -1.0132e+00
3543 0 +1.915928757e+01 +2.142092876e+02 +2.142092876e+02 -1.1669e+00 -6.2798e-01 -1.0132e+00
% f evaluations | g evaluations | best noise-free fitness - Fopt (-2.144800000000e+02) + sum g_i+ | measured fitness | best measured fitness or single-digit g-values | x1 | x2...
1 0 +6.021721676e+02 +3.876921676e+02 +3.876921676e+02 +0.0000e+00 +0.0000e+00 +0.0000e+00
2 0 +5.144520993e+02 +2.999720993e+02 +2.999720993e+02 -4.6155e+00 +8.5300e-01 -7.9109e-01
9 0 +3.746513454e+02 +1.601713454e+02 +1.601713454e+02 -2.2753e+00 +3.9236e+00 -1.0328e+00
16 0 +1.557257369e+02 -5.875426310e+01 -5.875426310e+01 -3.3561e+00 +1.8780e+00 -2.2616e+00
21 0 +1.439992509e+02 -7.048074912e+01 -7.048074912e+01 -3.8764e+00 +1.6000e+00 -1.6812e+00
44 0 +7.086625655e+01 -1.436137434e+02 -1.436137434e+02 -1.8301e+00 +3.8739e+00 +1.3244e+00
141 0 +6.751838430e+01 -1.469616157e+02 -1.469616157e+02 -1.2482e+00 +3.4562e+00 +1.6928e+00
219 0 +6.304460783e+01 -1.514353922e+02 -1.514353922e+02 -3.4712e+00 +2.1147e+00 -1.3177e+00
229 0 +4.885354214e+01 -1.656264579e+02 -1.656264579e+02 -2.8890e+00 +2.9086e+00 -3.6512e-01
387 0 +2.346766633e+01 -1.910123337e+02 -1.910123337e+02 -8.4959e-01 +4.1072e+00 +2.1436e+00
426 0 +2.004859898e+01 -1.944314010e+02 -1.944314010e+02 -1.0737e+00 +3.8155e+00 +1.7301e+00
492 0 +1.417931135e+01 -2.003006886e+02 -2.003006886e+02 -2.8670e+00 +2.6459e+00 -6.4432e-01
722 0 +1.083730092e+01 -2.036426991e+02 -2.036426991e+02 -2.7770e+00 +2.6718e+00 -5.1944e-01
837 0 +1.006338236e+01 -2.044166176e+02 -2.044166176e+02 -2.5778e+00 +2.7724e+00 -2.7280e-01
983 0 +8.804976542e+00 -2.056750235e+02 -2.056750235e+02 -2.7121e+00 +2.7116e+00 -4.6479e-01
1066 0 +5.843990854e+00 -2.086360091e+02 -2.086360091e+02 -2.3184e+00 +3.0057e+00 +1.0077e-01
1101 0 +4.673907154e+00 -2.098060928e+02 -2.098060928e+02 -2.2618e+00 +3.0493e+00 +1.9115e-01
1660 0 +4.433101270e+00 -2.100468987e+02 -2.100468987e+02 -2.4868e+00 +2.8744e+00 -1.3102e-01
1821 0 +4.074716579e+00 -2.104052834e+02 -2.104052834e+02 -2.4562e+00 +2.8898e+00 -9.1204e-02
1827 0 +3.993285139e+00 -2.104867149e+02 -2.104867149e+02 -2.4387e+00 +2.9055e+00 -6.2733e-02
1843 0 +3.782483202e+00 -2.106975168e+02 -2.106975168e+02 -2.4421e+00 +2.9003e+00 -7.2215e-02
1878 0 +3.653216925e+00 -2.108267831e+02 -2.108267831e+02 -2.4378e+00 +2.9065e+00 -6.3370e-02
2037 0 +3.539028528e+00 -2.109409715e+02 -2.109409715e+02 -2.4244e+00 +2.9163e+00 -4.4321e-02
2096 0 +3.425495353e+00 -2.110545046e+02 -2.110545046e+02 -2.4237e+00 +2.9160e+00 -4.4329e-02
2223 0 +3.303586122e+00 -2.111764139e+02 -2.111764139e+02 -2.3908e+00 +2.9372e+00 +2.7717e-04
2502 0 +3.234726529e+00 -2.112452735e+02 -2.112452735e+02 -2.4033e+00 +2.9295e+00 -1.6260e-02
4551 0 +3.216436882e+00 -2.112635631e+02 -2.112635631e+02 -2.4044e+00 +2.9293e+00 -1.7542e-02
% f evaluations | g evaluations | best noise-free fitness - Fopt (-4.590000000000e+01) + sum g_i+ | measured fitness | best measured fitness or single-digit g-values | x1 | x2...
1 0 +2.774102835e+02 +2.315102835e+02 +2.315102835e+02 +0.0000e+00 +0.0000e+00 +0.0000e+00
35 0 +1.992892170e+02 +1.533892170e+02 +1.533892170e+02 +2.2532e+00 -1.9615e+00 -1.4914e+00
46 0 +1.441118885e+02 +9.821188847e+01 +9.821188847e+01 +4.0506e+00 -1.7359e+00 -1.4123e+00
51 0 +1.317152410e+02 +8.581524104e+01 +8.581524104e+01 +1.4935e+00 -8.7540e-01 -2.4507e-01
63 0 +9.771017381e+01 +5.181017381e+01 +5.181017381e+01 +2.5635e+00 -1.8336e+00 -1.0113e+00
65 0 +7.294575191e+01 +2.704575191e+01 +2.704575191e+01 +6.1627e-01 -1.9661e+00 +1.0187e-01
83 0 +6.970437281e+01 +2.380437281e+01 +2.380437281e+01 +1.0375e+00 -1.3656e+00 +7.4542e-02
87 0 +6.573296689e+01 +1.983296689e+01 +1.983296689e+01 +2.3978e+00 -1.8905e+00 -5.6020e-01
95 0 +5.865495078e+01 +1.275495078e+01 +1.275495078e+01 +1.2451e+00 -1.8186e+00 -6.4165e-02
128 0 +2.729742465e+01 -1.860257535e+01 -1.860257535e+01 +1.0824e+00 -1.7669e+00 -2.0633e-01
191 0 +8.336283995e+00 -3.756371601e+01 -3.756371601e+01 +7.3811e-01 -1.7007e+00 -2.1215e-01
248 0 +3.027127160e+00 -4.287287284e+01 -4.287287284e+01 -4.5583e-02 -1.6508e+00 +1.4083e-02
435 0 +1.010806982e+00 -4.488919302e+01 -4.488919302e+01 -5.7843e-03 -1.6698e+00 +5.6326e-03
505 0 +9.445016115e-01 -4.495549839e+01 -4.495549839e+01 +8.6558e-02 -1.6640e+00 -1.9800e-02
580 0 +4.258922239e-01 -4.547410778e+01 -4.547410778e+01 +8.0727e-04 -1.6709e+00 -4.7827e-04
634 0 +1.574038367e-01 -4.574259616e+01 -4.574259616e+01 +1.2833e-01 -1.6689e+00 -3.5575e-02
1042 0 +1.456170214e-01 -4.575438298e+01 -4.575438298e+01 +1.0917e-01 -1.6686e+00 -2.9246e-02
1085 0 +2.543820783e-02 -4.587456179e+01 -4.587456179e+01 +7.1834e-02 -1.6686e+00 -2.0157e-02
5405 0 +2.543820783e-02 -4.587456179e+01 -4.587456179e+01 +7.1834e-02 -1.6686e+00 -2.0157e-02
