% f evaluations | g evaluations | best noise-free fitness - Fopt (2.997000000000e+01) + sum g_i+ | measured fitness | best measured fitness or single-digit g-values | x1 | x2...
1 0 +1.048116465e+03 +1.078086465e+03 +1.078086465e+03 +0.0000e+00 +0.0000e+00 +0.0000e+00 +0.0000e+00 +0.0000e+00
4 0 +9.437969421e+02 +9.737669421e+02 +9.737669421e+02 +3.1425e+00 -3.7687e+00 -9.1134e-01 -1.9115e+00 +2.1161e+00
8 0 +8.626237301e+02 +8.925937301e+02 +8.925937301e+02 -2.5850e+00 +2.5090e+00 -2.4282e+00 -3.9038e+00 -9.5450e-01
10 0 +6.840937962e+02 +7.140637962e+02 +7.140637962e+02 -2.2238e+00 +4.9207e-01 -7.1486e-01 -3.5224e+00 +1.7222e+00
19 0 +6.117136510e+02 +6.416836510e+02 +6.416836510e+02 -5.8221e-01 +3.1573e+00 -2.0622e+00 -2.2873e+00 +4.5406e-02
40 0 +5.323797806e+02 +5.623497806e+02 +5.623497806e+02 +2.5700e+00 -5.4248e-01 -2.2836e+00 -2.2921e+00 -6.7907e-01
67 0 +4.715485873e+02 +5.015185873e+02 +5.015185873e+02 +3.9262e-01 -1.0464e+00 -1.4291e+00 -2.8652e+00 +1.7476e+00
76 0 +3.807241592e+02 +4.106941592e+02 +4.106941592e+02 +1.6134e+00 -3.0548e+00 -2.5625e+00 -3.5143e+00 +8.6162e-01
82 0 +3.747435384e+02 +4.047135384e+02 +4.047135384e+02 +5.6743e-01 -1.2697e+00 -2.3044e+00 -1.8883e+00 +4.2714e-01
123 0 +3.004462127e+02 +3.304162127e+02 +3.304162127e+02 +2.4823e+00 -4.6762e+00 -4.2078e+00 -3.1505e+00 +2.3887e+00
183 0 +1.354191346e+02 +1.653891346e+02 +1.653891346e+02 +6.2604e-01 +4.9168e-02 -2.9960e+00 -2.2554e+00 +3.1032e+00
318 0 +8.316568124e+01 +1.131356812e+02 +1.131356812e+02 +1.6689e+00 -2.8921e+00 -4.1276e+00 -2.0378e+00 +2.5794e+00
517 0 +3.362189003e+01 +6.359189003e+01 +6.359189003e+01 +6.1604e-01 -7.0121e-01 -3.4218e+00 -1.7873e+00 +3.3466e+00
637 0 +2.360402548e+01 +5.357402548e+01 +5.357402548e+01 +1.0725e+00 -2.2826e+00 -3.8618e+00 -1.8873e+00 +3.0085e+00
892 0 +2.301197542e+01 +5.298197542e+01 +5.298197542e+01 +1.3355e+00 -2.6248e+00 -3.9292e+00 -1.9758e+00 +2.8147e+00
1105 0 +1.548883512e+01 +4.545883512e+01 +4.545883512e+01 +1.3624e+00 -3.0936e+00 -4.0042e+00 -2.0990e+00 +2.5968e+00
1459 0 +1.054098631e+01 +4.051098631e+01 +4.051098631e+01 +1.0867e+00 -2.2338e+00 -3.8034e+00 -2.0217e+00 +2.8714e+00
1519 0 +9.317169599e+00 +3.928716960e+01 +3.928716960e+01 +1.0542e+00 -2.1320e+00 -3.7375e+00 -2.0115e+00 +2.8800e+00
1537 0 +8.407418404e+00 +3.837741840e+01 +3.837741840e+01 +1.0060e+00 -2.0374e+00 -3.7638e+00 -1.9681e+00 +2.9503e+00
1559 0 +8.245133862e+00 +3.821513386e+01 +3.821513386e+01 +1.0745e+00 -2.2022e+00 -3.8171e+00 -1.9630e+00 +2.9690e+00
1562 0 +7.071360020e+00 +3.704136002e+01 +3.704136002e+01 +1.0382e+00 -2.1310e+00 -3.7843e+00 -1.9969e+00 +2.9495e+00
1596 0 +2.965771312e+00 +3.293577131e+01 +3.293577131e+01 +1.0025e+00 -2.0470e+00 -3.7413e+00 -1.9668e+00 +2.9827e+00
1640 0 +2.861938921e+00 +3.283193892e+01 +3.283193892e+01 +9.8885e-01 -1.9944e+00 -3.7227e+00 -1.9757e+00 +2.9851e+00
1678 0 +2.422400980e+00 +3.239240098e+01 +3.239240098e+01 +1.0335e+00 -2.1244e+00 -3.7682e+00 -1.9868e+00 +2.9516e+00
1771 0 +2.259961300e+00 +3.222996130e+01 +3.222996130e+01 +9.8291e-01 -1.9971e+00 -3.7377e+00 -1.9740e+00 +3.0063e+00
1974 0 +1.810147212e+00 +3.178014721e+01 +3.178014721e+01 +1.0044e+00 -2.0544e+00 -3.7532e+00 -1.9735e+00 +2.9733e+00
1987 0 +1.536239778e+00 +3.150623978e+01 +3.150623978e+01 +1.0125e+00 -2.0531e+00 -3.7517e+00 -1.9704e+00 +2.9814e+00
2131 0 +1.492987694e+00 +3.146298769e+01 +3.146298769e+01 +1.0069e+00 -2.0651e+00 -3.7496e+00 -1.9766e+00 +2.9731e+00
2171 0 +1.361057379e+00 +3.133105738e+01 +3.133105738e+01 +1.0168e+00 -2.0858e+00 -3.7579e+00 -1.9791e+00 +2.9658e+00
2241 0 +1.310523069e+00 +3.128052307e+01 +3.128052307e+01 +1.0135e+00 -2.0707e+00 -3.7559e+00 -1.9762e+00 +2.9712e+00
2250 0 +1.274174236e+00 +3.124417424e+01 +3.124417424e+01 +1.0164e+00 -2.0781e+00 -3.7515e+00 -1.9790e+00 +2.9607e+00
2290 0 +8.782526738e-01 +3.084825267e+01 +3.084825267e+01 +1.0204e+00 -2.0898e+00 -3.7564e+00 -1.9781e+00 +2.9581e+00
2448 0 +7.852492687e-01 +3.075524927e+01 +3.075524927e+01 +1.0096e+00 -2.0611e+00 -3.7497e+00 -1.9753e+00 +2.9731e+00
2676 0 +6.895570274e-01 +3.065955703e+01 +3.065955703e+01 +1.0172e+00 -2.0764e+00 -3.7540e+00 -1.9761e+00 +2.9667e+00
2689 0 +4.857146395e-01 +3.045571464e+01 +3.045571464e+01 +1.0163e+00 -2.0763e+00 -3.7542e+00 -1.9754e+00 +2.9662e+00
2867 0 +4.758331067e-01 +3.044583311e+01 +3.044583311e+01 +1.0137e+00 -2.0699e+00 -3.7528e+00 -1.9748e+00 +2.9692e+00
3613 0 +4.531856240e-01 +3.042318562e+01 +3.042318562e+01 +1.0152e+00 -2.0733e+00 -3.7535e+00 -1.9752e+00 +2.9675e+00
3975 0 +4.425579877e-01 +3.041255799e+01 +3.041255799e+01 +1.0155e+00 -2.0742e+00 -3.7538e+00 -1.9753e+00 +2.9672e+00
5014 0 +4.353630104e-01 +3.040536301e+01 +3.040536301e+01 +1.0152e+00 -2.0734e+00 -3.7536e+00 -1.9752e+00 +2.9675e+00
6633 0 +4.339752257e-01 +3.040397523e+01 +3.040397523e+01 +1.0152e+00 -2.0733e+00 -3.7535e+00 -1.9752e+00 +2.9676e+00
% f evaluations | g evaluations | best noise-free fitness - Fopt (-5.171000000000e+01) + sum g_i+ | measured fitness | best measured fitness or single-digit g-values | x1 | x2...
1 0 +1.267442521e+03 +1.215732521e+03 +1.215732521e+03 +0.0000e+00 +0.0000e+00 +0.0000e+00 +0.0000e+00 +0.0000e+00
3 0 +1.200334045e+03 +1.148624045e+03 +1.148624045e+03 +4.9622e+00 +2.3809e+00 +6.5201e-01 +2.7100e+00 +1.5937e+00
4 0 +1.013994828e+03 +9.622848284e+02 +9.622848284e+02 +7.6448e-01 +3.1167e+00 -1.6146e+00 -3.1037e+00 -4.0285e+00
11 0 +9.574348711e+02 +9.057248711e+02 +9.057248711e+02 +3.7120e-01 +2.7828e+00 -1.0968e+00 -4.8244e+00 -3.6381e+00
12 0 +8.909149127e+02 +8.392049127e+02 +8.392049127e+02 +1.2994e+00 +1.3930e+00 -3.9361e-01 -5.4360e-01 +1.2292e+00
21 0 +8.293812083e+02 +7.776712083e+02 +7.776712083e+02 +4.6602e-01 +2.7859e+00 -8.6689e-01 -4.2101e+00 -2.3762e+00
35 0 +6.936077330e+02 +6.418977330e+02 +6.418977330e+02 +4.4155e-01 +1.4262e+00 -1.7942e+00 -4.3366e+00 -4.3306e-01
41 0 +6.642989054e+02 +6.125889054e+02 +6.125889054e+02 +9.7996e-01 +3.3135e+00 -1.8311e+00 -3.3862e+00 -1.9822e+00
42 0 +5.607451591e+02 +5.090351591e+02 +5.090351591e+02 +2.8897e+00 +2.5629e+00 -2.2354e+00 -6.0595e-01 -4.3201e-01
47 0 +2.764053872e+02 +2.246953872e+02 +2.246953872e+02 +1.4211e+00 +1.4692e+00 -5.2242e+00 -3.1723e+00 +2.4470e+00
101 0 +2.473169410e+02 +1.956069410e+02 +1.956069410e+02 +2.1882e+00 +2.7987e+00 -4.3018e+00 -2.1279e+00 +1.5704e+00
119 0 +2.275265198e+02 +1.758165198e+02 +1.758165198e+02 +2.3596e+00 +2.5226e+00 -3.5840e+00 -1.9060e+00 +1.7082e+00
125 0 +1.583490160e+02 +1.066390160e+02 +1.066390160e+02 +2.4960e+00 +3.4175e+00 -3.2132e+00 -2.5290e+00 +1.3778e+00
253 0 +1.262703647e+02 +7.456036467e+01 +7.456036467e+01 +2.5595e+00 +3.2837e+00 -3.3246e+00 -4.1143e+00 +1.4742e+00
274 0 +8.347452099e+01 +3.176452099e+01 +3.176452099e+01 +2.8189e+00 +2.8829e+00 -3.2538e+00 -4.1167e+00 +1.0814e+00
399 0 +8.050399296e+01 +2.879399296e+01 +2.879399296e+01 +2.2503e+00 +3.2643e+00 -3.3960e+00 -3.3739e+00 +1.2917e+00
408 0 +7.725033882e+01 +2.554033882e+01 +2.554033882e+01 +2.4434e+00 +3.1860e+00 -3.6201e+00 -3.4084e+00 +1.6181e+00
411 0 +5.339213105e+01 +1.682131046e+00 +1.682131046e+00 +2.1743e+00 +2.7992e+00 -3.5708e+00 -3.8645e+00 +1.4674e+00
498 0 +4.495432019e+01 -6.755679812e+00 -6.755679812e+00 +2.3212e+00 +2.8239e+00 -3.7675e+00 -3.7515e+00 +1.3700e+00
577 0 +2.593572997e+01 -2.577427003e+01 -2.577427003e+01 +2.5752e+00 +2.6982e+00 -3.5264e+00 -3.5794e+00 +1.3946e+00
601 0 +2.373978167e+01 -2.797021833e+01 -2.797021833e+01 +2.5091e+00 +3.1496e+00 -3.4993e+00 -3.5656e+00 +1.1789e+00
687 0 +1.784446570e+01 -3.386553430e+01 -3.386553430e+01 +2.5031e+00 +2.7891e+00 -3.4901e+00 -3.7198e+00 +1.2432e+00
754 0 +1.685564556e+01 -3.485435444e+01 -3.485435444e+01 +2.5128e+00 +2.8325e+00 -3.5295e+00 -3.6646e+00 +1.2388e+00
784 0 +1.213254412e+01 -3.957745588e+01 -3.957745588e+01 +2.6300e+00 +3.0114e+00 -3.4088e+00 -3.6322e+00 +1.1364e+00
790 0 +8.512945234e+00 -4.319705477e+01 -4.319705477e+01 +2.5577e+00 +3.0859e+00 -3.3834e+00 -3.6371e+00 +1.1358e+00
972 0 +3.986908457e+00 -4.772309154e+01 -4.772309154e+01 +2.6365e+00 +3.2054e+00 -3.3299e+00 -3.6451e+00 +9.6994e-01
1437 0 +3.567082547e+00 -4.814291745e+01 -4.814291745e+01 +2.7535e+00 +3.4924e+00 -3.1544e+00 -3.6468e+00 +7.0893e-01
1556 0 +3.194281467e+00 -4.851571853e+01 -4.851571853e+01 +2.7821e+00 +3.5232e+00 -3.1299e+00 -3.6654e+00 +6.6955e-01
1565 0 +2.514504084e+00 -4.919549592e+01 -4.919549592e+01 +2.7782e+00 +3.5240e+00 -3.1308e+00 -3.6553e+00 +6.6688e-01
1707 0 +2.410093728e+00 -4.929990627e+01 -4.929990627e+01 +2.7688e+00 +3.4973e+00 -3.1508e+00 -3.6541e+00 +6.9694e-01
1822 0 +2.235197160e+00 -4.947480284e+01 -4.947480284e+01 +2.7746e+00 +3.5074e+00 -3.1422e+00 -3.6561e+00 +6.8692e-01
1850 0 +2.118649424e+00 -4.959135058e+01 -4.959135058e+01 +2.7723e+00 +3.5069e+00 -3.1422e+00 -3.6573e+00 +6.8918e-01
1871 0 +2.056391646e+00 -4.965360835e+01 -4.965360835e+01 +2.7737e+00 +3.5131e+00 -3.1364e+00 -3.6527e+00 +6.8277e-01
1974 0 +1.844414482e+00 -4.986558552e+01 -4.986558552e+01 +2.7646e+00 +3.4919e+00 -3.1512e+00 -3.6570e+00 +7.0224e-01
2205 0 +1.754345660e+00 -4.995565434e+01 -4.995565434e+01 +2.7694e+00 +3.5011e+00 -3.1429e+00 -3.6542e+00 +6.9151e-01
2218 0 +1.630790689e+00 -5.007920931e+01 -5.007920931e+01 +2.7680e+00 +3.4980e+00 -3.1451e+00 -3.6546e+00 +6.9549e-01
2393 0 +1.597774829e+00 -5.011222517e+01 -5.011222517e+01 +2.7646e+00 +3.4891e+00 -3.1507e+00 -3.6542e+00 +7.0310e-01
2453 0 +1.499967373e+00 -5.021003263e+01 -5.021003263e+01 +2.7640e+00 +3.4875e+00 -3.1523e+00 -3.6545e+00 +7.0605e-01
2697 0 +1.442798474e+00 -5.026720153e+01 -5.026720153e+01 +2.7621e+00 +3.4832e+00 -3.1544e+00 -3.6550e+00 +7.0992e-01
2873 0 +1.411502309e+00 -5.029849769e+01 -5.029849769e+01 +2.7615e+00 +3.4827e+00 -3.1547e+00 -3.6548e+00 +7.1064e-01
3024 0 +1.379754941e+00 -5.033024506e+01 -5.033024506e+01 +2.7622e+00 +3.4839e+00 -3.1539e+00 -3.6546e+00 +7.0906e-01
5872 0 +1.361542367e+00 -5.034845763e+01 -5.034845763e+01 +2.7620e+00 +3.4835e+00 -3.1541e+00 -3.6547e+00 +7.0951e-01
% f evaluations | g evaluations | best noise-free fitness - Fopt (-2.799500000000e+02) + sum g_i+ | measured fitness | best measured fitness or single-digit g-values | x1 | x2...
1 0 +1.914452900e+03 +1.634502900e+03 +1.634502900e+03 +0.0000e+00 +0.0000e+00 +0.0000e+00 +0.0000e+00 +0.0000e+00
2 0 +1.439893825e+03 +1.159943825e+03 +1.159943825e+03 -3.7651e+00 -8.6648e-01 +4.2166e+00 +4.5245e+00 -4.1681e+00
6 0 +1.214482915e+03 +9.345329146e+02 +9.345329146e+02 -1.9991e+00 -3.1067e+00 +2.2842e+00 -3.8928e+00 +2.4886e-01
12 0 +3.612688014e+02 +8.131880139e+01 +8.131880139e+01 -4.0810e+00 -3.5321e+00 +3.0398e+00 -1.3908e+00 -1.0469e+00
201 0 +2.761187410e+02 -3.831258972e+00 -3.831258972e+00 -2.9665e+00 -4.1776e+00 +3.1801e+00 +7.3049e-01 -3.2572e+00
249 0 +2.565658530e+02 -2.338414701e+01 -2.338414701e+01 -2.8954e+00 -4.0919e+00 +1.8746e+00 -5.5958e-01 -4.8359e+00
250 0 +1.785928651e+02 -1.013571349e+02 -1.013571349e+02 -2.9779e+00 -3.9533e+00 +2.4123e+00 -8.7506e-01 -3.1390e+00
302 0 +1.468307369e+02 -1.331192631e+02 -1.331192631e+02 -2.6005e+00 -4.6724e+00 +2.4878e+00 -5.3798e-01 -4.3253e+00
381 0 +1.421319834e+02 -1.378180166e+02 -1.378180166e+02 -3.7844e+00 -3.9111e+00 +3.3264e+00 -1.8322e+00 -3.6236e+00
395 0 +1.391295367e+02 -1.408204633e+02 -1.408204633e+02 -4.2143e+00 -3.1005e+00 +3.4737e+00 -1.6548e+00 -3.2819e+00
406 0 +7.400857889e+01 -2.059414211e+02 -2.059414211e+02 -3.6880e+00 -4.1200e+00 +2.6712e+00 -8.2801e-01 -3.0917e+00
434 0 +6.018399155e+01 -2.197660084e+02 -2.197660084e+02 -3.7921e+00 -3.8728e+00 +3.0242e+00 -9.5815e-01 -3.5785e+00
563 0 +5.578153555e+01 -2.241684645e+02 -2.241684645e+02 -3.7643e+00 -3.8931e+00 +3.4233e+00 -1.0749e+00 -3.8490e+00
572 0 +5.297232572e+01 -2.269776743e+02 -2.269776743e+02 -3.6508e+00 -3.9779e+00 +3.3916e+00 -1.0718e+00 -3.8448e+00
665 0 +3.567767691e+01 -2.442723231e+02 -2.442723231e+02 -4.0047e+00 -3.5787e+00 +3.8475e+00 -1.2412e+00 -3.7925e+00
747 0 +3.203207101e+01 -2.479179290e+02 -2.479179290e+02 -3.9527e+00 -3.5682e+00 +3.5800e+00 -1.3971e+00 -3.8280e+00
750 0 +1.779229942e+01 -2.621577006e+02 -2.621577006e+02 -3.7034e+00 -3.8367e+00 +3.3723e+00 -1.1124e+00 -3.4449e+00
1155 0 +1.718595752e+01 -2.627640425e+02 -2.627640425e+02 -4.2338e+00 -3.3010e+00 +4.1638e+00 -1.4825e+00 -3.7503e+00
1156 0 +1.641578424e+01 -2.635342158e+02 -2.635342158e+02 -4.2041e+00 -3.3131e+00 +4.1068e+00 -1.4639e+00 -3.7920e+00
1206 0 +1.104127637e+01 -2.689087236e+02 -2.689087236e+02 -4.2482e+00 -3.2731e+00 +4.1003e+00 -1.5263e+00 -3.8094e+00
1211 0 +1.081603987e+01 -2.691339601e+02 -2.691339601e+02 -4.1995e+00 -3.3340e+00 +4.0511e+00 -1.4909e+00 -3.7838e+00
1337 0 +8.937738097e+00 -2.710122619e+02 -2.710122619e+02 -4.2459e+00 -3.2858e+00 +4.0631e+00 -1.4968e+00 -3.7500e+00
1370 0 +7.853245709e+00 -2.720967543e+02 -2.720967543e+02 -4.2292e+00 -3.3024e+00 +4.0784e+00 -1.5088e+00 -3.7574e+00
1496 0 +7.521274524e+00 -2.724287255e+02 -2.724287255e+02 -4.2519e+00 -3.2771e+00 +4.0899e+00 -1.5167e+00 -3.7525e+00
1526 0 +6.883366600e+00 -2.730666334e+02 -2.730666334e+02 -4.2513e+00 -3.2834e+00 +4.0912e+00 -1.5060e+00 -3.7486e+00
1532 0 +6.654763689e+00 -2.732952363e+02 -2.732952363e+02 -4.2484e+00 -3.2907e+00 +4.0759e+00 -1.5050e+00 -3.7506e+00
1577 0 +6.131643750e+00 -2.738183562e+02 -2.738183562e+02 -4.2463e+00 -3.2885e+00 +4.0879e+00 -1.5122e+00 -3.7609e+00
1865 0 +5.923055859e+00 -2.740269441e+02 -2.740269441e+02 -4.2366e+00 -3.2975e+00 +4.0683e+00 -1.4997e+00 -3.7517e+00
1904 0 +5.837848585e+00 -2.741121514e+02 -2.741121514e+02 -4.2453e+00 -3.2891e+00 +4.0832e+00 -1.5105e+00 -3.7611e+00
2000 0 +5.578980239e+00 -2.743710198e+02 -2.743710198e+02 -4.2422e+00 -3.2922e+00 +4.0789e+00 -1.5060e+00 -3.7569e+00
2225 0 +5.386194702e+00 -2.745638053e+02 -2.745638053e+02 -4.2291e+00 -3.3073e+00 +4.0625e+00 -1.4952e+00 -3.7498e+00
2314 0 +5.301050599e+00 -2.746489494e+02 -2.746489494e+02 -4.2284e+00 -3.3071e+00 +4.0619e+00 -1.4948e+00 -3.7479e+00
2576 0 +5.214561829e+00 -2.747354382e+02 -2.747354382e+02 -4.2278e+00 -3.3077e+00 +4.0604e+00 -1.4938e+00 -3.7480e+00
2952 0 +5.125526401e+00 -2.748244736e+02 -2.748244736e+02 -4.2271e+00 -3.3087e+00 +4.0594e+00 -1.4936e+00 -3.7483e+00
5281 0 +5.088750977e+00 -2.748612490e+02 -2.748612490e+02 -4.2266e+00 -3.3093e+00 +4.0586e+00 -1.4931e+00 -3.7478e+00
% f evaluations | g evaluations | best noise-free fitness - Fopt (9.319900000000e+02) + sum g_i+ | measured fitness | best measured fitness or single-digit g-values | x1 | x2...
1 0 +7.845967669e+02 +1.716586767e+03 +1.716586767e+03 +0.0000e+00 +0.0000e+00 +0.0000e+00 +0.0000e+00 +0.0000e+00
6 0 +3.944095431e+02 +1.326399543e+03 +1.326399543e+03 +1.0185e+00 +1.7841e+00 +3.1341e+00 -2.1786e+00 +1.1044e+00
14 0 +3.669719967e+02 +1.298961997e+03 +1.298961997e+03 +2.4511e+00 +1.2257e+00 +3.1877e+00 -2.3198e+00 +2.2350e+00
19 0 +2.997792201e+02 +1.231769220e+03 +1.231769220e+03 -9.8920e-02 +2.0699e+00 +2.7303e+00 -9.2362e-01 +1.4650e+00
46 0 +2.083940112e+02 +1.140384011e+03 +1.140384011e+03 +5.5948e-01 +5.9932e-01 +1.4987e+00 -9.5466e-01 +2.4328e+00
58 0 +1.620699083e+02 +1.094059908e+03 +1.094059908e+03 +1.7748e+00 +1.4946e+00 +2.5098e+00 -1.4560e+00 +3.0393e+00
135 0 +1.063426735e+02 +1.038332674e+03 +1.038332674e+03 +5.0655e-01 -4.0108e-01 +1.7538e+00 -1.6726e+00 +2.9221e+00
426 0 +9.993527042e+01 +1.031925270e+03 +1.031925270e+03 +3.6937e-01 -3.7650e-01 +1.0611e+00 -2.5613e+00 +2.8630e+00
445 0 +8.064335080e+01 +1.012633351e+03 +1.012633351e+03 +1.0815e+00 +6.7599e-02 +1.4823e+00 -2.1222e+00 +2.8870e+00
524 0 +6.615909818e+01 +9.981490982e+02 +9.981490982e+02 +1.1088e+00 +4.2717e-01 +2.1014e+00 -1.4905e+00 +2.9836e+00
526 0 +6.218384751e+01 +9.941738475e+02 +9.941738475e+02 +6.1958e-01 +9.7961e-02 +1.6107e+00 -2.1386e+00 +2.9570e+00
566 0 +5.146729257e+01 +9.834572926e+02 +9.834572926e+02 +1.0011e+00 +2.7686e-01 +1.6619e+00 -2.1749e+00 +3.0518e+00
604 0 +4.968515487e+01 +9.816751549e+02 +9.816751549e+02 +9.5048e-01 -4.6663e-02 +1.3204e+00 -2.4433e+00 +3.1606e+00
648 0 +4.489232358e+01 +9.768823236e+02 +9.768823236e+02 +1.0039e+00 +3.2787e-02 +1.4346e+00 -2.1819e+00 +3.0720e+00
667 0 +3.683651723e+01 +9.688265172e+02 +9.688265172e+02 +9.2582e-01 +1.9254e-01 +1.6017e+00 -2.1081e+00 +2.9667e+00
671 0 +3.223284661e+01 +9.642228466e+02 +9.642228466e+02 +9.8302e-01 +6.6450e-02 +1.5429e+00 -2.1266e+00 +3.0728e+00
870 0 +2.773459205e+01 +9.597245920e+02 +9.597245920e+02 +9.2183e-01 +1.1560e-01 +1.6040e+00 -2.0802e+00 +3.0190e+00
910 0 +2.071848135e+01 +9.527084814e+02 +9.527084814e+02 +1.0117e+00 +1.4623e-01 +1.7696e+00 -1.8697e+00 +2.9403e+00
961 0 +1.977153593e+01 +9.517615359e+02 +9.517615359e+02 +8.5624e-01 -1.3678e-02 +1.5351e+00 -2.0977e+00 +2.9989e+00
991 0 +1.908751324e+01 +9.510775132e+02 +9.510775132e+02 +9.0255e-01 +5.3858e-02 +1.6546e+00 -1.9838e+00 +2.9432e+00
1075 0 +1.785030153e+01 +9.498403015e+02 +9.498403015e+02 +8.9063e-01 +2.4348e-02 +1.6172e+00 -2.0168e+00 +2.9824e+00
1170 0 +1.754256512e+01 +9.495325651e+02 +9.495325651e+02 +8.8107e-01 +2.2793e-02 +1.6045e+00 -2.0281e+00 +2.9752e+00
1171 0 +1.713330384e+01 +9.491233038e+02 +9.491233038e+02 +8.9523e-01 +7.6688e-02 +1.6248e+00 -2.0093e+00 +2.9671e+00
1179 0 +1.580165274e+01 +9.477916527e+02 +9.477916527e+02 +8.7453e-01 +2.1846e-02 +1.5891e+00 -2.0389e+00 +2.9868e+00
1202 0 +1.464713363e+01 +9.466371336e+02 +9.466371336e+02 +8.8658e-01 +4.4470e-02 +1.6166e+00 -2.0134e+00 +2.9749e+00
1342 0 +1.432672597e+01 +9.463167260e+02 +9.463167260e+02 +8.9338e-01 +6.8996e-02 +1.6577e+00 -1.9658e+00 +2.9471e+00
1430 0 +1.391149392e+01 +9.459014939e+02 +9.459014939e+02 +8.9774e-01 +6.7696e-02 +1.6577e+00 -1.9742e+00 +2.9534e+00
1526 0 +1.370975014e+01 +9.456997501e+02 +9.456997501e+02 +8.9473e-01 +7.0726e-02 +1.6571e+00 -1.9743e+00 +2.9498e+00
2094 0 +1.348546920e+01 +9.454754692e+02 +9.454754692e+02 +8.9497e-01 +6.6705e-02 +1.6490e+00 -1.9826e+00 +2.9557e+00
3329 0 +1.314809551e+01 +9.451380955e+02 +9.451380955e+02 +8.9796e-01 +7.1962e-02 +1.6562e+00 -1.9751e+00 +2.9529e+00
6373 0 +1.303609759e+01 +9.450260976e+02 +9.450260976e+02 +8.9918e-01 +7.4538e-02 +1.6603e+00 -1.9708e+00 +2.9508e+00
% f evaluations | g evaluations | best noise-free fitness - Fopt (1.133100000000e+02) + sum g_i+ | measured fitness | best measured fitness or single-digit g-values | x1 | x2...
1 0 +5.494990338e+02 +6.628090338e+02 +6.628090338e+02 +0.0000e+00 +0.0000e+00 +0.0000e+00 +0.0000e+00 +0.0000e+00
19 0 +4.132601125e+02 +5.265701125e+02 +5.265701125e+02 +1.2834e+00 +2.3833e-01 -1.2489e+00 +1.6861e+00 +1.0573e+00
85 0 +2.441137386e+02 +3.574237386e+02 +3.574237386e+02 +1.4922e+00 +1.8774e+00 +1.1079e-01 -4.1363e-01 -4.6840e-02
135 0 +1.118442652e+02 +2.251542652e+02 +2.251542652e+02 +1.9618e+00 +2.8790e+00 +7.6233e-01 -1.8365e-01 +3.5676e-01
478 0 +8.811032373e+01 +2.014203237e+02 +2.014203237e+02 +1.6780e+00 +3.2746e+00 +1.0120e+00 +5.4466e-02 +8.9169e-01
485 0 +6.091180948e+01 +1.742218095e+02 +1.742218095e+02 +2.5858e+00 +2.8365e+00 -9.9276e-02 +1.0253e+00 +8.0766e-01
737 0 +4.086621714e+01 +1.541762171e+02 +1.541762171e+02 +2.4122e+00 +3.1551e+00 +3.7895e-01 +7.8505e-01 +6.6326e-01
927 0 +3.589017379e+01 +1.492001738e+02 +1.492001738e+02 +1.7292e+00 +4.0860e+00 +1.6050e+00 +3.0304e-01 +2.5944e-01
1011 0 +3.539344896e+01 +1.487034490e+02 +1.487034490e+02 +1.9201e+00 +3.5945e+00 +1.1193e+00 +2.6303e-01 +3.8966e-01
1128 0 +1.253421504e+01 +1.258442150e+02 +1.258442150e+02 +2.0389e+00 +3.4446e+00 +8.5848e-01 +3.9897e-01 +6.5199e-01
1520 0 +1.045666721e+01 +1.237666672e+02 +1.237666672e+02 +2.0873e+00 +3.5133e+00 +8.6852e-01 +4.9822e-01 +6.0931e-01
1564 0 +6.260087127e+00 +1.195700871e+02 +1.195700871e+02 +2.0340e+00 +3.5015e+00 +8.9157e-01 +4.6718e-01 +6.0031e-01
1703 0 +5.331725788e+00 +1.186417258e+02 +1.186417258e+02 +2.0031e+00 +3.5905e+00 +1.0129e+00 +4.1143e-01 +5.3505e-01
1786 0 +4.879027443e+00 +1.181890274e+02 +1.181890274e+02 +2.0214e+00 +3.5864e+00 +1.0091e+00 +4.5379e-01 +5.3513e-01
1906 0 +3.968084362e+00 +1.172780844e+02 +1.172780844e+02 +2.0020e+00 +3.6013e+00 +1.0180e+00 +4.2256e-01 +5.3672e-01
1938 0 +3.424906015e+00 +1.167349060e+02 +1.167349060e+02 +2.0011e+00 +3.5894e+00 +1.0067e+00 +4.3747e-01 +5.4587e-01
1942 0 +3.294220114e+00 +1.166042201e+02 +1.166042201e+02 +2.0182e+00 +3.5903e+00 +9.9553e-01 +4.3539e-01 +5.5183e-01
1999 0 +3.098672351e+00 +1.164086724e+02 +1.164086724e+02 +2.0227e+00 +3.5891e+00 +9.9900e-01 +4.5125e-01 +5.4783e-01
2020 0 +2.982748139e+00 +1.162927481e+02 +1.162927481e+02 +2.0117e+00 +3.5683e+00 +9.8117e-01 +4.3836e-01 +5.5157e-01
2054 0 +2.634264700e+00 +1.159442647e+02 +1.159442647e+02 +2.0156e+00 +3.5879e+00 +9.9999e-01 +4.3250e-01 +5.5732e-01
2075 0 +2.247234293e+00 +1.155572343e+02 +1.155572343e+02 +2.0162e+00 +3.5591e+00 +9.8305e-01 +4.3492e-01 +5.5784e-01
2158 0 +2.185417635e+00 +1.154954176e+02 +1.154954176e+02 +2.0231e+00 +3.5718e+00 +9.8856e-01 +4.3946e-01 +5.5292e-01
2226 0 +1.574167346e+00 +1.148841673e+02 +1.148841673e+02 +2.0175e+00 +3.5721e+00 +9.9036e-01 +4.3543e-01 +5.5368e-01
2463 0 +1.486538979e+00 +1.147965390e+02 +1.147965390e+02 +2.0176e+00 +3.5708e+00 +9.8800e-01 +4.3533e-01 +5.5478e-01
2511 0 +1.460356950e+00 +1.147703570e+02 +1.147703570e+02 +2.0178e+00 +3.5658e+00 +9.8055e-01 +4.3932e-01 +5.5662e-01
2582 0 +1.414535206e+00 +1.147245352e+02 +1.147245352e+02 +2.0191e+00 +3.5599e+00 +9.7546e-01 +4.4115e-01 +5.5828e-01
2743 0 +1.411894904e+00 +1.147218949e+02 +1.147218949e+02 +2.0192e+00 +3.5573e+00 +9.7486e-01 +4.3839e-01 +5.5770e-01
2777 0 +1.284257627e+00 +1.145942576e+02 +1.145942576e+02 +2.0219e+00 +3.5570e+00 +9.7273e-01 +4.3985e-01 +5.5862e-01
2961 0 +1.193011043e+00 +1.145030110e+02 +1.145030110e+02 +2.0187e+00 +3.5634e+00 +9.7964e-01 +4.3952e-01 +5.5755e-01
3094 0 +1.143183954e+00 +1.144531840e+02 +1.144531840e+02 +2.0191e+00 +3.5638e+00 +9.7986e-01 +4.3848e-01 +5.5779e-01
3245 0 +1.104025213e+00 +1.144140252e+02 +1.144140252e+02 +2.0193e+00 +3.5626e+00 +9.7893e-01 +4.3924e-01 +5.5788e-01
3317 0 +1.093828665e+00 +1.144038287e+02 +1.144038287e+02 +2.0190e+00 +3.5650e+00 +9.8120e-01 +4.3882e-01 +5.5689e-01
3909 0 +1.063511335e+00 +1.143735113e+02 +1.143735113e+02 +2.0191e+00 +3.5642e+00 +9.8038e-01 +4.3905e-01 +5.5725e-01
5020 0 +1.046299662e+00 +1.143562997e+02 +1.143562997e+02 +2.0193e+00 +3.5635e+00 +9.7968e-01 +4.3915e-01 +5.5755e-01
7715 0 +1.042365810e+00 +1.143523658e+02 +1.143523658e+02 +2.0194e+00 +3.5634e+00 +9.7957e-01 +4.3917e-01 +5.5757e-01
% f evaluations | g evaluations | best noise-free fitness - Fopt (2.849000000000e+01) + sum g_i+ | measured fitness | best measured fitness or single-digit g-values | x1 | x2...
1 0 +8.888247590e+02 +9.173147590e+02 +9.173147590e+02 +0.0000e+00 +0.0000e+00 +0.0000e+00 +0.0000e+00 +0.0000e+00
7 0 +8.392843113e+02 +8.677743113e+02 +8.677743113e+02 +2.1974e+00 -3.5820e-01 -3.7429e-01 -3.0684e+00 +8.1791e-01
13 0 +7.851086619e+02 +8.135986619e+02 +8.135986619e+02 +6.7207e-01 -1.6072e+00 +2.0058e+00 -4.6467e+00 +3.6093e+00
19 0 +7.365602018e+02 +7.650502018e+02 +7.650502018e+02 -3.5315e+00 +3.1770e-01 -1.0998e+00 -1.8763e+00 -2.0882e+00
23 0 +6.452364006e+02 +6.737264006e+02 +6.737264006e+02 -1.0530e+00 -1.3476e-01 -9.6918e-02 -8.9363e-01 +7.2665e-01
27 0 +4.772500626e+02 +5.057400626e+02 +5.057400626e+02 -7.3374e-01 +8.2311e-01 -6.7925e-01 -3.3987e+00 -1.7447e+00
47 0 +4.494699451e+02 +4.779599451e+02 +4.779599451e+02 +9.3327e-02 -7.7907e-01 -8.2831e-01 -4.2787e+00 +3.2744e-01
67 0 +2.926883276e+02 +3.211783276e+02 +3.211783276e+02 -1.4996e+00 +2.9745e-01 +5.5823e-01 -2.2355e+00 -8.3921e-01
141 0 +2.395643607e+02 +2.680543607e+02 +2.680543607e+02 -2.4024e-01 -2.1099e+00 -7.7452e-01 -4.0273e+00 -1.1008e+00
163 0 +2.322384572e+02 +2.607284572e+02 +2.607284572e+02 -1.6539e+00 -1.3206e+00 +6.1500e-01 -2.7492e+00 -1.1360e+00
210 0 +2.149807164e+02 +2.434707164e+02 +2.434707164e+02 -6.4528e-01 -1.3127e+00 +7.3471e-01 -4.3846e+00 -3.7682e-01
319 0 +1.070122518e+02 +1.355022518e+02 +1.355022518e+02 -1.9025e+00 -8.7912e-02 +9.8589e-01 -3.0190e+00 -1.7221e+00
362 0 +9.404864739e+01 +1.225386474e+02 +1.225386474e+02 -1.5728e+00 -1.3791e-01 +8.6953e-01 -3.2882e+00 -1.3962e+00
452 0 +7.772872440e+01 +1.062187244e+02 +1.062187244e+02 -1.2675e+00 -7.9482e-01 +6.4985e-01 -3.2224e+00 -1.7678e+00
486 0 +3.650236703e+01 +6.499236703e+01 +6.499236703e+01 -1.0558e+00 -1.0476e+00 +4.6354e-01 -3.6344e+00 -2.0576e+00
512 0 +2.451991985e+01 +5.300991985e+01 +5.300991985e+01 -1.0230e+00 -1.1731e+00 +4.6874e-01 -3.6840e+00 -2.2061e+00
1172 0 +1.582601629e+01 +4.431601629e+01 +4.431601629e+01 -6.7631e-01 -1.8823e+00 +1.7738e-01 -3.8908e+00 -2.3293e+00
1238 0 +1.521484836e+01 +4.370484836e+01 +4.370484836e+01 -7.0795e-01 -1.8118e+00 +1.3942e-01 -3.9198e+00 -2.3329e+00
1303 0 +1.336536382e+01 +4.185536382e+01 +4.185536382e+01 -7.6686e-01 -1.6566e+00 +3.0581e-01 -3.8283e+00 -2.2852e+00
1323 0 +1.128532272e+01 +3.977532272e+01 +3.977532272e+01 -7.4425e-01 -1.7490e+00 +2.0889e-01 -3.8561e+00 -2.3500e+00
1341 0 +7.519239123e+00 +3.600923912e+01 +3.600923912e+01 -6.7564e-01 -1.8119e+00 +1.4304e-01 -3.8896e+00 -2.3602e+00
1533 0 +7.298882911e+00 +3.578888291e+01 +3.578888291e+01 -6.2290e-01 -1.8757e+00 +9.0562e-02 -3.9292e+00 -2.3587e+00
1535 0 +7.073153839e+00 +3.556315384e+01 +3.556315384e+01 -7.0442e-01 -1.7345e+00 +1.9351e-01 -3.8893e+00 -2.2697e+00
1544 0 +6.694202850e+00 +3.518420285e+01 +3.518420285e+01 -6.4680e-01 -1.8630e+00 +1.2340e-01 -3.9505e+00 -2.3740e+00
1572 0 +4.894599891e+00 +3.338459989e+01 +3.338459989e+01 -6.7774e-01 -1.7755e+00 +1.6832e-01 -3.9013e+00 -2.3530e+00
1633 0 +3.691506491e+00 +3.218150649e+01 +3.218150649e+01 -6.5904e-01 -1.7623e+00 +1.8956e-01 -3.9272e+00 -2.3184e+00
1741 0 +2.603474090e+00 +3.109347409e+01 +3.109347409e+01 -7.8116e-01 -1.5628e+00 +3.0780e-01 -3.8594e+00 -2.2258e+00
1833 0 +1.927777961e+00 +3.041777796e+01 +3.041777796e+01 -8.1102e-01 -1.5197e+00 +3.3970e-01 -3.8376e+00 -2.2262e+00
1968 0 +1.740114498e+00 +3.023011450e+01 +3.023011450e+01 -7.8720e-01 -1.5526e+00 +3.2009e-01 -3.8520e+00 -2.2291e+00
2012 0 +1.344551186e+00 +2.983455119e+01 +2.983455119e+01 -7.9485e-01 -1.5550e+00 +3.2380e-01 -3.8527e+00 -2.2274e+00
2184 0 +1.183714618e+00 +2.967371462e+01 +2.967371462e+01 -8.1420e-01 -1.5204e+00 +3.4116e-01 -3.8363e+00 -2.2186e+00
2361 0 +1.166499705e+00 +2.965649971e+01 +2.965649971e+01 -8.0971e-01 -1.5260e+00 +3.3795e-01 -3.8368e+00 -2.2189e+00
2471 0 +1.007736665e+00 +2.949773667e+01 +2.949773667e+01 -8.0587e-01 -1.5331e+00 +3.3438e-01 -3.8438e+00 -2.2238e+00
2498 0 +9.366130863e-01 +2.942661309e+01 +2.942661309e+01 -8.0932e-01 -1.5234e+00 +3.3910e-01 -3.8390e+00 -2.2163e+00
2509 0 +7.562641853e-01 +2.924626419e+01 +2.924626419e+01 -8.1019e-01 -1.5236e+00 +3.3986e-01 -3.8389e+00 -2.2175e+00
2931 0 +7.272248419e-01 +2.921722484e+01 +2.921722484e+01 -8.0748e-01 -1.5272e+00 +3.3783e-01 -3.8418e+00 -2.2178e+00
2976 0 +6.866447252e-01 +2.917664473e+01 +2.917664473e+01 -8.0713e-01 -1.5298e+00 +3.3632e-01 -3.8419e+00 -2.2201e+00
3005 0 +6.436715399e-01 +2.913367154e+01 +2.913367154e+01 -8.0855e-01 -1.5270e+00 +3.3816e-01 -3.8404e+00 -2.2184e+00
3717 0 +6.296177930e-01 +2.911961779e+01 +2.911961779e+01 -8.1005e-01 -1.5238e+00 +3.4063e-01 -3.8402e+00 -2.2170e+00
3910 0 +6.163923427e-01 +2.910639234e+01 +2.910639234e+01 -8.1089e-01 -1.5223e+00 +3.4137e-01 -3.8397e+00 -2.2166e+00
4000 0 +5.996343308e-01 +2.908963433e+01 +2.908963433e+01 -8.1058e-01 -1.5229e+00 +3.4097e-01 -3.8395e+00 -2.2168e+00
4206 0 +5.845941333e-01 +2.907459413e+01 +2.907459413e+01 -8.1080e-01 -1.5225e+00 +3.4114e-01 -3.8395e+00 -2.2167e+00
4724 0 +5.752002794e-01 +2.906520028e+01 +2.906520028e+01 -8.1069e-01 -1.5228e+00 +3.4100e-01 -3.8396e+00 -2.2167e+00
6244 0 +5.722931031e-01 +2.906229310e+01 +2.906229310e+01 -8.1070e-01 -1.5227e+00 +3.4103e-01 -3.8396e+00 -2.2167e+00
% f evaluations | g evaluations | best noise-free fitness - Fopt (-7.405800000000e+02) + sum g_i+ | measured fitness | best measured fitness or single-digit g-values | x1 | x2...
1 0 +3.715572125e+02 -3.690227875e+02 -3.690227875e+02 +0.0000e+00 +0.0000e+00 +0.0000e+00 +0.0000e+00 +0.0000e+00
9 0 +2.303125056e+02 -5.102674944e+02 -5.102674944e+02 -2.2888e+00 -2.5742e+00 -2.8748e+00 +1.7057e+00 -4.2593e+00
198 0 +1.911280255e+02 -5.494519745e+02 -5.494519745e+02 -9.1592e-01 +4.4252e-01 -3.2394e+00 -3.2789e-01 -7.1984e-01
201 0 +1.646216799e+02 -5.759583201e+02 -5.759583201e+02 -1.6132e+00 +1.0214e-01 -2.3469e+00 -4.4548e-01 -9.6800e-01
295 0 +1.594579536e+02 -5.811220464e+02 -5.811220464e+02 -9.9913e-01 +9.8213e-01 -3.5621e+00 -5.2085e-01 +1.6491e-01
304 0 +1.564173533e+02 -5.841626467e+02 -5.841626467e+02 -1.4118e+00 -1.5760e-01 -2.6775e+00 +3.1652e-01 -3.1175e-01
322 0 +1.397754561e+02 -6.008045439e+02 -6.008045439e+02 -2.2725e+00 -6.8605e-01 -2.1470e+00 +1.1443e+00 -1.9377e+00
381 0 +8.531785718e+01 -6.552621428e+02 -6.552621428e+02 -2.3104e+00 -1.1805e+00 -2.2638e+00 +1.1868e+00 -2.7127e+00
453 0 +6.184845346e+01 -6.787315465e+02 -6.787315465e+02 -1.4129e+00 -3.1925e-02 -2.8724e+00 +2.4244e-01 -9.6965e-01
675 0 +5.087781072e+01 -6.897021893e+02 -6.897021893e+02 -6.2213e-01 +1.3778e+00 -2.5532e+00 -8.0899e-01 +1.2791e+00
874 0 +2.183324061e+01 -7.187467594e+02 -7.187467594e+02 -1.6226e+00 +2.6583e-01 -2.6964e+00 -1.5374e-02 -5.1698e-01
1341 0 +1.886256885e+01 -7.217174311e+02 -7.217174311e+02 -2.2451e+00 -5.6994e-01 -2.7168e+00 +5.8162e-01 -1.8787e+00
1679 0 +1.637823227e+01 -7.242017677e+02 -7.242017677e+02 -2.2398e+00 -7.1137e-01 -2.7459e+00 +7.6133e-01 -2.1283e+00
1747 0 +1.503055582e+01 -7.255494442e+02 -7.255494442e+02 -2.3295e+00 -7.0026e-01 -2.8048e+00 +7.1755e-01 -2.1028e+00
1826 0 +1.170345469e+01 -7.288765453e+02 -7.288765453e+02 -2.2576e+00 -6.2885e-01 -2.7696e+00 +6.2450e-01 -1.9518e+00
1990 0 +1.098389914e+01 -7.295961009e+02 -7.295961009e+02 -2.3117e+00 -7.2751e-01 -2.7597e+00 +7.3632e-01 -2.1375e+00
2003 0 +1.009241269e+01 -7.304875873e+02 -7.304875873e+02 -2.3135e+00 -7.3000e-01 -2.7874e+00 +7.2487e-01 -2.1253e+00
2018 0 +9.258900693e+00 -7.313210993e+02 -7.313210993e+02 -2.2993e+00 -7.3699e-01 -2.7738e+00 +7.3438e-01 -2.1280e+00
2189 0 +8.314560895e+00 -7.322654391e+02 -7.322654391e+02 -2.3279e+00 -7.7296e-01 -2.7785e+00 +7.4682e-01 -2.1805e+00
2244 0 +7.804836728e+00 -7.327751633e+02 -7.327751633e+02 -2.3155e+00 -7.6574e-01 -2.7753e+00 +7.4726e-01 -2.1734e+00
2305 0 +7.737829565e+00 -7.328421704e+02 -7.328421704e+02 -2.3130e+00 -7.6329e-01 -2.7705e+00 +7.4730e-01 -2.1738e+00
2482 0 +7.549197990e+00 -7.330308020e+02 -7.330308020e+02 -2.3197e+00 -7.6933e-01 -2.7745e+00 +7.4560e-01 -2.1775e+00
2940 0 +7.402465895e+00 -7.331775341e+02 -7.331775341e+02 -2.3165e+00 -7.6650e-01 -2.7724e+00 +7.4688e-01 -2.1763e+00
3193 0 +7.198674546e+00 -7.333813255e+02 -7.333813255e+02 -2.3132e+00 -7.6070e-01 -2.7729e+00 +7.4230e-01 -2.1665e+00
3529 0 +7.060585666e+00 -7.335194143e+02 -7.335194143e+02 -2.3103e+00 -7.5679e-01 -2.7712e+00 +7.4024e-01 -2.1609e+00
4268 0 +6.916397410e+00 -7.336636026e+02 -7.336636026e+02 -2.3087e+00 -7.5438e-01 -2.7712e+00 +7.3774e-01 -2.1567e+00
6885 0 +6.814827902e+00 -7.337651721e+02 -7.337651721e+02 -2.3076e+00 -7.5339e-01 -2.7707e+00 +7.3678e-01 -2.1548e+00
% f evaluations | g evaluations | best noise-free fitness - Fopt (-5.177000000000e+01) + sum g_i+ | measured fitness | best measured fitness or single-digit g-values | x1 | x2...
1 0 +1.027210844e+03 +9.754408436e+02 +9.754408436e+02 +0.0000e+00 +0.0000e+00 +0.0000e+00 +0.0000e+00 +0.0000e+00
3 0 +1.011081195e+03 +9.593111945e+02 +9.593111945e+02 -2.1012e+00 -1.9823e-01 +4.1649e+00 -2.0177e+00 -2.9677e+00
6 0 +8.153345500e+02 +7.635645500e+02 +7.635645500e+02 +9.5092e-01 +5.9173e-01 +2.7205e+00 -3.1592e+00 +9.2670e-01
32 0 +7.837480684e+02 +7.319780684e+02 +7.319780684e+02 -9.4022e-01 +3.5234e-01 +6.8501e+00 -4.6946e+00 +1.7178e+00
38 0 +5.914996380e+02 +5.397296380e+02 +5.397296380e+02 -1.4716e+00 +7.0950e-01 +2.1186e+00 -3.3285e+00 -7.5486e-02
53 0 +4.769475967e+02 +4.251775967e+02 +4.251775967e+02 -2.2423e+00 +6.0275e-01 +3.0564e+00 -2.7968e+00 +6.9288e-01
60 0 +3.819442394e+02 +3.301742394e+02 +3.301742394e+02 -3.2513e+00 +8.0024e-01 +1.7271e+00 -2.1440e+00 +1.3251e+00
69 0 +3.523320494e+02 +3.005620494e+02 +3.005620494e+02 -3.6375e+00 +1.0795e+00 +3.1143e+00 -5.3369e+00 +5.5470e+00
84 0 +3.442575036e+02 +2.924875036e+02 +2.924875036e+02 -2.3853e+00 +3.8484e-01 +2.9414e+00 -2.0907e+00 +3.6231e+00
87 0 +2.688839852e+02 +2.171139852e+02 +2.171139852e+02 -3.1085e+00 +8.5189e-01 +3.5612e+00 -2.7403e+00 +3.5984e+00
97 0 +1.520875495e+02 +1.003175495e+02 +1.003175495e+02 -3.2457e+00 +3.9694e-01 +2.8772e+00 -3.6700e+00 +4.5902e+00
230 0 +7.321071534e+01 +2.144071534e+01 +2.144071534e+01 -3.2313e+00 +1.0393e+00 +2.3909e+00 -3.8636e+00 +4.2359e+00
316 0 +6.364054578e+01 +1.187054578e+01 +1.187054578e+01 -2.6389e+00 +1.4526e+00 +1.8341e+00 -3.8076e+00 +3.8862e+00
381 0 +6.061377717e+01 +8.843777168e+00 +8.843777168e+00 -2.6699e+00 +1.2911e+00 +2.0974e+00 -3.8652e+00 +4.0046e+00
437 0 +5.200013636e+01 +2.301363585e-01 +2.301363585e-01 -2.4736e+00 +1.5553e+00 +2.0278e+00 -3.8960e+00 +4.0077e+00
500 0 +4.523164324e+01 -6.538356757e+00 -6.538356757e+00 -2.9611e+00 +1.1953e+00 +2.2208e+00 -3.5872e+00 +3.4832e+00
505 0 +3.635399769e+01 -1.541600231e+01 -1.541600231e+01 -2.7809e+00 +1.2571e+00 +2.4962e+00 -3.7131e+00 +3.9124e+00
524 0 +2.687584216e+01 -2.489415784e+01 -2.489415784e+01 -2.8499e+00 +1.3382e+00 +2.0881e+00 -3.6806e+00 +3.6349e+00
600 0 +1.691122223e+01 -3.485877777e+01 -3.485877777e+01 -2.7203e+00 +1.3339e+00 +2.3335e+00 -3.7646e+00 +3.8417e+00
807 0 +1.565838499e+01 -3.611161501e+01 -3.611161501e+01 -2.8042e+00 +1.2741e+00 +2.2909e+00 -3.7645e+00 +3.8145e+00
1001 0 +1.272018876e+01 -3.904981124e+01 -3.904981124e+01 -2.7668e+00 +1.3090e+00 +2.1859e+00 -3.7060e+00 +3.7468e+00
1176 0 +1.196167648e+01 -3.980832352e+01 -3.980832352e+01 -2.7256e+00 +1.3513e+00 +2.2111e+00 -3.7555e+00 +3.7830e+00
1440 0 +8.103376130e+00 -4.366662387e+01 -4.366662387e+01 -2.8776e+00 +1.2216e+00 +2.2290e+00 -3.6772e+00 +3.7933e+00
1464 0 +5.814625347e+00 -4.595537465e+01 -4.595537465e+01 -2.9094e+00 +1.2258e+00 +2.2296e+00 -3.6931e+00 +3.8055e+00
1593 0 +5.483922743e+00 -4.628607726e+01 -4.628607726e+01 -2.8058e+00 +1.2946e+00 +2.2409e+00 -3.7076e+00 +3.8095e+00
1626 0 +3.848297863e+00 -4.792170214e+01 -4.792170214e+01 -2.7529e+00 +1.3591e+00 +2.2194e+00 -3.7056e+00 +3.7972e+00
1646 0 +3.612739049e+00 -4.815726095e+01 -4.815726095e+01 -2.7329e+00 +1.3712e+00 +2.2239e+00 -3.7079e+00 +3.8013e+00
1720 0 +3.063439079e+00 -4.870656092e+01 -4.870656092e+01 -2.7282e+00 +1.3745e+00 +2.2234e+00 -3.7157e+00 +3.8115e+00
1751 0 +2.880177453e+00 -4.888982255e+01 -4.888982255e+01 -2.6431e+00 +1.4424e+00 +2.2208e+00 -3.7222e+00 +3.8125e+00
1774 0 +2.549860874e+00 -4.922013913e+01 -4.922013913e+01 -2.7132e+00 +1.3865e+00 +2.2128e+00 -3.7143e+00 +3.7958e+00
1811 0 +1.851159826e+00 -4.991884017e+01 -4.991884017e+01 -2.6451e+00 +1.4446e+00 +2.2193e+00 -3.7324e+00 +3.8141e+00
1951 0 +1.734446020e+00 -5.003555398e+01 -5.003555398e+01 -2.6292e+00 +1.4572e+00 +2.2167e+00 -3.7301e+00 +3.8062e+00
2089 0 +1.280260957e+00 -5.048973904e+01 -5.048973904e+01 -2.5913e+00 +1.4884e+00 +2.2115e+00 -3.7371e+00 +3.8087e+00
2119 0 +1.235171973e+00 -5.053482803e+01 -5.053482803e+01 -2.5714e+00 +1.5047e+00 +2.2125e+00 -3.7399e+00 +3.8103e+00
2333 0 +1.223427576e+00 -5.054657242e+01 -5.054657242e+01 -2.5553e+00 +1.5217e+00 +2.2094e+00 -3.7462e+00 +3.8175e+00
2357 0 +1.197718289e+00 -5.057228171e+01 -5.057228171e+01 -2.5638e+00 +1.5131e+00 +2.2155e+00 -3.7478e+00 +3.8133e+00
2387 0 +1.167830030e+00 -5.060216997e+01 -5.060216997e+01 -2.5605e+00 +1.5167e+00 +2.2128e+00 -3.7437e+00 +3.8152e+00
2419 0 +1.039538031e+00 -5.073046197e+01 -5.073046197e+01 -2.5604e+00 +1.5165e+00 +2.2130e+00 -3.7452e+00 +3.8168e+00
2470 0 +1.017582950e+00 -5.075241705e+01 -5.075241705e+01 -2.5527e+00 +1.5180e+00 +2.2132e+00 -3.7476e+00 +3.8163e+00
2475 0 +8.614330820e-01 -5.090856692e+01 -5.090856692e+01 -2.5559e+00 +1.5188e+00 +2.2113e+00 -3.7473e+00 +3.8165e+00
2515 0 +8.216427178e-01 -5.094835728e+01 -5.094835728e+01 -2.5524e+00 +1.5210e+00 +2.2122e+00 -3.7486e+00 +3.8149e+00
2521 0 +7.428261034e-01 -5.102717390e+01 -5.102717390e+01 -2.5494e+00 +1.5228e+00 +2.2138e+00 -3.7487e+00 +3.8171e+00
2544 0 +6.667900497e-01 -5.110320995e+01 -5.110320995e+01 -2.5482e+00 +1.5238e+00 +2.2150e+00 -3.7475e+00 +3.8164e+00
2574 0 +5.884407779e-01 -5.118155922e+01 -5.118155922e+01 -2.5512e+00 +1.5211e+00 +2.2130e+00 -3.7472e+00 +3.8157e+00
2675 0 +5.722724409e-01 -5.119772756e+01 -5.119772756e+01 -2.5459e+00 +1.5255e+00 +2.2135e+00 -3.7480e+00 +3.8167e+00
2821 0 +5.490055286e-01 -5.122099447e+01 -5.122099447e+01 -2.5439e+00 +1.5276e+00 +2.2123e+00 -3.7480e+00 +3.8164e+00
2983 0 +4.501335516e-01 -5.131986645e+01 -5.131986645e+01 -2.5390e+00 +1.5317e+00 +2.2131e+00 -3.7489e+00 +3.8167e+00
3182 0 +4.438093177e-01 -5.132619068e+01 -5.132619068e+01 -2.5375e+00 +1.5331e+00 +2.2132e+00 -3.7492e+00 +3.8167e+00
3270 0 +4.286448973e-01 -5.134135510e+01 -5.134135510e+01 -2.5365e+00 +1.5341e+00 +2.2130e+00 -3.7495e+00 +3.8165e+00
3540 0 +4.253744081e-01 -5.134462559e+01 -5.134462559e+01 -2.5320e+00 +1.5377e+00 +2.2126e+00 -3.7500e+00 +3.8172e+00
3629 0 +3.936894484e-01 -5.137631055e+01 -5.137631055e+01 -2.5340e+00 +1.5360e+00 +2.2128e+00 -3.7499e+00 +3.8167e+00
3894 0 +3.868771581e-01 -5.138312284e+01 -5.138312284e+01 -2.5313e+00 +1.5382e+00 +2.2128e+00 -3.7504e+00 +3.8170e+00
4176 0 +3.789320212e-01 -5.139106798e+01 -5.139106798e+01 -2.5316e+00 +1.5381e+00 +2.2126e+00 -3.7503e+00 +3.8170e+00
4260 0 +3.688949929e-01 -5.140110501e+01 -5.140110501e+01 -2.5312e+00 +1.5384e+00 +2.2127e+00 -3.7503e+00 +3.8170e+00
4780 0 +3.624775840e-01 -5.140752242e+01 -5.140752242e+01 -2.5307e+00 +1.5389e+00 +2.2127e+00 -3.7505e+00 +3.8171e+00
6898 0 +3.574686336e-01 -5.141253137e+01 -5.141253137e+01 -2.5305e+00 +1.5390e+00 +2.2127e+00 -3.7505e+00 +3.8171e+00
% f evaluations | g evaluations | best noise-free fitness - Fopt (-2.229800000000e+02) + sum g_i+ | measured fitness | best measured fitness or single-digit g-values | x1 | x2...
1 0 +1.858957053e+03 +1.635977053e+03 +1.635977053e+03 +0.0000e+00 +0.0000e+00 +0.0000e+00 +0.0000e+00 +0.0000e+00
4 0 +1.691601953e+03 +1.468621953e+03 +1.468621953e+03 +4.5295e+00 +6.8739e-01 +9.3353e-01 +2.3018e+00 +2.8084e+00
9 0 +1.373265709e+03 +1.150285709e+03 +1.150285709e+03 -2.4289e+00 -2.1912e+00 -1.5546e+00 +2.4378e+00 -3.3603e+00
20 0 +1.310326591e+03 +1.087346591e+03 +1.087346591e+03 +5.3301e+00 -1.8841e+00 +6.6060e-01 +3.9850e+00 +1.7494e+00
23 0 +1.238362672e+03 +1.015382672e+03 +1.015382672e+03 +2.5532e+00 +6.5920e-01 +1.5062e-01 +4.3334e+00 +1.0603e+00
38 0 +1.229361746e+03 +1.006381746e+03 +1.006381746e+03 +2.9088e+00 -1.6839e+00 -5.5632e-01 -1.5245e-01 -9.0602e-01
45 0 +1.114793315e+03 +8.918133148e+02 +8.918133148e+02 +3.1381e+00 +1.3591e+00 -5.3701e-01 +7.8896e+00 +2.1185e+00
54 0 +1.041051351e+03 +8.180713513e+02 +8.180713513e+02 +3.9590e+00 -9.8936e-01 -1.1514e+00 +1.0941e+00 -5.1774e-02
59 0 +9.678484778e+02 +7.448684778e+02 +7.448684778e+02 +2.4772e+00 +3.3497e+00 -1.8356e+00 +1.0132e+00 -1.8675e+00
74 0 +6.589699954e+02 +4.359899954e+02 +4.359899954e+02 +9.7414e-01 +1.6316e+00 -3.1015e+00 +4.3295e+00 -1.6004e+00
77 0 +6.309333079e+02 +4.079533079e+02 +4.079533079e+02 +3.2166e+00 +1.3007e+00 -2.4724e+00 +2.7223e+00 -9.9303e-01
114 0 +4.158780034e+02 +1.928980034e+02 +1.928980034e+02 +3.5150e+00 -1.8118e+00 -4.5446e+00 +7.4860e-01 -2.2926e+00
150 0 +3.237749209e+02 +1.007949209e+02 +1.007949209e+02 +3.8118e+00 -3.2583e-01 -2.3764e+00 +7.9566e-01 -3.3991e+00
169 0 +2.857692428e+02 +6.278924282e+01 +6.278924282e+01 +2.2653e+00 -5.7925e-01 -3.8059e+00 +2.4228e+00 -3.6814e+00
327 0 +1.666491306e+02 -5.633086944e+01 -5.633086944e+01 +5.1476e+00 -2.4343e+00 -3.8593e+00 +3.8911e-01 -3.6471e+00
378 0 +1.122852948e+02 -1.106947052e+02 -1.106947052e+02 +4.2213e+00 -5.1870e-01 -3.3788e+00 +1.9937e+00 -3.6196e+00
404 0 +8.618962714e+01 -1.367903729e+02 -1.367903729e+02 +3.6847e+00 -4.4135e-01 -2.9720e+00 +1.9305e+00 -3.4825e+00
528 0 +8.002365110e+01 -1.429563489e+02 -1.429563489e+02 +3.1806e+00 +1.4426e-01 -2.8496e+00 +2.4273e+00 -3.8103e+00
582 0 +6.270724669e+01 -1.602727533e+02 -1.602727533e+02 +3.4192e+00 +2.3474e-01 -2.8106e+00 +2.1307e+00 -3.9271e+00
601 0 +4.305858410e+01 -1.799214159e+02 -1.799214159e+02 +3.1539e+00 +5.0999e-01 -2.9725e+00 +2.4745e+00 -3.9338e+00
690 0 +3.719347463e+01 -1.857865254e+02 -1.857865254e+02 +3.6636e+00 -5.3578e-01 -3.3127e+00 +1.6429e+00 -3.7305e+00
695 0 +3.289529504e+01 -1.900847050e+02 -1.900847050e+02 +3.3200e+00 +4.7272e-01 -3.0894e+00 +2.0073e+00 -4.0009e+00
782 0 +2.990488695e+01 -1.930751130e+02 -1.930751130e+02 +3.7029e+00 -1.4102e-01 -3.3646e+00 +2.0476e+00 -3.4714e+00
823 0 +2.845981908e+01 -1.945201809e+02 -1.945201809e+02 +3.5669e+00 +8.3970e-03 -3.1779e+00 +2.1312e+00 -3.5648e+00
867 0 +2.743461552e+01 -1.955453845e+02 -1.955453845e+02 +3.7106e+00 -1.1110e-02 -3.2277e+00 +2.0390e+00 -3.6705e+00
885 0 +2.529113334e+01 -1.976888667e+02 -1.976888667e+02 +3.4127e+00 +3.4842e-01 -3.2117e+00 +2.3451e+00 -3.7040e+00
915 0 +8.874856845e+00 -2.141051432e+02 -2.141051432e+02 +3.4923e+00 +1.5866e-01 -3.1963e+00 +2.1550e+00 -3.6970e+00
1035 0 +7.394676833e+00 -2.155853232e+02 -2.155853232e+02 +3.5975e+00 -6.9938e-02 -3.2489e+00 +2.0479e+00 -3.6701e+00
1198 0 +7.214686012e+00 -2.157653140e+02 -2.157653140e+02 +3.6734e+00 -2.6039e-01 -3.3080e+00 +1.8755e+00 -3.6993e+00
1400 0 +5.411910243e+00 -2.175680898e+02 -2.175680898e+02 +3.7076e+00 -3.1986e-01 -3.3369e+00 +1.8669e+00 -3.6400e+00
1423 0 +3.640186584e+00 -2.193398134e+02 -2.193398134e+02 +3.6740e+00 -2.5934e-01 -3.2958e+00 +1.9112e+00 -3.6702e+00
1587 0 +2.712609785e+00 -2.202673902e+02 -2.202673902e+02 +3.5860e+00 -5.4445e-02 -3.2451e+00 +2.0000e+00 -3.7111e+00
1778 0 +2.115118231e+00 -2.208648818e+02 -2.208648818e+02 +3.6581e+00 -2.0430e-01 -3.2967e+00 +1.9438e+00 -3.6632e+00
1791 0 +2.015075765e+00 -2.209649242e+02 -2.209649242e+02 +3.6595e+00 -2.1824e-01 -3.3011e+00 +1.9390e+00 -3.6631e+00
1883 0 +1.799067294e+00 -2.211809327e+02 -2.211809327e+02 +3.6567e+00 -2.2189e-01 -3.2966e+00 +1.9325e+00 -3.6705e+00
1910 0 +1.371047095e+00 -2.216089529e+02 -2.216089529e+02 +3.6662e+00 -2.3339e-01 -3.3038e+00 +1.9258e+00 -3.6636e+00
2329 0 +1.282119204e+00 -2.216978808e+02 -2.216978808e+02 +3.6730e+00 -2.4626e-01 -3.3047e+00 +1.9202e+00 -3.6595e+00
2373 0 +1.250252782e+00 -2.217297472e+02 -2.217297472e+02 +3.6721e+00 -2.4507e-01 -3.3047e+00 +1.9204e+00 -3.6615e+00
2393 0 +1.203870419e+00 -2.217761296e+02 -2.217761296e+02 +3.6734e+00 -2.4663e-01 -3.3058e+00 +1.9188e+00 -3.6611e+00
2576 0 +1.174237734e+00 -2.218057623e+02 -2.218057623e+02 +3.6717e+00 -2.4191e-01 -3.3049e+00 +1.9210e+00 -3.6614e+00
2755 0 +1.073208190e+00 -2.219067918e+02 -2.219067918e+02 +3.6726e+00 -2.4488e-01 -3.3054e+00 +1.9199e+00 -3.6607e+00
3131 0 +1.069803244e+00 -2.219101968e+02 -2.219101968e+02 +3.6725e+00 -2.4506e-01 -3.3052e+00 +1.9198e+00 -3.6606e+00
3355 0 +1.042665946e+00 -2.219373341e+02 -2.219373341e+02 +3.6720e+00 -2.4375e-01 -3.3049e+00 +1.9204e+00 -3.6608e+00
4346 0 +1.022904418e+00 -2.219570956e+02 -2.219570956e+02 +3.6713e+00 -2.4224e-01 -3.3044e+00 +1.9211e+00 -3.6612e+00
6245 0 +1.018422839e+00 -2.219615772e+02 -2.219615772e+02 +3.6711e+00 -2.4194e-01 -3.3044e+00 +1.9212e+00 -3.6613e+00
% f evaluations | g evaluations | best noise-free fitness - Fopt (5.860000000000e+00) + sum g_i+ | measured fitness | best measured fitness or single-digit g-values | x1 | x2...
1 0 +1.166861521e+03 +1.172721521e+03 +1.172721521e+03 +0.0000e+00 +0.0000e+00 +0.0000e+00 +0.0000e+00 +0.0000e+00
5 0 +1.158699839e+03 +1.164559839e+03 +1.164559839e+03 -1.4763e+00 +3.3807e+00 +3.6610e+00 +2.2438e+00 +2.2419e+00
7 0 +1.040308764e+03 +1.046168764e+03 +1.046168764e+03 -2.5673e+00 +5.7943e-02 -3.0302e+00 -2.7173e+00 +8.8516e-01
10 0 +1.000255297e+03 +1.006115297e+03 +1.006115297e+03 -1.9080e+00 +2.8275e+00 +3.1181e+00 +3.5081e+00 +2.7754e+00
14 0 +9.650172832e+02 +9.708772832e+02 +9.708772832e+02 -1.2995e+00 +2.9475e+00 +3.0756e+00 +3.1652e+00 +2.0507e+00
20 0 +8.584367564e+02 +8.642967564e+02 +8.642967564e+02 -3.7071e+00 +1.3289e+00 +1.9418e+00 +3.6245e+00 +3.3585e+00
38 0 +6.262778258e+02 +6.321378258e+02 +6.321378258e+02 -3.6676e+00 +1.9482e+00 +2.5910e-01 +7.7394e-01 -1.7338e+00
50 0 +4.360169566e+02 +4.418769566e+02 +4.418769566e+02 -2.6759e+00 +1.9597e+00 -7.9452e-01 -5.6668e-01 +2.7030e+00
59 0 +3.995762063e+02 +4.054362063e+02 +4.054362063e+02 -3.4012e+00 +1.5469e+00 -2.4798e-01 +1.2299e+00 +1.1162e-01
65 0 +2.931165295e+02 +2.989765295e+02 +2.989765295e+02 -2.6768e+00 +1.2232e+00 -1.8620e+00 +1.6057e+00 +3.2128e+00
99 0 +2.495196223e+02 +2.553796223e+02 +2.553796223e+02 -5.6893e+00 +2.3842e+00 -1.5396e+00 +5.9013e-01 +2.7172e+00
151 0 +2.432912497e+02 +2.491512497e+02 +2.491512497e+02 -3.0905e+00 +1.4505e+00 -3.4522e-01 +2.2817e+00 +1.8541e+00
231 0 +2.365662154e+02 +2.424262154e+02 +2.424262154e+02 -5.1514e+00 +1.4197e+00 -1.3575e+00 +2.1935e+00 +1.2913e+00
243 0 +2.055570854e+02 +2.114170854e+02 +2.114170854e+02 -4.1281e+00 +1.4586e+00 -1.1713e+00 +2.0926e+00 +3.0861e+00
268 0 +1.571158456e+02 +1.629758456e+02 +1.629758456e+02 -4.5991e+00 +1.8498e+00 -2.2187e+00 +1.3657e-01 +4.1765e+00
279 0 +1.494976090e+02 +1.553576090e+02 +1.553576090e+02 -4.4025e+00 +2.0132e+00 -5.7658e-01 +2.5214e+00 +6.4533e-01
280 0 +9.705012527e+01 +1.029101253e+02 +1.029101253e+02 -4.9009e+00 +1.5725e+00 -1.7836e+00 -1.4626e-01 +3.3602e+00
368 0 +8.519491768e+01 +9.105491768e+01 +9.105491768e+01 -3.5803e+00 +2.2861e+00 -1.1909e+00 +1.7323e+00 +2.4174e+00
508 0 +4.158688320e+01 +4.744688320e+01 +4.744688320e+01 -3.9279e+00 +2.1168e+00 -1.0202e+00 +1.5314e+00 +2.0164e+00
708 0 +2.348474135e+01 +2.934474135e+01 +2.934474135e+01 -3.1642e+00 +2.0774e+00 -6.1401e-01 +2.8113e+00 +1.3561e+00
865 0 +2.085851275e+01 +2.671851275e+01 +2.671851275e+01 -3.1709e+00 +2.0812e+00 -5.1056e-01 +2.8125e+00 +1.3442e+00
990 0 +1.905680107e+01 +2.491680107e+01 +2.491680107e+01 -3.4971e+00 +2.0051e+00 -7.0994e-01 +2.5386e+00 +1.5359e+00
995 0 +1.614629651e+01 +2.200629651e+01 +2.200629651e+01 -3.4173e+00 +2.0214e+00 -7.2222e-01 +2.5229e+00 +1.6521e+00
1021 0 +1.565836364e+01 +2.151836364e+01 +2.151836364e+01 -3.6197e+00 +2.0198e+00 -7.8296e-01 +2.2143e+00 +1.6784e+00
1034 0 +1.441362887e+01 +2.027362887e+01 +2.027362887e+01 -3.2906e+00 +2.1000e+00 -6.2879e-01 +2.5928e+00 +1.4887e+00
1137 0 +1.084883109e+01 +1.670883109e+01 +1.670883109e+01 -3.6260e+00 +2.0510e+00 -8.1537e-01 +2.0911e+00 +1.8485e+00
1232 0 +1.069646461e+01 +1.655646461e+01 +1.655646461e+01 -3.5780e+00 +2.0322e+00 -7.7149e-01 +2.2504e+00 +1.6926e+00
1240 0 +7.446939144e+00 +1.330693914e+01 +1.330693914e+01 -3.5652e+00 +2.0544e+00 -7.8019e-01 +2.2449e+00 +1.7711e+00
1243 0 +5.847269204e+00 +1.170726920e+01 +1.170726920e+01 -3.5421e+00 +2.0381e+00 -7.8252e-01 +2.2399e+00 +1.7753e+00
1350 0 +2.387339557e+00 +8.247339557e+00 +8.247339557e+00 -3.6025e+00 +2.0364e+00 -8.7788e-01 +2.0572e+00 +1.9062e+00
1652 0 +1.646399377e+00 +7.506399377e+00 +7.506399377e+00 -3.6533e+00 +2.0332e+00 -8.9423e-01 +2.0065e+00 +1.9337e+00
1822 0 +1.161123013e+00 +7.021123013e+00 +7.021123013e+00 -3.5983e+00 +2.0384e+00 -8.6092e-01 +2.0976e+00 +1.8739e+00
2053 0 +1.124897027e+00 +6.984897027e+00 +6.984897027e+00 -3.6271e+00 +2.0328e+00 -8.7839e-01 +2.0539e+00 +1.9026e+00
2115 0 +8.576017406e-01 +6.717601741e+00 +6.717601741e+00 -3.6204e+00 +2.0338e+00 -8.7924e-01 +2.0499e+00 +1.9122e+00
2279 0 +5.138534504e-01 +6.373853450e+00 +6.373853450e+00 -3.6208e+00 +2.0350e+00 -8.7838e-01 +2.0535e+00 +1.9066e+00
2518 0 +4.475594147e-01 +6.307559415e+00 +6.307559415e+00 -3.6231e+00 +2.0347e+00 -8.7838e-01 +2.0515e+00 +1.9072e+00
2723 0 +4.258945046e-01 +6.285894505e+00 +6.285894505e+00 -3.6216e+00 +2.0345e+00 -8.7712e-01 +2.0549e+00 +1.9057e+00
2784 0 +4.148442948e-01 +6.274844295e+00 +6.274844295e+00 -3.6195e+00 +2.0348e+00 -8.7663e-01 +2.0567e+00 +1.9041e+00
2950 0 +4.012206376e-01 +6.261220638e+00 +6.261220638e+00 -3.6199e+00 +2.0348e+00 -8.7706e-01 +2.0559e+00 +1.9052e+00
2961 0 +3.839599071e-01 +6.243959907e+00 +6.243959907e+00 -3.6207e+00 +2.0349e+00 -8.7676e-01 +2.0553e+00 +1.9049e+00
3000 0 +3.375184129e-01 +6.197518413e+00 +6.197518413e+00 -3.6205e+00 +2.0348e+00 -8.7678e-01 +2.0557e+00 +1.9050e+00
3904 0 +3.310941017e-01 +6.191094102e+00 +6.191094102e+00 -3.6201e+00 +2.0348e+00 -8.7660e-01 +2.0562e+00 +1.9046e+00
6115 0 +3.237956309e-01 +6.183795631e+00 +6.183795631e+00 -3.6204e+00 +2.0348e+00 -8.7681e-01 +2.0557e+00 +1.9050e+00
% f evaluations | g evaluations | best noise-free fitness - Fopt (2.048600000000e+02) + sum g_i+ | measured fitness | best measured fitness or single-digit g-values | x1 | x2...
1 0 +3.811875881e+02 +5.860475881e+02 +5.860475881e+02 +0.0000e+00 +0.0000e+00 +0.0000e+00 +0.0000e+00 +0.0000e+00
43 0 +3.781700145e+02 +5.830300145e+02 +5.830300145e+02 +7.1255e-01 +7.5043e-01 +4.3552e-01 +4.3642e-01 -1.6468e+00
113 0 +2.742879821e+02 +4.791479821e+02 +4.791479821e+02 +2.1586e-01 -2.5562e-01 -4.5148e-01 +1.0254e+00 -1.2542e+00
136 0 +1.726621747e+02 +3.775221747e+02 +3.775221747e+02 -3.3340e-01 -3.7382e-01 -1.3088e+00 +1.4698e+00 -1.2740e+00
212 0 +1.294349496e+02 +3.342949496e+02 +3.342949496e+02 -1.6406e+00 -1.0089e-01 +1.5515e-01 +2.1669e+00 -2.2109e+00
242 0 +5.420881197e+01 +2.590688120e+02 +2.590688120e+02 -2.2680e+00 -8.3068e-01 +1.3966e+00 +3.2797e+00 -2.8130e+00
423 0 +5.046421291e+01 +2.553242129e+02 +2.553242129e+02 -1.7284e+00 -7.2818e-01 -1.6074e-01 +2.8941e+00 -1.8618e+00
590 0 +4.003714462e+01 +2.448971446e+02 +2.448971446e+02 -2.0577e+00 -7.7467e-01 +4.8036e-01 +3.1524e+00 -2.1181e+00
637 0 +3.282103571e+01 +2.376810357e+02 +2.376810357e+02 -1.8433e+00 -5.3226e-01 +7.8884e-01 +2.8668e+00 -2.3503e+00
659 0 +3.113034660e+01 +2.359903466e+02 +2.359903466e+02 -1.8232e+00 -7.0646e-01 +5.1539e-01 +2.8755e+00 -2.1598e+00
731 0 +2.263963939e+01 +2.274996394e+02 +2.274996394e+02 -1.9722e+00 -6.2362e-01 +5.4742e-01 +2.7762e+00 -2.3217e+00
848 0 +1.573898946e+01 +2.205989895e+02 +2.205989895e+02 -1.9389e+00 -6.5679e-01 +6.6962e-01 +2.8481e+00 -2.3037e+00
849 0 +1.057658155e+01 +2.154365815e+02 +2.154365815e+02 -1.9447e+00 -6.1523e-01 +5.7578e-01 +2.9151e+00 -2.2920e+00
1004 0 +7.718538207e+00 +2.125785382e+02 +2.125785382e+02 -2.0418e+00 -6.8062e-01 +7.7432e-01 +3.0219e+00 -2.3784e+00
1176 0 +6.929176174e+00 +2.117891762e+02 +2.117891762e+02 -2.0223e+00 -6.5612e-01 +6.7134e-01 +2.9909e+00 -2.3565e+00
1215 0 +6.399372317e+00 +2.112593723e+02 +2.112593723e+02 -1.9733e+00 -6.5035e-01 +6.5147e-01 +2.9466e+00 -2.2921e+00
1271 0 +3.923747989e+00 +2.087837480e+02 +2.087837480e+02 -1.9577e+00 -6.5097e-01 +5.7074e-01 +2.9094e+00 -2.2592e+00
1371 0 +3.521630082e+00 +2.083816301e+02 +2.083816301e+02 -1.9252e+00 -6.6555e-01 +4.7394e-01 +2.8491e+00 -2.2175e+00
1443 0 +3.276348401e+00 +2.081363484e+02 +2.081363484e+02 -1.9469e+00 -6.6809e-01 +5.1029e-01 +2.8848e+00 -2.2379e+00
1452 0 +2.991553892e+00 +2.078515539e+02 +2.078515539e+02 -1.9217e+00 -6.5663e-01 +4.9937e-01 +2.8627e+00 -2.2123e+00
1682 0 +2.422418746e+00 +2.072824187e+02 +2.072824187e+02 -1.9816e+00 -6.5930e-01 +6.2457e-01 +2.9388e+00 -2.3073e+00
1856 0 +2.287575130e+00 +2.071475751e+02 +2.071475751e+02 -1.9831e+00 -6.6064e-01 +6.3000e-01 +2.9396e+00 -2.3047e+00
1907 0 +2.113870677e+00 +2.069738707e+02 +2.069738707e+02 -1.9868e+00 -6.5937e-01 +6.3348e-01 +2.9452e+00 -2.3085e+00
1977 0 +2.021640834e+00 +2.068816408e+02 +2.068816408e+02 -1.9838e+00 -6.5934e-01 +6.2711e-01 +2.9383e+00 -2.3069e+00
1990 0 +1.993804200e+00 +2.068538042e+02 +2.068538042e+02 -1.9800e+00 -6.5980e-01 +6.2029e-01 +2.9369e+00 -2.3008e+00
2109 0 +1.929547419e+00 +2.067895474e+02 +2.067895474e+02 -1.9759e+00 -6.5870e-01 +6.0882e-01 +2.9299e+00 -2.2958e+00
2158 0 +1.905053992e+00 +2.067650540e+02 +2.067650540e+02 -1.9800e+00 -6.5843e-01 +6.1823e-01 +2.9354e+00 -2.3000e+00
2281 0 +1.826822709e+00 +2.066868227e+02 +2.066868227e+02 -1.9797e+00 -6.5901e-01 +6.1849e-01 +2.9357e+00 -2.3001e+00
2341 0 +1.792947401e+00 +2.066529474e+02 +2.066529474e+02 -1.9803e+00 -6.5946e-01 +6.1850e-01 +2.9355e+00 -2.3006e+00
2361 0 +1.758118327e+00 +2.066181183e+02 +2.066181183e+02 -1.9794e+00 -6.5945e-01 +6.1576e-01 +2.9338e+00 -2.2989e+00
3072 0 +1.736933993e+00 +2.065969340e+02 +2.065969340e+02 -1.9792e+00 -6.5916e-01 +6.1709e-01 +2.9343e+00 -2.2989e+00
3377 0 +1.695722519e+00 +2.065557225e+02 +2.065557225e+02 -1.9789e+00 -6.5928e-01 +6.1549e-01 +2.9336e+00 -2.2980e+00
5073 0 +1.659580431e+00 +2.065195804e+02 +2.065195804e+02 -1.9784e+00 -6.5922e-01 +6.1445e-01 +2.9328e+00 -2.2975e+00
6772 0 +1.658299263e+00 +2.065182993e+02 +2.065182993e+02 -1.9784e+00 -6.5922e-01 +6.1437e-01 +2.9328e+00 -2.2975e+00
% f evaluations | g evaluations | best noise-free fitness - Fopt (1.154900000000e+02) + sum g_i+ | measured fitness | best measured fitness or single-digit g-values | x1 | x2...
1 0 +1.456583734e+03 +1.572073734e+03 +1.572073734e+03 +0.0000e+00 +0.0000e+00 +0.0000e+00 +0.0000e+00 +0.0000e+00
5 0 +1.109894878e+03 +1.225384878e+03 +1.225384878e+03 -2.0478e+00 -1.1803e+00 -3.1339e+00 -4.0869e+00 +2.6371e+00
10 0 +1.080882211e+03 +1.196372211e+03 +1.196372211e+03 +6.7609e-01 -5.0251e+00 +4.2630e-01 -3.5631e+00 -5.2361e-01
47 0 +9.628797509e+02 +1.078369751e+03 +1.078369751e+03 +1.2559e+00 -6.4387e-01 -1.7106e+00 -1.9691e+00 +3.2252e+00
75 0 +6.236639845e+02 +7.391539845e+02 +7.391539845e+02 -4.2098e-01 -1.6325e+00 +2.7007e-01 -4.2740e+00 +3.7644e+00
173 0 +4.708866855e+02 +5.863766855e+02 +5.863766855e+02 +1.4219e+00 -2.7250e+00 +3.6562e+00 -2.0223e+00 +2.0767e+00
239 0 +4.216570189e+02 +5.371470189e+02 +5.371470189e+02 -2.3571e-01 -1.6364e+00 +3.6051e+00 -1.3926e+00 +2.9077e+00
281 0 +4.073953088e+02 +5.228853088e+02 +5.228853088e+02 -7.3750e-01 -1.9069e+00 +3.5954e+00 -1.5884e+00 +4.0057e+00
354 0 +3.611729614e+02 +4.766629614e+02 +4.766629614e+02 +4.4749e-01 -4.0205e+00 +4.7067e+00 -3.4027e+00 +8.6272e-01
365 0 +2.817213890e+02 +3.972113890e+02 +3.972113890e+02 -4.2403e+00 -2.2008e+00 +3.7097e+00 -3.4258e+00 +2.2608e+00
370 0 +2.430212460e+02 +3.585112460e+02 +3.585112460e+02 -4.0847e+00 -2.1859e+00 +2.5962e+00 -3.2214e+00 +3.1475e+00
373 0 +2.300048586e+02 +3.454948586e+02 +3.454948586e+02 -2.2777e+00 -3.4979e+00 +3.6861e+00 -3.7893e+00 +3.0327e+00
405 0 +1.268511911e+02 +2.423411911e+02 +2.423411911e+02 -1.9164e+00 -2.4633e+00 +4.2055e+00 -3.2335e+00 +1.8565e+00
496 0 +9.840961895e+01 +2.138996190e+02 +2.138996190e+02 -2.9718e+00 -1.8745e+00 +3.1395e+00 -3.4429e+00 +3.0694e+00
558 0 +7.515407005e+01 +1.906440700e+02 +1.906440700e+02 -2.2888e+00 -8.9388e-01 +2.6771e+00 -2.7222e+00 +3.6055e+00
607 0 +6.655928891e+01 +1.820492889e+02 +1.820492889e+02 -2.0414e+00 -1.2962e+00 +2.7999e+00 -2.9789e+00 +3.3601e+00
608 0 +6.174092594e+01 +1.772309259e+02 +1.772309259e+02 -2.1804e+00 -2.1867e+00 +3.6918e+00 -3.0834e+00 +2.9193e+00
621 0 +4.830051943e+01 +1.637905194e+02 +1.637905194e+02 -2.7783e+00 -1.1676e+00 +2.7369e+00 -2.9924e+00 +3.9195e+00
727 0 +4.765011052e+01 +1.631401105e+02 +1.631401105e+02 -2.7443e+00 -1.4051e+00 +3.0153e+00 -3.0893e+00 +3.5061e+00
738 0 +3.287555490e+01 +1.483655549e+02 +1.483655549e+02 -2.1128e+00 -2.2547e+00 +3.3625e+00 -3.0839e+00 +2.9313e+00
921 0 +2.569455007e+01 +1.411845501e+02 +1.411845501e+02 -2.4275e+00 -1.2675e+00 +2.6209e+00 -3.0013e+00 +3.6584e+00
1050 0 +2.418502206e+01 +1.396750221e+02 +1.396750221e+02 -2.5323e+00 -9.9420e-01 +2.7424e+00 -2.9056e+00 +3.8180e+00
1135 0 +1.570695808e+01 +1.311969581e+02 +1.311969581e+02 -2.3732e+00 -1.5291e+00 +2.9659e+00 -3.0438e+00 +3.3804e+00
1145 0 +1.105451688e+01 +1.265445169e+02 +1.265445169e+02 -2.3779e+00 -1.5592e+00 +2.9754e+00 -3.0288e+00 +3.3771e+00
1481 0 +8.028520248e+00 +1.235185202e+02 +1.235185202e+02 -2.4865e+00 -1.0626e+00 +2.5810e+00 -2.9221e+00 +3.8602e+00
1563 0 +5.497873843e+00 +1.209878738e+02 +1.209878738e+02 -2.4471e+00 -1.2075e+00 +2.7180e+00 -2.9501e+00 +3.7206e+00
1703 0 +5.381243349e+00 +1.208712433e+02 +1.208712433e+02 -2.4627e+00 -1.2096e+00 +2.7142e+00 -2.9607e+00 +3.7029e+00
1904 0 +3.957882462e+00 +1.194478825e+02 +1.194478825e+02 -2.4922e+00 -1.1563e+00 +2.6740e+00 -2.9580e+00 +3.7603e+00
1909 0 +3.649838579e+00 +1.191398386e+02 +1.191398386e+02 -2.4872e+00 -1.2569e+00 +2.7163e+00 -2.9738e+00 +3.7055e+00
2014 0 +3.282227225e+00 +1.187722272e+02 +1.187722272e+02 -2.4963e+00 -1.1565e+00 +2.6724e+00 -2.9499e+00 +3.7639e+00
2161 0 +3.222558592e+00 +1.187125586e+02 +1.187125586e+02 -2.4924e+00 -1.1125e+00 +2.6487e+00 -2.9369e+00 +3.8106e+00
2179 0 +2.511326982e+00 +1.180013270e+02 +1.180013270e+02 -2.4994e+00 -1.1209e+00 +2.6511e+00 -2.9454e+00 +3.7959e+00
2427 0 +2.172149674e+00 +1.176621497e+02 +1.176621497e+02 -2.4978e+00 -1.1313e+00 +2.6576e+00 -2.9448e+00 +3.7907e+00
2522 0 +2.134136238e+00 +1.176241362e+02 +1.176241362e+02 -2.4958e+00 -1.1141e+00 +2.6469e+00 -2.9409e+00 +3.8059e+00
2557 0 +2.012389121e+00 +1.175023891e+02 +1.175023891e+02 -2.4967e+00 -1.1166e+00 +2.6493e+00 -2.9414e+00 +3.8029e+00
2627 0 +1.974069219e+00 +1.174640692e+02 +1.174640692e+02 -2.4972e+00 -1.1100e+00 +2.6466e+00 -2.9402e+00 +3.8062e+00
2672 0 +1.911629422e+00 +1.174016294e+02 +1.174016294e+02 -2.4961e+00 -1.1094e+00 +2.6461e+00 -2.9413e+00 +3.8073e+00
2776 0 +1.776016183e+00 +1.172660162e+02 +1.172660162e+02 -2.4967e+00 -1.1164e+00 +2.6500e+00 -2.9424e+00 +3.8023e+00
3160 0 +1.709907822e+00 +1.171999078e+02 +1.171999078e+02 -2.4955e+00 -1.1226e+00 +2.6554e+00 -2.9436e+00 +3.7962e+00
3261 0 +1.686466455e+00 +1.171764665e+02 +1.171764665e+02 -2.4948e+00 -1.1252e+00 +2.6562e+00 -2.9440e+00 +3.7949e+00
3389 0 +1.633435834e+00 +1.171234358e+02 +1.171234358e+02 -2.4950e+00 -1.1273e+00 +2.6578e+00 -2.9443e+00 +3.7928e+00
3891 0 +1.612538621e+00 +1.171025386e+02 +1.171025386e+02 -2.4943e+00 -1.1298e+00 +2.6593e+00 -2.9449e+00 +3.7906e+00
4212 0 +1.577064950e+00 +1.170670649e+02 +1.170670649e+02 -2.4942e+00 -1.1310e+00 +2.6599e+00 -2.9451e+00 +3.7899e+00
6387 0 +1.563901898e+00 +1.170539019e+02 +1.170539019e+02 -2.4943e+00 -1.1311e+00 +2.6600e+00 -2.9451e+00 +3.7898e+00
% f evaluations | g evaluations | best noise-free fitness - Fopt (1.950500000000e+02) + sum g_i+ | measured fitness | best measured fitness or single-digit g-values | x1 | x2...
1 0 +5.088012700e+02 +7.038512700e+02 +7.038512700e+02 +0.0000e+00 +0.0000e+00 +0.0000e+00 +0.0000e+00 +0.0000e+00
17 0 +4.975284365e+02 +6.925784365e+02 +6.925784365e+02 -1.1920e+00 +1.5552e+00 -4.8035e+00 -2.9193e+00 -3.1204e+00
22 0 +4.889040217e+02 +6.839540217e+02 +6.839540217e+02 +1.3598e+00 -4.4755e-01 -3.1133e+00 -2.6326e+00 -3.2055e+00
26 0 +4.132187255e+02 +6.082687255e+02 +6.082687255e+02 +2.0072e+00 -4.9082e-02 -2.3948e+00 -2.1819e+00 -1.5268e+00
50 0 +3.747825087e+02 +5.698325087e+02 +5.698325087e+02 +1.3169e+00 +1.1738e+00 +8.5337e-01 +3.0881e-02 +1.5554e-01
57 0 +2.660436539e+02 +4.610936539e+02 +4.610936539e+02 +1.4237e+00 -9.1939e-02 -3.0296e+00 -7.7996e-01 -9.3806e-01
58 0 +1.672831971e+02 +3.623331971e+02 +3.623331971e+02 +3.5109e-01 -5.2303e-01 -2.5155e+00 -8.3447e-01 -1.1760e+00
91 0 +1.351024848e+02 +3.301524848e+02 +3.301524848e+02 +1.0152e+00 -7.5604e-01 -2.6453e+00 -3.3338e-01 -1.6555e+00
236 0 +9.744802614e+01 +2.924980261e+02 +2.924980261e+02 +1.8708e+00 -1.3303e-01 -1.1465e+00 -9.7991e-02 -8.8804e-01
493 0 +6.600490652e+01 +2.610549065e+02 +2.610549065e+02 +4.2799e-01 -4.7677e-01 -3.3120e+00 -2.0608e-01 -2.0839e+00
730 0 +4.468767884e+01 +2.397376788e+02 +2.397376788e+02 +1.5867e+00 +6.0407e-02 -1.3683e+00 -3.8311e-01 -8.9683e-01
1004 0 +3.278703658e+01 +2.278370366e+02 +2.278370366e+02 +1.9122e+00 +2.7483e-01 -1.2365e+00 -3.1271e-01 -8.6003e-01
1368 0 +2.829691547e+01 +2.233469155e+02 +2.233469155e+02 +1.0052e+00 -8.1255e-02 -2.4305e+00 -3.4666e-01 -1.6211e+00
1376 0 +2.535042984e+01 +2.204004298e+02 +2.204004298e+02 +9.3653e-01 +1.6683e-02 -2.3680e+00 -5.2784e-01 -1.6440e+00
1544 0 +1.534455332e+01 +2.103945533e+02 +2.103945533e+02 +7.7987e-01 -2.1311e-01 -2.7563e+00 -4.6766e-01 -1.6462e+00
1887 0 +9.502946631e+00 +2.045529466e+02 +2.045529466e+02 +1.0891e+00 +2.8120e-02 -2.2031e+00 -4.9623e-01 -1.4305e+00
2099 0 +8.860886074e+00 +2.039108861e+02 +2.039108861e+02 +1.1542e+00 +5.2165e-02 -2.1050e+00 -4.4910e-01 -1.3477e+00
2254 0 +8.579665313e+00 +2.036296653e+02 +2.036296653e+02 +1.2001e+00 +1.3928e-02 -2.1332e+00 -4.1093e-01 -1.3291e+00
2288 0 +5.687301742e+00 +2.007373017e+02 +2.007373017e+02 +1.2467e+00 +3.2186e-02 -2.0426e+00 -4.0883e-01 -1.2817e+00
2351 0 +4.216675868e+00 +1.992666759e+02 +1.992666759e+02 +1.2370e+00 +1.8310e-02 -2.0507e+00 -4.0893e-01 -1.2955e+00
2570 0 +2.767418600e+00 +1.978174186e+02 +1.978174186e+02 +1.1937e+00 +9.4016e-03 -2.1035e+00 -4.3268e-01 -1.3324e+00
2874 0 +2.398737080e+00 +1.974487371e+02 +1.974487371e+02 +1.2276e+00 +3.4453e-02 -2.0512e+00 -4.2407e-01 -1.3058e+00
2970 0 +1.964322390e+00 +1.970143224e+02 +1.970143224e+02 +1.2384e+00 +3.7982e-02 -2.0322e+00 -4.2615e-01 -1.2975e+00
2996 0 +1.515120381e+00 +1.965651204e+02 +1.965651204e+02 +1.2350e+00 +3.2442e-02 -2.0397e+00 -4.2581e-01 -1.2985e+00
3478 0 +1.425396378e+00 +1.964753964e+02 +1.964753964e+02 +1.2376e+00 +3.3910e-02 -2.0378e+00 -4.2740e-01 -1.2982e+00
3547 0 +1.391232158e+00 +1.964412322e+02 +1.964412322e+02 +1.2325e+00 +3.2732e-02 -2.0447e+00 -4.2731e-01 -1.3002e+00
3564 0 +1.359903470e+00 +1.964099035e+02 +1.964099035e+02 +1.2326e+00 +3.2630e-02 -2.0445e+00 -4.2742e-01 -1.3002e+00
3607 0 +1.347936523e+00 +1.963979365e+02 +1.963979365e+02 +1.2295e+00 +3.1849e-02 -2.0476e+00 -4.2697e-01 -1.3032e+00
3669 0 +1.292076993e+00 +1.963420770e+02 +1.963420770e+02 +1.2307e+00 +3.2259e-02 -2.0473e+00 -4.2709e-01 -1.3036e+00
3763 0 +1.273476426e+00 +1.963234764e+02 +1.963234764e+02 +1.2284e+00 +3.1770e-02 -2.0500e+00 -4.2761e-01 -1.3048e+00
3904 0 +1.223045796e+00 +1.962730458e+02 +1.962730458e+02 +1.2298e+00 +3.2156e-02 -2.0482e+00 -4.2806e-01 -1.3037e+00
4019 0 +1.181776538e+00 +1.962317765e+02 +1.962317765e+02 +1.2279e+00 +3.0884e-02 -2.0517e+00 -4.2788e-01 -1.3056e+00
4268 0 +1.174837065e+00 +1.962248371e+02 +1.962248371e+02 +1.2265e+00 +3.0444e-02 -2.0532e+00 -4.2846e-01 -1.3067e+00
4461 0 +1.134091958e+00 +1.961840920e+02 +1.961840920e+02 +1.2263e+00 +3.0427e-02 -2.0535e+00 -4.2808e-01 -1.3066e+00
4739 0 +1.118130498e+00 +1.961681305e+02 +1.961681305e+02 +1.2249e+00 +2.9886e-02 -2.0558e+00 -4.2842e-01 -1.3080e+00
8967 0 +1.101752937e+00 +1.961517529e+02 +1.961517529e+02 +1.2247e+00 +2.9836e-02 -2.0559e+00 -4.2845e-01 -1.3080e+00
% f evaluations | g evaluations | best noise-free fitness - Fopt (-2.144800000000e+02) + sum g_i+ | measured fitness | best measured fitness or single-digit g-values | x1 | x2...
1 0 +1.048917530e+03 +8.344375298e+02 +8.344375298e+02 +0.0000e+00 +0.0000e+00 +0.0000e+00 +0.0000e+00 +0.0000e+00
4 0 +6.009932897e+02 +3.865132897e+02 +3.865132897e+02 +3.0933e+00 +3.2131e+00 -7.8565e-01 -2.7932e+00 -4.7070e-01
31 0 +4.647775422e+02 +2.502975422e+02 +2.502975422e+02 -1.8146e-01 +1.1839e+00 +3.9040e-01 -3.0002e+00 +2.8711e-01
46 0 +4.490338076e+02 +2.345538076e+02 +2.345538076e+02 -1.3478e+00 +4.2744e+00 +6.4940e-01 -3.4906e+00 +3.0360e-01
50 0 +3.821429735e+02 +1.676629735e+02 +1.676629735e+02 +8.5302e-01 +2.7608e+00 -7.5524e-01 -2.3231e+00 -2.8777e-01
99 0 +2.010466886e+02 -1.343331136e+01 -1.343331136e+01 +7.1537e-01 +4.1535e+00 -6.7399e-01 -1.0682e+00 -1.8034e+00
253 0 +1.828700415e+02 -3.160995846e+01 -3.160995846e+01 -2.0355e+00 +2.9573e+00 +7.9365e-01 -2.4906e+00 -9.7554e-01
270 0 +1.512583616e+02 -6.322163839e+01 -6.322163839e+01 +5.0156e-01 +4.9024e+00 -3.8338e-02 -1.1882e+00 -1.5193e+00
359 0 +8.465323986e+01 -1.298267601e+02 -1.298267601e+02 -2.0163e-01 +3.9753e+00 +3.7861e-01 -1.4399e+00 -1.1354e+00
399 0 +8.143415774e+01 -1.330458423e+02 -1.330458423e+02 -3.0531e-01 +3.9577e+00 +4.1960e-01 -1.1783e+00 -1.7841e+00
560 0 +6.805458691e+01 -1.464254131e+02 -1.464254131e+02 -1.8394e+00 +2.9676e+00 +1.4102e+00 -2.2602e+00 -1.8230e+00
572 0 +5.862744206e+01 -1.558525579e+02 -1.558525579e+02 -2.2633e+00 +3.4387e+00 +1.0929e+00 -2.3968e+00 -1.6259e+00
751 0 +3.688725915e+01 -1.775927408e+02 -1.775927408e+02 -1.0595e+00 +3.8569e+00 +8.9052e-01 -1.7243e+00 -1.6824e+00
918 0 +2.509355873e+01 -1.893864413e+02 -1.893864413e+02 -1.3736e+00 +3.5208e+00 +8.6568e-01 -2.0339e+00 -1.8038e+00
951 0 +2.133313370e+01 -1.931468663e+02 -1.931468663e+02 -1.5857e+00 +3.4459e+00 +1.0930e+00 -2.1023e+00 -1.7188e+00
1012 0 +1.128119129e+01 -2.031988087e+02 -2.031988087e+02 -1.9737e+00 +3.1930e+00 +1.1443e+00 -2.3027e+00 -1.8407e+00
1335 0 +1.031030461e+01 -2.041696954e+02 -2.041696954e+02 -2.0488e+00 +3.3005e+00 +1.2106e+00 -2.2894e+00 -1.8725e+00
1397 0 +9.623893309e+00 -2.048561067e+02 -2.048561067e+02 -1.9793e+00 +3.2605e+00 +1.1600e+00 -2.3188e+00 -1.8191e+00
1459 0 +6.267520135e+00 -2.082124799e+02 -2.082124799e+02 -1.9663e+00 +3.3157e+00 +1.1626e+00 -2.2621e+00 -1.8533e+00
1473 0 +4.063266808e+00 -2.104167332e+02 -2.104167332e+02 -1.9548e+00 +3.3027e+00 +1.1226e+00 -2.2538e+00 -1.8358e+00
1591 0 +3.320153170e+00 -2.111598468e+02 -2.111598468e+02 -2.0298e+00 +3.2735e+00 +1.1770e+00 -2.2925e+00 -1.8610e+00
1709 0 +3.306420418e+00 -2.111735796e+02 -2.111735796e+02 -2.0925e+00 +3.2323e+00 +1.2033e+00 -2.3173e+00 -1.8777e+00
1749 0 +3.156707173e+00 -2.113232928e+02 -2.113232928e+02 -2.0679e+00 +3.2473e+00 +1.1870e+00 -2.3039e+00 -1.8747e+00
1754 0 +2.230740111e+00 -2.122492599e+02 -2.122492599e+02 -2.0680e+00 +3.2410e+00 +1.1930e+00 -2.3158e+00 -1.8649e+00
1856 0 +2.014611614e+00 -2.124653884e+02 -2.124653884e+02 -2.0814e+00 +3.2210e+00 +1.2019e+00 -2.3226e+00 -1.8744e+00
1895 0 +1.843287282e+00 -2.126367127e+02 -2.126367127e+02 -2.0929e+00 +3.2153e+00 +1.2040e+00 -2.3331e+00 -1.8767e+00
2067 0 +1.758412247e+00 -2.127215878e+02 -2.127215878e+02 -2.0598e+00 +3.2353e+00 +1.1895e+00 -2.3162e+00 -1.8684e+00
2108 0 +1.615759590e+00 -2.128642404e+02 -2.128642404e+02 -2.0647e+00 +3.2330e+00 +1.1913e+00 -2.3157e+00 -1.8664e+00
2113 0 +1.583243208e+00 -2.128967568e+02 -2.128967568e+02 -2.0671e+00 +3.2364e+00 +1.1925e+00 -2.3140e+00 -1.8701e+00
2190 0 +1.417658058e+00 -2.130623419e+02 -2.130623419e+02 -2.0606e+00 +3.2359e+00 +1.1889e+00 -2.3142e+00 -1.8673e+00
2236 0 +1.398152434e+00 -2.130818476e+02 -2.130818476e+02 -2.0590e+00 +3.2354e+00 +1.1916e+00 -2.3139e+00 -1.8689e+00
2298 0 +1.368167828e+00 -2.131118322e+02 -2.131118322e+02 -2.0638e+00 +3.2350e+00 +1.1925e+00 -2.3150e+00 -1.8700e+00
2347 0 +1.308990290e+00 -2.131710097e+02 -2.131710097e+02 -2.0654e+00 +3.2318e+00 +1.1926e+00 -2.3171e+00 -1.8702e+00
2452 0 +1.224202165e+00 -2.132557978e+02 -2.132557978e+02 -2.0588e+00 +3.2357e+00 +1.1891e+00 -2.3135e+00 -1.8677e+00
2524 0 +1.134118529e+00 -2.133458815e+02 -2.133458815e+02 -2.0593e+00 +3.2357e+00 +1.1901e+00 -2.3132e+00 -1.8686e+00
2957 0 +1.110794631e+00 -2.133692054e+02 -2.133692054e+02 -2.0569e+00 +3.2374e+00 +1.1891e+00 -2.3122e+00 -1.8673e+00
2981 0 +1.079178259e+00 -2.134008217e+02 -2.134008217e+02 -2.0564e+00 +3.2370e+00 +1.1886e+00 -2.3116e+00 -1.8675e+00
2997 0 +1.066407759e+00 -2.134135922e+02 -2.134135922e+02 -2.0548e+00 +3.2376e+00 +1.1882e+00 -2.3111e+00 -1.8670e+00
3097 0 +1.045409862e+00 -2.134345901e+02 -2.134345901e+02 -2.0545e+00 +3.2388e+00 +1.1880e+00 -2.3104e+00 -1.8669e+00
3548 0 +1.017806892e+00 -2.134621931e+02 -2.134621931e+02 -2.0558e+00 +3.2377e+00 +1.1886e+00 -2.3113e+00 -1.8672e+00
6161 0 +1.009199130e+00 -2.134708009e+02 -2.134708009e+02 -2.0566e+00 +3.2372e+00 +1.1889e+00 -2.3117e+00 -1.8674e+00
% f evaluations | g evaluations | best noise-free fitness - Fopt (-4.590000000000e+01) + sum g_i+ | measured fitness | best measured fitness or single-digit g-values | x1 | x2...
1 0 +9.855133308e+02 +9.396133308e+02 +9.396133308e+02 +0.0000e+00 +0.0000e+00 +0.0000e+00 +0.0000e+00 +0.0000e+00
21 0 +8.169675119e+02 +7.710675119e+02 +7.710675119e+02 -1.2121e+00 +9.0316e-01 -1.8010e+00 +8.7273e-01 -2.3020e+00
58 0 +5.272760559e+02 +4.813760559e+02 +4.813760559e+02 +1.3400e-03 +4.4931e-01 -1.0871e+00 -1.2535e+00 -3.6401e+00
126 0 +4.956361381e+02 +4.497361381e+02 +4.497361381e+02 -5.5437e-01 +1.0689e-01 +2.7226e-01 +1.0257e+00 -4.3431e+00
129 0 +4.696168413e+02 +4.237168413e+02 +4.237168413e+02 -5.5075e-01 -4.9076e-01 -2.5191e+00 -1.8667e+00 -3.5031e+00
131 0 +3.915035486e+02 +3.456035486e+02 +3.456035486e+02 +7.1627e-01 -2.1674e+00 -7.2514e-01 +8.4993e-01 -2.6301e+00
141 0 +1.688654365e+02 +1.229654365e+02 +1.229654365e+02 -3.1315e-01 -6.0446e-01 -9.3861e-01 -5.9744e+00 -4.0844e+00
238 0 +1.496016402e+02 +1.037016402e+02 +1.037016402e+02 +2.7963e-01 -2.1758e+00 -4.5920e-01 +5.6765e-01 -3.9826e+00
306 0 +9.974661553e+01 +5.384661553e+01 +5.384661553e+01 +5.4912e-01 -1.7563e+00 +1.1531e-01 -7.3365e-01 -4.2588e+00
318 0 +6.446829848e+01 +1.856829848e+01 +1.856829848e+01 +2.4710e-01 -1.8569e+00 +5.6479e-02 +1.5315e+00 -3.7350e+00
376 0 +5.950629916e+01 +1.360629916e+01 +1.360629916e+01 +5.1707e-02 -1.5880e+00 -1.7756e-02 -1.0595e+00 -3.8726e+00
377 0 +2.957390893e+01 -1.632609107e+01 -1.632609107e+01 +2.9740e-02 -1.7406e+00 -9.7100e-03 +7.7502e-01 -3.8741e+00
920 0 +2.780567669e+01 -1.809432331e+01 -1.809432331e+01 -5.9499e-02 -1.6234e+00 -1.4812e-01 -1.2673e-02 -4.0842e+00
971 0 +2.537403307e+01 -2.052596693e+01 -2.052596693e+01 +3.5805e-02 -1.7282e+00 +8.0547e-02 +9.1987e-01 -4.0025e+00
978 0 +1.502198655e+01 -3.087801345e+01 -3.087801345e+01 +7.2357e-03 -1.6770e+00 +9.3764e-02 +5.2867e-01 -3.9589e+00
1121 0 +1.101513206e+01 -3.488486794e+01 -3.488486794e+01 -2.9325e-03 -1.6055e+00 -8.1155e-02 -3.9041e-01 -3.9755e+00
1151 0 +1.066366116e+01 -3.523633884e+01 -3.523633884e+01 -5.4038e-03 -1.6225e+00 -9.5283e-02 -1.5889e-01 -4.0436e+00
1157 0 +9.493438175e+00 -3.640656183e+01 -3.640656183e+01 -6.1638e-02 -1.5564e+00 -1.4777e-01 -5.1940e-01 -4.0335e+00
1199 0 +7.527588226e+00 -3.837241177e+01 -3.837241177e+01 +5.8708e-02 -1.6763e+00 -3.2617e-03 +1.4034e-01 -3.9492e+00
1267 0 +6.687614368e+00 -3.921238563e+01 -3.921238563e+01 -3.5650e-03 -1.5740e+00 -1.0794e-01 -4.9089e-01 -4.0121e+00
1339 0 +5.744193563e+00 -4.015580644e+01 -4.015580644e+01 +3.6295e-03 -1.5568e+00 -1.5918e-01 -6.5232e-01 -4.0261e+00
1413 0 +4.699000297e+00 -4.120099970e+01 -4.120099970e+01 -3.3070e-02 -1.5285e+00 -2.3981e-01 -9.8188e-01 -4.0666e+00
1533 0 +3.825117504e+00 -4.207488250e+01 -4.207488250e+01 -5.6014e-02 -1.5035e+00 -2.5547e-01 -1.0752e+00 -4.0691e+00
1668 0 +3.632661509e+00 -4.226733849e+01 -4.226733849e+01 -4.6275e-02 -1.5122e+00 -2.5202e-01 -1.0505e+00 -4.0711e+00
1752 0 +2.791299272e+00 -4.310870073e+01 -4.310870073e+01 -4.3568e-02 -1.5115e+00 -2.4491e-01 -1.0370e+00 -4.0660e+00
1849 0 +2.669538847e+00 -4.323046115e+01 -4.323046115e+01 -4.3519e-02 -1.5211e+00 -2.3443e-01 -9.7448e-01 -4.0621e+00
2037 0 +2.547887507e+00 -4.335211249e+01 -4.335211249e+01 -3.8594e-02 -1.5201e+00 -2.3600e-01 -9.8845e-01 -4.0617e+00
2183 0 +2.345778134e+00 -4.355422187e+01 -4.355422187e+01 -3.8141e-02 -1.5244e+00 -2.2589e-01 -9.4897e-01 -4.0588e+00
2337 0 +2.217600041e+00 -4.368239996e+01 -4.368239996e+01 -3.5166e-02 -1.5284e+00 -2.2314e-01 -9.2405e-01 -4.0582e+00
2460 0 +2.141139624e+00 -4.375886038e+01 -4.375886038e+01 -3.8051e-02 -1.5245e+00 -2.2770e-01 -9.5173e-01 -4.0592e+00
2614 0 +2.109775117e+00 -4.379022488e+01 -4.379022488e+01 -3.7669e-02 -1.5273e+00 -2.2359e-01 -9.3036e-01 -4.0578e+00
2684 0 +2.012483566e+00 -4.388751643e+01 -4.388751643e+01 -3.6597e-02 -1.5279e+00 -2.2334e-01 -9.2563e-01 -4.0575e+00
3007 0 +1.991617863e+00 -4.390838214e+01 -4.390838214e+01 -3.6933e-02 -1.5278e+00 -2.2299e-01 -9.2633e-01 -4.0573e+00
4296 0 +1.946807843e+00 -4.395319216e+01 -4.395319216e+01 -3.6855e-02 -1.5273e+00 -2.2391e-01 -9.3027e-01 -4.0576e+00
6685 0 +1.935578027e+00 -4.396442197e+01 -4.396442197e+01 -3.6667e-02 -1.5276e+00 -2.2337e-01 -9.2765e-01 -4.0574e+00
