% f evaluations | g evaluations | best noise-free fitness - Fopt (-4.620900000000e+02) + sum g_i+ | measured fitness | best measured fitness or single-digit g-values | x1 | x2...
1 0 +2.351050127e+02 -2.269849873e+02 -2.269849873e+02 +0.0000e+00 +0.0000e+00 +0.0000e+00 +0.0000e+00 +0.0000e+00 +0.0000e+00 +0.0000e+00 +0.0000e+00 +0.0000e+00 +0.0000e+00
76 0 +2.195340483e+02 -2.425559517e+02 -2.425559517e+02 -4.2542e-01 +3.1609e+00 +3.3368e-01 +2.2048e+00 +1.4767e-02 +2.2091e+00 +5.8942e-01 +3.0251e-01 -1.9575e-01 -1.3551e-01
95 0 +2.121996823e+02 -2.498903177e+02 -2.498903177e+02 -5.3209e-01 +8.8739e-01 +1.8572e+00 -5.4008e-01 -2.5436e+00 +2.2708e+00 +2.2835e+00 +1.2896e+00 +1.7388e+00 +1.3534e+00
108 0 +2.037646311e+02 -2.583253689e+02 -2.583253689e+02 +2.9308e+00 +1.6281e+00 +3.1138e+00 +9.1185e-01 -1.5454e-01 +2.7131e+00 -1.7139e-01 +7.2501e-01 +1.3720e+00 +1.2370e+00
121 0 +1.808565976e+02 -2.812334024e+02 -2.812334024e+02 -8.0222e-01 +9.9332e-01 +6.0498e-01 -3.1595e-01 +5.6428e-01 +2.9360e+00 +2.5006e+00 +3.5857e-01 +4.9659e-01 +3.1458e-01
141 0 +1.664951436e+02 -2.955948564e+02 -2.955948564e+02 +1.7344e+00 +5.5407e+00 -2.5745e-01 +2.0580e+00 +3.5687e-01 +5.2878e-01 +3.4655e+00 +2.1239e+00 -3.0292e-01 +4.2708e-01
163 0 +1.521273128e+02 -3.099626872e+02 -3.099626872e+02 -4.2515e+00 +1.2221e+00 -2.9795e-01 +4.7055e+00 +2.5018e+00 +1.7062e+00 +1.2571e+00 +1.5237e+00 +9.1531e-01 -6.0114e-01
193 0 +1.324220667e+02 -3.296679333e+02 -3.296679333e+02 +4.6347e-01 +2.2197e+00 +3.2754e+00 +1.9583e+00 +1.9489e+00 +2.2562e+00 +9.3533e-01 +4.5464e-01 +7.3459e-01 +4.2115e-01
234 0 +1.317679515e+02 -3.303220485e+02 -3.303220485e+02 -3.3481e-01 +4.9643e-01 +5.3059e-01 -6.4952e-01 +2.1980e+00 +2.2953e+00 +4.4809e-01 +3.3058e+00 +2.1558e+00 -5.3143e-01
278 0 +1.119107329e+02 -3.501792671e+02 -3.501792671e+02 -1.1457e-01 +2.2585e+00 -2.7251e-01 +1.8661e+00 +1.2780e+00 +2.0305e+00 +2.2006e+00 +1.7493e+00 +1.6977e+00 -3.5609e-01
354 0 +9.996734239e+01 -3.621226576e+02 -3.621226576e+02 -2.1737e+00 -2.7691e-01 +4.3158e+00 -6.3237e-02 +2.4653e+00 +3.2123e+00 +2.4100e+00 +1.0531e+00 +2.4047e+00 +3.4304e-01
705 0 +8.874336471e+01 -3.733466353e+02 -3.733466353e+02 -2.6339e-01 -2.9970e-01 +1.3555e+00 +2.3117e+00 +3.1583e+00 +2.8046e+00 +2.6263e+00 +1.7040e+00 +1.0258e+00 -3.4827e-01
750 0 +6.910797619e+01 -3.929820238e+02 -3.929820238e+02 -3.3278e+00 +2.1858e+00 +3.2017e+00 +1.5699e+00 +2.3494e+00 +3.0173e+00 +2.9281e+00 +2.2080e+00 +7.7638e-01 +3.6311e-01
870 0 +6.203777199e+01 -4.000522280e+02 -4.000522280e+02 -2.4300e+00 +4.7854e+00 +2.1039e+00 +7.3196e-01 +1.5445e+00 +1.6870e+00 +2.4962e+00 +3.0527e+00 +2.0420e+00 +1.1707e+00
1777 0 +5.093141690e+01 -4.111585831e+02 -4.111585831e+02 -2.3299e+00 +1.2394e+00 +2.4799e+00 +7.2829e-02 +2.2113e+00 +1.5159e+00 +1.9764e+00 +3.0857e+00 +2.2540e+00 -2.6008e-01
8002 0 +4.633027114e+01 -4.157597289e+02 -4.157597289e+02 -3.2782e+00 +3.2324e+00 +2.3191e+00 +5.8806e-01 +2.8637e+00 +2.0501e+00 +2.9019e+00 +2.5859e+00 +2.5651e+00 -2.5523e-01
11917 0 +3.812060553e+01 -4.239693945e+02 -4.239693945e+02 -1.7336e+00 +1.3763e+00 +1.3446e+00 +1.4168e+00 +2.2230e+00 +2.7232e+00 +2.5578e+00 +2.6998e+00 +1.7567e+00 +8.3571e-02
47155 0 +3.740870148e+01 -4.246812985e+02 -4.246812985e+02 -3.3717e+00 +1.4814e+00 +3.0134e+00 +1.4499e+00 +1.7692e+00 +2.3101e+00 +2.1142e+00 +3.0963e+00 +1.7368e+00 +7.1629e-01
52740 0 +2.459140238e+01 -4.374985976e+02 -4.374985976e+02 -4.3232e+00 +2.4170e+00 +2.9730e+00 +1.3586e+00 +2.9119e+00 +2.2249e+00 +2.0287e+00 +2.6349e+00 +2.2295e+00 -2.1143e-01
100001 0 +2.459140238e+01 -4.374985976e+02 -4.374985976e+02 -4.3232e+00 +2.4170e+00 +2.9730e+00 +1.3586e+00 +2.9119e+00 +2.2249e+00 +2.0287e+00 +2.6349e+00 +2.2295e+00 -2.1143e-01
% f evaluations | g evaluations | best noise-free fitness - Fopt (7.766000000000e+01) + sum g_i+ | measured fitness | best measured fitness or single-digit g-values | x1 | x2...
1 0 +5.704655230e+02 +6.481255230e+02 +6.481255230e+02 +0.0000e+00 +0.0000e+00 +0.0000e+00 +0.0000e+00 +0.0000e+00 +0.0000e+00 +0.0000e+00 +0.0000e+00 +0.0000e+00 +0.0000e+00
2 0 +5.356665593e+02 +6.133265593e+02 +6.133265593e+02 -3.2465e+00 -1.6293e+00 +4.7304e+00 +4.8489e+00 +3.0239e+00 -3.8223e-01 +2.1983e-01 -2.9564e+00 -3.1766e+00 -4.8025e+00
12 0 +5.040421035e+02 +5.817021035e+02 +5.817021035e+02 -3.2600e+00 -2.7802e+00 +1.8403e+00 +3.8947e+00 +8.6890e-02 -3.5617e+00 -7.0103e-01 +4.0884e+00 +2.0061e+00 -5.4283e+00
14 0 +4.238286266e+02 +5.014886266e+02 +5.014886266e+02 -9.3982e-01 +1.3603e+00 +2.8696e+00 +2.0131e+00 -7.6266e-01 +1.9168e+00 -1.4632e+00 +1.3911e+00 -4.3903e+00 -2.5592e+00
16 0 +3.780899848e+02 +4.557499848e+02 +4.557499848e+02 -1.9904e+00 -2.6641e+00 +2.2919e+00 +4.7284e+00 +1.2482e+00 -1.9813e+00 +1.1926e+00 +9.0402e-02 -3.1328e+00 -7.1395e+00
32 0 +2.586588679e+02 +3.363188679e+02 +3.363188679e+02 -2.0500e+00 -2.5538e+00 +2.5874e+00 +4.4029e+00 +9.3012e-01 -1.1040e+00 +7.2194e-01 +1.1765e+00 -1.6031e+00 -5.2442e+00
43 0 +2.338740013e+02 +3.115340013e+02 +3.115340013e+02 +2.4061e+00 -1.7568e+00 -1.1890e+00 +2.3401e+00 -2.0600e+00 +1.3114e-01 +1.0979e+00 +1.6673e+00 -1.0764e-01 -1.2882e+00
58 0 +1.915128248e+02 +2.691728248e+02 +2.691728248e+02 -2.7845e-01 +6.9145e-01 +9.3459e-01 +2.2891e+00 -3.6109e+00 -1.3138e+00 +1.2521e+00 +1.2566e+00 +2.0699e+00 -5.0392e+00
88 0 +1.751260171e+02 +2.527860171e+02 +2.527860171e+02 +1.6524e+00 +1.6434e+00 +1.0342e-01 +3.3091e-01 -3.1302e+00 +8.6417e-01 +2.2289e+00 +1.8281e+00 -9.7748e-01 -4.8032e+00
110 0 +1.618925844e+02 +2.395525844e+02 +2.395525844e+02 +4.3888e+00 -2.1107e+00 -3.5820e+00 +2.7024e+00 -3.4865e+00 +3.3272e-01 +2.3953e+00 +4.0601e-01 -1.8407e+00 -3.2205e+00
176 0 +1.455280984e+02 +2.231880984e+02 +2.231880984e+02 +2.3433e+00 +2.0719e-01 +1.5893e+00 +6.9769e-01 -1.1656e+00 +1.1599e+00 +1.3022e+00 +5.5827e-01 +8.1831e-01 -4.0321e+00
326 0 +1.440739804e+02 +2.217339804e+02 +2.217339804e+02 +2.1741e+00 -1.3726e+00 -6.8881e-01 +2.8638e-01 -1.1569e+00 -1.4090e+00 +5.4891e-01 +2.0693e-01 -2.8405e-01 -3.4283e+00
356 0 +1.324382124e+02 +2.100982124e+02 +2.100982124e+02 -2.0944e+00 -8.1876e-01 -4.3605e-01 +4.1231e+00 -2.7373e+00 -5.7950e-01 +5.5566e-01 +1.7972e+00 +1.4059e+00 -2.8022e+00
358 0 +1.187427482e+02 +1.964027482e+02 +1.964027482e+02 -4.1394e-01 -1.5978e+00 -5.1200e-01 +3.9314e-01 -3.1194e-01 -1.7025e+00 +5.6867e-01 +2.0005e-01 -1.6217e-01 -3.7357e+00
359 0 +8.876647352e+01 +1.664264735e+02 +1.664264735e+02 +5.1566e-02 -9.3571e-01 +3.9357e-01 +1.8688e+00 -6.7078e-01 -2.0873e+00 +7.5743e-02 -2.7215e-01 +4.3505e-01 -3.8826e+00
437 0 +8.619812238e+01 +1.638581224e+02 +1.638581224e+02 +8.7996e-01 +2.6416e+00 -1.1868e-02 +2.5961e+00 -3.0168e+00 -5.9008e-01 +9.8341e-01 -4.1940e-01 +1.9041e-01 -2.8903e+00
603 0 +7.889693676e+01 +1.565569368e+02 +1.565569368e+02 +3.4690e+00 +1.0842e+00 +3.8798e-01 +2.4072e+00 -1.8593e+00 -1.9334e+00 +5.4150e-01 +6.1708e-01 +5.0177e-01 -4.0361e+00
636 0 +6.854853128e+01 +1.462085313e+02 +1.462085313e+02 +3.8763e+00 +1.7299e-01 -5.5265e-01 +3.4190e+00 -2.4526e+00 -1.2975e+00 +1.1211e+00 +5.4393e-01 +1.3983e-01 -3.1035e+00
757 0 +5.727897219e+01 +1.349389722e+02 +1.349389722e+02 +3.3223e+00 +5.5937e-01 +1.4994e-01 +2.6760e+00 -1.9212e+00 -1.0607e+00 +4.9957e-01 +6.4110e-02 +6.4532e-01 -3.9073e+00
2312 0 +5.041624264e+01 +1.280762426e+02 +1.280762426e+02 +2.5638e+00 -7.5182e-01 +3.9740e-01 +4.4113e+00 -2.4823e+00 -8.4494e-02 +4.9030e-01 -2.9732e-01 +2.4009e-01 -3.8313e+00
3465 0 +4.580855277e+01 +1.234685528e+02 +1.234685528e+02 +1.5191e+00 -7.1195e-01 -1.2984e+00 +3.3757e+00 -2.3337e+00 -1.0737e+00 +1.0318e+00 +9.4109e-01 +1.3967e-01 -3.7804e+00
8856 0 +4.393845705e+01 +1.215984571e+02 +1.215984571e+02 +1.5791e+00 +5.9057e-02 +3.9217e-01 +2.6867e+00 -2.4027e+00 -4.5963e-01 +1.4283e-01 -1.0264e+00 +8.5412e-01 -4.1547e+00
15314 0 +4.095875608e+01 +1.186187561e+02 +1.186187561e+02 +2.3436e+00 +1.6019e+00 -1.2108e+00 +1.9943e+00 -3.2156e+00 -5.0371e-01 +6.4716e-01 +2.4886e-01 +1.6796e-01 -3.5102e+00
15617 0 +4.036806881e+01 +1.180280688e+02 +1.180280688e+02 +2.3264e+00 +1.6703e-01 -4.1892e-01 +3.1201e+00 -3.2272e+00 -5.9938e-01 +2.3040e-02 +5.6154e-01 +1.8412e-01 -3.4969e+00
22513 0 +3.965856416e+01 +1.173185642e+02 +1.173185642e+02 +1.6019e+00 -8.1481e-01 -1.3424e+00 +3.3949e+00 -1.8857e+00 -8.2219e-03 -2.9620e-01 +1.5829e-01 +1.2181e+00 -3.4917e+00
24778 0 +3.312502280e+01 +1.107850228e+02 +1.107850228e+02 +4.5235e+00 -8.4244e-01 -2.1128e+00 +2.7344e+00 -3.0291e+00 -2.7261e-03 +6.5630e-01 +4.1271e-02 -1.8309e-01 -3.4777e+00
71613 0 +2.854554161e+01 +1.062055416e+02 +1.062055416e+02 +2.4104e+00 -7.1591e-01 -5.3882e-01 +4.4578e+00 -2.4792e+00 -1.0979e+00 +1.0350e+00 +5.9985e-01 -1.7529e-01 -4.2085e+00
93314 0 +2.578654371e+01 +1.034465437e+02 +1.034465437e+02 +2.3869e+00 -1.8074e+00 -1.3464e+00 +4.0111e+00 -3.1293e+00 -5.5791e-01 +1.3112e-01 +5.6897e-01 +6.4242e-02 -3.1813e+00
100001 0 +2.578654371e+01 +1.034465437e+02 +1.034465437e+02 +2.3869e+00 -1.8074e+00 -1.3464e+00 +4.0111e+00 -3.1293e+00 -5.5791e-01 +1.3112e-01 +5.6897e-01 +6.4242e-02 -3.1813e+00
% f evaluations | g evaluations | best noise-free fitness - Fopt (1.156800000000e+02) + sum g_i+ | measured fitness | best measured fitness or single-digit g-values | x1 | x2...
1 0 +7.651383853e+02 +8.808183853e+02 +8.808183853e+02 +0.0000e+00 +0.0000e+00 +0.0000e+00 +0.0000e+00 +0.0000e+00 +0.0000e+00 +0.0000e+00 +0.0000e+00 +0.0000e+00 +0.0000e+00
4 0 +7.197752010e+02 +8.354552010e+02 +8.354552010e+02 +3.5976e+00 +3.3407e+00 +2.9784e+00 +2.5313e+00 +1.2254e+00 -3.7249e-01 -4.8387e+00 -3.7909e+00 -8.3741e-01 -4.5674e+00
20 0 +5.262541659e+02 +6.419341659e+02 +6.419341659e+02 +2.6809e+00 -8.2305e-02 -4.5088e+00 -3.5975e+00 -1.2569e+00 -3.3675e-01 -6.2978e+00 +2.4533e+00 -4.1197e+00 +1.0937e+00
31 0 +3.846831592e+02 +5.003631592e+02 +5.003631592e+02 +1.5487e-01 +4.1393e+00 +3.4674e+00 +1.6374e+00 -7.4988e-01 -7.9511e-01 -5.5693e-01 +4.7981e-02 -3.3939e+00 -2.1096e+00
50 0 +3.645880516e+02 +4.802680516e+02 +4.802680516e+02 -6.0744e-01 +4.0604e-01 +1.4977e-01 -7.5737e-01 -9.6740e-02 -9.9354e-02 -5.3626e+00 -2.2509e-01 -1.6480e+00 -2.7209e+00
54 0 +2.980256145e+02 +4.137056145e+02 +4.137056145e+02 -1.0581e+00 +3.7028e+00 +1.0448e-01 -4.3917e-01 -1.1684e+00 -8.0616e-01 -7.7230e+00 +4.0041e+00 -4.0070e+00 -6.7844e-01
191 0 +1.991013783e+02 +3.147813783e+02 +3.147813783e+02 -7.7472e-01 +2.9917e+00 +1.2927e+00 +4.9919e-01 -4.4447e+00 -1.7272e+00 -4.7241e+00 +2.7959e-01 -3.5013e+00 -1.4302e+00
294 0 +1.774485293e+02 +2.931285293e+02 +2.931285293e+02 +2.9725e+00 +3.3534e+00 -5.9053e-01 +4.6227e+00 -4.9241e+00 -1.8805e+00 -2.0606e+00 +2.2652e+00 -3.3733e+00 -1.6628e+00
365 0 +1.461848536e+02 +2.618648536e+02 +2.618648536e+02 +1.6565e-01 -3.3407e-01 -1.3164e+00 +3.0789e+00 -2.7052e+00 -3.7639e+00 -2.7935e+00 +1.5620e+00 -2.8318e+00 -2.4715e+00
481 0 +1.417500464e+02 +2.574300464e+02 +2.574300464e+02 -1.5058e+00 +3.4265e+00 +2.4364e+00 +1.2011e+00 -3.5784e+00 -1.6722e+00 -2.1827e+00 +2.6049e+00 -3.8809e+00 -1.2396e+00
549 0 +1.382846479e+02 +2.539646479e+02 +2.539646479e+02 -1.6074e+00 +6.9355e-01 -6.8948e-01 +4.1711e-01 -4.3491e+00 -6.4986e-01 -4.0529e+00 +3.9650e+00 -3.0787e+00 -9.9384e-01
551 0 +1.369576226e+02 +2.526376226e+02 +2.526376226e+02 +8.9207e-01 -1.7233e+00 -6.4245e-01 +1.8646e+00 -5.6628e+00 -1.7324e+00 -2.0788e+00 +3.4856e+00 -4.4181e+00 -1.7087e+00
564 0 +1.243329142e+02 +2.400129142e+02 +2.400129142e+02 -7.5659e-01 -2.7054e-01 -1.0854e+00 +7.8838e-01 -2.9637e+00 -1.4924e+00 -4.0052e+00 +2.5579e+00 -4.0320e+00 -1.2877e+00
709 0 +1.226607229e+02 +2.383407229e+02 +2.383407229e+02 -2.1364e-01 -2.6881e+00 -1.3512e+00 -1.3742e-01 -3.5325e+00 -1.8837e+00 -2.6372e+00 +9.2430e-01 -3.5250e+00 -2.7308e+00
813 0 +1.151410944e+02 +2.308210944e+02 +2.308210944e+02 -2.1397e-01 -2.4375e+00 +1.8712e-01 +1.1480e+00 -4.7375e+00 -3.7240e+00 -1.6878e+00 +1.1394e+00 -4.1372e+00 -1.7981e+00
874 0 +1.018283778e+02 +2.175083778e+02 +2.175083778e+02 -2.2818e+00 -1.9265e+00 -3.6124e+00 +1.1926e+00 -3.4019e+00 -3.3581e+00 -2.9492e+00 +1.1497e+00 -3.5298e+00 -1.3306e+00
1006 0 +8.925525416e+01 +2.049352542e+02 +2.049352542e+02 -1.4035e-01 +5.8177e-01 -1.0661e+00 +1.8797e+00 -3.0831e+00 -3.3144e+00 -3.8238e+00 +3.3157e+00 -4.1860e+00 -1.9752e+00
1065 0 +8.828985210e+01 +2.039698521e+02 +2.039698521e+02 -2.7287e+00 +3.1072e+00 -1.2082e+00 +2.3031e+00 -3.4483e+00 -3.7774e+00 -4.0373e+00 +3.2329e+00 -3.9881e+00 -2.7229e+00
1134 0 +8.022464125e+01 +1.959046412e+02 +1.959046412e+02 -2.0091e+00 -2.3226e-01 -1.4598e-01 +1.2358e+00 -3.5577e+00 -4.7547e+00 -2.3607e+00 +2.7777e+00 -3.5377e+00 -1.5153e+00
1258 0 +7.377670664e+01 +1.894567066e+02 +1.894567066e+02 +8.8634e-01 -1.1969e+00 +1.9056e+00 +2.1438e+00 -3.5178e+00 -4.3723e+00 -3.5866e+00 +2.7671e+00 -4.2386e+00 -1.8744e+00
1289 0 +5.267422086e+01 +1.683542209e+02 +1.683542209e+02 -1.5194e-01 -1.1345e+00 -6.8643e-01 +2.6743e+00 -3.0150e+00 -4.6841e+00 -3.9854e+00 +1.9691e+00 -3.9692e+00 -1.9850e+00
2260 0 +4.845090878e+01 +1.641309088e+02 +1.641309088e+02 -2.2354e+00 -3.1088e-01 -2.1880e+00 +2.3164e+00 -2.9328e+00 -3.6078e+00 -3.5294e+00 +1.9568e+00 -3.9438e+00 -1.6742e+00
2700 0 +4.610969090e+01 +1.617896909e+02 +1.617896909e+02 -2.2982e+00 +2.1238e-02 -1.2756e+00 +3.7719e+00 -3.5493e+00 -3.8760e+00 -4.2719e+00 +1.9359e+00 -4.2955e+00 -1.9500e+00
7913 0 +2.921298041e+01 +1.448929804e+02 +1.448929804e+02 -3.2047e+00 -8.9477e-01 -5.1945e-01 +3.0852e+00 -2.8443e+00 -2.7121e+00 -4.0321e+00 +2.7186e+00 -3.9610e+00 -1.6535e+00
10027 0 +2.582684596e+01 +1.415068460e+02 +1.415068460e+02 -2.1091e+00 -2.6766e+00 +1.0691e+00 +3.0533e+00 -4.1678e+00 -3.3277e+00 -4.0644e+00 +2.0165e+00 -4.2493e+00 -1.5381e+00
23730 0 +2.359854321e+01 +1.392785432e+02 +1.392785432e+02 -3.1816e+00 -9.6258e-01 +1.7363e+00 +2.2724e+00 -3.1004e+00 -3.2662e+00 -4.4894e+00 +2.3678e+00 -3.9216e+00 -1.5669e+00
36435 0 +2.149097828e+01 +1.371709783e+02 +1.371709783e+02 -2.2581e+00 -1.0070e+00 +1.7946e+00 +3.8181e+00 -3.0130e+00 -3.6918e+00 -3.5433e+00 +3.2801e+00 -4.2906e+00 -1.6133e+00
73928 0 +2.119781735e+01 +1.368778173e+02 +1.368778173e+02 -2.2659e+00 -1.9064e+00 -1.1499e+00 +3.7524e+00 -4.2279e+00 -3.7945e+00 -4.8608e+00 +2.3783e+00 -3.4935e+00 -1.9628e+00
74997 0 +1.956522739e+01 +1.352452274e+02 +1.352452274e+02 -2.1501e+00 -1.0077e+00 +1.0227e+00 +3.8414e+00 -4.2203e+00 -3.7564e+00 -4.8526e+00 +2.3862e+00 -3.5582e+00 -1.9354e+00
79999 0 +1.880450390e+01 +1.344845039e+02 +1.344845039e+02 -2.1239e+00 -9.7432e-01 +1.7626e-01 +3.7671e+00 -4.2289e+00 -3.7937e+00 -4.8790e+00 +2.3390e+00 -3.4978e+00 -1.9734e+00
80983 0 +1.836047294e+01 +1.340404729e+02 +1.340404729e+02 -2.2204e+00 -9.7466e-01 +1.0083e+00 +3.7196e+00 -4.2686e+00 -3.7787e+00 -4.8386e+00 +2.3808e+00 -3.5185e+00 -1.9149e+00
81919 0 +1.811194231e+01 +1.337919423e+02 +1.337919423e+02 -2.2131e+00 -9.2297e-01 +2.3611e-01 +3.8354e+00 -4.2822e+00 -3.8049e+00 -4.8570e+00 +2.3811e+00 -3.4902e+00 -1.9129e+00
82370 0 +1.590155623e+01 +1.315815562e+02 +1.315815562e+02 -2.2243e+00 -9.8365e-01 -6.1821e-01 +3.7831e+00 -4.2561e+00 -3.7893e+00 -4.8421e+00 +2.3733e+00 -3.4914e+00 -1.9633e+00
98847 0 +1.540264887e+01 +1.310826489e+02 +1.310826489e+02 -2.2209e+00 -9.4513e-01 +1.0624e+00 +3.7767e+00 -4.2646e+00 -3.8046e+00 -4.8388e+00 +2.3562e+00 -3.5135e+00 -1.9588e+00
98964 0 +1.486738040e+01 +1.305473804e+02 +1.305473804e+02 -2.1872e+00 -9.8598e-01 +1.0724e+00 +3.8143e+00 -4.2557e+00 -3.8135e+00 -4.8254e+00 +2.3646e+00 -3.5020e+00 -1.9455e+00
98999 0 +1.467753844e+01 +1.303575384e+02 +1.303575384e+02 -2.1833e+00 -9.8634e-01 +1.0943e+00 +3.8345e+00 -4.2857e+00 -3.7938e+00 -4.8391e+00 +2.3476e+00 -3.5037e+00 -1.9463e+00
99137 0 +1.435968457e+01 +1.300396846e+02 +1.300396846e+02 -2.1864e+00 -9.8570e-01 +1.0967e+00 +3.7874e+00 -4.2585e+00 -3.7942e+00 -4.8419e+00 +2.3537e+00 -3.5103e+00 -1.9389e+00
99636 0 +1.411333908e+01 +1.297933391e+02 +1.297933391e+02 -2.1734e+00 -9.8100e-01 +1.0901e+00 +3.7403e+00 -4.2488e+00 -3.7863e+00 -4.8305e+00 +2.3609e+00 -3.5006e+00 -1.9481e+00
100002 0 +1.396742787e+01 +1.296474279e+02 +1.296474279e+02 -2.1742e+00 -9.8263e-01 +1.1002e+00 +3.7450e+00 -4.2523e+00 -3.7857e+00 -4.8368e+00 +2.3608e+00 -3.5035e+00 -1.9526e+00
% f evaluations | g evaluations | best noise-free fitness - Fopt (-3.710000000000e+00) + sum g_i+ | measured fitness | best measured fitness or single-digit g-values | x1 | x2...
1 0 +3.211002619e+02 +3.173902619e+02 +3.173902619e+02 +0.0000e+00 +0.0000e+00 +0.0000e+00 +0.0000e+00 +0.0000e+00 +0.0000e+00 +0.0000e+00 +0.0000e+00 +0.0000e+00 +0.0000e+00
4 0 +3.178832793e+02 +3.141732793e+02 +3.141732793e+02 -4.5899e+00 -3.9321e+00 +2.9528e+00 +1.5050e+00 -1.3323e+00 +2.7409e+00 +2.3080e+00 -1.0103e+00 -2.4031e+00 -7.2053e-01
19 0 +2.796860656e+02 +2.759760656e+02 +2.759760656e+02 -7.8765e-01 -2.2339e+00 +3.6706e+00 +3.7006e+00 +1.1727e+00 -1.8270e-01 +1.9206e+00 -3.0974e+00 -2.0592e+00 -2.2471e+00
44 0 +1.861955779e+02 +1.824855779e+02 +1.824855779e+02 -1.0357e+00 -3.6415e-01 +3.4842e+00 +4.0225e+00 +5.3573e-01 +2.9257e+00 +2.9537e-01 -2.3532e+00 -3.0633e-01 -1.1139e+00
73 0 +1.383674511e+02 +1.346574511e+02 +1.346574511e+02 -7.0563e-01 -5.6877e+00 +2.6608e+00 +4.0110e+00 +2.2348e+00 +1.5555e+00 -4.5195e-01 -2.3513e+00 -1.5978e+00 -1.1269e+00
232 0 +1.298828529e+02 +1.261728529e+02 +1.261728529e+02 -9.2860e-01 -2.0834e+00 +1.1756e+00 +5.0762e+00 +1.4470e+00 +5.1361e+00 -1.1496e+00 -4.1839e+00 -1.5478e+00 -7.1520e-02
245 0 +1.191570147e+02 +1.154470147e+02 +1.154470147e+02 +8.5020e-01 -2.4687e-01 +5.3129e-01 +3.9949e+00 +1.9183e+00 +2.2221e+00 +6.2797e-01 -2.8211e+00 -1.9553e+00 -6.9631e-01
357 0 +1.053319919e+02 +1.016219919e+02 +1.016219919e+02 +7.6735e-01 -3.2255e+00 +4.4827e-01 +3.7777e+00 +3.9369e+00 +3.8628e+00 +9.2757e-01 -8.7927e-01 -2.0612e+00 -2.4210e-02
556 0 +8.109700108e+01 +7.738700108e+01 +7.738700108e+01 -1.0632e+00 -3.7704e+00 +2.5230e+00 +4.6470e+00 +2.5663e+00 +2.9992e+00 +1.0996e+00 -1.1333e+00 -1.7544e+00 +1.2809e+00
1003 0 +6.819169035e+01 +6.448169035e+01 +6.448169035e+01 +3.0694e+00 -3.0631e+00 +1.7656e+00 +3.2240e+00 +2.5854e+00 +1.4999e+00 -7.0779e-01 -1.4923e+00 -2.2437e+00 -2.5934e-01
2459 0 +5.954876980e+01 +5.583876980e+01 +5.583876980e+01 +3.2520e+00 -1.0813e-01 +2.3823e+00 +2.6746e+00 +3.1363e+00 +3.6844e+00 -2.9008e-01 -2.3263e+00 -1.5516e+00 +5.7415e-01
2955 0 +5.609129100e+01 +5.238129100e+01 +5.238129100e+01 +1.1384e+00 -6.5844e-01 +2.6636e+00 +1.9362e+00 +3.7211e+00 +4.1380e+00 -1.0701e+00 -2.4200e+00 -2.7106e+00 +9.9241e-01
3210 0 +5.137839315e+01 +4.766839315e+01 +4.766839315e+01 +2.0523e+00 -6.2468e-01 +3.1372e+00 +3.3192e+00 +3.3185e+00 +3.6675e+00 -3.9691e-01 -1.9808e+00 -2.3211e+00 +3.1593e-01
4070 0 +4.729632940e+01 +4.358632940e+01 +4.358632940e+01 +4.0790e+00 -3.7198e-01 +2.6241e+00 +4.6928e+00 +3.7242e+00 +3.6926e+00 +9.6505e-01 -8.8167e-01 -2.3564e+00 +6.6312e-01
8658 0 +4.256138550e+01 +3.885138550e+01 +3.885138550e+01 +1.3592e+00 -1.4963e+00 +2.4941e+00 +3.1046e+00 +3.7378e+00 +2.6381e+00 +1.6522e-01 -9.1790e-01 -2.3778e+00 +1.0837e+00
10775 0 +3.659194309e+01 +3.288194309e+01 +3.288194309e+01 +3.2082e+00 -3.1299e+00 +3.5174e-01 +3.9739e+00 +3.1387e+00 +4.6694e+00 -3.8843e-01 -1.4995e+00 -3.1573e+00 +1.2848e+00
16498 0 +2.542285161e+01 +2.171285161e+01 +2.171285161e+01 +3.0227e+00 -2.4273e+00 +2.5189e+00 +3.9645e+00 +3.0985e+00 +3.6208e+00 +6.5777e-01 -2.0770e+00 -1.9556e+00 +7.1268e-01
100001 0 +2.542285161e+01 +2.171285161e+01 +2.171285161e+01 +3.0227e+00 -2.4273e+00 +2.5189e+00 +3.9645e+00 +3.0985e+00 +3.6208e+00 +6.5777e-01 -2.0770e+00 -1.9556e+00 +7.1268e-01
% f evaluations | g evaluations | best noise-free fitness - Fopt (1.321800000000e+02) + sum g_i+ | measured fitness | best measured fitness or single-digit g-values | x1 | x2...
1 0 +2.126387241e+02 +3.448187241e+02 +3.448187241e+02 +0.0000e+00 +0.0000e+00 +0.0000e+00 +0.0000e+00 +0.0000e+00 +0.0000e+00 +0.0000e+00 +0.0000e+00 +0.0000e+00 +0.0000e+00
37 0 +1.994330089e+02 +3.316130089e+02 +3.316130089e+02 -6.8652e+00 +4.6443e+00 +3.0721e-02 -1.8249e+00 -2.8776e+00 +7.0487e-01 -2.3995e+00 -1.5634e+00 +5.0515e-01 -3.9376e-01
92 0 +1.489398909e+02 +2.811198909e+02 +2.811198909e+02 +2.7799e-02 +7.0560e-01 +2.0382e+00 -1.4737e+00 +5.9352e-01 -3.7684e-01 -1.6527e+00 -1.9239e+00 +6.2916e-01 +8.7321e-02
613 0 +1.297151100e+02 +2.618951100e+02 +2.618951100e+02 -1.9939e+00 -2.9439e-01 +2.4206e+00 -4.0399e+00 -1.7871e+00 +8.3533e-01 -2.0113e+00 +9.8996e-01 +9.8539e-01 -7.4673e-01
714 0 +1.208663319e+02 +2.530463319e+02 +2.530463319e+02 -1.0144e+00 +2.4885e+00 +1.3200e+00 -2.6710e+00 -2.7499e+00 -6.7596e-02 -4.5333e+00 +7.6123e-02 +4.4825e-01 +7.0128e-01
719 0 +1.191229789e+02 +2.513029789e+02 +2.513029789e+02 -1.7587e+00 +8.8706e-01 +2.1380e+00 -2.3998e+00 -3.1689e+00 -2.1530e+00 -3.1850e+00 +9.5811e-01 +1.2426e+00 -1.3032e+00
724 0 +6.203427130e+01 +1.942142713e+02 +1.942142713e+02 -8.2582e-01 +4.9521e-01 +4.1074e+00 -2.5818e+00 -2.4282e+00 -7.3126e-01 -2.2308e+00 +6.1344e-01 +9.7483e-01 -3.1037e-01
1800 0 +4.927524617e+01 +1.814552462e+02 +1.814552462e+02 -2.7175e+00 -7.5634e-02 +1.9297e+00 -2.8459e+00 -3.1005e+00 -4.3244e-01 -1.7648e+00 +4.7112e-01 +9.5541e-01 +1.1180e-01
3401 0 +4.225779188e+01 +1.744377919e+02 +1.744377919e+02 -3.8441e+00 +2.3852e+00 +5.0075e+00 -2.0283e+00 -2.0528e+00 -1.6877e+00 -2.3065e+00 -3.6176e-01 +1.6667e+00 +8.0512e-01
8275 0 +4.042785201e+01 +1.726078520e+02 +1.726078520e+02 -3.7707e+00 +1.3272e+00 +2.1009e+00 -1.2385e+00 -1.6429e+00 -1.0479e+00 -2.2790e+00 +4.3843e-01 +1.7404e+00 +7.3180e-01
10690 0 +3.910773741e+01 +1.712877374e+02 +1.712877374e+02 -3.8098e+00 +1.2914e+00 +2.7688e+00 -1.9637e+00 -1.8477e+00 -1.5492e+00 -1.8893e+00 +5.5062e-01 +1.4070e-01 +4.4183e-01
25212 0 +3.853575928e+01 +1.707157593e+02 +1.707157593e+02 -2.7206e+00 +2.2673e+00 +3.3389e+00 -1.2740e+00 -3.1776e+00 -9.8078e-01 -2.7744e+00 +1.1024e-01 +1.1933e+00 +8.4870e-02
25266 0 +2.862601383e+01 +1.608060138e+02 +1.608060138e+02 -2.7529e+00 +1.6737e+00 +3.4039e+00 -1.2450e+00 -3.6819e+00 -4.9716e-01 -2.2354e+00 +5.5750e-01 +6.2472e-01 +7.6474e-01
34815 0 +2.598833780e+01 +1.581683378e+02 +1.581683378e+02 -2.7948e+00 +5.9868e-01 +3.3883e+00 -1.1987e+00 -3.1563e+00 -1.0551e+00 -2.7195e+00 +6.0615e-01 +1.6583e+00 +7.0666e-01
44690 0 +1.997857163e+01 +1.521585716e+02 +1.521585716e+02 -4.7709e+00 -1.2086e-01 +2.6290e+00 -1.9938e+00 -3.0015e+00 -1.6363e+00 -2.6868e+00 +9.9539e-02 +9.1490e-01 +1.0235e+00
45911 0 +1.564252708e+01 +1.478225271e+02 +1.478225271e+02 -3.7877e+00 +6.1356e-01 +2.6074e+00 -1.9589e+00 -2.4548e+00 -1.6663e+00 -2.7333e+00 -3.3411e-01 +9.5670e-01 +4.6618e-01
58903 0 +1.527155425e+01 +1.474515542e+02 +1.474515542e+02 -3.8507e+00 +1.5156e+00 +2.5762e+00 -1.9907e+00 -2.5888e+00 -1.6010e+00 -2.7294e+00 +4.3948e-02 +9.1940e-01 +1.0745e-01
59066 0 +1.400803693e+01 +1.461880369e+02 +1.461880369e+02 -3.6843e+00 +2.4267e+00 +2.6292e+00 -2.0100e+00 -3.6387e+00 -1.5884e+00 -2.7068e+00 +1.3401e-01 +9.2866e-01 +7.6718e-02
60054 0 +1.350278495e+01 +1.456827850e+02 +1.456827850e+02 -3.8247e+00 +1.3910e+00 +2.5803e+00 -1.9298e+00 -1.9049e+00 -1.6447e+00 -2.6914e+00 +5.8634e-02 +9.3863e-01 +9.0176e-02
61545 0 +1.258483310e+01 +1.447648331e+02 +1.447648331e+02 -3.7150e+00 +1.5292e+00 +2.5470e+00 -1.9266e+00 -3.1280e+00 -1.6157e+00 -2.7546e+00 +7.5528e-02 +9.1931e-01 +1.1781e-01
62227 0 +8.861845010e+00 +1.410418450e+02 +1.410418450e+02 -3.7676e+00 +1.5544e+00 +2.6460e+00 -1.9780e+00 -2.4157e+00 -1.6063e+00 -2.7264e+00 +1.2739e-01 +9.4756e-01 +9.4891e-02
69379 0 +8.222770965e+00 +1.404027710e+02 +1.404027710e+02 -3.7447e+00 +1.4848e+00 +2.6326e+00 -1.9642e+00 -2.4890e+00 -1.6064e+00 -2.7111e+00 +1.5234e-01 +9.2564e-01 +1.1652e-01
78076 0 +7.958950949e+00 +1.401389509e+02 +1.401389509e+02 -3.7709e+00 +2.4034e+00 +2.6424e+00 -1.9618e+00 -1.8950e+00 -1.5817e+00 -2.7404e+00 -2.9702e-01 +9.3704e-01 +9.6937e-02
78101 0 +7.749526311e+00 +1.399295263e+02 +1.399295263e+02 -3.7410e+00 +2.4220e+00 +2.6072e+00 -1.9594e+00 -1.9139e+00 -1.5960e+00 -2.7362e+00 -2.9104e-01 +9.2607e-01 +1.0513e-01
78185 0 +7.475433400e+00 +1.396554334e+02 +1.396554334e+02 -3.7824e+00 +2.4214e+00 +2.6309e+00 -1.9626e+00 -1.9289e+00 -1.6071e+00 -2.7262e+00 -3.0653e-01 +9.3021e-01 +1.0667e-01
78216 0 +7.303513038e+00 +1.394835130e+02 +1.394835130e+02 -3.7596e+00 +2.4195e+00 +2.6303e+00 -1.9552e+00 -1.9286e+00 -1.6057e+00 -2.7214e+00 -2.9681e-01 +9.3676e-01 +1.0266e-01
78341 0 +7.165191312e+00 +1.393451913e+02 +1.393451913e+02 -3.7755e+00 +2.4168e+00 +2.6407e+00 -1.9724e+00 -1.9249e+00 -1.5895e+00 -2.7340e+00 -2.9649e-01 +9.2151e-01 +1.0062e-01
78515 0 +7.035566356e+00 +1.392155664e+02 +1.392155664e+02 -3.7607e+00 +2.4159e+00 +2.6352e+00 -1.9733e+00 -1.9238e+00 -1.6008e+00 -2.7333e+00 -2.9759e-01 +9.2731e-01 +9.6182e-02
84739 0 +6.964713403e+00 +1.391447134e+02 +1.391447134e+02 -3.7640e+00 +2.4132e+00 +2.6355e+00 -1.9656e+00 -1.9212e+00 -1.6005e+00 -2.7292e+00 -2.9570e-01 +9.2800e-01 +9.8926e-02
% f evaluations | g evaluations | best noise-free fitness - Fopt (-3.930000000000e+01) + sum g_i+ | measured fitness | best measured fitness or single-digit g-values | x1 | x2...
1 0 +5.317474414e+02 +4.924474414e+02 +4.924474414e+02 +0.0000e+00 +0.0000e+00 +0.0000e+00 +0.0000e+00 +0.0000e+00 +0.0000e+00 +0.0000e+00 +0.0000e+00 +0.0000e+00 +0.0000e+00
2 0 +3.962523398e+02 +3.569523398e+02 +3.569523398e+02 +1.4341e+00 +2.9028e+00 -1.9783e+00 +2.0958e-01 -5.0570e-01 -6.0827e-01 +4.1165e-01 +1.0114e+00 +4.2750e+00 -4.8874e+00
15 0 +2.467577273e+02 +2.074577273e+02 +2.074577273e+02 +1.4621e+00 +1.0319e+00 -6.3795e-01 -1.0066e+00 -2.9839e-01 -1.9206e+00 -7.0143e-02 +2.3682e+00 +1.0846e+00 -2.2768e+00
39 0 +2.178538833e+02 +1.785538833e+02 +1.785538833e+02 -1.5878e+00 +2.1222e+00 +7.6641e-01 -2.4346e+00 +1.8770e+00 -1.9679e+00 +1.3040e+00 +1.2194e+00 -3.3666e-01 -4.8902e+00
69 0 +1.857944508e+02 +1.464944508e+02 +1.464944508e+02 +2.4248e+00 +4.4145e-01 -2.1986e+00 -7.8140e-01 -8.9096e-02 -1.1570e+00 +2.4629e+00 +1.9591e+00 +2.5744e+00 -2.9955e+00
224 0 +1.261152601e+02 +8.681526006e+01 +8.681526006e+01 -4.4170e+00 -2.4277e-01 +1.5951e+00 +3.3936e-01 +1.8504e+00 -3.0171e+00 +2.4206e+00 +2.8863e+00 +4.6214e-01 -2.9359e+00
355 0 +1.226633574e+02 +8.336335742e+01 +8.336335742e+01 -5.6235e-01 -2.2381e+00 +1.3907e+00 +2.9663e+00 -1.9493e+00 -1.7028e+00 +3.5727e+00 +2.1280e+00 +4.3964e-01 -3.9577e+00
372 0 +1.117688530e+02 +7.246885298e+01 +7.246885298e+01 +6.3916e-01 -2.1811e+00 +3.3403e+00 +3.2111e+00 -1.4954e+00 -7.7501e-01 +4.7623e+00 +1.0966e+00 +1.8263e+00 -2.6587e+00
411 0 +9.236945054e+01 +5.306945054e+01 +5.306945054e+01 -1.3435e+00 -2.9858e+00 +2.6104e+00 +3.0538e+00 -8.0232e-01 -2.0229e+00 +3.1357e+00 +1.2093e+00 +2.5054e+00 -3.3783e+00
697 0 +6.616614530e+01 +2.686614530e+01 +2.686614530e+01 -9.8733e-01 -3.5512e-01 +1.4344e+00 +4.7560e+00 +2.0992e+00 -9.1586e-01 +2.2675e+00 +2.0750e+00 +1.0654e+00 -3.6997e+00
1303 0 +6.545225554e+01 +2.615225554e+01 +2.615225554e+01 -2.5434e+00 -3.3030e-01 +1.7981e+00 +4.1756e+00 +3.0966e+00 -3.0682e+00 +2.8806e+00 +2.5489e+00 +2.1640e+00 -4.1081e+00
1642 0 +3.535955803e+01 -3.940441972e+00 -3.940441972e+00 -3.5220e+00 -2.8232e+00 +2.4785e+00 +3.3832e+00 +1.6229e+00 -3.4954e+00 +3.1875e+00 +2.0781e+00 +1.1214e+00 -3.3943e+00
15277 0 +2.632225837e+01 -1.297774163e+01 -1.297774163e+01 -1.4750e+00 -2.1867e+00 +3.0707e+00 +3.4459e+00 -6.7674e-01 -2.4717e+00 +4.0443e+00 +2.1253e+00 +1.4440e+00 -3.4152e+00
18059 0 +2.275649366e+01 -1.654350634e+01 -1.654350634e+01 -2.5945e+00 -2.8948e+00 +3.1748e+00 +3.4008e+00 +4.8052e-01 -2.9568e+00 +4.0638e+00 +2.1623e+00 +1.8318e+00 -3.0658e+00
100001 0 +2.275649366e+01 -1.654350634e+01 -1.654350634e+01 -2.5945e+00 -2.8948e+00 +3.1748e+00 +3.4008e+00 +4.8052e-01 -2.9568e+00 +4.0638e+00 +2.1623e+00 +1.8318e+00 -3.0658e+00
% f evaluations | g evaluations | best noise-free fitness - Fopt (4.296000000000e+01) + sum g_i+ | measured fitness | best measured fitness or single-digit g-values | x1 | x2...
1 0 +2.365728505e+02 +2.795328505e+02 +2.795328505e+02 +0.0000e+00 +0.0000e+00 +0.0000e+00 +0.0000e+00 +0.0000e+00 +0.0000e+00 +0.0000e+00 +0.0000e+00 +0.0000e+00 +0.0000e+00
25 0 +2.338848702e+02 +2.768448702e+02 +2.768448702e+02 +3.5637e-01 +1.4543e+00 +8.1729e-01 -7.3872e-01 +2.8325e+00 -5.3334e-01 -4.3748e-01 -2.4923e+00 +6.9321e-01 +2.4032e+00
37 0 +1.564506095e+02 +1.994106095e+02 +1.994106095e+02 -1.3727e+00 +4.3668e+00 -3.8596e+00 +1.9560e+00 -1.4862e+00 -3.3059e+00 -7.5077e-01 -4.1412e-01 +3.6591e-01 +5.9467e-01
65 0 +1.234633291e+02 +1.664233291e+02 +1.664233291e+02 +1.5147e-01 +2.2952e+00 -1.9038e+00 -1.4707e+00 +1.4171e+00 -1.1616e+00 -1.5248e+00 -2.3957e+00 +1.8198e+00 +1.6655e+00
103 0 +1.180344458e+02 +1.609944458e+02 +1.609944458e+02 -1.5942e+00 +4.0609e+00 -5.4680e+00 +1.2558e+00 -6.4613e-01 -2.2480e+00 -3.3573e-01 -4.1652e-01 +2.2152e+00 -5.5744e-02
184 0 +1.150703806e+02 +1.580303806e+02 +1.580303806e+02 +1.3062e+00 -5.7162e-02 -7.6665e-01 -1.0938e+00 -1.7377e-01 -2.3558e+00 +8.6042e-01 -7.5501e-01 +2.0184e+00 +8.6257e-01
221 0 +1.120174589e+02 +1.549774589e+02 +1.549774589e+02 -1.0277e+00 +8.5128e-02 -1.2349e+00 +4.4429e-01 +4.8439e-01 -1.2310e+00 -1.4785e+00 -1.6303e+00 +2.0984e+00 +1.2765e+00
373 0 +9.856050543e+01 +1.415205054e+02 +1.415205054e+02 +7.0861e-01 +1.8750e+00 -2.6338e+00 +1.3742e-01 +1.3835e+00 -3.3173e+00 -1.7297e-01 -5.8828e-01 +2.6960e+00 +3.4936e-01
418 0 +9.494833904e+01 +1.379083390e+02 +1.379083390e+02 +1.4709e+00 +7.3724e-01 +1.2670e-01 +1.8848e+00 +2.2737e+00 -4.8041e+00 +2.0528e-01 -1.9811e+00 +1.5033e+00 +4.0985e-01
439 0 +9.178190707e+01 +1.347419071e+02 +1.347419071e+02 +8.9558e-01 +3.7638e-01 -2.7331e+00 +9.7208e-01 +1.5082e+00 -3.9376e+00 +8.9726e-01 -1.2114e+00 +1.4248e+00 +1.1334e+00
440 0 +6.931715963e+01 +1.122771596e+02 +1.122771596e+02 +2.8971e+00 +7.0707e-01 -1.8871e+00 +1.8331e+00 +1.3909e+00 -2.8595e+00 -1.2046e-01 -1.1678e+00 +2.5947e+00 +5.5231e-01
777 0 +6.800310813e+01 +1.109631081e+02 +1.109631081e+02 +1.4866e+00 +1.5136e+00 -3.3206e+00 +2.7481e-01 +8.6069e-01 -1.4206e+00 +6.1424e-01 -1.6924e+00 +2.1867e+00 +1.1505e+00
1033 0 +6.691853799e+01 +1.098785380e+02 +1.098785380e+02 +2.1933e+00 +1.0983e+00 -2.7267e+00 +1.7425e-01 +8.1147e-01 -3.3493e+00 +6.4102e-01 -1.8440e+00 +1.4940e+00 +2.7892e-01
1054 0 +6.401726745e+01 +1.069772675e+02 +1.069772675e+02 +2.9736e+00 +8.0303e-01 -3.6981e+00 +1.6899e+00 +4.8929e-01 -3.3930e+00 -2.5158e-01 -1.8848e+00 +2.2484e+00 +9.0553e-01
1219 0 +6.219629925e+01 +1.051562993e+02 +1.051562993e+02 +1.5378e+00 +1.6566e+00 -2.8127e+00 +2.6524e+00 +8.4192e-02 -3.2148e+00 +6.7466e-01 -1.9852e+00 +2.0978e+00 -1.4626e-01
1718 0 +5.743841188e+01 +1.003984119e+02 +1.003984119e+02 +2.5319e+00 +7.3145e-01 -1.2407e+00 +1.1445e+00 -3.5189e-01 -3.2861e+00 -7.2212e-01 -2.0112e+00 +1.7077e+00 +1.2112e+00
1792 0 +5.277707715e+01 +9.573707715e+01 +9.573707715e+01 +2.5377e+00 +1.7942e+00 -2.0757e+00 +1.7798e+00 +3.9075e-01 -3.8511e+00 -1.7919e-01 -2.3972e+00 +1.1482e+00 +5.7016e-01
2424 0 +5.027361242e+01 +9.323361242e+01 +9.323361242e+01 -5.5215e-01 +2.7024e+00 -2.6958e+00 +2.1506e+00 +2.0334e+00 -2.3489e+00 -2.9229e-01 -1.9430e+00 +2.6462e+00 +2.1124e-01
4175 0 +4.627271235e+01 +8.923271235e+01 +8.923271235e+01 -1.6569e+00 +1.6654e+00 -1.9071e+00 +1.7321e+00 +9.0174e-02 -2.7099e+00 -7.3585e-01 -2.0788e+00 +2.1719e+00 +9.8599e-01
6359 0 +3.710167729e+01 +8.006167729e+01 +8.006167729e+01 +1.4005e+00 +1.6678e+00 -1.8762e+00 +1.5246e+00 +9.4334e-01 -3.2200e+00 +2.4310e-01 -7.0226e-01 +1.8167e+00 +5.8450e-01
30484 0 +3.324392134e+01 +7.620392134e+01 +7.620392134e+01 +1.4447e+00 +9.6606e-01 -2.8262e+00 +2.9743e-01 +3.2083e-01 -2.2791e+00 -8.2788e-01 -2.0520e+00 +2.1675e+00 +1.1671e+00
96955 0 +2.350342919e+01 +6.646342919e+01 +6.646342919e+01 -4.2084e-01 +1.6627e+00 -1.9254e+00 +1.7389e+00 +1.6044e+00 -3.8032e+00 +1.9434e-01 -1.6616e+00 +1.8519e+00 +9.2113e-01
100001 0 +2.350342919e+01 +6.646342919e+01 +6.646342919e+01 -4.2084e-01 +1.6627e+00 -1.9254e+00 +1.7389e+00 +1.6044e+00 -3.8032e+00 +1.9434e-01 -1.6616e+00 +1.8519e+00 +9.2113e-01
% f evaluations | g evaluations | best noise-free fitness - Fopt (2.842200000000e+02) + sum g_i+ | measured fitness | best measured fitness or single-digit g-values | x1 | x2...
1 0 +4.397618850e+02 +7.239818850e+02 +7.239818850e+02 +0.0000e+00 +0.0000e+00 +0.0000e+00 +0.0000e+00 +0.0000e+00 +0.0000e+00 +0.0000e+00 +0.0000e+00 +0.0000e+00 +0.0000e+00
4 0 +2.350176299e+02 +5.192376299e+02 +5.192376299e+02 +3.2508e+00 -4.3124e+00 -9.3006e-01 +1.1618e+00 +2.7047e+00 -3.4546e+00 +8.2286e-01 +3.6592e-01 +1.2183e+00 -4.1768e+00
17 0 +1.518047421e+02 +4.360247421e+02 +4.360247421e+02 +1.3812e+00 -2.2558e+00 -5.9580e-02 +3.0191e+00 -5.1215e-01 -4.4763e+00 +1.1741e+00 +1.7241e+00 +1.6562e+00 -2.1579e+00
256 0 +1.485020755e+02 +4.327220755e+02 +4.327220755e+02 +6.7712e-01 -1.7344e+00 +3.2170e-01 -6.0291e-01 +1.8671e+00 -3.7491e+00 +4.5355e-01 +5.2819e-01 -3.0187e-01 -2.1147e+00
305 0 +1.408057837e+02 +4.250257837e+02 +4.250257837e+02 +1.8521e+00 -1.1373e+00 -4.5382e-01 +4.4075e+00 +1.0018e+00 -3.6618e+00 +9.8750e-01 +1.4903e+00 -1.6761e-01 -3.8657e+00
312 0 +1.086128512e+02 +3.928328512e+02 +3.928328512e+02 +1.2338e+00 +7.0007e-01 -9.7761e-01 +3.9016e+00 +1.7496e+00 -2.0196e+00 +2.3410e+00 +1.3350e+00 +6.8811e-01 -2.0185e+00
361 0 +1.037986500e+02 +3.880186500e+02 +3.880186500e+02 +1.7152e+00 -1.8183e+00 +3.6170e-01 -6.1729e-01 -2.9754e-02 -3.0291e+00 +3.4062e+00 +1.9936e+00 +1.0534e+00 -2.2609e+00
477 0 +9.612366308e+01 +3.803436631e+02 +3.803436631e+02 -6.8998e-01 -1.0405e+00 +4.0769e-01 +3.5923e-01 +2.5887e+00 -3.6260e+00 +2.4944e+00 +1.0234e+00 -1.3401e-01 -3.8643e+00
509 0 +9.135791464e+01 +3.755779146e+02 +3.755779146e+02 -1.3174e+00 -1.0590e+00 -2.2759e-01 +1.4761e+00 +1.6078e+00 -2.6758e+00 +3.2868e+00 +1.6979e+00 +6.0326e-01 -3.3273e+00
593 0 +6.852553068e+01 +3.527455307e+02 +3.527455307e+02 -1.1729e-01 -1.6305e-01 -1.3550e-01 +8.4599e-01 +1.1258e+00 -3.0494e+00 +2.4390e+00 +5.4498e-01 +2.4270e-01 -2.6511e+00
986 0 +6.503986588e+01 +3.492598659e+02 +3.492598659e+02 -1.6080e+00 +7.4628e-01 -1.1228e+00 +1.5402e+00 +1.2742e+00 -3.3312e+00 +2.7739e+00 +8.4064e-01 +9.2687e-01 -2.8661e+00
1175 0 +4.661674732e+01 +3.308367473e+02 +3.308367473e+02 -1.1453e+00 -1.6624e-01 -1.1053e+00 +2.1853e+00 +1.2632e+00 -3.5492e+00 +3.3971e+00 +1.6614e+00 +5.2063e-01 -2.6631e+00
2553 0 +4.038586174e+01 +3.246058617e+02 +3.246058617e+02 -2.0269e+00 +1.5761e+00 -1.9147e-01 +2.1851e+00 +2.8871e+00 -3.5465e+00 +2.9147e+00 +9.4505e-01 -2.7554e-01 -2.8625e+00
3880 0 +3.170178981e+01 +3.159217898e+02 +3.159217898e+02 -2.0411e+00 -3.0875e-01 -1.0281e+00 +3.5536e+00 +2.3334e+00 -3.5113e+00 +2.8719e+00 +8.9079e-01 +9.9755e-01 -2.2080e+00
11654 0 +2.735544445e+01 +3.115754445e+02 +3.115754445e+02 -3.9103e+00 -1.6927e-01 -2.7597e-01 +2.8412e+00 +2.4764e+00 -4.0328e+00 +3.3248e+00 +1.7479e+00 +2.6001e-01 -2.4500e+00
16033 0 +2.530753404e+01 +3.095275340e+02 +3.095275340e+02 -3.1115e+00 -2.7572e-01 -4.4755e-01 +1.5494e+00 +1.8760e+00 -4.1289e+00 +3.3707e+00 +1.7575e+00 +6.5486e-01 -2.9194e+00
24134 0 +2.491985351e+01 +3.091398535e+02 +3.091398535e+02 -4.1048e+00 -2.2793e-01 -4.0679e-01 +2.8826e+00 +2.3652e+00 -4.1322e+00 +3.3610e+00 +1.4063e+00 +1.0124e+00 -2.5564e+00
25952 0 +2.292479759e+01 +3.071447976e+02 +3.071447976e+02 -4.2010e+00 -1.7105e-01 -1.7257e+00 +2.9171e+00 +1.8590e+00 -3.9752e+00 +3.8913e+00 +1.8097e+00 +9.9250e-01 -2.5214e+00
25959 0 +1.959035901e+01 +3.038103590e+02 +3.038103590e+02 -4.1989e+00 -2.6160e-01 -3.2121e-01 +2.8943e+00 +1.3167e+00 -3.9691e+00 +2.9176e+00 +1.3262e+00 +1.0314e+00 -2.8751e+00
43635 0 +1.852633164e+01 +3.027463316e+02 +3.027463316e+02 -4.0092e+00 -1.5742e-01 -9.6594e-01 +3.4938e+00 +1.8734e+00 -4.0631e+00 +2.9451e+00 +1.3087e+00 +1.0033e+00 -2.5275e+00
47556 0 +1.625475962e+01 +3.004747596e+02 +3.004747596e+02 -4.0547e+00 -1.9755e-01 -1.0102e+00 +3.4320e+00 +1.1831e+00 -3.9513e+00 +2.9558e+00 +1.3396e+00 +1.0145e+00 -2.5182e+00
47823 0 +1.565840913e+01 +2.998784091e+02 +2.998784091e+02 -4.1689e+00 -2.2612e-01 -1.1117e+00 +3.4323e+00 +1.1746e+00 -4.0587e+00 +2.9361e+00 +1.3407e+00 +1.0212e+00 -2.5166e+00
47826 0 +1.497661461e+01 +2.991966146e+02 +2.991966146e+02 -4.0575e+00 -2.1857e-01 -1.1050e+00 +3.4490e+00 +1.2027e+00 -4.0770e+00 +2.9452e+00 +1.3296e+00 +1.0055e+00 -2.5122e+00
49681 0 +1.471170341e+01 +2.989317034e+02 +2.989317034e+02 -4.0451e+00 -2.4526e-01 -1.0637e+00 +3.4460e+00 +1.2200e+00 -4.0306e+00 +2.9172e+00 +1.3370e+00 +9.8536e-01 -2.5095e+00
49726 0 +1.426476718e+01 +2.984847672e+02 +2.984847672e+02 -4.0439e+00 -2.1289e-01 -1.0727e+00 +3.4333e+00 +1.1947e+00 -4.0729e+00 +2.9013e+00 +1.3312e+00 +1.0166e+00 -2.5119e+00
49829 0 +1.389039427e+01 +2.981103943e+02 +2.981103943e+02 -4.1048e+00 -2.2335e-01 -1.0660e+00 +3.4513e+00 +1.1749e+00 -4.0379e+00 +2.9349e+00 +1.3240e+00 +1.0093e+00 -2.5141e+00
49842 0 +1.368995717e+01 +2.979099572e+02 +2.979099572e+02 -4.1125e+00 -2.0820e-01 -1.0240e+00 +3.4462e+00 +1.1973e+00 -4.0380e+00 +2.9310e+00 +1.3326e+00 +1.0213e+00 -2.5228e+00
49940 0 +1.329610151e+01 +2.975161015e+02 +2.975161015e+02 -4.0666e+00 -2.1202e-01 -1.0523e+00 +3.4282e+00 +1.2080e+00 -4.0455e+00 +2.9499e+00 +1.3421e+00 +1.0299e+00 -2.5200e+00
50261 0 +1.317274034e+01 +2.973927403e+02 +2.973927403e+02 -4.0591e+00 -2.1476e-01 -1.0548e+00 +3.4470e+00 +1.1943e+00 -4.0248e+00 +2.9427e+00 +1.3413e+00 +1.0216e+00 -2.5262e+00
56420 0 +1.293445767e+01 +2.971544577e+02 +2.971544577e+02 -4.0558e+00 -2.1840e-01 -1.0520e+00 +3.4328e+00 +1.1948e+00 -4.0341e+00 +2.9356e+00 +1.3360e+00 +1.0227e+00 -2.5166e+00
% f evaluations | g evaluations | best noise-free fitness - Fopt (-3.217000000000e+01) + sum g_i+ | measured fitness | best measured fitness or single-digit g-values | x1 | x2...
1 0 +4.126953313e+02 +3.805253313e+02 +3.805253313e+02 +0.0000e+00 +0.0000e+00 +0.0000e+00 +0.0000e+00 +0.0000e+00 +0.0000e+00 +0.0000e+00 +0.0000e+00 +0.0000e+00 +0.0000e+00
8 0 +3.800515225e+02 +3.478815225e+02 +3.478815225e+02 +2.6732e+00 +3.1768e+00 -1.5283e+00 +2.0185e-01 -1.3405e+00 +4.6239e+00 -1.6988e+00 +2.5637e+00 -2.6464e+00 -2.5471e+00
12 0 +3.221567166e+02 +2.899867166e+02 +2.899867166e+02 -5.2580e+00 -4.9294e-01 -6.9429e+00 +2.4741e+00 -2.5355e+00 +3.3115e-01 +1.5838e+00 +2.2804e+00 +2.0718e+00 -3.5490e+00
19 0 +2.788695535e+02 +2.466995535e+02 +2.466995535e+02 -5.1147e+00 -6.9766e-01 -6.1435e+00 +3.0685e+00 -2.5162e+00 +2.3134e-01 +1.5474e+00 +2.3312e+00 +2.4299e+00 -3.9143e+00
23 0 +2.433826184e+02 +2.112126184e+02 +2.112126184e+02 -2.3526e+00 +2.0081e+00 -2.0906e+00 -1.0973e-01 -5.2031e+00 -5.7512e-02 +3.6461e-01 +7.5289e-01 -6.6036e-02 -8.9277e-01
38 0 +2.395546262e+02 +2.073846262e+02 +2.073846262e+02 -1.1606e+00 +1.2987e-01 -1.1033e+00 +3.3672e+00 -2.3457e-01 +2.7462e+00 -1.6783e+00 +1.2159e+00 -4.4633e-03 -2.5503e+00
39 0 +2.166732321e+02 +1.845032321e+02 +1.845032321e+02 +1.8767e+00 +1.3723e+00 -2.1411e-01 +1.1226e+00 -8.0812e-01 +2.0722e+00 +1.7270e-01 +6.2421e-01 -1.1851e+00 -2.4374e+00
50 0 +1.653091713e+02 +1.331391713e+02 +1.331391713e+02 +1.7126e+00 +1.0613e+00 -3.9413e-01 +2.8445e+00 -6.7264e-01 +1.7280e+00 -2.0848e-01 +2.1535e+00 -1.2376e+00 -3.0843e+00
68 0 +1.576592416e+02 +1.254892416e+02 +1.254892416e+02 +6.9949e-01 +7.7362e-01 -2.2180e+00 -2.1950e-02 -4.3755e+00 +3.0764e+00 -9.3412e-01 +3.3285e+00 -5.6141e-01 -2.9675e+00
80 0 +1.272428802e+02 +9.507288022e+01 +9.507288022e+01 -4.7976e-01 +1.5497e+00 -2.0974e+00 -9.0288e-01 -3.1191e+00 +2.6151e+00 -7.5802e-01 +2.1431e+00 -1.3107e+00 -2.9874e+00
81 0 +1.102861311e+02 +7.811613106e+01 +7.811613106e+01 -1.4787e+00 -1.5693e-01 -4.2694e-01 +4.3195e-01 -3.3016e+00 +1.5428e+00 -2.6958e+00 +1.8549e+00 +1.0091e+00 -2.7833e+00
337 0 +9.721324871e+01 +6.504324871e+01 +6.504324871e+01 -1.3753e+00 +2.0356e+00 +5.4824e-01 -5.9652e-01 -2.8646e+00 +1.6800e+00 -1.3396e+00 +2.3816e+00 +1.2954e+00 -3.0177e+00
367 0 +8.767246476e+01 +5.550246476e+01 +5.550246476e+01 -1.0348e+00 +1.9285e+00 +1.3842e+00 +1.4051e+00 -1.8389e+00 +5.1956e-01 -4.6181e-01 +2.4484e+00 +1.3747e+00 -3.3728e+00
432 0 +7.089424170e+01 +3.872424170e+01 +3.872424170e+01 +1.3619e+00 +2.2468e+00 +1.7149e+00 -1.3914e+00 -3.1144e+00 +1.3109e+00 +1.4223e-01 +1.5227e+00 +1.3678e+00 -2.3654e+00
637 0 +6.629791796e+01 +3.412791796e+01 +3.412791796e+01 +5.0033e-01 +1.0613e+00 +1.2298e+00 +6.7415e-01 -3.1520e+00 +1.2562e+00 +1.8672e-01 +2.0556e+00 +1.0377e+00 -3.2662e+00
940 0 +5.956845022e+01 +2.739845022e+01 +2.739845022e+01 +1.2508e+00 +2.5638e-01 +1.3208e+00 +1.0753e+00 -3.6436e+00 +4.6479e-01 -1.5912e+00 +2.5250e+00 +1.5238e+00 -2.6653e+00
1201 0 +5.714595976e+01 +2.497595976e+01 +2.497595976e+01 +2.2279e+00 +2.5062e+00 +4.0210e-01 -1.6126e-01 -3.7656e+00 +8.5074e-01 -7.6329e-01 +2.5811e+00 +1.0528e+00 -2.7942e+00
4252 0 +4.935520006e+01 +1.718520006e+01 +1.718520006e+01 +1.5711e+00 +1.6240e+00 -7.8841e-01 -3.4482e-01 -3.6931e+00 +1.1558e+00 -4.0006e-01 +3.4405e+00 +1.3864e+00 -3.0561e+00
4464 0 +3.280340530e+01 +6.334052977e-01 +6.334052977e-01 +2.4049e+00 +2.1664e-01 +1.2001e+00 -2.5945e-01 -4.4359e+00 +1.0971e+00 -4.4606e-01 +3.5208e+00 +1.3967e+00 -2.7315e+00
9036 0 +2.553062846e+01 -6.639371543e+00 -6.639371543e+00 +4.4426e-01 +1.9717e+00 -1.0497e+00 +4.8521e-01 -4.3792e+00 +4.6583e-01 -8.3624e-01 +3.0137e+00 +1.4254e+00 -2.0835e+00
27470 0 +2.447843235e+01 -7.691567649e+00 -7.691567649e+00 +1.3837e+00 +1.6897e+00 +1.3689e+00 +4.8168e-01 -3.1880e+00 +5.5507e-01 -8.4681e-01 +3.0590e+00 +1.3869e+00 -2.3182e+00
93607 0 +2.096684495e+01 -1.120315505e+01 -1.120315505e+01 +4.2484e-01 +2.8014e+00 -3.1464e-01 +6.3616e-01 -4.3789e+00 +1.0625e+00 -4.0294e-01 +3.0034e+00 +1.8558e+00 -2.7725e+00
100001 0 +2.096684495e+01 -1.120315505e+01 -1.120315505e+01 +4.2484e-01 +2.8014e+00 -3.1464e-01 +6.3616e-01 -4.3789e+00 +1.0625e+00 -4.0294e-01 +3.0034e+00 +1.8558e+00 -2.7725e+00
% f evaluations | g evaluations | best noise-free fitness - Fopt (-5.858000000000e+01) + sum g_i+ | measured fitness | best measured fitness or single-digit g-values | x1 | x2...
1 0 +4.789634689e+02 +4.203834689e+02 +4.203834689e+02 +0.0000e+00 +0.0000e+00 +0.0000e+00 +0.0000e+00 +0.0000e+00 +0.0000e+00 +0.0000e+00 +0.0000e+00 +0.0000e+00 +0.0000e+00
28 0 +4.707002669e+02 +4.121202669e+02 +4.121202669e+02 -3.5358e+00 -1.3581e+00 +3.5357e+00 -1.8994e+00 +1.5325e+00 -2.6776e+00 +1.4287e-01 +3.6359e+00 +1.1905e+00 +3.1180e-01
34 0 +3.823605347e+02 +3.237805347e+02 +3.237805347e+02 -3.0766e+00 -2.3084e+00 +4.0357e+00 -1.9958e+00 -3.3595e-01 -3.1822e+00 -6.1150e-02 +3.4364e+00 +2.8079e-01 +5.4530e-01
59 0 +3.645913467e+02 +3.060113467e+02 +3.060113467e+02 -3.6830e+00 +3.2185e+00 +3.3618e+00 -2.6119e+00 -6.0422e-01 -3.2360e+00 -1.6911e+00 +1.1909e+00 -3.0874e-01 +1.9054e+00
64 0 +2.679985576e+02 +2.094185576e+02 +2.094185576e+02 -3.7814e+00 +9.8118e-01 +4.4044e+00 -5.6489e-01 -1.0838e+00 -3.9417e+00 -1.3393e+00 +4.4918e+00 +1.5730e+00 -2.2944e-02
85 0 +2.556749985e+02 +1.970949985e+02 +1.970949985e+02 -4.9826e+00 +6.5264e-02 +2.6763e+00 -9.7025e-01 +2.1522e-02 -1.6833e+00 -2.7596e+00 +1.1288e+00 +2.2870e+00 +8.3744e-01
98 0 +2.390682194e+02 +1.804882194e+02 +1.804882194e+02 -5.1404e+00 +2.6686e+00 +1.8430e+00 -2.8016e-01 -1.0237e+00 -1.9614e+00 -2.1581e+00 +3.1319e+00 +1.3771e+00 +1.6851e+00
168 0 +2.302971358e+02 +1.717171358e+02 +1.717171358e+02 -2.6943e+00 -6.5557e-01 +3.5310e+00 -1.6969e+00 +2.7307e-01 -3.6093e+00 -2.7735e+00 +4.6531e+00 +2.2859e+00 +2.0742e+00
204 0 +2.112751116e+02 +1.526951116e+02 +1.526951116e+02 -2.4068e+00 -1.8123e+00 +2.1406e+00 -8.4330e-01 -6.1344e-01 -3.7667e+00 -2.4099e+00 +2.2438e+00 +1.0369e+00 +2.1352e+00
214 0 +1.694936561e+02 +1.109136561e+02 +1.109136561e+02 +3.0784e-01 -9.0883e-01 +4.5547e+00 +1.0946e+00 -1.7540e+00 -2.1683e+00 -3.1159e+00 +2.8124e+00 +6.5417e-01 +5.1388e-02
240 0 +1.464713723e+02 +8.789137226e+01 +8.789137226e+01 -1.1045e+00 -1.5815e+00 +2.3066e+00 -1.0727e+00 -2.0928e+00 -3.7828e+00 -1.8001e+00 +2.3427e+00 +2.6458e+00 +8.3224e-01
360 0 +1.347310872e+02 +7.615108724e+01 +7.615108724e+01 -3.7684e-01 -1.6520e+00 +7.8601e-01 -1.6809e+00 -5.1089e+00 -2.1484e+00 -1.7048e+00 +2.8799e+00 +3.1034e+00 +3.5633e-01
366 0 +1.256869740e+02 +6.710697401e+01 +6.710697401e+01 -6.4958e-01 -3.2002e+00 +9.3883e-01 -1.5881e+00 -4.0105e+00 -2.1119e+00 -1.9491e+00 +3.6763e+00 +1.8437e+00 +1.2804e+00
374 0 +1.036637310e+02 +4.508373103e+01 +4.508373103e+01 +2.3414e+00 -2.0175e-01 +1.6696e+00 +1.3030e+00 -2.3625e+00 -2.9148e+00 -2.3527e+00 +2.8424e+00 +2.7581e+00 +5.0557e-01
497 0 +8.716792575e+01 +2.858792575e+01 +2.858792575e+01 +1.4282e+00 -4.0847e+00 +1.8901e+00 +4.7313e-01 -4.6246e+00 -2.7343e+00 -2.7245e+00 +3.5677e+00 +2.6615e+00 +1.6444e+00
522 0 +8.679218292e+01 +2.821218292e+01 +2.821218292e+01 +2.4622e+00 -2.0681e+00 +1.5470e+00 +1.1738e+00 -2.9555e+00 -3.7251e+00 -3.8782e+00 +2.4423e+00 +2.7626e+00 +1.0394e+00
557 0 +8.311515525e+01 +2.453515525e+01 +2.453515525e+01 +2.1731e+00 -1.5802e+00 +8.4928e-01 +2.7129e+00 -3.0440e+00 -2.9626e+00 -3.5882e+00 +3.2286e+00 +2.9938e+00 +8.7233e-01
616 0 +5.635433377e+01 -2.225666229e+00 -2.225666229e+00 +2.5137e+00 -2.7557e+00 +8.0152e-01 +2.5686e+00 -2.4381e+00 -3.4055e+00 -3.7299e+00 +2.8978e+00 +3.0744e+00 +3.6846e-01
2332 0 +5.210225801e+01 -6.477741989e+00 -6.477741989e+00 +2.5543e+00 -2.6898e+00 +1.8873e+00 +1.0338e+00 -3.5389e+00 -3.8415e+00 -3.7164e+00 +3.1177e+00 +3.0204e+00 +1.5716e+00
4911 0 +5.006257648e+01 -8.517423524e+00 -8.517423524e+00 +2.3912e+00 -7.3816e-01 +3.7608e+00 +1.0919e+00 -2.9455e+00 -3.8185e+00 -3.2281e+00 +3.7214e+00 +3.5268e+00 +1.0343e+00
6594 0 +4.527639160e+01 -1.330360840e+01 -1.330360840e+01 +2.5209e+00 -4.0791e+00 +2.6507e+00 +1.8013e+00 -4.1150e+00 -4.5391e+00 -3.7644e+00 +3.6717e+00 +2.7251e+00 +1.5331e+00
11202 0 +3.557384186e+01 -2.300615814e+01 -2.300615814e+01 +1.6302e+00 -3.2889e+00 +1.6287e+00 +1.8437e+00 -3.5738e+00 -3.9465e+00 -3.2020e+00 +2.8262e+00 +2.8726e+00 +1.3334e+00
66675 0 +3.256982165e+01 -2.601017835e+01 -2.601017835e+01 +2.6868e+00 -2.5253e+00 +1.5652e+00 +1.9433e+00 -4.2868e+00 -3.8649e+00 -3.2986e+00 +3.5615e+00 +2.3442e+00 +1.3131e+00
74067 0 +2.771849882e+01 -3.086150118e+01 -3.086150118e+01 +2.6308e+00 -2.6555e+00 +9.1234e-02 +3.0667e+00 -4.2011e+00 -4.4579e+00 -3.2004e+00 +3.6268e+00 +2.7233e+00 +1.3692e+00
86381 0 +2.491147546e+01 -3.366852454e+01 -3.366852454e+01 +2.6611e+00 -2.6696e+00 +9.5980e-01 +2.5339e+00 -4.1504e+00 -3.8901e+00 -3.2607e+00 +2.3809e+00 +3.1047e+00 +1.3696e+00
90888 0 +2.358636670e+01 -3.499363330e+01 -3.499363330e+01 +4.6312e+00 -2.5131e+00 +1.1877e-01 +1.9138e+00 -4.3236e+00 -3.9208e+00 -3.7996e+00 +3.2127e+00 +2.7293e+00 +1.0034e+00
92662 0 +1.933877010e+01 -3.924122990e+01 -3.924122990e+01 +7.2367e-01 -2.5655e+00 +1.9209e+00 +1.9056e+00 -4.2622e+00 -3.9133e+00 -3.7232e+00 +2.8726e+00 +2.7045e+00 +1.6776e+00
100001 0 +1.933877010e+01 -3.924122990e+01 -3.924122990e+01 +7.2367e-01 -2.5655e+00 +1.9209e+00 +1.9056e+00 -4.2622e+00 -3.9133e+00 -3.7232e+00 +2.8726e+00 +2.7045e+00 +1.6776e+00
% f evaluations | g evaluations | best noise-free fitness - Fopt (-6.049200000000e+02) + sum g_i+ | measured fitness | best measured fitness or single-digit g-values | x1 | x2...
1 0 +2.154003094e+02 -3.895196906e+02 -3.895196906e+02 +0.0000e+00 +0.0000e+00 +0.0000e+00 +0.0000e+00 +0.0000e+00 +0.0000e+00 +0.0000e+00 +0.0000e+00 +0.0000e+00 +0.0000e+00
88 0 +1.968193393e+02 -4.081006607e+02 -4.081006607e+02 +3.3793e+00 +1.0287e+00 -1.4095e+00 +1.4069e+00 +1.4568e+00 -3.0355e+00 +2.6905e-01 -2.2267e+00 +1.0623e+00 +8.8573e-01
92 0 +1.924244001e+02 -4.124955999e+02 -4.124955999e+02 -1.2321e+00 +1.5211e+00 -1.7618e+00 +7.4882e-01 +1.6150e+00 -1.9954e+00 -8.3315e-01 -1.0957e+00 +2.0851e+00 +6.4724e-01
101 0 +1.846685915e+02 -4.202514085e+02 -4.202514085e+02 -7.2052e-01 +2.0821e+00 +1.3190e+00 +1.2205e-01 +1.4676e+00 -1.1790e+00 +3.6701e-01 -2.5004e+00 -6.7018e-01 +7.7541e-01
126 0 +1.591439821e+02 -4.457760179e+02 -4.457760179e+02 -9.7897e-01 +2.3845e+00 +1.3248e+00 -8.7960e-01 +1.0810e+00 -2.7380e+00 +1.6331e+00 -2.6741e+00 -1.6098e+00 +5.9777e-01
189 0 +1.402610496e+02 -4.646589504e+02 -4.646589504e+02 +3.2428e-01 +1.8072e+00 +2.6600e+00 +6.2160e-01 +1.4852e+00 -5.4277e+00 +4.6949e-01 -2.5606e+00 +4.3188e-01 +9.7282e-01
190 0 +1.251267587e+02 -4.797932413e+02 -4.797932413e+02 +3.5799e-02 +1.5848e+00 +6.9409e-01 +1.4057e+00 +2.0111e+00 -3.0110e+00 -9.9788e-01 -1.0241e-01 +1.2033e+00 -1.6205e-01
403 0 +1.213956433e+02 -4.835243567e+02 -4.835243567e+02 -2.2349e+00 +1.4166e+00 +3.0705e+00 +1.3754e+00 +2.4382e+00 -2.3621e+00 +3.4070e-01 -1.2755e+00 -3.3982e-01 -2.2458e-01
455 0 +1.162293327e+02 -4.886906673e+02 -4.886906673e+02 -7.9526e-01 +1.6477e+00 +1.1359e+00 +1.4815e+00 +1.5221e+00 -2.4562e+00 +4.8171e-02 -1.5616e+00 +1.3406e+00 +7.3643e-01
491 0 +8.223120064e+01 -5.226887994e+02 -5.226887994e+02 -9.2355e-01 +1.6761e+00 +2.2369e+00 +2.1436e+00 +1.5144e+00 -4.3507e+00 -5.2264e-01 -2.0951e+00 +5.1858e-01 -1.2466e+00
663 0 +7.893369387e+01 -5.259863061e+02 -5.259863061e+02 -1.3575e+00 +6.9014e-01 +2.8976e+00 +7.6888e-01 +9.0553e-01 -3.3205e+00 -1.0265e+00 -2.3047e+00 +4.9359e-01 -3.6395e-01
700 0 +7.253523799e+01 -5.323847620e+02 -5.323847620e+02 +1.1655e+00 +1.7203e+00 +6.4173e-01 +1.9092e+00 +1.1594e+00 -3.8007e+00 -8.7373e-02 -1.6853e+00 -2.8031e-01 -6.8099e-01
1035 0 +6.730291878e+01 -5.376170812e+02 -5.376170812e+02 +2.2546e+00 -2.1323e-01 +3.0078e+00 +2.6825e+00 +1.8124e+00 -4.9139e+00 -1.5959e-01 -1.6124e+00 +1.2296e+00 +2.8452e-01
1834 0 +6.521656345e+01 -5.397034365e+02 -5.397034365e+02 -1.9103e+00 -5.3688e-02 +7.8644e-01 +2.6828e+00 +7.1276e-01 -3.2908e+00 -6.4458e-02 -1.6175e+00 +7.6408e-01 -7.9047e-01
2004 0 +6.126720354e+01 -5.436527965e+02 -5.436527965e+02 -1.0567e-01 +9.3033e-01 +4.6663e-01 +1.1765e+00 -3.1924e-01 -2.8467e+00 -4.9720e-02 -2.8242e+00 +8.5789e-01 +6.1138e-01
2263 0 +5.639361239e+01 -5.485263876e+02 -5.485263876e+02 -1.2138e+00 -2.7158e+00 +1.1766e+00 +3.2813e+00 -2.6459e-01 -4.4485e+00 +6.9939e-02 -1.5708e+00 -2.2965e-01 +2.8651e-01
3527 0 +4.960542846e+01 -5.553145715e+02 -5.553145715e+02 -8.9954e-01 -1.6766e+00 +2.1780e+00 +2.7467e+00 +9.2380e-01 -4.9130e+00 -1.4625e+00 -2.0393e+00 +4.8761e-01 +2.1756e-01
3841 0 +4.852874644e+01 -5.563912536e+02 -5.563912536e+02 -8.1313e-01 -2.5524e+00 +1.4111e+00 +1.8644e+00 +2.8320e-01 -3.8252e+00 +4.0612e-01 -8.0346e-01 +1.1432e+00 -4.1105e-01
6972 0 +4.290668373e+01 -5.620133163e+02 -5.620133163e+02 +1.3188e-02 -1.8349e+00 +1.9618e+00 +2.7417e+00 +8.8258e-01 -3.9642e+00 -6.1324e-01 -6.9221e-01 +4.8088e-01 +5.9479e-01
8675 0 +3.656682086e+01 -5.683531791e+02 -5.683531791e+02 -3.0081e+00 -1.9035e+00 +4.2614e+00 +2.4807e+00 -7.7450e-01 -3.9213e+00 +3.5138e-01 -1.9719e+00 +5.3367e-01 -8.0563e-02
22750 0 +2.749798208e+01 -5.774220179e+02 -5.774220179e+02 -1.0652e+00 -1.0006e+00 +2.6393e+00 +1.8521e+00 +9.7865e-01 -4.4807e+00 -1.0841e-01 -1.6875e+00 +1.1509e+00 +2.5871e-01
52061 0 +2.451408053e+01 -5.804059195e+02 -5.804059195e+02 -9.5328e-01 -1.0464e+00 +6.7610e-01 +1.1089e+00 -3.2171e-01 -3.3194e+00 +8.0976e-01 -2.0579e+00 +4.9014e-01 -3.5991e-02
100001 0 +2.451408053e+01 -5.804059195e+02 -5.804059195e+02 -9.5328e-01 -1.0464e+00 +6.7610e-01 +1.1089e+00 -3.2171e-01 -3.3194e+00 +8.0976e-01 -2.0579e+00 +4.9014e-01 -3.5991e-02
% f evaluations | g evaluations | best noise-free fitness - Fopt (1.337000000000e+02) + sum g_i+ | measured fitness | best measured fitness or single-digit g-values | x1 | x2...
1 0 +2.765168316e+02 +4.102168316e+02 +4.102168316e+02 +0.0000e+00 +0.0000e+00 +0.0000e+00 +0.0000e+00 +0.0000e+00 +0.0000e+00 +0.0000e+00 +0.0000e+00 +0.0000e+00 +0.0000e+00
24 0 +2.677891644e+02 +4.014891644e+02 +4.014891644e+02 -8.7783e-01 +2.8035e+00 -1.9186e+00 +1.4804e+00 +5.5628e-01 +1.1865e+00 +1.7515e+00 -2.0122e+00 +6.2592e-01 +2.6868e+00
30 0 +2.580666042e+02 +3.917666042e+02 +3.917666042e+02 +6.5830e-01 +9.5958e-01 -3.7408e+00 +2.9950e+00 +6.5103e-01 +5.6028e-01 +3.0398e+00 -2.2943e+00 +1.6542e+00 +2.2187e+00
76 0 +1.972932273e+02 +3.309932273e+02 +3.309932273e+02 -3.6680e+00 +3.9455e+00 -1.8965e+00 -4.1104e-02 -9.9805e-01 +4.0351e+00 +2.0432e+00 -2.4025e+00 +5.1624e-01 +1.0931e+00
225 0 +1.858978861e+02 +3.195978861e+02 +3.195978861e+02 -1.5969e+00 +5.1813e-01 -2.0475e+00 -1.1512e+00 -1.5419e+00 +6.1228e-01 +2.2259e+00 -3.5528e-01 +3.9774e+00 +1.3446e+00
237 0 +1.810910516e+02 +3.147910516e+02 +3.147910516e+02 -7.8954e-01 +6.8368e-01 +1.9157e+00 +7.5643e-01 +7.6893e-02 +1.3296e+00 +3.7148e+00 -1.4662e+00 +1.9233e+00 +1.6819e+00
275 0 +1.717323947e+02 +3.054323947e+02 +3.054323947e+02 +8.2888e-01 +1.3835e+00 -1.2329e+00 +1.5502e+00 -4.8187e-01 +3.0650e+00 +4.8880e-01 -2.4606e+00 +2.8872e+00 +2.3178e-01
282 0 +1.429304239e+02 +2.766304239e+02 +2.766304239e+02 +4.0567e-01 -4.8468e-01 +2.6815e+00 +5.4063e-02 -6.6873e-01 +2.2710e+00 +3.2063e+00 -1.5210e+00 +2.3187e+00 +1.6854e+00
308 0 +1.004391001e+02 +2.341391001e+02 +2.341391001e+02 +4.1603e-01 +1.9868e+00 -3.5033e-01 +1.2076e+00 -1.5553e+00 +4.2964e+00 +1.2774e+00 -2.1551e+00 +1.8086e+00 +7.1780e-01
403 0 +9.293307389e+01 +2.266330739e+02 +2.266330739e+02 +1.2483e+00 +9.4655e-01 +2.4988e+00 +2.4911e+00 -2.2515e+00 +1.0255e+00 +2.4666e+00 -1.5394e+00 +1.5198e+00 +1.0146e+00
603 0 +8.955265581e+01 +2.232526558e+02 +2.232526558e+02 +2.4920e+00 +9.1255e-01 +5.8264e-01 +4.9040e-01 -4.3783e+00 +4.2649e+00 +1.8954e+00 -1.7911e+00 +1.8793e+00 +2.1632e+00
703 0 +8.543590875e+01 +2.191359087e+02 +2.191359087e+02 +4.6189e+00 -1.6166e+00 +3.2286e-01 +1.8424e+00 -4.0478e+00 +2.1871e+00 +9.4414e-01 -2.2631e+00 +1.8397e+00 +2.4826e-01
835 0 +8.243861541e+01 +2.161386154e+02 +2.161386154e+02 +2.9881e+00 +8.0760e-02 -1.8222e+00 +2.6637e+00 -4.4243e+00 +2.6837e+00 +4.5044e-01 -1.9383e+00 +2.9282e+00 +1.4535e+00
891 0 +7.894716457e+01 +2.126471646e+02 +2.126471646e+02 +1.3054e+00 -1.6975e+00 -5.3653e-02 +2.7612e+00 -3.9902e+00 +2.6474e+00 +1.8904e+00 -1.9421e+00 +1.9031e+00 +1.3009e+00
1006 0 +6.655426327e+01 +2.002542633e+02 +2.002542633e+02 +4.1960e-01 -9.2644e-01 -1.1883e+00 -7.7694e-02 -2.9568e+00 +2.7397e+00 +3.1179e+00 -2.3206e+00 +1.9407e+00 +7.2525e-01
1324 0 +6.003362247e+01 +1.937336225e+02 +1.937336225e+02 +1.5014e+00 +8.9060e-01 -1.3106e+00 +3.0529e+00 -3.6088e+00 +2.5777e+00 +3.1435e+00 -8.1338e-01 +2.1394e+00 +4.0393e-01
1591 0 +5.423279435e+01 +1.879327943e+02 +1.879327943e+02 +2.6052e+00 +1.6992e+00 -1.2316e+00 +7.1170e-01 -4.2203e+00 +1.4943e+00 +6.3749e-01 -2.8836e+00 +2.6019e+00 +1.6908e+00
1831 0 +4.869533471e+01 +1.823953347e+02 +1.823953347e+02 +2.5546e+00 -7.0919e-01 +1.2145e+00 +2.4859e+00 -4.1972e+00 +1.4376e+00 +2.8251e+00 -3.1264e+00 +2.6109e+00 +1.0785e+00
3715 0 +4.364103891e+01 +1.773410389e+02 +1.773410389e+02 +3.2827e+00 +1.8185e+00 -3.1220e-01 +3.4541e+00 -3.6852e+00 +2.6080e+00 +1.8161e+00 -2.3911e+00 +2.5487e+00 +1.3697e+00
6014 0 +3.990659433e+01 +1.736065943e+02 +1.736065943e+02 +3.3497e+00 +5.5662e-02 -1.8242e+00 +1.9246e+00 -4.3437e+00 +2.0283e+00 +1.9542e+00 -1.4615e+00 +1.7148e+00 +1.0118e+00
9142 0 +3.837195167e+01 +1.720719517e+02 +1.720719517e+02 +1.3391e+00 +8.2336e-02 -1.2363e+00 +2.6915e+00 -3.7786e+00 +1.5154e+00 +1.5684e+00 -1.0058e+00 +2.2521e+00 +1.0394e+00
12532 0 +3.491422317e+01 +1.686142232e+02 +1.686142232e+02 +2.5288e+00 +1.1168e+00 +1.1087e+00 +2.5786e+00 -3.7750e+00 +2.6487e+00 +1.9271e+00 -1.5683e+00 +2.5860e+00 +3.4688e-01
13133 0 +3.397635895e+01 +1.676763589e+02 +1.676763589e+02 +2.4228e+00 -7.0593e-01 -1.3155e+00 +1.7967e+00 -3.7180e+00 +1.5746e+00 +1.4701e+00 -1.5656e+00 +1.8913e+00 +3.5438e-01
13633 0 +3.068931850e+01 +1.643893185e+02 +1.643893185e+02 +2.5207e+00 +9.6306e-01 -3.2150e-01 +3.3961e+00 -3.6718e+00 +3.7296e+00 +1.4821e+00 -1.9827e+00 +2.2482e+00 +3.1381e-01
48695 0 +2.706026318e+01 +1.607602632e+02 +1.607602632e+02 +5.4343e-01 +9.3860e-01 +3.3249e-01 +1.1418e+00 -4.3653e+00 +1.4140e+00 +2.4167e+00 -1.9000e+00 +2.5944e+00 +3.0477e-01
49538 0 +2.687291591e+01 +1.605729159e+02 +1.605729159e+02 +6.5679e-01 +9.9273e-01 -1.0810e+00 +2.5801e+00 -4.3523e+00 +1.4655e+00 +2.3978e+00 -2.3832e+00 +2.6511e+00 +3.6175e-01
49591 0 +1.929862687e+01 +1.529986269e+02 +1.529986269e+02 +5.9152e-01 +9.0922e-01 -4.3059e-01 +2.5860e+00 -4.3317e+00 +2.0409e+00 +2.4031e+00 -1.9527e+00 +3.0120e+00 +3.5454e-01
70109 0 +1.812489398e+01 +1.518248940e+02 +1.518248940e+02 +5.3016e-01 +9.6991e-01 +4.3867e-01 +2.6436e+00 -4.3107e+00 +1.5491e+00 +2.4017e+00 -1.9437e+00 +3.0489e+00 +3.4812e-01
71632 0 +1.743166964e+01 +1.511316696e+02 +1.511316696e+02 +5.1228e-01 +9.5556e-01 +4.7461e-01 +2.6223e+00 -4.3233e+00 +1.5373e+00 +2.3849e+00 -1.9436e+00 +3.0377e+00 +3.4014e-01
71907 0 +1.721291216e+01 +1.509129122e+02 +1.509129122e+02 +5.1280e-01 +9.5304e-01 +4.8120e-01 +2.6474e+00 -4.3431e+00 +1.5326e+00 +2.4038e+00 -1.9401e+00 +3.0351e+00 +3.3710e-01
72388 0 +1.697119476e+01 +1.506711948e+02 +1.506711948e+02 +5.1793e-01 +9.5850e-01 +4.7181e-01 +2.5661e+00 -4.3397e+00 +1.5298e+00 +2.3966e+00 -1.9458e+00 +3.0355e+00 +3.3553e-01
78411 0 +1.691428886e+01 +1.506142889e+02 +1.506142889e+02 +5.1936e-01 +9.5440e-01 +4.7728e-01 +2.5736e+00 -4.3340e+00 +1.5347e+00 +2.3975e+00 -1.9432e+00 +3.0385e+00 +3.3514e-01
% f evaluations | g evaluations | best noise-free fitness - Fopt (-2.098000000000e+01) + sum g_i+ | measured fitness | best measured fitness or single-digit g-values | x1 | x2...
1 0 +5.101331986e+02 +4.891531986e+02 +4.891531986e+02 +0.0000e+00 +0.0000e+00 +0.0000e+00 +0.0000e+00 +0.0000e+00 +0.0000e+00 +0.0000e+00 +0.0000e+00 +0.0000e+00 +0.0000e+00
14 0 +3.327655101e+02 +3.117855101e+02 +3.117855101e+02 +4.1880e-01 -2.2211e+00 +2.6289e+00 -1.9118e+00 +4.2837e+00 -4.7291e+00 -1.0378e+00 +2.7896e+00 +6.2746e-01 +3.1611e+00
17 0 +2.765569733e+02 +2.555769733e+02 +2.555769733e+02 -2.7087e-01 -2.4134e+00 +2.5924e+00 -6.7431e-01 +2.9817e+00 -4.3341e+00 -3.7939e-01 +2.7117e+00 -1.4526e-01 +3.2248e+00
39 0 +2.439467159e+02 +2.229667159e+02 +2.229667159e+02 -7.9308e-01 -3.1178e+00 +1.8658e+00 +5.1527e-01 +3.9154e+00 -2.4415e+00 -1.9604e+00 +5.6938e+00 -1.6965e-01 +3.2928e+00
108 0 +2.140091210e+02 +1.930291210e+02 +1.930291210e+02 +1.4202e+00 -1.5254e+00 +1.6062e-01 -1.7864e+00 +3.2912e-02 -4.0383e+00 -3.2117e+00 +6.3436e-01 -2.6864e+00 +4.0830e+00
134 0 +1.722993047e+02 +1.513193047e+02 +1.513193047e+02 +1.4552e+00 -1.4091e+00 +9.8214e-01 +1.2133e+00 -1.1601e+00 -2.6126e+00 -2.4371e+00 +3.4211e+00 -2.5244e+00 +1.4562e+00
161 0 +1.658362871e+02 +1.448562871e+02 +1.448562871e+02 -2.0117e+00 -2.4566e+00 +7.4854e-01 +9.5212e-01 +5.5360e-01 +3.8135e-01 -3.5120e+00 +3.7046e+00 -3.2298e+00 +4.0952e+00
162 0 +1.190169649e+02 +9.803696493e+01 +9.803696493e+01 +1.3355e+00 -8.4542e-01 -9.5219e-01 -1.5897e+00 +2.0192e+00 -1.6169e+00 -1.5324e+00 +3.5641e+00 -2.9420e+00 +4.7500e+00
547 0 +1.172575643e+02 +9.627756429e+01 +9.627756429e+01 -1.2096e+00 +9.5584e-01 -8.5360e-01 -2.1109e-01 +1.2717e+00 -3.1167e+00 -3.1479e+00 +3.0928e+00 -1.1326e+00 +3.1003e+00
551 0 +1.146266991e+02 +9.364669911e+01 +9.364669911e+01 +6.2822e-02 +3.4646e+00 -2.5381e+00 -1.7800e+00 +3.0667e+00 -6.0455e-01 -2.5884e+00 +3.5394e+00 -1.3732e+00 +3.2033e+00
559 0 +1.105914978e+02 +8.961149779e+01 +8.961149779e+01 +2.2685e+00 +1.9716e+00 -1.8257e+00 -7.8758e-01 +6.2077e-01 -2.6920e+00 -2.2184e+00 +4.2760e+00 -1.2067e+00 +4.5666e+00
631 0 +1.039138831e+02 +8.293388314e+01 +8.293388314e+01 -4.4698e-01 +3.4643e-01 -2.4091e+00 -7.9100e-01 +1.0155e+00 -2.6536e+00 -2.9738e+00 +3.9436e+00 -2.4701e+00 +3.5378e+00
642 0 +9.449726513e+01 +7.351726513e+01 +7.351726513e+01 +1.9209e+00 +8.7279e-01 -1.3641e+00 +1.4275e+00 +3.6316e+00 -2.6983e+00 -2.4684e+00 +3.8102e+00 -2.8474e+00 +2.6384e+00
648 0 +7.497271783e+01 +5.399271783e+01 +5.399271783e+01 +2.4557e-01 -8.9689e-01 -1.0472e+00 +1.7113e+00 +2.1794e+00 -2.5342e+00 -3.0318e+00 +3.9348e+00 -2.0766e+00 +3.1544e+00
923 0 +7.063543895e+01 +4.965543895e+01 +4.965543895e+01 +2.9076e+00 +8.9214e-01 +1.0268e+00 -1.5511e+00 +2.5710e+00 -2.5616e+00 -2.3291e+00 +3.3939e+00 -2.1727e+00 +3.7467e+00
974 0 +5.239198457e+01 +3.141198457e+01 +3.141198457e+01 +3.3313e+00 +1.9386e+00 +1.7173e-01 +1.0993e+00 +1.9180e+00 -2.6452e+00 -3.5463e+00 +4.1553e+00 -1.4417e+00 +3.4709e+00
1670 0 +4.748816101e+01 +2.650816101e+01 +2.650816101e+01 +2.2226e+00 +3.5066e+00 -5.7726e-01 +9.9471e-01 +1.3837e+00 -2.1420e+00 -2.5370e+00 +3.9359e+00 -1.4584e+00 +4.1998e+00
4101 0 +3.790255323e+01 +1.692255323e+01 +1.692255323e+01 +1.8889e+00 +1.1590e+00 +1.5247e-01 +2.6953e-01 +1.7530e+00 -2.5832e+00 -3.4609e+00 +4.3252e+00 -2.4484e+00 +4.2108e+00
12496 0 +2.771387793e+01 +6.733877932e+00 +6.733877932e+00 +9.4569e-02 +2.7018e+00 -1.0883e+00 +1.1063e+00 +2.5345e+00 -2.6547e+00 -3.4747e+00 +4.2832e+00 -1.3385e+00 +4.1467e+00
42947 0 +2.155729565e+01 +5.772956481e-01 +5.772956481e-01 +2.0094e+00 +1.0030e+00 +1.0927e+00 +1.1413e+00 +2.6356e+00 -2.1043e+00 -2.5598e+00 +3.8463e+00 -2.8724e+00 +4.1637e+00
100001 0 +2.155729565e+01 +5.772956481e-01 +5.772956481e-01 +2.0094e+00 +1.0030e+00 +1.0927e+00 +1.1413e+00 +2.6356e+00 -2.1043e+00 -2.5598e+00 +3.8463e+00 -2.8724e+00 +4.1637e+00
% f evaluations | g evaluations | best noise-free fitness - Fopt (1.353300000000e+02) + sum g_i+ | measured fitness | best measured fitness or single-digit g-values | x1 | x2...
1 0 +5.310119462e+02 +6.663419462e+02 +6.663419462e+02 +0.0000e+00 +0.0000e+00 +0.0000e+00 +0.0000e+00 +0.0000e+00 +0.0000e+00 +0.0000e+00 +0.0000e+00 +0.0000e+00 +0.0000e+00
3 0 +3.792766762e+02 +5.146066762e+02 +5.146066762e+02 -2.3563e+00 +8.8688e-01 -1.0958e+00 +2.9241e+00 +2.6080e+00 -4.3249e+00 -2.0285e+00 +2.4943e-01 -3.8104e+00 -1.8530e+00
21 0 +2.934011634e+02 +4.287311634e+02 +4.287311634e+02 -2.5369e+00 +2.1552e+00 -2.4171e-01 +7.3901e-01 +9.3071e-01 -4.8530e+00 -5.1103e-01 +7.6083e-01 -2.7788e+00 -3.3687e+00
38 0 +2.523405309e+02 +3.876705309e+02 +3.876705309e+02 -1.2637e+00 -1.6861e+00 -3.4743e+00 -1.7843e+00 -3.5426e-01 -1.0021e+00 -1.7133e+00 +3.7341e-01 -1.0495e+00 -2.0240e+00
142 0 +2.417857415e+02 +3.771157415e+02 +3.771157415e+02 -1.2801e+00 +6.3631e+00 -4.3046e-01 +7.7350e-01 +3.0528e+00 -2.6512e+00 +2.1552e-02 +1.4774e+00 -1.0120e+00 -2.4287e+00
195 0 +2.136787372e+02 +3.490087372e+02 +3.490087372e+02 -1.5581e+00 -6.3206e-01 -1.9244e+00 -6.7564e-01 -7.4191e-02 +1.5214e-01 -1.9627e+00 +9.9471e-01 -1.5622e+00 -1.7744e+00
244 0 +2.083610953e+02 +3.436910953e+02 +3.436910953e+02 -3.5602e+00 +2.3808e+00 -2.2100e+00 -9.7023e-01 +1.6915e+00 +1.8813e+00 +1.3632e+00 +2.6515e+00 -1.0089e+00 -2.8933e+00
253 0 +1.842558481e+02 +3.195858481e+02 +3.195858481e+02 -5.3226e+00 +1.8429e+00 +1.0275e-01 -7.4207e-02 +3.5279e+00 -2.5095e+00 -4.7243e-01 +2.4600e+00 -1.8158e+00 -2.7980e+00
308 0 +1.780342495e+02 +3.133642495e+02 +3.133642495e+02 -1.7345e-01 +6.1263e-01 -5.3395e-01 -9.2509e-01 -1.5186e-01 -5.9627e-01 +6.0011e-01 +3.4599e+00 -2.3512e+00 -1.6111e+00
335 0 +1.731907919e+02 +3.085207919e+02 +3.085207919e+02 +1.5655e+00 -9.0917e-01 +3.0333e+00 -7.9191e-01 +4.8876e+00 -3.4661e-02 +2.2944e+00 +4.4278e+00 -1.5646e+00 -2.9997e+00
342 0 +1.539631803e+02 +2.892931803e+02 +2.892931803e+02 -2.4556e+00 -1.5110e+00 +1.1954e+00 -2.1423e-01 +2.5355e+00 +8.0487e-01 -1.4868e+00 +5.0462e+00 -7.7124e-01 -1.9813e+00
415 0 +1.424406222e+02 +2.777706222e+02 +2.777706222e+02 -3.2439e+00 +1.3953e-01 +8.7157e-01 -1.9997e+00 +2.9779e-01 +9.8218e-01 +8.9004e-01 +3.3567e+00 -1.8919e+00 -3.7287e+00
435 0 +1.168559268e+02 +2.521859268e+02 +2.521859268e+02 -2.0472e-02 +9.2437e-01 -1.1829e+00 -8.0342e-01 +2.6616e-01 -5.2862e-02 -3.9906e-01 +2.3780e+00 -2.4751e+00 -3.4800e+00
601 0 +1.120541482e+02 +2.473841482e+02 +2.473841482e+02 -3.2227e+00 +7.4189e-01 -1.0553e+00 -2.4303e+00 +1.4673e+00 +4.9015e-01 -1.9544e-01 +3.4409e+00 -2.4378e+00 -3.4803e+00
792 0 +9.041273222e+01 +2.257427322e+02 +2.257427322e+02 -3.0737e+00 +1.1270e+00 +9.4209e-01 -2.2368e+00 +2.5432e+00 +1.5203e+00 -1.4104e+00 +3.1788e+00 -1.7413e+00 -3.1464e+00
794 0 +7.437218355e+01 +2.097021836e+02 +2.097021836e+02 -3.4238e+00 -9.4823e-02 +2.3823e+00 -3.2935e+00 +3.3556e+00 +1.8473e-02 -1.4886e+00 +2.6239e+00 -2.8010e+00 -4.0490e+00
1155 0 +6.769621458e+01 +2.030262146e+02 +2.030262146e+02 -2.6537e+00 -7.8756e-01 +2.4862e+00 -3.3644e+00 +3.7476e+00 +6.3364e-01 -5.8692e-01 +3.4646e+00 -2.1529e+00 -3.1653e+00
2313 0 +5.007869452e+01 +1.854086945e+02 +1.854086945e+02 +4.2832e-01 +1.4140e+00 +1.1358e-01 -2.0198e+00 +3.0764e+00 -6.7327e-01 -1.8991e+00 +3.5825e+00 -2.5637e+00 -3.1417e+00
4628 0 +4.123456504e+01 +1.765645650e+02 +1.765645650e+02 +3.9021e-01 +1.0552e+00 +1.0483e+00 -1.9727e+00 +2.0742e+00 -1.0749e+00 -1.8432e+00 +3.4942e+00 -2.1166e+00 -3.4234e+00
5460 0 +2.816114967e+01 +1.634911497e+02 +1.634911497e+02 +1.5663e+00 -1.5747e+00 +1.8050e+00 -2.5650e+00 +2.5913e+00 -5.0213e-01 -1.3535e+00 +3.4817e+00 -2.5455e+00 -3.1196e+00
45575 0 +2.671397426e+01 +1.620439743e+02 +1.620439743e+02 +1.5547e+00 +9.5822e-02 +1.1164e-01 -1.4048e+00 +3.0912e+00 -6.2022e-01 -1.0163e+00 +3.6283e+00 -2.4915e+00 -2.8105e+00
100001 0 +2.671397426e+01 +1.620439743e+02 +1.620439743e+02 +1.5547e+00 +9.5822e-02 +1.1164e-01 -1.4048e+00 +3.0912e+00 -6.2022e-01 -1.0163e+00 +3.6283e+00 -2.4915e+00 -2.8105e+00
% f evaluations | g evaluations | best noise-free fitness - Fopt (4.066000000000e+01) + sum g_i+ | measured fitness | best measured fitness or single-digit g-values | x1 | x2...
1 0 +3.571344595e+02 +3.977944595e+02 +3.977944595e+02 +0.0000e+00 +0.0000e+00 +0.0000e+00 +0.0000e+00 +0.0000e+00 +0.0000e+00 +0.0000e+00 +0.0000e+00 +0.0000e+00 +0.0000e+00
18 0 +2.504503063e+02 +2.911103063e+02 +2.911103063e+02 +6.1001e+00 +1.1486e+00 +1.0913e+00 -6.6949e+00 -2.7816e+00 +1.2917e+00 -4.0593e+00 -1.4637e+00 +1.5420e+00 +1.8355e+00
246 0 +2.349229148e+02 +2.755829148e+02 +2.755829148e+02 +2.1094e+00 +1.2075e+00 +3.6313e-02 -1.4992e+00 -9.6131e-01 +2.5089e+00 -8.0848e-01 +6.8371e-02 +3.3140e+00 +4.7434e-01
301 0 +2.267561576e+02 +2.674161576e+02 +2.674161576e+02 -2.6461e+00 +1.7021e+00 +6.4150e-01 -9.2436e-01 -7.7972e-02 +1.0059e+00 -1.9076e+00 -1.0719e+00 +2.3491e+00 +1.1724e+00
334 0 +1.917775708e+02 +2.324375708e+02 +2.324375708e+02 -8.4453e-01 -9.4485e-01 +4.9684e-01 -1.7524e+00 +1.2153e+00 +1.2336e+00 -1.9059e+00 -1.4002e+00 +4.1946e+00 +2.2595e+00
364 0 +1.165417983e+02 +1.572017983e+02 +1.572017983e+02 +1.1636e+00 -7.0033e-01 +2.5291e+00 -8.9783e-01 +1.1406e+00 -1.2906e+00 -1.7419e+00 -1.7059e+00 +2.0998e+00 +1.5900e+00
381 0 +9.139121431e+01 +1.320512143e+02 +1.320512143e+02 +2.0950e+00 -1.0382e-01 +3.7179e+00 -2.0549e+00 +5.9079e-01 +5.9043e-02 -2.0302e+00 -1.4052e+00 +2.1167e+00 +1.5055e+00
459 0 +8.415780757e+01 +1.248178076e+02 +1.248178076e+02 +4.0919e+00 +2.2149e+00 +2.4775e+00 -2.0801e+00 +1.1324e+00 +8.0426e-01 -2.6835e+00 -4.5753e+00 +2.2040e+00 +1.8638e+00
676 0 +5.343541580e+01 +9.409541580e+01 +9.409541580e+01 +4.2172e+00 +1.9586e+00 +1.7104e+00 -2.1445e+00 +1.7342e+00 -4.9064e-03 -2.2121e+00 -2.9428e+00 +3.2689e+00 +2.3031e+00
1477 0 +5.195543001e+01 +9.261543001e+01 +9.261543001e+01 +2.8029e+00 +2.0937e+00 +4.6850e+00 -1.7915e+00 +1.7424e+00 +5.9117e-02 -2.1626e+00 -2.9560e+00 +2.6891e+00 +2.3844e+00
3849 0 +5.086552799e+01 +9.152552799e+01 +9.152552799e+01 +2.9871e+00 +7.9753e-01 +3.8024e+00 -2.6533e+00 +1.1927e+00 +1.0568e+00 -2.2353e+00 -2.9613e+00 +2.8333e+00 +2.0496e+00
4511 0 +4.868128035e+01 +8.934128035e+01 +8.934128035e+01 +4.5234e+00 +1.1119e+00 +3.9604e+00 -2.6623e+00 +2.3175e+00 +5.0518e-01 -2.6414e+00 -3.3610e+00 +3.1787e+00 +2.7002e+00
7674 0 +4.544240624e+01 +8.610240624e+01 +8.610240624e+01 +3.0858e+00 +1.1951e+00 +4.5813e+00 -1.7683e+00 +1.8886e+00 +1.5827e+00 -1.1965e+00 -2.5239e+00 +1.7018e+00 +2.7405e+00
9830 0 +4.372924232e+01 +8.438924232e+01 +8.438924232e+01 +1.4306e+00 -4.3944e-01 +3.9961e+00 -3.4663e+00 +5.9488e-01 -7.2559e-02 -2.5813e+00 -3.4433e+00 +2.1576e+00 +2.3908e+00
10184 0 +4.001506003e+01 +8.067506003e+01 +8.067506003e+01 +2.0945e+00 +2.5267e-01 +3.9724e+00 -2.7740e+00 +1.1786e+00 +1.9471e-01 -2.5863e+00 -2.0423e+00 +2.0865e+00 +2.7020e+00
10279 0 +3.936810680e+01 +8.002810680e+01 +8.002810680e+01 +3.0898e+00 +1.2232e+00 +3.8735e+00 -2.7291e+00 +4.0546e-01 +6.6773e-01 -2.5742e+00 -2.5353e+00 +2.1878e+00 +2.9377e+00
10412 0 +3.650224574e+01 +7.716224574e+01 +7.716224574e+01 +2.0178e+00 +2.2066e+00 +3.9921e+00 -1.9041e+00 +1.7177e+00 -1.0756e-02 -1.6333e+00 -2.9285e+00 +2.1367e+00 +2.8395e+00
13450 0 +3.040213457e+01 +7.106213457e+01 +7.106213457e+01 +2.1170e+00 +2.2178e+00 +3.9058e+00 -1.4885e+00 +1.6781e+00 -1.2498e-02 -2.2263e+00 -2.4173e+00 +2.1912e+00 +2.6632e+00
18586 0 +2.993635579e+01 +7.059635579e+01 +7.059635579e+01 +1.2778e+00 +6.0377e-01 +3.9850e+00 -3.4665e+00 +1.7410e+00 +3.9927e-02 -2.6286e+00 -2.9216e+00 +2.1671e+00 +2.6977e+00
20545 0 +2.377159879e+01 +6.443159879e+01 +6.443159879e+01 +2.1840e+00 +2.1495e+00 +3.8201e+00 -3.9450e+00 +2.3199e+00 +6.3114e-01 -2.6334e+00 -2.9141e+00 +2.1648e+00 +2.0137e+00
26492 0 +2.151989150e+01 +6.217989150e+01 +6.217989150e+01 +1.1892e+00 +1.2504e+00 +3.8965e+00 -2.7655e+00 +1.7942e+00 +6.0284e-01 -2.6580e+00 -3.3882e+00 +2.1460e+00 +2.9806e+00
37828 0 +1.933557421e+01 +5.999557421e+01 +5.999557421e+01 +4.0721e+00 +2.0071e-01 +3.9208e+00 -2.7128e+00 +1.1271e+00 +4.7277e-02 -2.6502e+00 -2.9294e+00 +2.1392e+00 +2.7014e+00
39496 0 +1.858835400e+01 +5.924835400e+01 +5.924835400e+01 +3.0646e+00 +1.0430e+00 +3.9856e+00 -1.9834e+00 +1.7950e+00 +2.1274e-02 -2.6264e+00 -2.9274e+00 +2.1617e+00 +2.6849e+00
40624 0 +1.663160600e+01 +5.729160600e+01 +5.729160600e+01 +3.1666e+00 +1.3534e+00 +3.9764e+00 -1.9375e+00 +1.0836e+00 +1.0063e-01 -1.6540e+00 -2.9384e+00 +2.1457e+00 +2.7038e+00
40851 0 +1.551996485e+01 +5.617996485e+01 +5.617996485e+01 +3.0717e+00 +2.1628e+00 +3.9228e+00 -2.0848e+00 +1.1658e+00 +6.9083e-02 -1.2087e+00 -2.9438e+00 +2.1461e+00 +2.6786e+00
41269 0 +1.370484075e+01 +5.436484075e+01 +5.436484075e+01 +3.0087e+00 +1.1874e+00 +3.9148e+00 -1.8861e+00 +1.6628e+00 +2.6981e-02 -2.6507e+00 -2.9059e+00 +2.1942e+00 +2.7143e+00
42534 0 +1.181391306e+01 +5.247391306e+01 +5.247391306e+01 +2.9816e+00 +1.2446e+00 +3.9821e+00 -1.9047e+00 +1.7719e+00 +1.6394e-02 -2.1207e+00 -2.9062e+00 +2.1901e+00 +2.6877e+00
42954 0 +1.110583944e+01 +5.176583944e+01 +5.176583944e+01 +3.0454e+00 +1.1762e+00 +3.9509e+00 -1.8764e+00 +1.0748e+00 +9.0109e-02 -2.1827e+00 -2.9452e+00 +2.1744e+00 +2.7266e+00
44917 0 +1.040128041e+01 +5.106128041e+01 +5.106128041e+01 +3.0895e+00 +1.1872e+00 +3.9661e+00 -1.9565e+00 +1.1114e+00 -7.0742e-03 -2.1887e+00 -2.9108e+00 +2.1713e+00 +2.7163e+00
45285 0 +9.762582342e+00 +5.042258234e+01 +5.042258234e+01 +3.0681e+00 +1.2927e+00 +3.9094e+00 -1.9746e+00 +1.0190e+00 +3.2126e-02 -2.1173e+00 -2.9230e+00 +2.1648e+00 +2.7141e+00
45613 0 +8.553145565e+00 +4.921314557e+01 +4.921314557e+01 +3.0856e+00 +1.2599e+00 +3.9540e+00 -1.9386e+00 +1.0617e+00 +1.1166e-03 -2.6305e+00 -2.9427e+00 +2.1575e+00 +2.6928e+00
47836 0 +8.484855275e+00 +4.914485527e+01 +4.914485527e+01 +3.0175e+00 +1.2421e+00 +3.8904e+00 -2.0067e+00 +1.0931e+00 +5.1022e-02 -2.6307e+00 -2.9560e+00 +2.1644e+00 +2.7007e+00
47842 0 +8.222861774e+00 +4.888286177e+01 +4.888286177e+01 +3.0617e+00 +1.2371e+00 +3.9225e+00 -1.9851e+00 +1.0584e+00 +2.9709e-02 -2.6419e+00 -2.9456e+00 +2.1775e+00 +2.6789e+00
47982 0 +7.874930505e+00 +4.853493051e+01 +4.853493051e+01 +3.0281e+00 +1.2134e+00 +3.9371e+00 -1.9653e+00 +1.0883e+00 +4.3011e-02 -2.6059e+00 -2.9353e+00 +2.1689e+00 +2.7153e+00
48056 0 +7.663700557e+00 +4.832370056e+01 +4.832370056e+01 +3.0343e+00 +1.2838e+00 +3.9315e+00 -1.9890e+00 +1.0906e+00 +5.0833e-02 -2.6174e+00 -2.9315e+00 +2.1668e+00 +2.7099e+00
48081 0 +7.517668694e+00 +4.817766869e+01 +4.817766869e+01 +3.0384e+00 +1.2540e+00 +3.9221e+00 -1.9685e+00 +1.1048e+00 +3.4147e-02 -2.6183e+00 -2.9379e+00 +2.1588e+00 +2.6891e+00
48217 0 +7.170004131e+00 +4.783000413e+01 +4.783000413e+01 +3.0530e+00 +1.2594e+00 +3.9199e+00 -2.0533e+00 +1.0760e+00 +4.2346e-02 -2.6162e+00 -2.9429e+00 +2.1708e+00 +2.7031e+00
48758 0 +7.063049319e+00 +4.772304932e+01 +4.772304932e+01 +3.0391e+00 +1.2473e+00 +3.9187e+00 -2.0397e+00 +1.0753e+00 +2.8824e-02 -2.6167e+00 -2.9332e+00 +2.1710e+00 +2.6973e+00
55153 0 +6.964713401e+00 +4.762471340e+01 +4.762471340e+01 +3.0520e+00 +1.2472e+00 +3.9240e+00 -2.0424e+00 +1.0804e+00 +3.1488e-02 -2.6140e+00 -2.9357e+00 +2.1670e+00 +2.6978e+00
