% f evaluations | g evaluations | best noise-free fitness - Fopt (-4.620900000000e+02) + sum g_i+ | measured fitness | best measured fitness or single-digit g-values | x1 | x2...
1 0 +1.270868857e+02 -3.350031143e+02 -3.350031143e+02 +0.0000e+00 +0.0000e+00 +0.0000e+00 +0.0000e+00 +0.0000e+00
11 0 +1.201442958e+02 -3.419457042e+02 -3.419457042e+02 +3.7015e+00 +3.5332e+00 +4.9171e+00 -8.5276e-01 +2.5360e+00
31 0 +8.083993226e+01 -3.812500677e+02 -3.812500677e+02 +1.1068e+00 +2.2008e+00 +1.7656e+00 +8.1452e-01 +3.4863e+00
67 0 +7.100459933e+01 -3.910854007e+02 -3.910854007e+02 -2.0097e+00 +2.4859e+00 +3.0627e+00 +2.6704e-01 +3.7523e+00
84 0 +6.633070284e+01 -3.957592972e+02 -3.957592972e+02 -4.0997e+00 +3.0439e+00 -6.0772e-01 -3.2489e-01 +2.9130e+00
110 0 +6.571579116e+01 -3.963742088e+02 -3.963742088e+02 +1.4415e+00 +1.4527e+00 +3.2070e+00 +1.8907e+00 +2.7606e+00
148 0 +5.909696440e+01 -4.029930356e+02 -4.029930356e+02 +5.8069e-01 +2.2991e+00 +1.6280e+00 -1.3531e+00 +3.4439e+00
152 0 +3.268161161e+01 -4.294083884e+02 -4.294083884e+02 -4.9818e-01 +3.0489e+00 +6.4110e-01 +2.2355e-01 +1.9901e+00
401 0 +2.928934805e+01 -4.328006519e+02 -4.328006519e+02 -2.0918e+00 +2.9966e+00 +2.2468e+00 +8.6179e-01 +1.6427e+00
450 0 +2.372256260e+01 -4.383674374e+02 -4.383674374e+02 +6.5298e-01 +9.1898e-01 +2.7630e+00 +7.3790e-01 +3.0758e+00
505 0 +1.274075591e+01 -4.493492441e+02 -4.493492441e+02 -1.3305e+00 +2.9562e+00 +2.3326e+00 +3.2029e-01 +2.6828e+00
719 0 +9.981521749e+00 -4.521084783e+02 -4.521084783e+02 -2.3393e+00 +3.0982e+00 +2.2761e+00 +2.8527e-01 +2.0297e+00
1554 0 +4.481648023e+00 -4.576083520e+02 -4.576083520e+02 -2.2727e+00 +3.0852e+00 +2.2105e+00 +3.5027e-01 +2.3172e+00
2497 0 +4.235614498e+00 -4.578543855e+02 -4.578543855e+02 -3.3007e+00 +3.1236e+00 +2.2465e+00 +7.2924e-01 +2.6790e+00
6173 0 +3.769142243e+00 -4.583208578e+02 -4.583208578e+02 -2.3805e+00 +3.0772e+00 +2.2544e+00 +7.4985e-01 +2.2803e+00
11667 0 +3.572512670e+00 -4.585174873e+02 -4.585174873e+02 -2.3062e+00 +3.0467e+00 +2.2010e+00 +3.2876e-01 +2.2827e+00
13100 0 +3.331913081e+00 -4.587580869e+02 -4.587580869e+02 -2.2790e+00 +3.0793e+00 +2.2037e+00 +3.3462e-01 +2.3003e+00
13801 0 +2.768777715e+00 -4.593212223e+02 -4.593212223e+02 -2.3643e+00 +3.0683e+00 +2.2249e+00 +3.3071e-01 +2.2961e+00
19500 0 +2.768777715e+00 -4.593212223e+02 -4.593212223e+02 -2.3643e+00 +3.0683e+00 +2.2249e+00 +3.3071e-01 +2.2961e+00
% f evaluations | g evaluations | best noise-free fitness - Fopt (7.766000000000e+01) + sum g_i+ | measured fitness | best measured fitness or single-digit g-values | x1 | x2...
1 0 +2.502431191e+02 +3.279031191e+02 +3.279031191e+02 +0.0000e+00 +0.0000e+00 +0.0000e+00 +0.0000e+00 +0.0000e+00
2 0 +2.404367532e+02 +3.180967532e+02 +3.180967532e+02 -3.4317e+00 +2.2945e+00 -1.6083e+00 -7.7410e-01 -3.9309e+00
4 0 +1.869812347e+02 +2.646412347e+02 +2.646412347e+02 +3.8735e+00 -2.2828e+00 -9.1270e-01 -1.0059e+00 -9.2230e-01
11 0 +1.747391804e+02 +2.523991804e+02 +2.523991804e+02 +1.9710e+00 -2.4546e+00 -1.7173e+00 -2.4128e-01 -1.2574e+00
12 0 +1.222350016e+02 +1.998950016e+02 +1.998950016e+02 +1.7248e+00 +6.7556e-01 -2.3544e+00 +5.0778e-01 -8.4857e-01
17 0 +1.180623528e+02 +1.957223528e+02 +1.957223528e+02 +4.3667e+00 +6.8045e-01 -1.7895e+00 +5.2899e-01 -7.9755e-01
18 0 +9.318413474e+01 +1.708441347e+02 +1.708441347e+02 +1.0488e+00 -1.6943e+00 -1.2280e+00 +6.7362e-01 -8.7099e-01
51 0 +7.608249656e+01 +1.537424966e+02 +1.537424966e+02 -1.3303e-01 +1.4527e+00 -1.6753e+00 +3.7846e+00 -1.7707e+00
58 0 +7.222028824e+01 +1.498802882e+02 +1.498802882e+02 +5.0682e-01 +1.3477e+00 -1.8977e-01 +2.9617e+00 -6.8909e-01
64 0 +5.365482458e+01 +1.313148246e+02 +1.313148246e+02 +2.8482e-01 -2.7289e+00 -1.1391e+00 +2.1869e+00 -2.7748e+00
115 0 +4.162004761e+01 +1.192800476e+02 +1.192800476e+02 +1.4442e+00 +5.5827e-01 -4.6214e-01 +3.2403e+00 -1.3466e+00
124 0 +1.678398326e+01 +9.444398326e+01 +9.444398326e+01 +3.5152e+00 -1.6312e+00 -1.2866e+00 +3.2792e+00 -2.0424e+00
588 0 +1.075709594e+01 +8.841709594e+01 +8.841709594e+01 +3.4303e+00 -2.2833e+00 -1.3299e+00 +3.3443e+00 -2.7729e+00
1602 0 +9.182285345e+00 +8.684228534e+01 +8.684228534e+01 +1.3688e+00 -7.9585e-01 -1.3385e+00 +3.8191e+00 -2.0752e+00
3988 0 +8.504028233e+00 +8.616402823e+01 +8.616402823e+01 +2.2606e+00 -1.6464e+00 -1.8410e+00 +3.3088e+00 -2.0625e+00
6845 0 +5.432441116e+00 +8.309244112e+01 +8.309244112e+01 +3.4000e+00 -8.1239e-01 -6.7577e-01 +3.3173e+00 -2.4700e+00
18453 0 +3.517823691e+00 +8.117782369e+01 +8.117782369e+01 +2.2953e+00 -8.8614e-01 -1.3020e+00 +3.3461e+00 -2.4730e+00
18891 0 +3.414157340e+00 +8.107415734e+01 +8.107415734e+01 +2.4849e+00 -8.3670e-01 -1.2277e+00 +3.3002e+00 -2.4724e+00
21219 0 +2.524783117e+00 +8.018478312e+01 +8.018478312e+01 +2.3801e+00 -5.2866e-02 -1.2909e+00 +2.9106e+00 -2.4694e+00
28222 0 +2.524783117e+00 +8.018478312e+01 +8.018478312e+01 +2.3801e+00 -5.2866e-02 -1.2909e+00 +2.9106e+00 -2.4694e+00
% f evaluations | g evaluations | best noise-free fitness - Fopt (1.156800000000e+02) + sum g_i+ | measured fitness | best measured fitness or single-digit g-values | x1 | x2...
1 0 +4.301878994e+02 +5.458678994e+02 +5.458678994e+02 +0.0000e+00 +0.0000e+00 +0.0000e+00 +0.0000e+00 +0.0000e+00
4 0 +3.659823696e+02 +4.816623696e+02 +4.816623696e+02 -3.2755e+00 -2.6387e+00 -3.1789e+00 -4.3281e+00 -2.6417e+00
9 0 +1.467109729e+02 +2.623909729e+02 +2.623909729e+02 +4.7099e-01 -2.4848e+00 +3.2903e+00 +2.0559e+00 -4.6901e+00
10 0 +1.384355424e+02 +2.541155424e+02 +2.541155424e+02 +1.8366e+00 -7.2402e-01 +4.1957e+00 +3.0993e+00 -3.8079e+00
13 0 +1.306957671e+02 +2.463757671e+02 +2.463757671e+02 +5.0386e-01 -3.6809e+00 +1.1913e+00 +2.4286e+00 -4.8989e+00
19 0 +8.474738190e+01 +2.004273819e+02 +2.004273819e+02 +3.6520e-01 -2.0732e+00 -1.4188e+00 +2.4873e+00 -2.6326e+00
122 0 +5.336482557e+01 +1.690448256e+02 +1.690448256e+02 -2.7889e-01 +1.1150e+00 +7.3941e-01 +2.0652e+00 -2.9698e+00
218 0 +5.087220796e+01 +1.665522080e+02 +1.665522080e+02 -1.2598e+00 +1.8486e+00 -4.0455e-01 +3.5198e+00 -2.4668e+00
258 0 +3.781990507e+01 +1.534999051e+02 +1.534999051e+02 -3.7602e+00 -9.9602e-01 +1.3649e+00 +3.0358e+00 -3.5276e+00
336 0 +2.652587004e+01 +1.422058700e+02 +1.422058700e+02 -2.1870e+00 -9.2251e-01 +3.2691e-01 +2.6780e+00 -2.7518e+00
391 0 +2.309140715e+01 +1.387714071e+02 +1.387714071e+02 -1.8800e+00 -9.8911e-01 -3.9987e-01 +3.0188e+00 -3.1866e+00
489 0 +1.436469150e+01 +1.300446915e+02 +1.300446915e+02 -1.2747e+00 -2.3612e+00 +7.7512e-01 +3.1548e+00 -3.6009e+00
798 0 +1.085772591e+01 +1.265377259e+02 +1.265377259e+02 -3.1982e+00 -1.6796e+00 +2.3967e-01 +3.0681e+00 -3.5546e+00
898 0 +9.555649317e+00 +1.252356493e+02 +1.252356493e+02 -2.2644e+00 -1.0458e+00 -2.6254e-01 +2.6211e+00 -3.5950e+00
3019 0 +8.087191480e+00 +1.237671915e+02 +1.237671915e+02 -2.2259e+00 -1.6278e-01 +8.0209e-01 +2.6605e+00 -4.2982e+00
4068 0 +6.289660351e+00 +1.219696604e+02 +1.219696604e+02 -2.1033e+00 -9.8108e-01 +2.6240e-01 +2.6910e+00 -4.2823e+00
9342 0 +5.908028553e+00 +1.215880286e+02 +1.215880286e+02 -2.1453e+00 -1.8950e-01 +2.5482e-01 +3.0986e+00 -4.2759e+00
9533 0 +5.849716117e+00 +1.215297161e+02 +1.215297161e+02 -2.1815e+00 -1.8144e+00 +2.7122e-01 +3.0837e+00 -4.2848e+00
9982 0 +5.597104955e+00 +1.212771050e+02 +1.212771050e+02 -2.1905e+00 -1.0107e+00 +2.3350e-01 +3.0566e+00 -4.2938e+00
10113 0 +5.189968061e+00 +1.208699681e+02 +1.208699681e+02 -2.2563e+00 -9.6346e-01 +2.4106e-01 +3.0804e+00 -4.2971e+00
11424 0 +5.123381817e+00 +1.208033818e+02 +1.208033818e+02 -2.2037e+00 -1.4491e-01 +2.4858e-01 +3.0885e+00 -4.2920e+00
11588 0 +4.996273064e+00 +1.206762731e+02 +1.206762731e+02 -2.1742e+00 -1.5743e-01 +2.4842e-01 +3.0902e+00 -4.2913e+00
14319 0 +4.974790248e+00 +1.206547902e+02 +1.206547902e+02 -2.1784e+00 -1.5198e-01 +2.4480e-01 +3.0888e+00 -4.2921e+00
% f evaluations | g evaluations | best noise-free fitness - Fopt (-3.710000000000e+00) + sum g_i+ | measured fitness | best measured fitness or single-digit g-values | x1 | x2...
1 0 +2.700190966e+02 +2.663090966e+02 +2.663090966e+02 +0.0000e+00 +0.0000e+00 +0.0000e+00 +0.0000e+00 +0.0000e+00
7 0 +1.547730988e+02 +1.510630988e+02 +1.510630988e+02 -2.4540e-01 +1.6495e+00 +2.4847e+00 +4.7161e-01 +1.9774e+00
18 0 +1.062621570e+02 +1.025521570e+02 +1.025521570e+02 +2.7860e+00 +6.1409e-01 +2.0403e-01 +8.5975e-01 +3.7675e+00
51 0 +1.030359857e+02 +9.932598566e+01 +9.932598566e+01 +9.2219e-01 +1.1119e+00 -1.0557e+00 +3.5323e+00 +1.8467e+00
57 0 +6.639629970e+01 +6.268629970e+01 +6.268629970e+01 +2.1952e+00 -4.3276e-01 +2.5329e-01 +2.9567e+00 +4.2698e+00
179 0 +5.251023725e+01 +4.880023725e+01 +4.880023725e+01 +3.5852e+00 -4.5365e+00 +2.5938e+00 +3.5518e+00 +3.8518e+00
192 0 +5.247845025e+01 +4.876845025e+01 +4.876845025e+01 +4.9876e+00 -6.8737e-01 +1.7912e+00 +2.9864e+00 +4.2192e+00
196 0 +3.884561924e+01 +3.513561924e+01 +3.513561924e+01 +2.7762e+00 -5.9060e-01 +2.8289e+00 +3.9141e+00 +3.0694e+00
422 0 +2.975095381e+01 +2.604095381e+01 +2.604095381e+01 +3.1521e+00 -1.7773e+00 +1.7577e+00 +3.0990e+00 +2.4497e+00
454 0 +2.715252816e+01 +2.344252816e+01 +2.344252816e+01 +1.2350e+00 -2.2475e+00 +1.2832e+00 +3.5084e+00 +2.2463e+00
552 0 +2.565577886e+01 +2.194577886e+01 +2.194577886e+01 +4.0761e+00 -1.3623e+00 +2.3963e+00 +4.4357e+00 +2.8145e+00
729 0 +2.013321893e+01 +1.642321893e+01 +1.642321893e+01 +4.9691e+00 -2.2213e+00 +1.8402e+00 +4.3600e+00 +2.8625e+00
968 0 +1.641921606e+01 +1.270921606e+01 +1.270921606e+01 +3.3889e+00 -2.2103e+00 +1.8058e+00 +3.4995e+00 +3.5394e+00
975 0 +1.588353316e+01 +1.217353316e+01 +1.217353316e+01 +3.1464e+00 -2.2115e+00 +1.6699e+00 +3.4633e+00 +3.4556e+00
1141 0 +1.532559561e+01 +1.161559561e+01 +1.161559561e+01 +3.1211e+00 -8.8142e-01 +1.0800e+00 +3.8371e+00 +3.5072e+00
1151 0 +1.065149096e+01 +6.941490958e+00 +6.941490958e+00 +3.1088e+00 -8.3882e-01 +1.3125e+00 +3.9093e+00 +3.5098e+00
2079 0 +7.298836061e+00 +3.588836061e+00 +3.588836061e+00 +3.1240e+00 -2.1999e+00 +1.7234e+00 +3.5326e+00 +3.1637e+00
18752 0 +6.182470052e+00 +2.472470052e+00 +2.472470052e+00 +2.0850e+00 -2.3337e+00 +1.2475e+00 +3.9397e+00 +3.4962e+00
18971 0 +5.459904678e+00 +1.749904678e+00 +1.749904678e+00 +3.0119e+00 -1.4890e+00 +1.2418e+00 +3.8931e+00 +3.1524e+00
21522 0 +4.334178907e+00 +6.241789068e-01 +6.241789068e-01 +2.1776e+00 -2.2791e+00 +1.1813e+00 +3.8925e+00 +3.1327e+00
21802 0 +2.602745011e+00 -1.107254989e+00 -1.107254989e+00 +3.0904e+00 -2.2733e+00 +1.1390e+00 +3.8945e+00 +3.1640e+00
23034 0 +2.153007163e+00 -1.556992837e+00 -1.556992837e+00 +3.0553e+00 -2.2823e+00 +1.1879e+00 +3.9171e+00 +3.1397e+00
23167 0 +2.091132797e+00 -1.618867203e+00 -1.618867203e+00 +3.0876e+00 -2.2773e+00 +1.2373e+00 +3.9019e+00 +3.1536e+00
23286 0 +1.681223868e+00 -2.028776132e+00 -2.028776132e+00 +3.1101e+00 -2.2855e+00 +1.1533e+00 +3.8962e+00 +3.1488e+00
23293 0 +1.607833391e+00 -2.102166609e+00 -2.102166609e+00 +3.0818e+00 -2.2987e+00 +1.2044e+00 +3.9009e+00 +3.1450e+00
23384 0 +1.391160140e+00 -2.318839860e+00 -2.318839860e+00 +3.1013e+00 -2.2692e+00 +1.1981e+00 +3.9146e+00 +3.1504e+00
23399 0 +1.180401613e+00 -2.529598387e+00 -2.529598387e+00 +3.1326e+00 -2.2794e+00 +1.1917e+00 +3.9142e+00 +3.1481e+00
23408 0 +1.147987664e+00 -2.562012336e+00 -2.562012336e+00 +3.1133e+00 -2.2916e+00 +1.2063e+00 +3.9055e+00 +3.1540e+00
23445 0 +1.118310742e+00 -2.591689258e+00 -2.591689258e+00 +3.1300e+00 -2.2827e+00 +1.1851e+00 +3.9154e+00 +3.1564e+00
23446 0 +1.063346888e+00 -2.646653112e+00 -2.646653112e+00 +3.1110e+00 -2.3005e+00 +1.1975e+00 +3.9099e+00 +3.1553e+00
23570 0 +1.027508688e+00 -2.682491312e+00 -2.682491312e+00 +3.1116e+00 -2.2909e+00 +1.1900e+00 +3.9137e+00 +3.1519e+00
23679 0 +1.020984440e+00 -2.689015560e+00 -2.689015560e+00 +3.1200e+00 -2.2904e+00 +1.1881e+00 +3.9095e+00 +3.1561e+00
23809 0 +9.981241070e-01 -2.711875893e+00 -2.711875893e+00 +3.1227e+00 -2.2951e+00 +1.1880e+00 +3.9116e+00 +3.1529e+00
26050 0 +9.949590578e-01 -2.715040942e+00 -2.715040942e+00 +3.1200e+00 -2.2952e+00 +1.1872e+00 +3.9104e+00 +3.1528e+00
% f evaluations | g evaluations | best noise-free fitness - Fopt (1.321800000000e+02) + sum g_i+ | measured fitness | best measured fitness or single-digit g-values | x1 | x2...
1 0 +2.589751285e+02 +3.911551285e+02 +3.911551285e+02 +0.0000e+00 +0.0000e+00 +0.0000e+00 +0.0000e+00 +0.0000e+00
2 0 +1.204887677e+02 +2.526687677e+02 +2.526687677e+02 -2.9474e+00 -2.4848e+00 +4.1376e+00 -3.7730e+00 -2.6258e+00
67 0 +1.183009371e+02 +2.504809371e+02 +2.504809371e+02 -9.8977e-01 -2.8823e+00 +9.3971e-01 -2.4318e+00 -3.3372e+00
77 0 +1.085680155e+02 +2.407480155e+02 +2.407480155e+02 -2.7233e+00 -2.3771e+00 -2.8467e-01 -1.6244e+00 -3.1565e+00
80 0 +1.070370554e+02 +2.392170554e+02 +2.392170554e+02 -6.9355e-01 -2.6312e+00 +5.0972e-01 -1.4146e+00 -2.5339e+00
83 0 +8.258521268e+01 +2.147652127e+02 +2.147652127e+02 -1.7651e+00 -2.2338e+00 +9.4070e-01 -2.5031e+00 -3.4540e+00
99 0 +6.631855884e+01 +1.984985588e+02 +1.984985588e+02 -2.3666e+00 -1.5495e+00 +2.4973e+00 -2.0044e+00 -3.4274e+00
101 0 +5.500059045e+01 +1.871805905e+02 +1.871805905e+02 -4.6132e+00 -2.1408e+00 +3.0531e+00 -2.0242e+00 -3.1979e+00
186 0 +5.437768590e+01 +1.865576859e+02 +1.865576859e+02 -4.5035e+00 -5.4570e-01 +3.1049e+00 -1.9119e+00 -2.5180e+00
228 0 +4.812385293e+01 +1.803038529e+02 +1.803038529e+02 -2.5866e+00 +1.0002e-01 +3.9124e+00 -9.9223e-01 -2.4481e+00
253 0 +4.497432445e+01 +1.771543245e+02 +1.771543245e+02 -2.9681e+00 -6.5368e-01 +2.8391e+00 -1.5565e+00 -2.7138e+00
275 0 +3.271117021e+01 +1.648911702e+02 +1.648911702e+02 -4.7607e+00 +9.7069e-01 +4.0086e+00 -2.0943e+00 -2.1488e+00
298 0 +2.409159364e+01 +1.562715936e+02 +1.562715936e+02 -3.8593e+00 +1.3655e+00 +4.1260e+00 -2.2889e+00 -2.1136e+00
303 0 +1.463561036e+01 +1.468156104e+02 +1.468156104e+02 -3.6523e+00 +6.3349e-01 +2.3723e+00 -2.0169e+00 -2.0762e+00
809 0 +8.826625800e+00 +1.410066258e+02 +1.410066258e+02 -3.7614e+00 +3.0237e+00 +2.7944e+00 -2.3705e+00 -2.1162e+00
8091 0 +6.857102739e+00 +1.390371027e+02 +1.390371027e+02 -3.7041e+00 +1.4419e+00 +2.8642e+00 -1.9483e+00 -3.1658e+00
12673 0 +6.478869623e+00 +1.386588696e+02 +1.386588696e+02 -3.7147e+00 +1.4985e+00 +2.8812e+00 -1.9837e+00 -3.1621e+00
22692 0 +6.478869623e+00 +1.386588696e+02 +1.386588696e+02 -3.7147e+00 +1.4985e+00 +2.8812e+00 -1.9837e+00 -3.1621e+00
% f evaluations | g evaluations | best noise-free fitness - Fopt (-3.930000000000e+01) + sum g_i+ | measured fitness | best measured fitness or single-digit g-values | x1 | x2...
1 0 +1.276101417e+02 +8.831014165e+01 +8.831014165e+01 +0.0000e+00 +0.0000e+00 +0.0000e+00 +0.0000e+00 +0.0000e+00
5 0 +9.953472467e+01 +6.023472467e+01 +6.023472467e+01 +3.4739e+00 -1.7319e+00 +2.5037e+00 +2.4180e+00 +1.5291e+00
35 0 +7.348454773e+01 +3.418454773e+01 +3.418454773e+01 +3.3040e+00 -6.9006e-02 +1.8165e+00 +1.8336e+00 +1.3986e+00
79 0 +6.089301555e+01 +2.159301555e+01 +2.159301555e+01 -5.8907e-01 -1.0440e+00 -5.6847e-01 +3.2673e+00 +1.2676e+00
81 0 +4.264588107e+01 +3.345881074e+00 +3.345881074e+00 -1.3441e+00 -6.1260e-01 +4.6838e-02 +3.3190e+00 +7.3510e-01
83 0 +3.836258117e+01 -9.374188341e-01 -9.374188341e-01 +5.6408e-01 -1.3234e+00 +8.0918e-01 +3.7943e+00 +2.3895e-01
268 0 +3.727920113e+01 -2.020798870e+00 -2.020798870e+00 -2.3217e+00 -2.6581e+00 +1.7829e+00 +3.0024e+00 +1.1675e+00
323 0 +2.965343245e+01 -9.646567554e+00 -9.646567554e+00 -4.2333e+00 -2.0812e+00 +1.8324e+00 +3.2533e+00 +1.0441e+00
382 0 +2.835285913e+01 -1.094714087e+01 -1.094714087e+01 -1.4313e+00 +2.1799e-01 +2.2624e+00 +3.2971e+00 +5.5813e-02
401 0 +2.629942350e+01 -1.300057650e+01 -1.300057650e+01 +4.0707e-01 -1.2506e+00 +1.2326e+00 +3.4503e+00 +9.3452e-01
430 0 +2.337460998e+01 -1.592539002e+01 -1.592539002e+01 -2.5332e+00 -2.1104e+00 +2.2287e+00 +3.5035e+00 +9.6952e-01
439 0 +2.290376333e+01 -1.639623667e+01 -1.639623667e+01 -3.2770e+00 -2.0684e+00 +2.3370e+00 +3.3822e+00 +1.7175e+00
796 0 +1.978011948e+01 -1.951988052e+01 -1.951988052e+01 -2.6151e+00 +2.1630e-01 +1.7060e+00 +3.3879e+00 +7.7407e-02
1404 0 +1.948225628e+01 -1.981774372e+01 -1.981774372e+01 -2.6987e+00 +4.0823e-01 +2.3152e+00 +3.0408e+00 +1.3796e+00
1506 0 +1.717563757e+01 -2.212436243e+01 -2.212436243e+01 -1.4546e+00 -6.0323e-01 +2.8911e+00 +2.9104e+00 +3.2867e-01
2078 0 +1.077393948e+01 -2.852606052e+01 -2.852606052e+01 -1.4869e+00 -1.2519e+00 +1.7082e+00 +3.3012e+00 +1.4134e+00
5123 0 +7.369724400e+00 -3.193027560e+01 -3.193027560e+01 -1.5306e+00 -4.5567e-01 +2.2560e+00 +3.3845e+00 +9.7292e-01
7503 0 +6.726093334e+00 -3.257390667e+01 -3.257390667e+01 -1.5005e+00 -3.6104e-01 +1.7221e+00 +3.8268e+00 +1.3608e+00
7951 0 +4.062898090e+00 -3.523710191e+01 -3.523710191e+01 -1.5301e+00 -1.2357e+00 +2.3853e+00 +3.3742e+00 +7.0206e-01
11244 0 +3.973233156e+00 -3.532676684e+01 -3.532676684e+01 -1.5300e+00 -1.2201e+00 +1.6819e+00 +2.9593e+00 +1.0017e+00
11245 0 +3.693422883e+00 -3.560657712e+01 -3.560657712e+01 -1.5576e+00 -1.2037e+00 +1.7239e+00 +2.9535e+00 +1.0002e+00
11287 0 +3.617992827e+00 -3.568200717e+01 -3.568200717e+01 -1.5416e+00 -1.2044e+00 +1.7383e+00 +2.9697e+00 +9.9138e-01
11314 0 +3.433561475e+00 -3.586643852e+01 -3.586643852e+01 -1.5592e+00 -1.2187e+00 +1.7410e+00 +2.9579e+00 +1.0076e+00
11325 0 +3.371816979e+00 -3.592818302e+01 -3.592818302e+01 -1.5372e+00 -1.2168e+00 +1.7079e+00 +2.9697e+00 +1.0102e+00
11348 0 +3.290989122e+00 -3.600901088e+01 -3.600901088e+01 -1.5457e+00 -1.2215e+00 +1.7191e+00 +2.9623e+00 +1.0134e+00
11366 0 +3.124910853e+00 -3.617508915e+01 -3.617508915e+01 -1.5432e+00 -1.2288e+00 +1.7334e+00 +2.9553e+00 +1.0099e+00
11581 0 +3.088456610e+00 -3.621154339e+01 -3.621154339e+01 -1.5411e+00 -1.2186e+00 +1.7246e+00 +2.9654e+00 +1.0063e+00
11654 0 +2.989349867e+00 -3.631065013e+01 -3.631065013e+01 -1.5375e+00 -1.2321e+00 +1.7350e+00 +2.9627e+00 +1.0032e+00
14296 0 +2.984877172e+00 -3.631512283e+01 -3.631512283e+01 -1.5363e+00 -1.2296e+00 +1.7344e+00 +2.9627e+00 +1.0040e+00
% f evaluations | g evaluations | best noise-free fitness - Fopt (4.296000000000e+01) + sum g_i+ | measured fitness | best measured fitness or single-digit g-values | x1 | x2...
1 0 +1.260267281e+02 +1.689867281e+02 +1.689867281e+02 +0.0000e+00 +0.0000e+00 +0.0000e+00 +0.0000e+00 +0.0000e+00
5 0 +1.170967561e+02 +1.600567561e+02 +1.600567561e+02 -1.8733e+00 +1.9268e+00 -2.2485e+00 -1.0521e+00 -1.4021e+00
11 0 +1.018387809e+02 +1.447987809e+02 +1.447987809e+02 +7.8101e-01 +6.5541e-01 -2.6751e+00 +1.1518e+00 -7.8383e-01
14 0 +9.520447613e+01 +1.381644761e+02 +1.381644761e+02 +1.9135e+00 +4.8956e+00 -2.4269e+00 +1.4706e+00 +3.3334e-01
20 0 +7.711755509e+01 +1.200775551e+02 +1.200775551e+02 +9.6654e-01 +2.6790e+00 -3.8379e+00 +2.5406e-01 -5.1288e-01
61 0 +7.567382651e+01 +1.186338265e+02 +1.186338265e+02 +2.0079e+00 +5.2250e+00 -3.9063e+00 +1.7131e+00 +8.9585e-01
93 0 +7.226137730e+01 +1.152213773e+02 +1.152213773e+02 -6.2528e-01 +4.6864e-01 -2.1800e+00 -9.5377e-01 -3.2669e-01
106 0 +4.848033779e+01 +9.144033779e+01 +9.144033779e+01 +1.6927e+00 -6.4249e-01 -1.7756e+00 +4.2760e-01 +1.3065e+00
185 0 +3.896476197e+01 +8.192476197e+01 +8.192476197e+01 +2.5378e+00 +8.9943e-01 -1.6581e+00 +1.1362e+00 +3.1901e-01
208 0 +3.193435194e+01 +7.489435194e+01 +7.489435194e+01 +1.3270e+00 -5.7261e-01 -1.9561e+00 +1.4981e+00 +5.9179e-01
298 0 +3.046539257e+01 +7.342539257e+01 +7.342539257e+01 +1.2917e+00 +2.6012e+00 -2.5336e+00 +1.4835e+00 +9.2949e-01
322 0 +2.651144176e+01 +6.947144176e+01 +6.947144176e+01 +1.8249e+00 +2.5048e+00 -2.8740e+00 +1.0394e+00 +1.1917e+00
368 0 +2.108299022e+01 +6.404299022e+01 +6.404299022e+01 +1.6325e+00 +3.0140e+00 -2.7244e+00 -1.4570e-01 +1.2398e+00
810 0 +2.051908347e+01 +6.347908347e+01 +6.347908347e+01 +1.5233e+00 +4.4979e-01 -2.8824e+00 +1.5089e+00 +1.5446e+00
935 0 +1.477931140e+01 +5.773931140e+01 +5.773931140e+01 +1.4325e+00 +2.3361e+00 -2.7194e+00 +1.0787e+00 +1.1934e+00
1380 0 +1.065969966e+01 +5.361969966e+01 +5.361969966e+01 +1.3855e+00 +2.5601e+00 -3.3171e+00 +6.3159e-01 +8.5274e-01
2458 0 +7.574673639e+00 +5.053467364e+01 +5.053467364e+01 +1.5147e+00 +9.1383e-01 -2.7814e+00 +6.0865e-01 +5.3965e-01
4214 0 +5.907934473e+00 +4.886793447e+01 +4.886793447e+01 +2.4901e+00 +1.8012e+00 -2.7442e+00 +5.7995e-01 +1.2623e+00
11565 0 +4.109990649e+00 +4.706999065e+01 +4.706999065e+01 +1.5279e+00 +2.5278e+00 -2.8003e+00 +1.0168e+00 +1.2961e+00
13567 0 +3.345337301e+00 +4.630533730e+01 +4.630533730e+01 +1.5305e+00 +1.7656e+00 -2.7613e+00 +6.5127e-01 +9.0667e-01
17032 0 +3.000591055e+00 +4.596059105e+01 +4.596059105e+01 +1.5544e+00 +2.5884e+00 -2.8008e+00 +1.0501e+00 +9.0003e-01
27430 0 +2.982269078e+00 +4.594226908e+01 +4.594226908e+01 +1.4895e+00 +1.7722e+00 -2.7271e+00 +9.9980e-01 +5.7837e-01
% f evaluations | g evaluations | best noise-free fitness - Fopt (2.842200000000e+02) + sum g_i+ | measured fitness | best measured fitness or single-digit g-values | x1 | x2...
1 0 +9.519888184e+01 +3.794188818e+02 +3.794188818e+02 +0.0000e+00 +0.0000e+00 +0.0000e+00 +0.0000e+00 +0.0000e+00
18 0 +8.416288516e+01 +3.683828852e+02 +3.683828852e+02 -1.7301e+00 +4.9849e-01 +7.4894e-01 +3.3179e+00 +2.5556e-02
72 0 +6.930569079e+01 +3.535256908e+02 +3.535256908e+02 -8.5304e-01 -8.9644e-01 +4.3335e-02 +1.2788e+00 +3.8163e-01
91 0 +4.104744775e+01 +3.252674477e+02 +3.252674477e+02 +4.1114e-01 +4.0010e-01 -5.5549e-01 +2.1316e+00 +1.5223e+00
132 0 +4.041643068e+01 +3.246364307e+02 +3.246364307e+02 -2.0781e+00 -2.2735e-01 -2.5866e+00 +3.0947e+00 +1.3804e+00
195 0 +3.976239640e+01 +3.239823964e+02 +3.239823964e+02 +9.4577e-01 -2.2242e+00 -1.0892e+00 +2.2120e+00 +1.9278e+00
222 0 +3.594350387e+01 +3.201635039e+02 +3.201635039e+02 -2.9027e+00 -1.6870e+00 -4.9979e-01 +3.0573e+00 +2.2262e+00
251 0 +2.959621867e+01 +3.138162187e+02 +3.138162187e+02 +1.9183e+00 -9.9759e-01 -1.0482e+00 +2.6095e+00 +1.1370e+00
267 0 +2.919374337e+01 +3.134137434e+02 +3.134137434e+02 +2.0205e+00 +4.5427e-01 -1.5442e+00 +1.7807e+00 +1.8208e+00
273 0 +2.319331994e+01 +3.074133199e+02 +3.074133199e+02 -3.1108e+00 -1.2215e+00 +6.9945e-03 +2.2600e+00 +1.8504e+00
583 0 +1.817266047e+01 +3.023926605e+02 +3.023926605e+02 -2.1409e+00 -1.0108e-01 -2.1642e+00 +2.1640e+00 +1.1328e+00
1368 0 +1.592542595e+01 +3.001454259e+02 +3.001454259e+02 -3.9858e+00 -2.3984e-01 -1.5827e+00 +2.1858e+00 +2.5732e+00
2119 0 +1.337736841e+01 +2.975973684e+02 +2.975973684e+02 -1.1884e+00 -1.0952e+00 -1.5495e+00 +2.2448e+00 +2.1952e+00
2152 0 +9.086418393e+00 +2.933064184e+02 +2.933064184e+02 -3.1446e+00 -3.0260e-01 -1.6237e+00 +1.8508e+00 +2.2419e+00
4156 0 +8.159514336e+00 +2.923795143e+02 +2.923795143e+02 -2.2099e+00 +5.3751e-01 -1.0620e+00 +2.1777e+00 +2.2312e+00
11156 0 +6.375077680e+00 +2.905950777e+02 +2.905950777e+02 -2.0966e+00 -2.6482e-01 -1.0124e+00 +2.6481e+00 +1.8599e+00
17031 0 +6.300976578e+00 +2.905209766e+02 +2.905209766e+02 -2.0658e+00 +1.3983e+00 -1.0515e+00 +2.7002e+00 +1.8252e+00
18363 0 +6.070424157e+00 +2.902904242e+02 +2.902904242e+02 -2.1633e+00 +1.3366e+00 -1.6791e+00 +2.2210e+00 +1.8369e+00
18674 0 +5.832367565e+00 +2.900523676e+02 +2.900523676e+02 -2.1487e+00 +1.3656e+00 -1.6238e+00 +2.2333e+00 +1.8371e+00
19013 0 +5.714975484e+00 +2.899349755e+02 +2.899349755e+02 -2.1156e+00 +1.3316e+00 -1.6738e+00 +2.2350e+00 +1.8273e+00
19843 0 +5.609709781e+00 +2.898297098e+02 +2.898297098e+02 -2.0619e+00 +1.3007e+00 -1.6587e+00 +2.2297e+00 +1.8298e+00
19847 0 +5.345130247e+00 +2.895651302e+02 +2.895651302e+02 -2.0968e+00 +1.3133e+00 -1.6387e+00 +2.2390e+00 +1.8317e+00
19878 0 +5.143545579e+00 +2.893635456e+02 +2.893635456e+02 -2.1178e+00 +1.3386e+00 -1.6422e+00 +2.2183e+00 +1.8387e+00
19881 0 +5.118074549e+00 +2.893380745e+02 +2.893380745e+02 -2.1063e+00 +1.3148e+00 -1.6415e+00 +2.2291e+00 +1.8345e+00
20119 0 +4.981374029e+00 +2.892013740e+02 +2.892013740e+02 -2.1010e+00 +1.3328e+00 -1.6481e+00 +2.2294e+00 +1.8415e+00
22685 0 +4.974790248e+00 +2.891947902e+02 +2.891947902e+02 -2.1000e+00 +1.3349e+00 -1.6480e+00 +2.2272e+00 +1.8416e+00
% f evaluations | g evaluations | best noise-free fitness - Fopt (-3.217000000000e+01) + sum g_i+ | measured fitness | best measured fitness or single-digit g-values | x1 | x2...
1 0 +4.243701617e+02 +3.922001617e+02 +3.922001617e+02 +0.0000e+00 +0.0000e+00 +0.0000e+00 +0.0000e+00 +0.0000e+00
6 0 +3.862482669e+02 +3.540782669e+02 +3.540782669e+02 -2.6911e+00 +4.0281e+00 -3.9289e+00 -3.9140e+00 -7.2920e-01
7 0 +8.963098618e+01 +5.746098618e+01 +5.746098618e+01 +4.2587e+00 +2.6505e-01 +1.2751e+00 +1.1608e-01 -2.2339e+00
28 0 +8.621346220e+01 +5.404346220e+01 +5.404346220e+01 +5.9953e+00 +1.4108e+00 -6.1189e-01 +3.5803e-01 -2.8509e+00
60 0 +5.768949655e+01 +2.551949655e+01 +2.551949655e+01 -1.5698e+00 +9.0044e-01 -2.0278e+00 -5.5855e-01 -3.1046e+00
142 0 +5.443720474e+01 +2.226720474e+01 +2.226720474e+01 +2.6114e+00 +3.0996e+00 -3.6363e-02 -7.3500e-01 -4.0907e+00
167 0 +4.606502984e+01 +1.389502984e+01 +1.389502984e+01 +1.4715e+00 +2.6025e+00 +1.6924e+00 -1.8842e-02 -3.7742e+00
283 0 +4.327984354e+01 +1.110984354e+01 +1.110984354e+01 -5.5526e-01 +4.0072e+00 -9.9317e-01 -6.0215e-01 -2.9624e+00
319 0 +3.574319370e+01 +3.573193699e+00 +3.573193699e+00 +2.8991e+00 +2.5840e+00 +1.4750e+00 -5.8522e-01 -3.6607e+00
466 0 +3.455254878e+01 +2.382548775e+00 +2.382548775e+00 -3.7582e-01 +1.9751e+00 -2.2730e-01 +7.0553e-01 -4.4374e+00
717 0 +1.623240644e+01 -1.593759356e+01 -1.593759356e+01 +1.5452e+00 +4.9672e-01 +9.6456e-01 +3.3817e-01 -3.0994e+00
1093 0 +1.357094994e+01 -1.859905006e+01 -1.859905006e+01 +1.4155e+00 +1.8915e+00 +4.7259e-01 -5.1949e-02 -3.1156e+00
2228 0 +1.233606492e+01 -1.983393508e+01 -1.983393508e+01 +1.4931e+00 +1.1793e+00 +5.1135e-01 -1.8950e-01 -3.3187e+00
7137 0 +1.101681442e+01 -2.115318558e+01 -2.115318558e+01 +1.2788e+00 +2.6221e+00 -1.2845e-01 +3.4522e-01 -3.6700e+00
7282 0 +6.583968553e+00 -2.558603145e+01 -2.558603145e+01 +1.4953e+00 +1.0089e+00 -7.8848e-02 -1.6360e-01 -3.6639e+00
8020 0 +3.005305191e+00 -2.916469481e+01 -2.916469481e+01 +4.3087e-01 +1.8095e+00 -1.3233e-01 -1.4287e-01 -3.7061e+00
24301 0 +3.005305191e+00 -2.916469481e+01 -2.916469481e+01 +4.3087e-01 +1.8095e+00 -1.3233e-01 -1.4287e-01 -3.7061e+00
% f evaluations | g evaluations | best noise-free fitness - Fopt (-5.858000000000e+01) + sum g_i+ | measured fitness | best measured fitness or single-digit g-values | x1 | x2...
1 0 +4.257286281e+02 +3.671486281e+02 +3.671486281e+02 +0.0000e+00 +0.0000e+00 +0.0000e+00 +0.0000e+00 +0.0000e+00
3 0 +1.287898427e+02 +7.020984271e+01 +7.020984271e+01 +3.5254e+00 -4.2068e+00 +4.5486e+00 +2.6035e+00 -3.7900e+00
14 0 +1.222014880e+02 +6.362148805e+01 +6.362148805e+01 +4.3820e+00 -4.1423e+00 +3.4211e+00 -1.0272e-01 -2.9270e+00
34 0 +1.001787702e+02 +4.159877020e+01 +4.159877020e+01 -2.4821e+00 +1.5325e+00 +1.5868e+00 +2.3904e+00 -3.7876e+00
35 0 +7.143556306e+01 +1.285556306e+01 +1.285556306e+01 +5.4942e+00 -1.9432e+00 +8.0536e-01 +4.1125e-01 -4.3649e+00
73 0 +6.442789035e+01 +5.847890355e+00 +5.847890355e+00 +1.8292e+00 -3.6548e-01 +7.1177e-01 +2.7864e+00 -4.5830e+00
89 0 +2.968243233e+01 -2.889756767e+01 -2.889756767e+01 +1.4440e+00 -1.8008e+00 +8.5821e-01 +1.4821e+00 -4.5314e+00
257 0 +1.669748670e+01 -4.188251330e+01 -4.188251330e+01 +1.6544e+00 -1.0744e+00 +2.4881e-01 +2.3187e+00 -3.2478e+00
1129 0 +6.886848229e+00 -5.169315177e+01 -5.169315177e+01 +1.5324e+00 -1.7711e+00 +9.5762e-01 +1.4692e+00 -3.2519e+00
27982 0 +6.886848229e+00 -5.169315177e+01 -5.169315177e+01 +1.5324e+00 -1.7711e+00 +9.5762e-01 +1.4692e+00 -3.2519e+00
% f evaluations | g evaluations | best noise-free fitness - Fopt (-6.049200000000e+02) + sum g_i+ | measured fitness | best measured fitness or single-digit g-values | x1 | x2...
1 0 +9.368156390e+01 -5.112384361e+02 -5.112384361e+02 +0.0000e+00 +0.0000e+00 +0.0000e+00 +0.0000e+00 +0.0000e+00
5 0 +6.182676292e+01 -5.430932371e+02 -5.430932371e+02 -4.2367e+00 -3.4083e+00 +6.9934e-01 +2.2698e+00 -3.2211e-01
13 0 +5.719973842e+01 -5.477202616e+02 -5.477202616e+02 -4.0854e+00 -1.7639e+00 +2.0863e+00 +2.7063e+00 -1.0270e+00
40 0 +3.485361297e+01 -5.700663870e+02 -5.700663870e+02 -4.0546e+00 -2.3598e+00 +1.3529e+00 +3.0163e+00 -3.5984e-01
86 0 +2.991727620e+01 -5.750027238e+02 -5.750027238e+02 -3.0587e+00 -3.3034e-01 +1.8961e+00 +1.4822e+00 -2.7578e-01
154 0 +2.047973380e+01 -5.844402662e+02 -5.844402662e+02 -1.1681e+00 -1.2019e+00 +1.5329e+00 +1.4626e+00 +3.8721e-01
832 0 +1.841292776e+01 -5.865070722e+02 -5.865070722e+02 -2.8393e+00 -1.0706e-01 +3.1175e+00 +1.5302e+00 +7.4508e-01
970 0 +1.120570490e+01 -5.937142951e+02 -5.937142951e+02 -9.7716e-01 -3.3634e-01 +2.0616e+00 +1.8665e+00 +1.1252e+00
1442 0 +1.095669537e+01 -5.939633046e+02 -5.939633046e+02 -1.0387e+00 -1.9546e-01 +1.4460e+00 +1.4958e+00 +1.0944e+00
1931 0 +1.001422559e+01 -5.949057744e+02 -5.949057744e+02 -8.6306e-01 -1.6236e-01 +1.5191e+00 +1.5109e+00 +4.0300e-01
2291 0 +6.477062315e+00 -5.984429377e+02 -5.984429377e+02 +6.8939e-03 -1.0470e+00 +1.4276e+00 +1.4616e+00 +4.0074e-01
3271 0 +6.100763267e+00 -5.988192367e+02 -5.988192367e+02 -9.5955e-01 -9.9375e-01 +1.4521e+00 +1.4132e+00 +3.6705e-01
13721 0 +6.100763267e+00 -5.988192367e+02 -5.988192367e+02 -9.5955e-01 -9.9375e-01 +1.4521e+00 +1.4132e+00 +3.6705e-01
% f evaluations | g evaluations | best noise-free fitness - Fopt (1.337000000000e+02) + sum g_i+ | measured fitness | best measured fitness or single-digit g-values | x1 | x2...
1 0 +4.515844543e+02 +5.852844543e+02 +5.852844543e+02 +0.0000e+00 +0.0000e+00 +0.0000e+00 +0.0000e+00 +0.0000e+00
2 0 +3.136767141e+02 +4.473767141e+02 +4.473767141e+02 -4.8146e-01 -3.9587e+00 +3.0652e+00 +2.5472e+00 -1.0978e+00
3 0 +1.767376031e+02 +3.104376031e+02 +3.104376031e+02 -2.6862e-01 -2.1085e+00 +7.7631e-01 +1.2990e+00 -1.4278e+00
9 0 +1.635635579e+02 +2.972635579e+02 +2.972635579e+02 -2.3009e+00 -2.7774e+00 +7.5224e-01 +7.3550e-01 -1.5348e+00
12 0 +9.685241147e+01 +2.305524115e+02 +2.305524115e+02 +3.6612e+00 -1.3860e+00 -1.0119e+00 -4.7659e-01 -3.8361e+00
27 0 +6.990549482e+01 +2.036054948e+02 +2.036054948e+02 +6.5019e-01 -1.6939e+00 +5.5937e-01 +1.9384e+00 -3.2267e+00
126 0 +6.911983771e+01 +2.028198377e+02 +2.028198377e+02 +3.0147e+00 +2.5058e+00 +1.6227e+00 -1.2618e-01 -3.3554e+00
130 0 +6.307998904e+01 +1.967799890e+02 +1.967799890e+02 +4.2272e-01 +1.5784e+00 -5.3388e-01 +5.7790e-02 -3.2887e+00
145 0 +5.600466670e+01 +1.897046667e+02 +1.897046667e+02 +6.8305e-01 +7.5567e-01 -9.7769e-01 +3.0277e-01 -3.5396e+00
165 0 +4.567281609e+01 +1.793728161e+02 +1.793728161e+02 +2.8736e-01 +1.5770e+00 +1.1833e+00 +1.3910e+00 -3.0358e+00
183 0 +4.028194118e+01 +1.739819412e+02 +1.739819412e+02 +8.4861e-01 +1.0057e+00 +4.4688e-01 +7.3056e-01 -4.0175e+00
196 0 +3.293260775e+01 +1.666326077e+02 +1.666326077e+02 +5.5650e-01 +2.6696e+00 +1.4768e-01 +1.6244e+00 -3.2692e+00
215 0 +1.399612495e+01 +1.476961250e+02 +1.476961250e+02 +5.7321e-01 +1.5913e+00 -3.0948e-01 +1.9194e+00 -3.9569e+00
1351 0 +8.947292133e+00 +1.426472921e+02 +1.426472921e+02 +2.4829e+00 +8.7988e-01 -3.1711e-01 +1.9292e+00 -3.9536e+00
5502 0 +8.344618602e+00 +1.420446186e+02 +1.420446186e+02 +2.4720e+00 +1.5885e+00 -1.0113e+00 +1.8984e+00 -3.7280e+00
9624 0 +8.066566555e+00 +1.417665666e+02 +1.417665666e+02 +2.4961e+00 +2.5161e+00 -9.9083e-01 +1.9400e+00 -3.7203e+00
10328 0 +7.903156617e+00 +1.416031566e+02 +1.416031566e+02 +1.4837e+00 +1.7524e+00 -8.5894e-01 +1.9200e+00 -3.7111e+00
10757 0 +5.612937116e+00 +1.393129371e+02 +1.393129371e+02 +2.4098e+00 +1.7801e+00 -9.4096e-01 +1.9380e+00 -3.7190e+00
10852 0 +4.326767547e+00 +1.380267675e+02 +1.380267675e+02 +2.4015e+00 +1.8140e+00 -9.5224e-01 +1.9443e+00 -3.6748e+00
11014 0 +2.939403963e+00 +1.366394040e+02 +1.366394040e+02 +2.4441e+00 +1.8258e+00 -9.5642e-01 +1.9115e+00 -3.6832e+00
15495 0 +2.172554367e+00 +1.358725544e+02 +1.358725544e+02 +2.4598e+00 +1.7717e+00 -9.5998e-01 +1.9118e+00 -3.6890e+00
15729 0 +2.107728745e+00 +1.358077287e+02 +1.358077287e+02 +2.4581e+00 +1.7839e+00 -9.7992e-01 +1.9101e+00 -3.6894e+00
15740 0 +2.037996795e+00 +1.357379968e+02 +1.357379968e+02 +2.4721e+00 +1.7724e+00 -9.7105e-01 +1.9145e+00 -3.6862e+00
16306 0 +1.994014621e+00 +1.356940146e+02 +1.356940146e+02 +2.4777e+00 +1.7883e+00 -9.7432e-01 +1.9169e+00 -3.6872e+00
18485 0 +1.989918115e+00 +1.356899181e+02 +1.356899181e+02 +2.4752e+00 +1.7856e+00 -9.7444e-01 +1.9160e+00 -3.6872e+00
% f evaluations | g evaluations | best noise-free fitness - Fopt (-2.098000000000e+01) + sum g_i+ | measured fitness | best measured fitness or single-digit g-values | x1 | x2...
1 0 +1.257910081e+02 +1.048110081e+02 +1.048110081e+02 +0.0000e+00 +0.0000e+00 +0.0000e+00 +0.0000e+00 +0.0000e+00
8 0 +7.381337976e+01 +5.283337976e+01 +5.283337976e+01 -2.3524e-01 -4.3521e-01 +7.9593e-01 -1.8728e+00 +2.2485e+00
22 0 +4.487280437e+01 +2.389280437e+01 +2.389280437e+01 +7.9407e-02 +1.9670e-01 -3.9744e-01 -1.6332e-01 +2.4612e+00
83 0 +4.084573744e+01 +1.986573744e+01 +1.986573744e+01 +4.3565e-01 +9.9206e-01 -3.8802e-01 -8.1892e-01 +2.2340e+00
141 0 +1.018874091e+01 -1.079125909e+01 -1.079125909e+01 +3.1095e+00 +3.3440e+00 +1.9485e-01 +3.8717e-01 +2.4774e+00
930 0 +8.733928202e+00 -1.224607180e+01 -1.224607180e+01 +1.0175e+00 +2.8157e+00 +2.6694e-01 +8.7218e-01 +2.2037e+00
12036 0 +6.602915146e+00 -1.437708485e+01 -1.437708485e+01 +2.0695e+00 +2.5858e+00 -3.5284e-01 -2.8496e-02 +2.2016e+00
13891 0 +5.151186167e+00 -1.582881383e+01 -1.582881383e+01 +2.1469e+00 +1.8877e+00 -3.3394e-01 -5.1827e-02 +2.5074e+00
25509 0 +4.577043868e+00 -1.640295613e+01 -1.640295613e+01 +2.0891e+00 +1.9658e+00 +8.1410e-01 -2.3630e-02 +2.8220e+00
33060 0 +4.577043868e+00 -1.640295613e+01 -1.640295613e+01 +2.0891e+00 +1.9658e+00 +8.1410e-01 -2.3630e-02 +2.8220e+00
% f evaluations | g evaluations | best noise-free fitness - Fopt (1.353300000000e+02) + sum g_i+ | measured fitness | best measured fitness or single-digit g-values | x1 | x2...
1 0 +2.152526693e+02 +3.505826693e+02 +3.505826693e+02 +0.0000e+00 +0.0000e+00 +0.0000e+00 +0.0000e+00 +0.0000e+00
5 0 +6.546318061e+01 +2.007931806e+02 +2.007931806e+02 -1.8297e+00 -3.7644e-01 +1.4353e+00 -2.0781e+00 +3.5670e+00
31 0 +4.651774875e+01 +1.818477487e+02 +1.818477487e+02 +3.8654e-01 +1.2113e+00 +4.7407e-01 -1.9165e+00 +3.1196e+00
51 0 +2.559248817e+01 +1.609224882e+02 +1.609224882e+02 -1.4310e+00 +7.9612e-01 +2.2715e-01 -2.2732e+00 +3.1689e+00
71 0 +1.585915240e+01 +1.511891524e+02 +1.511891524e+02 +1.5851e+00 +1.4728e-01 +9.8860e-01 -2.5448e+00 +3.8251e+00
437 0 +1.247291082e+01 +1.478029108e+02 +1.478029108e+02 -4.9395e-01 +6.0066e-02 +9.6244e-01 -3.8144e+00 +3.5499e+00
3022 0 +1.013430278e+01 +1.454643028e+02 +1.454643028e+02 -1.5005e+00 +6.5386e-03 +3.1165e-01 -3.0220e+00 +3.5682e+00
6218 0 +5.344771172e+00 +1.406747712e+02 +1.406747712e+02 +5.6583e-01 +6.0801e-02 +3.5188e-01 -3.0641e+00 +3.5077e+00
25583 0 +4.354806421e+00 +1.396848064e+02 +1.396848064e+02 +5.8270e-01 +7.7032e-01 +9.8639e-01 -2.1668e+00 +3.5433e+00
27658 0 +3.621382711e+00 +1.389513827e+02 +1.389513827e+02 +5.4680e-01 +6.9688e-02 +9.9694e-01 -3.0058e+00 +3.5274e+00
44624 0 +3.621382711e+00 +1.389513827e+02 +1.389513827e+02 +5.4680e-01 +6.9688e-02 +9.9694e-01 -3.0058e+00 +3.5274e+00
% f evaluations | g evaluations | best noise-free fitness - Fopt (4.066000000000e+01) + sum g_i+ | measured fitness | best measured fitness or single-digit g-values | x1 | x2...
1 0 +2.016593723e+02 +2.423193723e+02 +2.423193723e+02 +0.0000e+00 +0.0000e+00 +0.0000e+00 +0.0000e+00 +0.0000e+00
2 0 +6.561919601e+01 +1.062791960e+02 +1.062791960e+02 -2.9803e-01 +2.7139e+00 +4.7393e+00 -2.3544e+00 +7.9497e-01
12 0 +5.025569391e+01 +9.091569391e+01 +9.091569391e+01 +2.7892e+00 +3.2459e+00 +1.7220e+00 -3.0999e+00 +1.0378e+00
96 0 +4.369902058e+01 +8.435902058e+01 +8.435902058e+01 +1.0922e+00 +1.3775e+00 +1.7092e+00 -2.8359e+00 +2.0584e+00
297 0 +4.273628807e+01 +8.339628807e+01 +8.339628807e+01 +3.8788e-01 +4.7116e-01 +2.8020e+00 -3.5606e+00 +1.6733e+00
379 0 +3.651745608e+01 +7.717745608e+01 +7.717745608e+01 +2.1842e+00 +1.7711e+00 +3.2672e+00 -1.8386e+00 +1.4575e+00
419 0 +2.501902911e+01 +6.567902911e+01 +6.567902911e+01 +3.3171e+00 +1.9077e+00 +2.9180e+00 -2.7283e+00 +1.7247e+00
461 0 +2.255721216e+01 +6.321721216e+01 +6.321721216e+01 +2.9945e+00 +2.2009e+00 +3.9340e+00 -2.3611e+00 +1.7545e+00
781 0 +2.079986134e+01 +6.145986134e+01 +6.145986134e+01 +1.9744e+00 +1.8669e+00 +4.5145e+00 -3.8801e+00 +1.4028e+00
821 0 +1.366155326e+01 +5.432155326e+01 +5.432155326e+01 +3.1861e+00 +2.6764e+00 +3.2785e+00 -2.7326e+00 +2.0399e+00
2086 0 +9.215476269e+00 +4.987547627e+01 +4.987547627e+01 +3.1769e+00 +1.2099e+00 +4.4567e+00 -2.7136e+00 +2.3633e+00
2584 0 +6.574739891e+00 +4.723473989e+01 +4.723473989e+01 +3.1070e+00 +2.0805e+00 +3.4247e+00 -2.6894e+00 +1.4274e+00
5437 0 +5.675500798e+00 +4.633550080e+01 +4.633550080e+01 +3.1209e+00 +1.2441e+00 +3.9050e+00 -2.6687e+00 +1.7749e+00
5459 0 +4.406885590e+00 +4.506688559e+01 +4.506688559e+01 +3.0889e+00 +2.0156e+00 +3.9153e+00 -3.1417e+00 +1.7474e+00
5719 0 +2.141318873e+00 +4.280131887e+01 +4.280131887e+01 +3.0601e+00 +1.2363e+00 +3.9018e+00 -2.6723e+00 +2.0835e+00
21746 0 +2.141318873e+00 +4.280131887e+01 +4.280131887e+01 +3.0601e+00 +1.2363e+00 +3.9018e+00 -2.6723e+00 +2.0835e+00
