% f evaluations | g evaluations | best noise-free fitness - Fopt (7.627000000000e+01) + sum g_i+ | measured fitness | best measured fitness or single-digit g-values | x1 | x2...
1 0 +5.128259773e+05 +5.129022473e+05 +5.129022473e+05 +0.0000e+00 +0.0000e+00 +0.0000e+00 +0.0000e+00 +0.0000e+00 +0.0000e+00 +0.0000e+00 +0.0000e+00 +0.0000e+00 +0.0000e+00 +0.0000e+00 +0.0000e+00 +0.0000e+00 +0.0000e+00 +0.0000e+00 +0.0000e+00 +0.0000e+00 +0.0000e+00 +0.0000e+00 +0.0000e+00
2 0 +1.257195259e+05 +1.257957959e+05 +1.257957959e+05 -5.6095e-01 -5.6209e-01 -5.3243e-01 -2.2640e+00 +4.0999e+00 +1.2417e+00 -2.0550e+00 -3.3116e+00 +1.2742e+00 -2.9255e+00 -9.4941e-01 -2.2436e+00 +1.2718e+00 -2.1823e+00 -2.4317e+00 -3.5159e+00 +1.3826e+00 -3.1909e+00 +1.1269e+00 +1.7576e+00
8 0 +2.854440078e+04 +2.862067078e+04 +2.862067078e+04 +6.3370e-01 -1.1753e+00 -2.1942e-02 +3.9498e+00 +1.8981e+00 -1.7204e+00 -1.2996e+00 -4.0601e+00 +3.2156e+00 -1.9435e+00 -1.4298e+00 +2.5593e+00 -1.5356e+00 -2.4252e+00 -2.4725e+00 +5.3225e-01 +6.1552e-01 -9.0482e-01 -2.1746e+00 +4.5287e+00
18 0 +3.814748259e+03 +3.891018259e+03 +3.891018259e+03 -1.7844e+00 -8.2333e-01 -2.3076e+00 -3.1970e+00 +1.9825e+00 +1.8898e+00 -8.8911e-01 -1.1134e+00 -8.1306e-01 -2.6173e+00 -5.2622e-01 -4.4259e+00 +7.1905e-01 +8.2933e-01 -6.5653e-01 -2.1995e+00 +1.3616e+00 -3.3454e+00 +4.6259e-01 -1.8366e+00
25 0 +2.459442760e+02 +3.222142760e+02 +3.222142760e+02 +1.7868e+00 -4.2095e+00 -1.5044e+00 +3.1118e-01 +1.3803e-01 -7.6491e-01 -4.8628e-01 -4.6098e+00 +1.5407e+00 -3.3405e+00 -8.8305e-01 -2.1272e+00 -6.1469e-01 -1.2613e+00 -3.7663e+00 -1.4589e+00 -1.2733e+00 +2.0183e+00 -5.0402e+00 +5.2406e+00
311 0 +2.078859876e+02 +2.841559876e+02 +2.841559876e+02 -3.2505e+00 -3.0237e-01 -5.4370e-02 +4.4576e-01 +3.4920e+00 +4.1150e+00 +2.7666e+00 -3.8806e-02 +7.3316e-01 -1.5681e+00 +1.5970e+00 +6.7832e-01 +4.8253e-01 +3.3089e-01 +7.7005e-01 +1.2282e-01 +5.9166e-01 +4.7648e-01 -8.6293e-01 -2.3183e+00
1560 0 +1.953043129e+02 +2.715743129e+02 +2.715743129e+02 -5.8232e-01 -1.4792e+00 -3.3133e+00 +2.8887e+00 -1.8109e+00 +1.9877e+00 +1.5608e+00 +1.4696e+00 +3.9698e+00 -3.2961e+00 +1.8372e+00 -3.5630e+00 +1.5685e+00 -1.1131e+00 -3.3132e-01 +2.6064e+00 -3.8160e+00 -1.5201e+00 -1.9321e+00 +3.6415e-01
2022 0 +1.849792320e+02 +2.612492320e+02 +2.612492320e+02 -7.2992e-01 -2.9637e+00 -3.2691e+00 -5.9398e-01 -2.0384e+00 -6.7177e-01 -3.7052e+00 -7.9482e-01 +1.2395e+00 -2.6261e+00 +1.9498e-01 -7.7287e-01 -1.8684e+00 -2.6818e-01 +4.9252e+00 -1.0725e+00 -4.0452e+00 -4.8671e+00 +2.0006e-01 -4.4905e+00
2282 0 +1.271866858e+02 +2.034566858e+02 +2.034566858e+02 -3.0083e-01 -1.8243e+00 -3.8269e+00 +3.6445e+00 -2.1701e+00 +1.3268e+00 -1.1252e-02 -1.2210e+00 +1.5558e+00 +6.3735e-01 +1.5192e+00 -1.1614e+00 -2.3489e+00 -1.3295e+00 +1.7881e+00 -2.3247e-01 -1.6053e+00 -3.4157e+00 +1.6600e-01 -8.2406e-01
6652 0 +1.242113085e+02 +2.004813085e+02 +2.004813085e+02 -2.1878e+00 -4.7928e+00 -9.4922e-01 +2.6621e+00 +9.2234e-01 +9.1623e-01 +2.0523e+00 -2.6061e+00 +2.9368e+00 +6.0028e-01 +1.0228e+00 -2.0576e+00 -1.9416e+00 +9.2206e-01 +2.0919e+00 -6.5850e-01 -4.6170e-01 -2.5331e+00 +1.5152e+00 -7.8784e-01
41162 0 +1.158681540e+02 +1.921381540e+02 +1.921381540e+02 +2.0847e+00 -3.2104e+00 +3.4049e+00 +1.2190e+00 +3.5919e+00 -8.0048e-01 -3.2796e+00 +7.0923e-01 -1.3438e+00 +2.8763e+00 +1.5922e+00 +4.1972e-01 +1.1250e+00 +6.1989e-01 -1.7800e+00 -3.8533e+00 +2.7277e+00 -3.6779e+00 +2.8335e+00 -1.0405e-01
59400 0 +9.439713690e+01 +1.706671369e+02 +1.706671369e+02 -4.4577e+00 -2.7749e-01 +1.7403e+00 +1.8318e+00 -4.2932e+00 -2.5004e-01 -5.3689e-01 +1.4846e-01 -2.3011e+00 +2.9300e+00 +1.5205e+00 +3.6006e+00 -2.2246e+00 +3.2282e+00 -1.8560e+00 -2.1526e+00 +9.3910e-01 -4.2588e-02 +1.7539e+00 -1.3471e+00
98775 0 +8.849886394e+01 +1.647688639e+02 +1.647688639e+02 +9.5206e-01 -2.8558e+00 -3.8447e+00 +6.2347e-01 -2.1582e+00 +1.8654e+00 -2.0224e+00 -2.6125e-01 -6.5021e-01 +4.7095e-01 +4.2048e+00 -4.3572e+00 -3.6682e+00 +1.1939e-01 -1.4473e+00 +4.7635e-01 +1.1453e+00 -2.0214e+00 -2.4059e+00 +2.0854e+00
200005 0 +8.849886394e+01 +1.647688639e+02 +1.647688639e+02 +9.5206e-01 -2.8558e+00 -3.8447e+00 +6.2347e-01 -2.1582e+00 +1.8654e+00 -2.0224e+00 -2.6125e-01 -6.5021e-01 +4.7095e-01 +4.2048e+00 -4.3572e+00 -3.6682e+00 +1.1939e-01 -1.4473e+00 +4.7635e-01 +1.1453e+00 -2.0214e+00 -2.4059e+00 +2.0854e+00
% f evaluations | g evaluations | best noise-free fitness - Fopt (-2.255000000000e+01) + sum g_i+ | measured fitness | best measured fitness or single-digit g-values | x1 | x2...
1 0 +1.986910607e+05 +1.986685107e+05 +1.986685107e+05 +0.0000e+00 +0.0000e+00 +0.0000e+00 +0.0000e+00 +0.0000e+00 +0.0000e+00 +0.0000e+00 +0.0000e+00 +0.0000e+00 +0.0000e+00 +0.0000e+00 +0.0000e+00 +0.0000e+00 +0.0000e+00 +0.0000e+00 +0.0000e+00 +0.0000e+00 +0.0000e+00 +0.0000e+00 +0.0000e+00
15 0 +9.621365784e+03 +9.598815784e+03 +9.598815784e+03 -9.5564e-01 +5.1144e+00 +1.0822e-01 -4.0762e+00 +2.6605e+00 +3.3668e+00 +1.2482e-02 +2.1875e+00 +4.5969e+00 -8.0694e-01 -2.5799e+00 -8.9364e-01 +6.7991e-01 +5.8413e-01 -1.9662e+00 +3.6299e+00 -1.1914e+00 -3.7866e+00 +3.7825e+00 +1.3338e+00
59 0 +4.346222877e+03 +4.323672877e+03 +4.323672877e+03 -3.2258e+00 -5.2034e+00 +3.0525e+00 +4.2865e+00 -1.1827e+00 +1.7914e+00 +4.7190e+00 -9.7786e-01 -7.2611e+00 +1.8945e+00 -3.8871e+00 -1.8142e+00 +2.7679e+00 -2.4809e-01 -9.4876e-01 -2.4507e+00 +3.1849e+00 -9.6234e-01 +7.7436e-01 -4.3507e-01
68 0 +7.567861702e+02 +7.342361702e+02 +7.342361702e+02 -4.1364e+00 -1.0156e+01 +5.3821e+00 +5.8890e+00 +2.3477e+00 +8.5520e-01 +2.8787e+00 -2.2395e+00 -2.7864e+00 +2.1870e+00 -3.6911e+00 -4.8433e-01 +3.8475e+00 +6.4173e-01 +1.0042e+00 -3.2802e+00 +3.1096e+00 +9.4988e-01 -3.9952e+00 -4.4799e+00
178 0 +3.127955138e+02 +2.902455138e+02 +2.902455138e+02 -1.0854e+00 -1.3176e+00 +1.2135e+00 +1.2359e+00 -1.4764e+00 +2.7081e+00 -2.0811e+00 +3.1333e-02 -1.7374e+00 +1.7139e+00 +7.3693e-01 -1.2717e+00 -3.8763e+00 +4.0092e+00 -1.9395e+00 +4.5582e-01 +6.6095e+00 -1.2606e+00 -2.3149e+00 -1.5979e+00
547 0 +2.460089788e+02 +2.234589788e+02 +2.234589788e+02 -2.5854e+00 +1.0256e+00 -3.8798e+00 -1.1416e+00 +1.9856e+00 -1.4267e+00 -1.7560e+00 +1.5999e+00 +9.5528e-01 +1.5782e+00 +3.4484e+00 -3.6989e+00 +7.8068e-01 -9.0917e-01 -4.0426e+00 +1.0196e+00 -1.7744e+00 -2.8808e+00 +4.4986e-01 -2.7852e-01
1617 0 +1.651845083e+02 +1.426345083e+02 +1.426345083e+02 +1.2923e+00 -2.4770e+00 -1.2975e+00 +3.1546e-02 -9.1810e-01 -1.1352e-01 -4.3294e-01 +7.6008e-01 +4.0370e+00 -4.6667e-01 +3.9120e-01 +2.9492e+00 -7.0496e-01 +3.0008e+00 -2.8498e+00 -2.5789e+00 -4.1659e-01 -3.5640e+00 -6.3157e-01 -2.9743e+00
4629 0 +1.471138177e+02 +1.245638177e+02 +1.245638177e+02 +1.4519e+00 +1.3322e+00 +1.8306e+00 -3.8827e+00 +4.1122e-01 +4.2227e+00 +2.5308e-01 -1.9061e+00 -8.0902e-01 -1.3274e+00 -1.2642e+00 +2.8183e+00 -3.4230e+00 +3.8333e+00 +5.3344e-02 -1.4191e+00 +1.4397e+00 -1.2332e+00 -1.2259e+00 +3.7960e-01
9660 0 +1.327805332e+02 +1.102305332e+02 +1.102305332e+02 +2.0682e+00 +3.2715e+00 +2.3065e+00 -1.9188e+00 +2.5095e-01 +2.4889e+00 +3.0005e+00 +8.1233e-01 +2.3520e+00 -3.8647e-01 -2.2016e+00 +1.1057e+00 -1.8120e+00 +2.9906e+00 -3.7326e-01 -4.5308e-01 +2.5892e-01 +1.2997e+00 +1.3849e+00 +3.9393e-01
12326 0 +1.248887628e+02 +1.023387628e+02 +1.023387628e+02 +4.4922e+00 +2.1029e+00 -4.2878e-01 -2.3160e+00 -1.2483e-01 +2.9082e+00 +1.8667e+00 +1.5977e+00 -1.4642e+00 +1.7434e-01 +6.1279e-01 +1.7296e+00 +3.3191e+00 -1.8828e+00 -2.4895e+00 +8.7690e-01 -1.6959e+00 -2.7917e+00 +2.2726e+00 -1.9650e+00
24634 0 +9.499993525e+01 +7.244993525e+01 +7.244993525e+01 -1.0593e+00 +8.0600e-01 +3.3032e+00 -1.8401e+00 +1.6719e+00 -3.3617e+00 -1.5088e+00 -2.6351e+00 +1.6416e+00 -1.8462e+00 +9.0145e-01 -1.7271e+00 +3.0591e+00 +1.2904e+00 +2.2239e+00 +5.6583e-01 +5.9097e-01 -3.0421e+00 +2.2644e+00 -1.4104e+00
76861 0 +7.029739067e+01 +4.774739067e+01 +4.774739067e+01 +2.8077e+00 +4.5277e-01 +8.3748e-02 +3.7510e-01 +1.6373e+00 -2.5160e+00 +2.1239e+00 -4.1178e+00 +1.3471e-01 +4.4297e-01 +5.2585e-01 +1.3425e+00 +9.1408e-01 -1.2800e+00 -1.5590e+00 -4.4040e-01 +3.6847e+00 +1.1686e+00 -3.4769e-01 -7.6798e-01
200005 0 +7.029739067e+01 +4.774739067e+01 +4.774739067e+01 +2.8077e+00 +4.5277e-01 +8.3748e-02 +3.7510e-01 +1.6373e+00 -2.5160e+00 +2.1239e+00 -4.1178e+00 +1.3471e-01 +4.4297e-01 +5.2585e-01 +1.3425e+00 +9.1408e-01 -1.2800e+00 -1.5590e+00 -4.4040e-01 +3.6847e+00 +1.1686e+00 -3.4769e-01 -7.6798e-01
% f evaluations | g evaluations | best noise-free fitness - Fopt (1.366000000000e+01) + sum g_i+ | measured fitness | best measured fitness or single-digit g-values | x1 | x2...
1 0 +2.811586777e+05 +2.811723377e+05 +2.811723377e+05 +0.0000e+00 +0.0000e+00 +0.0000e+00 +0.0000e+00 +0.0000e+00 +0.0000e+00 +0.0000e+00 +0.0000e+00 +0.0000e+00 +0.0000e+00 +0.0000e+00 +0.0000e+00 +0.0000e+00 +0.0000e+00 +0.0000e+00 +0.0000e+00 +0.0000e+00 +0.0000e+00 +0.0000e+00 +0.0000e+00
13 0 +7.437744908e+04 +7.439110908e+04 +7.439110908e+04 -1.7689e+00 -4.7323e+00 -8.7889e-01 +4.7468e+00 -3.0510e+00 -1.2650e+00 -2.0117e+00 -2.9629e+00 -4.2282e+00 +1.6927e+00 +3.4976e+00 -2.9810e+00 +3.1804e+00 -2.5506e-01 -1.4216e-02 -1.6439e+00 -7.6836e-02 +1.0318e+00 -2.0356e+00 +1.0563e+00
17 0 +8.408464482e+02 +8.545064482e+02 +8.545064482e+02 -1.6681e+00 -1.9133e+00 -3.4792e+00 +2.9891e+00 +1.5902e+00 -1.8976e+00 -1.3080e+00 -5.9219e-01 -5.8992e-02 +6.2487e+00 +4.1534e+00 +3.6450e+00 +3.3228e+00 -9.2794e-01 -1.8858e-01 +6.6978e-01 -2.4154e+00 -1.7703e+00 +8.3598e-01 -2.4833e-01
62 0 +4.255632193e+02 +4.392232193e+02 +4.392232193e+02 +1.2148e-01 -2.0028e+00 -7.8711e-01 +3.4033e+00 -9.8508e-01 +9.9883e-01 +8.4324e-01 +2.9053e+00 -3.8704e+00 +2.6527e+00 +2.9926e+00 +2.6637e+00 -1.6712e+00 -2.6202e+00 +2.2211e+00 +2.3484e-01 +1.1981e+00 -4.1103e+00 -1.3639e+00 +1.0231e-01
237 0 +2.171212933e+02 +2.307812933e+02 +2.307812933e+02 -2.2504e+00 -4.0106e-01 -1.9938e+00 +1.6368e+00 -2.3959e-01 +1.3946e+00 -5.0314e-01 -1.4195e+00 +1.4288e+00 +3.4975e+00 +2.1450e+00 +2.2986e+00 -1.1186e+00 -3.9219e+00 +8.2306e-01 +1.1608e+00 +1.7868e-01 +1.0876e+00 +1.0068e+00 +6.6925e-01
807 0 +1.741310702e+02 +1.877910702e+02 +1.877910702e+02 +5.5790e-01 +2.5840e+00 +1.9982e+00 -1.1886e+00 +5.1678e+00 -2.0377e+00 +1.6663e+00 -3.7952e+00 +2.4249e+00 +1.9888e+00 +6.6846e-01 -8.9526e-01 -8.3713e-01 -4.4426e+00 -1.4100e+00 +3.6934e+00 -3.5300e+00 -2.3541e+00 +2.8180e+00 +9.9266e-01
17294 0 +1.682657569e+02 +1.819257569e+02 +1.819257569e+02 +1.2319e+00 +2.5957e+00 +1.0828e+00 -1.2504e-01 -4.4114e+00 +2.3436e+00 -4.0547e-02 -3.6506e+00 -8.2506e-01 +8.7783e-01 -1.2496e+00 -2.3306e-02 +7.6605e-01 -2.5678e+00 +5.1793e-01 +4.5415e+00 +2.1917e+00 -8.7349e-01 -4.3395e+00 -1.5449e+00
17726 0 +1.619739757e+02 +1.756339757e+02 +1.756339757e+02 -1.6946e+00 +2.7771e+00 +3.0370e-01 +9.8352e-01 -4.0379e+00 +3.4119e-01 -3.1102e+00 -3.1204e+00 -1.8765e+00 -6.5239e-01 +2.2244e+00 +2.2261e+00 +3.0595e-01 -5.4619e-01 -1.4956e-01 +2.1161e+00 +2.1132e+00 -3.5059e+00 -1.5668e+00 -1.9664e+00
33884 0 +1.466150527e+02 +1.602750527e+02 +1.602750527e+02 -3.1099e+00 +3.5522e+00 -6.1912e-01 +2.6565e+00 -5.9450e-01 -3.3786e+00 -2.5693e+00 -3.2428e+00 -2.4319e+00 -1.1943e+00 -2.7423e+00 +2.5783e+00 -2.1705e+00 -1.4558e+00 +1.2474e+00 +6.4070e-01 -2.9049e+00 +5.5880e-01 -4.8742e-01 +3.5003e+00
34322 0 +1.150854775e+02 +1.287454775e+02 +1.287454775e+02 -3.7628e+00 +1.5075e+00 -1.2106e+00 +2.5403e+00 +8.0980e-01 -3.1733e+00 -2.0560e-02 -1.8991e+00 -6.3540e-01 -2.0164e+00 -2.4636e+00 +5.2992e+00 -2.6536e+00 +4.3192e-01 +1.1229e+00 +9.4289e-01 -3.3745e+00 +9.0149e-02 -2.7030e+00 +3.0578e+00
54090 0 +1.078435668e+02 +1.215035668e+02 +1.215035668e+02 -1.6608e+00 +2.7659e+00 +5.9367e-01 -1.2735e+00 +9.3726e-01 -9.0105e-02 +6.8592e-01 -2.0949e+00 +1.5801e+00 -1.7914e+00 -1.2354e+00 -8.2593e-01 -1.3132e+00 +3.4822e+00 -1.4896e+00 -2.3296e+00 -4.3769e+00 -3.5029e+00 +2.1056e+00 -4.7552e-01
85842 0 +9.324591852e+01 +1.069059185e+02 +1.069059185e+02 +8.5797e-01 +3.3338e+00 +8.9855e-01 -1.0812e+00 -1.2595e+00 +2.3733e+00 -1.9917e-02 -2.9503e+00 +2.4822e+00 -3.0303e+00 -3.8192e+00 +3.5611e-01 +3.2415e+00 -6.1077e-01 +1.6219e+00 -1.7200e+00 -2.2275e+00 -1.7847e+00 -3.3955e+00 -1.9907e+00
85922 0 +8.848566963e+01 +1.021456696e+02 +1.021456696e+02 -5.4263e-01 +1.1312e+00 +3.7774e+00 -1.4270e+00 +4.7613e-02 +2.4922e-01 +1.4745e+00 -3.0063e+00 -1.9787e+00 -7.7113e-01 -3.4210e+00 +2.0861e+00 +3.6820e+00 -4.5010e-01 +2.9128e+00 +7.2255e-01 -3.1727e+00 -2.6752e+00 -3.7269e+00 -2.8801e+00
124777 0 +8.277832670e+01 +9.643832670e+01 +9.643832670e+01 -4.1568e-01 +6.5708e-01 +7.4000e-01 -4.3993e+00 -1.7436e-01 -1.5681e-01 +1.8156e+00 -2.0353e+00 +1.7066e-01 -1.9550e+00 -2.3123e+00 +3.4454e+00 -8.3475e-02 +5.9739e-01 +3.6133e+00 +1.1178e+00 -1.5643e+00 -7.3680e-01 -1.7891e-01 +1.3164e+00
200005 0 +8.277832670e+01 +9.643832670e+01 +9.643832670e+01 -4.1568e-01 +6.5708e-01 +7.4000e-01 -4.3993e+00 -1.7436e-01 -1.5681e-01 +1.8156e+00 -2.0353e+00 +1.7066e-01 -1.9550e+00 -2.3123e+00 +3.4454e+00 -8.3475e-02 +5.9739e-01 +3.6133e+00 +1.1178e+00 -1.5643e+00 -7.3680e-01 -1.7891e-01 +1.3164e+00
% f evaluations | g evaluations | best noise-free fitness - Fopt (9.378400000000e+02) + sum g_i+ | measured fitness | best measured fitness or single-digit g-values | x1 | x2...
1 0 +2.581107992e+06 +2.582045832e+06 +2.582045832e+06 +0.0000e+00 +0.0000e+00 +0.0000e+00 +0.0000e+00 +0.0000e+00 +0.0000e+00 +0.0000e+00 +0.0000e+00 +0.0000e+00 +0.0000e+00 +0.0000e+00 +0.0000e+00 +0.0000e+00 +0.0000e+00 +0.0000e+00 +0.0000e+00 +0.0000e+00 +0.0000e+00 +0.0000e+00 +0.0000e+00
3 0 +1.475193909e+05 +1.484572309e+05 +1.484572309e+05 +3.3677e+00 -1.8041e-02 +4.9806e+00 -4.1269e+00 +4.9035e-02 -1.9779e+00 +1.9671e+00 -1.3354e+00 -3.6312e+00 +1.6425e-01 -2.1116e+00 -3.0819e+00 -3.6221e+00 +3.7064e+00 +4.6984e+00 -1.9710e-01 -3.5661e+00 +3.7555e+00 +2.9562e+00 -4.3335e+00
17 0 +2.586360535e+02 +1.196476054e+03 +1.196476054e+03 -1.7010e+00 +5.3699e+00 -1.2322e+00 +2.7856e+00 -3.4859e+00 +4.5357e+00 +6.6277e-01 +1.1310e+00 -1.0404e+00 -1.0058e+00 +2.6232e+00 +3.7458e+00 -1.8174e+00 +6.0267e+00 +1.0723e+00 -5.9418e+00 +2.2973e-01 +2.1050e+00 -3.5633e-01 +8.4705e-01
417 0 +2.049939386e+02 +1.142833939e+03 +1.142833939e+03 -1.4762e+00 +3.5305e-02 +3.0801e+00 +2.7145e+00 -3.6552e+00 -1.5589e+00 -4.8711e+00 +2.7650e+00 -5.4066e-01 +5.2767e-01 -2.0452e+00 -7.2614e-01 -1.6684e+00 +4.4408e+00 +3.1314e-01 -3.1205e+00 -2.1492e+00 -6.3823e-01 +2.9354e+00 -8.3832e-01
3857 0 +1.901607676e+02 +1.128000768e+03 +1.128000768e+03 -2.3884e+00 +8.7578e-01 +2.7629e+00 +2.4696e+00 +2.2742e+00 -3.2715e-01 +2.5951e+00 -2.0464e+00 -3.0899e+00 +3.6955e+00 +1.1285e+00 -2.5789e+00 -4.3286e+00 +3.3016e-02 -1.2130e+00 +6.8375e-01 -2.4396e+00 -3.6852e+00 +9.1992e-01 -2.2982e+00
3910 0 +1.793437741e+02 +1.117183774e+03 +1.117183774e+03 -6.2360e-01 +9.1481e-01 +2.6261e+00 +2.1809e+00 +2.2587e+00 -1.0291e+00 +3.3029e+00 -1.2543e-02 -7.7807e-01 -1.9602e+00 +2.0995e+00 -3.4126e+00 -2.7393e+00 +1.3491e+00 -6.7984e-01 -7.2721e-01 -2.8958e+00 -3.2318e+00 +1.4225e+00 -1.9128e+00
4475 0 +1.666229135e+02 +1.104462913e+03 +1.104462913e+03 -3.0468e+00 -2.7931e-01 +2.3687e+00 -1.6710e+00 +8.1832e-01 +1.6222e+00 +3.2921e+00 -1.5065e+00 +1.6859e+00 +5.5437e-02 +2.4954e+00 -4.4148e-01 -1.6329e+00 +1.1728e+00 +7.6167e-01 -2.7648e+00 -1.7777e+00 -1.4464e+00 +2.4898e+00 -2.3408e+00
6158 0 +1.223658511e+02 +1.060205851e+03 +1.060205851e+03 -1.8633e+00 +1.1458e+00 +7.0723e-01 -1.4332e+00 -1.9495e+00 -2.2154e+00 +8.4544e-01 +2.4395e+00 +6.2943e-01 -1.7177e+00 -1.9502e+00 -8.0902e-01 +6.3196e-01 +2.0366e+00 -7.2550e-01 -4.0135e+00 +1.5485e+00 -1.7729e+00 -9.7202e-02 +8.0073e-01
54992 0 +1.167205692e+02 +1.054560569e+03 +1.054560569e+03 -2.2222e-01 +3.2910e+00 +1.1752e+00 +2.4357e+00 -9.1930e-01 -8.4736e-01 +7.0622e-01 +2.8836e+00 +2.6652e+00 -1.5581e+00 +7.4922e-01 -4.4355e+00 -1.8858e+00 +8.2035e-01 -1.0209e+00 +2.8423e+00 -1.2245e+00 -3.3479e+00 +7.1133e-01 -2.1016e+00
56724 0 +9.794318913e+01 +1.035783189e+03 +1.035783189e+03 -4.3026e+00 +2.0208e+00 -2.8135e-01 -1.5173e+00 -2.7908e+00 +1.0308e+00 +2.5736e+00 +9.1062e-01 +9.4484e-01 +3.6601e+00 -1.4532e+00 -1.3434e+00 -2.2431e+00 -3.9230e-01 +1.8002e-01 -1.2722e+00 -1.3357e+00 -2.9212e+00 -1.7794e+00 -1.3710e+00
56861 0 +8.795131865e+01 +1.025791319e+03 +1.025791319e+03 -3.1976e+00 +1.6174e+00 +1.9854e+00 -8.2776e-01 -1.6482e+00 +1.9732e+00 +2.9217e+00 +3.3002e-03 +1.3214e-01 +2.5594e+00 -7.5317e-01 -1.8771e+00 -1.3671e+00 -6.2032e-01 +1.0990e-01 -9.3436e-02 -1.2882e+00 -2.0517e+00 -2.9379e-01 -2.3345e+00
99055 0 +8.630884657e+01 +1.024148847e+03 +1.024148847e+03 +1.4735e-01 +2.4718e+00 +3.3388e+00 -9.8398e-01 -1.3656e+00 +1.8389e+00 -6.5045e-01 +4.7407e-01 -4.9578e-01 +2.6626e+00 -7.6964e-01 +3.4869e+00 +4.4904e-01 +3.4273e+00 -3.7822e+00 +3.9985e+00 +1.1908e+00 -2.7562e+00 -2.2694e+00 +1.6230e+00
156593 0 +7.655997495e+01 +1.014399975e+03 +1.014399975e+03 +2.3426e+00 +4.1468e+00 +2.0906e+00 -1.4847e+00 -3.0770e+00 -6.7752e-01 -2.9382e+00 +2.6485e+00 -5.4618e-01 +1.9018e+00 -4.4306e+00 +1.3060e-01 -4.4622e+00 -1.4985e+00 +6.3210e-01 +7.6786e-02 +2.6290e+00 -1.1529e+00 +7.8448e-01 +2.8980e+00
200005 0 +7.655997495e+01 +1.014399975e+03 +1.014399975e+03 +2.3426e+00 +4.1468e+00 +2.0906e+00 -1.4847e+00 -3.0770e+00 -6.7752e-01 -2.9382e+00 +2.6485e+00 -5.4618e-01 +1.9018e+00 -4.4306e+00 +1.3060e-01 -4.4622e+00 -1.4985e+00 +6.3210e-01 +7.6786e-02 +2.6290e+00 -1.1529e+00 +7.8448e-01 +2.8980e+00
% f evaluations | g evaluations | best noise-free fitness - Fopt (-7.872000000000e+01) + sum g_i+ | measured fitness | best measured fitness or single-digit g-values | x1 | x2...
1 0 +3.474398233e+06 +3.474319513e+06 +3.474319513e+06 +0.0000e+00 +0.0000e+00 +0.0000e+00 +0.0000e+00 +0.0000e+00 +0.0000e+00 +0.0000e+00 +0.0000e+00 +0.0000e+00 +0.0000e+00 +0.0000e+00 +0.0000e+00 +0.0000e+00 +0.0000e+00 +0.0000e+00 +0.0000e+00 +0.0000e+00 +0.0000e+00 +0.0000e+00 +0.0000e+00
3 0 +2.458521359e+06 +2.458442639e+06 +2.458442639e+06 -4.5344e+00 -2.3660e+00 -3.3703e+00 +4.8281e+00 +7.6788e-01 -3.6785e+00 +4.8145e+00 +4.5139e+00 +1.1399e+00 -2.5819e-01 -1.8238e+00 +4.3651e+00 -4.7875e+00 -3.6115e+00 +1.7769e+00 +1.3701e+00 +2.3383e+00 +1.4049e+00 -3.7807e+00 -2.2235e+00
6 0 +5.001174275e+05 +5.000387075e+05 +5.000387075e+05 -2.0389e+00 +4.0747e+00 +2.9789e+00 +1.4268e+00 -4.8906e+00 +2.5220e+00 -4.4474e+00 -4.3909e+00 -9.0907e-01 +5.7996e-01 -2.1581e+00 +7.0812e-01 +1.4818e-01 +5.9321e-01 -1.8958e+00 +4.3183e+00 -3.3271e+00 +1.0052e+00 -9.9204e-01 +4.0439e+00
14 0 +2.807250552e+05 +2.806463352e+05 +2.806463352e+05 +2.5698e+00 +1.5639e+00 +2.1716e+00 +1.1469e+00 -2.6454e+00 -2.5279e+00 -1.2244e+00 -3.1377e+00 -3.5179e+00 +2.4076e+00 +2.9531e+00 +5.4526e+00 +2.8752e-01 -2.7506e+00 +1.2025e+00 -5.8012e-01 +1.2586e+00 -3.0007e+00 +3.8118e+00 +3.8142e+00
17 0 +1.453981921e+05 +1.453194721e+05 +1.453194721e+05 -9.2124e-01 +2.4587e+00 +6.1643e+00 +6.1849e-01 -1.8139e+00 +3.3072e+00 -1.5532e+00 -4.0418e+00 -2.5362e-01 +1.8945e+00 -3.5066e+00 +1.4095e+00 -1.9830e+00 -2.2407e+00 -3.3491e+00 +1.6522e+00 -2.6596e+00 +1.7649e+00 -4.7769e-01 +3.0294e+00
24 0 +1.256246027e+05 +1.255458827e+05 +1.255458827e+05 -8.7386e-01 +2.4370e+00 +5.9395e+00 +1.2616e+00 -1.7939e+00 +3.3977e+00 -8.2467e-01 -4.8180e+00 -1.1418e+00 +1.3662e+00 -3.5342e+00 +1.4458e+00 -1.8997e+00 -6.3709e-01 -4.7039e-01 +2.3045e+00 -2.5547e+00 +9.4891e-01 +1.9270e-01 +3.5368e+00
27 0 +4.932691923e+04 +4.924819923e+04 +4.924819923e+04 -2.0671e+00 +5.0901e+00 +1.2460e+00 +3.0325e+00 -4.7507e+00 +4.3548e+00 -4.8259e+00 -2.2672e+00 +1.4268e+00 +3.9941e+00 -1.5711e+00 -1.3048e+00 +3.0694e+00 +5.7707e-01 -2.8384e-01 -8.8159e-01 +4.9815e-01 +3.9984e+00 +3.0292e-01 +2.7324e+00
39 0 +2.539238144e+03 +2.460518144e+03 +2.460518144e+03 -1.6817e+00 +4.6990e+00 +4.6991e-01 +2.2384e+00 -4.2142e+00 +1.4617e+00 -1.1028e+01 -4.5702e+00 +9.8902e-02 +1.9411e+00 -4.7175e-01 -1.1608e+00 +8.6197e-01 +2.5822e+00 -3.3428e-03 -3.9472e-01 -5.2802e+00 +1.1708e+00 -2.2863e-01 +3.1070e+00
74 0 +1.246295847e+03 +1.167575847e+03 +1.167575847e+03 -4.6094e+00 +2.3448e+00 -4.9670e+00 +3.8215e+00 -7.2727e-01 +2.3501e+00 -7.5850e-01 +2.6297e+00 +2.7967e+00 +6.9299e+00 +4.5533e-01 -4.2206e-02 +2.2103e+00 -1.4619e+00 +1.6100e+00 -5.1006e+00 +5.3690e+00 +5.1526e+00 -2.8483e+00 +1.6668e+00
237 0 +4.163006749e+02 +3.375806749e+02 +3.375806749e+02 +7.3983e-01 -3.0405e+00 -2.1848e+00 +6.6084e-01 -5.7806e+00 -6.9518e+00 +4.1358e+00 -3.8818e+00 -5.9664e-01 -6.8309e-01 +1.6847e+00 +3.2004e+00 -2.9920e+00 -1.7220e+00 +4.0999e-02 +4.1430e+00 -2.0612e+00 +1.2186e+00 +4.8471e+00 +2.0038e+00
630 0 +3.034787167e+02 +2.247587167e+02 +2.247587167e+02 +1.4028e-01 +3.8054e+00 -2.2881e-01 +3.2034e+00 -8.8772e-01 -2.5087e+00 -1.0567e+00 +9.3959e-01 +5.1967e-01 -3.7570e-01 -9.5109e-01 +1.3132e+00 +3.7901e+00 +2.2134e+00 -1.6145e+00 +1.7996e+00 -8.5222e-01 -3.1982e-01 +2.4383e+00 -5.0663e-01
1503 0 +1.864881722e+02 +1.077681722e+02 +1.077681722e+02 +1.3400e+00 +5.7355e-01 -1.1934e+00 +5.0051e-01 -3.1969e+00 +6.1810e-01 -8.8349e-01 -1.9197e+00 -1.7181e-01 +1.2365e+00 +1.6995e+00 -7.9003e-01 +2.9506e+00 -1.9705e+00 -4.6657e-01 +2.1966e+00 +3.2299e-01 -2.7546e-01 +4.4890e+00 +1.2533e+00
2318 0 +1.266886115e+02 +4.796861149e+01 +4.796861149e+01 +3.1939e-01 +2.1738e-01 -4.1888e-01 -3.1560e+00 -7.9882e-03 -2.0838e+00 +7.3146e-01 +4.6143e-01 +1.6220e+00 +5.4781e-01 -1.7704e+00 +2.4102e+00 -6.4782e-02 -3.6331e+00 -3.4631e+00 -5.0403e+00 +3.1891e-01 +1.7828e+00 +1.0680e+00 -7.3551e-01
3955 0 +1.217775878e+02 +4.305758776e+01 +4.305758776e+01 +2.7635e+00 -5.5692e-01 -8.0762e-01 -2.9816e+00 -9.1537e-01 +9.3581e-01 +3.3317e+00 -4.2414e-01 +8.4848e-01 -1.7698e-01 -1.5224e+00 +3.1886e+00 +2.9820e+00 -1.9466e-01 +2.0838e+00 -1.0021e+00 -2.4288e+00 -1.5468e+00 +4.3735e+00 +8.8220e-01
12828 0 +1.188531030e+02 +4.013310304e+01 +4.013310304e+01 -1.9150e+00 -4.5007e+00 -2.3194e+00 +1.6186e+00 +1.1275e+00 +1.2392e+00 -1.0882e+00 +6.4416e-01 +1.8188e+00 +7.9960e-01 -3.2706e+00 +2.3355e-01 +7.6735e-01 -2.9937e+00 -1.6952e+00 -2.0641e+00 -9.3360e-01 +2.1197e+00 -6.8645e-01 -1.2396e+00
15377 0 +1.066248696e+02 +2.790486957e+01 +2.790486957e+01 +3.8256e+00 -2.5153e+00 +3.6383e-01 +2.7216e+00 -1.7430e+00 -3.4316e+00 +2.7688e-01 +3.0492e+00 +2.5091e+00 -1.7453e+00 -3.7920e+00 +8.4588e-01 +1.2118e+00 -4.0614e+00 -1.7296e+00 +1.1345e+00 -1.5737e+00 +2.1151e-01 -3.2965e+00 +2.5725e+00
15689 0 +6.246502713e+01 -1.625497287e+01 -1.625497287e+01 +1.3779e+00 -3.7063e+00 -1.6194e+00 +1.1639e+00 -1.7972e+00 -2.3814e+00 +8.7878e-01 +3.0352e+00 +2.9926e+00 -3.2499e-01 -3.1990e+00 +2.0366e+00 +1.6151e+00 -2.5837e+00 -1.7534e+00 -9.1791e-01 -3.8808e+00 -4.0568e-01 -1.1239e+00 +2.4851e+00
200005 0 +6.246502713e+01 -1.625497287e+01 -1.625497287e+01 +1.3779e+00 -3.7063e+00 -1.6194e+00 +1.1639e+00 -1.7972e+00 -2.3814e+00 +8.7878e-01 +3.0352e+00 +2.9926e+00 -3.2499e-01 -3.1990e+00 +2.0366e+00 +1.6151e+00 -2.5837e+00 -1.7534e+00 -9.1791e-01 -3.8808e+00 -4.0568e-01 -1.1239e+00 +2.4851e+00
% f evaluations | g evaluations | best noise-free fitness - Fopt (-4.151000000000e+01) + sum g_i+ | measured fitness | best measured fitness or single-digit g-values | x1 | x2...
1 0 +1.324554082e+07 +1.324549931e+07 +1.324549931e+07 +0.0000e+00 +0.0000e+00 +0.0000e+00 +0.0000e+00 +0.0000e+00 +0.0000e+00 +0.0000e+00 +0.0000e+00 +0.0000e+00 +0.0000e+00 +0.0000e+00 +0.0000e+00 +0.0000e+00 +0.0000e+00 +0.0000e+00 +0.0000e+00 +0.0000e+00 +0.0000e+00 +0.0000e+00 +0.0000e+00
3 0 +6.988157823e+03 +6.946647823e+03 +6.946647823e+03 -1.3665e+00 -2.1533e+00 +4.2440e+00 +4.3744e+00 -1.3036e+00 +1.3754e+00 -2.9604e+00 +3.7652e+00 +1.3736e+00 +3.7765e+00 +1.5624e+00 +2.1291e+00 +4.4433e+00 -1.5760e+00 +4.2986e+00 -2.8388e+00 -1.9784e+00 -4.8664e+00 +4.8407e+00 +4.6730e+00
58 0 +4.462108622e+02 +4.047008622e+02 +4.047008622e+02 +3.3316e+00 -6.1150e+00 +4.6231e+00 +3.1744e+00 -4.6602e-01 -3.8980e-01 +7.4768e-01 +2.2345e+00 +8.2234e+00 +5.6144e-01 -5.8679e-01 +3.4203e+00 +6.3262e+00 -1.9324e+00 +2.3818e+00 -1.9969e+00 -2.8515e+00 -4.9736e+00 +2.3087e+00 +4.4914e+00
241 0 +2.107889403e+02 +1.692789403e+02 +1.692789403e+02 +2.4618e+00 -1.8352e+00 +2.5968e+00 -5.1710e-01 +7.6318e-01 -8.5019e-01 -2.8893e-01 +1.3158e+00 +2.7649e+00 -1.3615e+00 -1.5560e+00 +1.0796e+00 -1.9489e+00 -6.8738e-01 +3.5542e+00 -9.1183e-01 -7.2046e-01 -9.7873e-02 +1.5199e-01 +8.6615e-01
542 0 +1.994881880e+02 +1.579781880e+02 +1.579781880e+02 +2.1580e+00 -1.5174e+00 -7.1524e-01 +1.1298e+00 -7.0507e-01 +1.5441e+00 -1.8330e+00 -1.6767e+00 +1.1023e-01 -1.7778e+00 -1.7451e+00 +8.8540e-01 -5.8010e-02 +3.0626e+00 +3.0966e+00 -4.2518e+00 -2.5338e+00 +1.0553e+00 +3.1334e+00 +3.7000e+00
1575 0 +1.863105671e+02 +1.448005671e+02 +1.448005671e+02 +2.8401e+00 +8.6595e-01 -4.0806e-01 -2.7459e+00 -5.0991e-01 +9.6564e-01 -3.7045e+00 +6.0997e-01 +2.5496e+00 -1.5437e+00 -4.3479e+00 -1.0322e+00 +4.1065e-01 -1.7849e+00 +3.8347e+00 -2.0360e+00 -1.8799e+00 +3.6398e+00 +3.1570e+00 -6.3080e-02
1612 0 +1.812631530e+02 +1.397531530e+02 +1.397531530e+02 +2.1210e+00 +3.9963e+00 -1.4393e+00 -3.1990e+00 +1.3116e+00 +1.2715e-01 -3.7319e+00 +1.7854e+00 -1.7842e+00 -2.0097e+00 -2.1626e+00 +5.1781e-01 -1.4932e+00 -2.6609e+00 +4.4994e+00 -1.9030e+00 -1.1553e-01 +1.4589e+00 +3.5847e+00 +2.9205e+00
1726 0 +1.535932169e+02 +1.120832169e+02 +1.120832169e+02 +1.8619e+00 -9.3806e-01 -2.1711e+00 -4.7345e+00 +1.5734e+00 -6.8617e-02 -2.7934e+00 +3.0893e+00 +3.1316e-01 -1.1962e+00 +1.8388e+00 +2.3095e+00 -5.0855e-01 -3.8444e+00 +3.6790e+00 -1.4207e+00 -3.9137e-01 +4.0807e+00 +2.4221e+00 +3.2090e+00
2316 0 +1.495359573e+02 +1.080259573e+02 +1.080259573e+02 +2.0827e+00 +1.0430e-01 -1.8722e+00 -1.3782e+00 +1.3737e+00 +6.3926e-01 -3.5992e+00 +1.3236e+00 -8.6780e-01 -2.9204e+00 -3.1244e-01 +1.9592e+00 -2.0093e+00 -2.3433e+00 +4.1131e+00 -1.4144e+00 -3.3415e-01 -2.8946e+00 +1.6280e+00 +6.9790e-01
7512 0 +1.441823608e+02 +1.026723608e+02 +1.026723608e+02 +4.7436e+00 +3.1816e+00 -3.2959e+00 +2.7585e+00 -3.0971e+00 +1.4873e+00 -3.3040e-01 -3.4401e+00 -2.8135e+00 -2.4242e+00 +3.2797e+00 +2.8054e+00 -1.6747e+00 -5.6821e-01 +3.2376e+00 +2.2572e-01 -2.8034e+00 -9.9519e-01 +3.5681e-01 +2.8539e+00
7680 0 +1.139172637e+02 +7.240726371e+01 +7.240726371e+01 +1.1167e+00 +2.5638e+00 -1.3002e+00 +9.6932e-01 -2.9984e+00 -3.3394e+00 -1.7802e+00 -4.5400e+00 -1.9333e+00 -1.7091e+00 +1.4261e+00 +3.2899e+00 -2.6674e+00 -7.3413e-01 +3.8782e+00 +3.1039e+00 -3.8867e+00 +1.7141e-01 +3.0333e-01 +2.0548e+00
9123 0 +1.049164455e+02 +6.340644553e+01 +6.340644553e+01 +1.7628e+00 +2.9293e+00 -1.5252e+00 +1.7508e+00 -1.9647e+00 -9.7876e-01 -2.1916e+00 -2.8140e+00 -3.2284e+00 -2.0804e+00 +1.8473e-01 +2.2074e+00 +8.2743e-02 -1.7113e+00 +2.7396e+00 +1.0659e-01 -2.9549e+00 +3.3359e+00 -3.0260e+00 -1.8823e+00
17887 0 +1.013519236e+02 +5.984192356e+01 +5.984192356e+01 +2.8936e+00 -1.6552e+00 -3.2602e+00 +4.6528e-01 -4.8380e+00 +2.6537e-02 -2.9860e+00 -3.1987e+00 -2.9399e+00 +1.8260e+00 -1.3224e+00 +1.8424e+00 -1.8699e+00 +7.1227e-01 -2.9726e+00 +1.0931e+00 -1.1250e+00 +2.6063e-01 -3.2786e+00 +9.0733e-01
30998 0 +9.437037232e+01 +5.286037232e+01 +5.286037232e+01 +2.6999e+00 +1.5224e-01 -3.2259e+00 +4.2420e-01 -3.0645e+00 -2.8359e+00 +1.2817e+00 +2.0786e+00 -2.5440e+00 +5.2102e-01 +1.9965e+00 -1.9300e-01 +3.4002e-01 -6.3651e-01 +5.4244e-01 +2.1995e+00 -2.4981e+00 +1.3847e+00 -4.4749e+00 +1.4418e+00
58816 0 +7.349389578e+01 +3.198389578e+01 +3.198389578e+01 +3.1163e+00 -1.2486e-01 -2.5492e+00 +1.1759e+00 -2.2753e+00 -3.0422e-01 -3.1242e+00 -3.4187e+00 -5.5032e-01 +1.5606e+00 -6.8717e-01 +2.6894e+00 +4.4220e-01 -2.9197e-01 +2.3775e+00 +1.7704e+00 -3.6809e+00 -1.9816e+00 +8.6840e-01 +1.1566e+00
200005 0 +7.349389578e+01 +3.198389578e+01 +3.198389578e+01 +3.1163e+00 -1.2486e-01 -2.5492e+00 +1.1759e+00 -2.2753e+00 -3.0422e-01 -3.1242e+00 -3.4187e+00 -5.5032e-01 +1.5606e+00 -6.8717e-01 +2.6894e+00 +4.4220e-01 -2.9197e-01 +2.3775e+00 +1.7704e+00 -3.6809e+00 -1.9816e+00 +8.6840e-01 +1.1566e+00
% f evaluations | g evaluations | best noise-free fitness - Fopt (1.320700000000e+02) + sum g_i+ | measured fitness | best measured fitness or single-digit g-values | x1 | x2...
1 0 +8.972161278e+06 +8.972293348e+06 +8.972293348e+06 +0.0000e+00 +0.0000e+00 +0.0000e+00 +0.0000e+00 +0.0000e+00 +0.0000e+00 +0.0000e+00 +0.0000e+00 +0.0000e+00 +0.0000e+00 +0.0000e+00 +0.0000e+00 +0.0000e+00 +0.0000e+00 +0.0000e+00 +0.0000e+00 +0.0000e+00 +0.0000e+00 +0.0000e+00 +0.0000e+00
4 0 +5.211996192e+06 +5.212128262e+06 +5.212128262e+06 -7.7323e-01 -1.6834e+00 -1.2858e+00 +3.5780e+00 -3.8783e+00 +3.7345e-01 -4.2147e+00 +3.1525e+00 -5.1627e-01 -1.5663e-01 -4.7900e+00 +9.0735e-01 +3.9553e+00 -1.4121e+00 -2.9062e-02 +6.1899e-01 +3.6974e+00 -3.5317e+00 -2.7350e+00 -8.5766e-01
11 0 +4.760442755e+06 +4.760574825e+06 +4.760574825e+06 +3.1886e+00 -2.4463e+00 +4.7899e+00 +3.1646e+00 +4.3755e+00 +2.8730e+00 +4.4562e+00 +1.9606e+00 -7.3745e-01 +2.7200e+00 +3.0963e+00 +4.2947e+00 +3.2785e+00 -3.1924e+00 +6.6843e-01 +3.9132e+00 -4.9540e+00 +4.8644e+00 +4.6284e-02 -2.2765e+00
13 0 +5.128239093e+05 +5.129559793e+05 +5.129559793e+05 -4.8862e+00 +4.2690e+00 +3.8663e+00 +1.3600e+00 -3.1231e+00 +3.8057e+00 +1.8716e+00 -2.3098e+00 -9.4391e-01 +2.1294e+00 +1.0950e+00 +3.2389e+00 +7.1338e-01 -3.4317e+00 -4.2666e+00 +1.8240e+00 +3.4350e-01 -4.2180e+00 +2.4964e-01 +1.3023e+00
27 0 +1.204737444e+05 +1.206058144e+05 +1.206058144e+05 +7.5305e-01 -6.6473e+00 +3.4092e+00 +6.7040e+00 -1.7298e+00 -1.4977e-01 -6.8633e-01 +3.3894e+00 -2.6149e+00 +3.5033e+00 -2.4237e+00 +5.3956e+00 +3.3661e+00 +9.8410e-01 +4.0962e+00 -2.8110e-01 -2.7557e+00 -3.4129e+00 -4.2913e+00 -2.8673e+00
28 0 +7.556934427e+02 +8.877634427e+02 +8.877634427e+02 -1.9038e+00 +2.3147e+00 -4.6838e-01 +4.5329e+00 -1.8623e+00 -3.1192e+00 +1.6780e+00 +2.5645e+00 -2.7426e+00 +1.3044e+00 -3.9926e+00 +1.4399e+00 -1.0899e+00 +3.3742e+00 -1.5398e+00 -2.7492e+00 +3.3394e-01 -6.0394e+00 -4.1857e+00 -1.1444e+00
322 0 +4.610192412e+02 +5.930892412e+02 +5.930892412e+02 +1.8919e+00 +9.9985e-01 -8.7778e-01 +2.5974e+00 +1.6197e+00 +1.3453e+00 -1.8171e+00 +2.8948e+00 -9.7043e-01 +2.6708e+00 +1.9991e+00 +2.8530e+00 +2.1815e+00 +1.8168e-01 +4.2793e+00 +4.0813e+00 -2.2357e+00 +5.1895e+00 +5.4967e-01 -1.4766e+00
358 0 +2.293562370e+02 +3.614262370e+02 +3.614262370e+02 -9.9770e-03 +1.4262e+00 +3.1933e-01 +3.3272e+00 +2.1762e+00 +2.1118e+00 -4.2327e+00 +3.2707e+00 +8.3234e-02 -9.2464e-01 -2.6499e+00 +1.6837e+00 +6.9660e-01 -3.5930e+00 +2.5933e+00 +1.9550e+00 +2.1980e-01 -4.4460e+00 -1.7847e+00 -6.2221e-01
404 0 +2.220982940e+02 +3.541682940e+02 +3.541682940e+02 +2.8501e+00 +2.5642e+00 -1.7018e+00 +3.8267e+00 +8.3335e-01 -9.4482e-01 +1.1645e+00 +3.3160e+00 -1.0737e+00 -4.0383e-01 -2.6294e+00 +2.6363e+00 -2.0666e+00 -4.3093e+00 +2.4984e+00 +5.4190e-01 -2.8189e+00 +2.3518e+00 -4.2205e+00 -2.7937e-01
1592 0 +1.855847543e+02 +3.176547543e+02 +3.176547543e+02 -1.6696e-01 -5.1378e-01 -1.0700e+00 -1.0378e-01 +1.4074e+00 +3.5849e-01 -9.0214e-01 +5.6967e-01 -3.1606e-01 +4.0758e+00 +2.0944e+00 -3.0494e-01 -3.2167e+00 +1.1417e+00 +3.5575e+00 +1.4386e+00 -2.2872e+00 +1.9528e+00 -1.0048e+00 +1.3625e-01
1981 0 +1.800665738e+02 +3.121365738e+02 +3.121365738e+02 +1.4955e+00 +1.6873e+00 -1.0918e+00 +1.6775e+00 +6.3043e-01 +1.6226e-01 -2.4671e+00 +6.0693e-02 +8.2585e-01 +1.0444e+00 +3.2623e-01 -1.2158e-01 -2.0762e+00 +1.4073e+00 +3.3714e+00 -1.6888e+00 -1.8516e+00 +1.9887e+00 -1.8940e+00 +1.6328e+00
2123 0 +1.757960318e+02 +3.078660318e+02 +3.078660318e+02 -2.2918e+00 +3.5631e+00 -3.5121e+00 +1.0066e-03 +2.0332e-01 -1.8460e+00 +3.4812e+00 +8.0834e-01 +7.9894e-01 +4.2110e+00 +2.2116e+00 +1.5323e+00 -2.7715e+00 -9.1224e-01 +2.2608e+00 +2.1659e+00 -5.3710e-02 +4.1227e+00 -3.3196e+00 -1.1659e+00
2199 0 +1.048153531e+02 +2.368853531e+02 +2.368853531e+02 -2.2450e+00 +3.3761e+00 -8.8757e-01 +1.2084e+00 -9.0772e-01 -1.0162e-01 +8.4176e-01 -8.1068e-01 +3.5273e+00 +1.4380e+00 +2.5224e-01 +1.8230e+00 -5.4929e-01 -5.2637e-01 +2.4915e+00 -6.8831e-02 -4.9815e-02 +2.3451e+00 -4.2455e+00 -1.7572e+00
41645 0 +8.481608806e+01 +2.168860881e+02 +2.168860881e+02 -1.9293e+00 +2.3522e+00 +5.9128e+00 -5.3202e-01 -4.5821e-01 -1.3166e+00 +2.1344e+00 +1.0656e+00 -1.3288e+00 -2.0928e+00 +1.3509e+00 +1.5744e+00 -2.1979e+00 -2.5459e-01 +1.5332e+00 -1.0028e+00 +3.2121e+00 +9.5620e-01 +2.0376e-01 -3.7914e-01
53056 0 +7.861622978e+01 +2.106862298e+02 +2.106862298e+02 -4.0484e+00 +3.6022e+00 +9.2523e-01 +1.5122e+00 +1.0967e+00 +1.0647e+00 -7.5981e-01 +8.0301e-01 -4.0644e+00 -2.6632e+00 -1.1640e+00 +3.6979e+00 +1.4195e+00 -9.3158e-01 +2.4003e+00 -4.6503e-01 +1.1613e+00 +1.7223e+00 -2.2231e+00 -2.1882e+00
53236 0 +7.456173132e+01 +2.066317313e+02 +2.066317313e+02 -4.0419e+00 +4.1600e+00 +2.1995e+00 +1.8170e+00 +2.0171e+00 +4.5278e-01 -8.1580e-01 +6.8728e-01 -1.6167e+00 -2.9525e+00 -1.9703e+00 +3.4880e+00 +1.7628e+00 -2.4435e+00 +1.9110e+00 +2.1309e+00 +4.4152e-01 +1.5750e+00 -2.0909e+00 -5.9718e-01
82634 0 +7.067541253e+01 +2.027454125e+02 +2.027454125e+02 -3.4451e+00 +4.3976e+00 +4.5253e+00 +9.5419e-01 -2.8679e+00 -4.1917e-01 +2.7400e+00 -3.9684e+00 -8.1794e-01 -2.0907e+00 -1.5529e+00 -9.8591e-01 -2.0676e-01 -8.9202e-01 +3.2875e+00 +1.9858e+00 +2.0428e+00 +8.9005e-01 -4.7862e+00 +2.1003e+00
200005 0 +7.067541253e+01 +2.027454125e+02 +2.027454125e+02 -3.4451e+00 +4.3976e+00 +4.5253e+00 +9.5419e-01 -2.8679e+00 -4.1917e-01 +2.7400e+00 -3.9684e+00 -8.1794e-01 -2.0907e+00 -1.5529e+00 -9.8591e-01 -2.0676e-01 -8.9202e-01 +3.2875e+00 +1.9858e+00 +2.0428e+00 +8.9005e-01 -4.7862e+00 +2.1003e+00
% f evaluations | g evaluations | best noise-free fitness - Fopt (9.725000000000e+01) + sum g_i+ | measured fitness | best measured fitness or single-digit g-values | x1 | x2...
1 0 +7.291738861e+06 +7.291836111e+06 +7.291836111e+06 +0.0000e+00 +0.0000e+00 +0.0000e+00 +0.0000e+00 +0.0000e+00 +0.0000e+00 +0.0000e+00 +0.0000e+00 +0.0000e+00 +0.0000e+00 +0.0000e+00 +0.0000e+00 +0.0000e+00 +0.0000e+00 +0.0000e+00 +0.0000e+00 +0.0000e+00 +0.0000e+00 +0.0000e+00 +0.0000e+00
2 0 +6.696195058e+05 +6.697167558e+05 +6.697167558e+05 -1.9966e-01 -1.1618e+00 -2.4430e+00 -1.4935e+00 +4.1081e+00 -3.2025e+00 +7.9779e-01 -4.4765e+00 -2.4205e-01 +4.0548e+00 -1.7702e+00 -3.6720e+00 +3.5605e+00 -3.7807e+00 -9.1734e-02 -8.8035e-01 -4.1937e+00 -1.3653e+00 +4.1584e+00 -2.6791e+00
4 0 +8.992375759e+04 +9.002100759e+04 +9.002100759e+04 +2.9018e+00 +1.2023e-01 -3.8958e+00 -2.7029e+00 -2.0087e+00 +1.6265e-01 +3.9153e+00 +4.8285e+00 +1.0804e+00 -4.6864e+00 +1.8315e+00 -2.3260e+00 -1.2005e+00 -9.2578e-01 +9.2193e-03 +3.2637e-01 -1.8466e+00 +7.1479e-01 -4.8016e+00 +1.9308e+00
18 0 +5.912871157e+04 +5.922596157e+04 +5.922596157e+04 +3.1092e+00 -2.3723e+00 -1.7030e+00 -3.9921e+00 -2.6628e+00 -2.2912e+00 +4.0490e+00 +3.3597e+00 +2.0231e+00 -2.5091e+00 -9.6937e-01 -2.4090e-01 +3.0375e+00 +9.1961e-01 +2.6096e+00 -9.1022e-01 -3.5648e+00 +9.4839e-01 -4.0640e+00 +8.6215e-01
19 0 +2.418273546e+04 +2.427998546e+04 +2.427998546e+04 +2.5200e+00 +1.3391e+00 +3.7401e+00 -1.8403e+00 +4.1888e+00 -2.7441e+00 +1.3577e+00 -2.0160e+00 -3.2344e-01 +3.3820e+00 -2.0526e+00 -2.6643e-01 +5.3465e+00 +7.9114e-01 +2.5468e+00 -2.7966e+00 -2.3652e+00 -6.8557e-01 -1.3067e+00 +3.2502e-01
24 0 +1.373604959e+03 +1.470854959e+03 +1.470854959e+03 +3.0201e+00 -1.0600e+00 -2.2115e+00 -4.3051e+00 -2.6922e+00 -2.2882e+00 +5.4458e+00 +3.3902e+00 +2.0042e+00 -2.2869e+00 -1.7151e+00 -8.0509e-01 +2.5766e+00 +9.6113e-01 +3.0266e+00 -8.7452e-01 -3.0070e+00 +1.0521e+00 -3.8765e+00 +1.6958e+00
275 0 +1.251723423e+03 +1.348973423e+03 +1.348973423e+03 +2.3346e+00 -4.5881e+00 +9.0246e-01 -8.0386e-01 +3.4586e+00 +1.8269e+00 -6.1248e-01 -4.7788e+00 +9.4611e-01 +1.2460e+00 +3.3797e-01 -1.8016e+00 +3.5119e+00 +4.9076e+00 -1.1658e+00 -1.4658e+00 -6.3378e+00 +1.4032e-01 +2.1651e+00 +4.4108e-01
415 0 +2.997298719e+02 +3.969798719e+02 +3.969798719e+02 -2.8413e+00 -3.9998e+00 -3.5589e+00 -3.2722e-01 +2.2509e-01 -3.4730e+00 +2.8475e+00 +5.5647e-01 +7.9999e-01 +2.2360e+00 +2.1279e+00 +2.8018e+00 +7.9103e-01 +1.2630e+00 -6.8226e-01 +3.1291e+00 +1.7942e+00 -4.7396e+00 +3.4364e-01 -8.9555e-01
1661 0 +1.594747444e+02 +2.567247444e+02 +2.567247444e+02 +2.8191e+00 +4.0874e-01 -2.6779e+00 -1.5063e+00 -1.4113e+00 +1.2933e-02 +9.8664e-01 -3.3625e+00 -1.5606e+00 -3.7891e+00 +1.6112e-01 +1.5940e+00 +1.9481e+00 +2.7201e+00 -7.7156e-01 -9.8585e-01 -1.0765e+00 -1.7357e-01 +3.4057e-01 -5.0397e-01
2540 0 +1.452292500e+02 +2.424792500e+02 +2.424792500e+02 -2.8040e+00 +4.1850e+00 -7.2562e-01 -1.7945e+00 +7.6947e-01 +4.6377e-01 +2.1907e+00 -1.9613e+00 -2.6252e+00 -4.7659e+00 +2.4656e+00 -3.8878e+00 -1.8869e+00 -1.2443e+00 +3.2038e-01 -1.5911e+00 -2.1112e+00 +1.6039e+00 -3.3999e+00 +2.8223e+00
2997 0 +1.433346191e+02 +2.405846191e+02 +2.405846191e+02 +1.3318e+00 +1.1911e+00 +2.6651e+00 +3.7293e+00 +8.9407e-01 -1.2371e+00 +1.4954e+00 +6.0339e-01 -3.0200e+00 +3.3364e-01 +2.2399e+00 -7.4546e-01 +3.2888e+00 +3.5283e-01 -3.0074e+00 -3.3284e+00 -1.3873e+00 +6.2571e-01 -3.7238e+00 +2.7366e+00
19067 0 +1.054916008e+02 +2.027416008e+02 +2.027416008e+02 +1.0686e+00 +1.9474e-01 +3.2711e+00 +1.6787e+00 -6.9994e-01 -5.3417e-01 +3.6402e+00 -2.3964e+00 -3.3487e-01 -1.9199e-01 -5.0921e-01 -3.4705e+00 +4.0381e-01 +2.5991e+00 -1.2768e+00 -1.9579e-01 -2.2214e+00 -1.0964e+00 -3.7875e+00 -6.5248e-01
117490 0 +9.911950265e+01 +1.963695026e+02 +1.963695026e+02 +1.1220e+00 +3.9857e-01 -1.7292e+00 +6.7874e-01 +6.2840e-01 +9.9895e-02 -1.0662e-01 -4.0333e+00 -3.2862e-01 -1.5310e+00 +1.1324e+00 -1.8725e-01 +1.3508e+00 -6.9482e-01 -2.2475e+00 -1.6105e+00 -1.4021e-01 -4.8677e-01 -2.3340e+00 +4.3309e+00
197849 0 +8.741675041e+01 +1.846667504e+02 +1.846667504e+02 +2.9132e+00 -6.4324e-01 -8.1371e-01 -1.6759e+00 -2.4703e+00 +1.0871e+00 +1.4687e+00 -2.0527e+00 -2.4844e-01 +8.8209e-01 -4.2162e+00 -4.2374e+00 -3.8425e-01 +2.6971e+00 -1.0467e+00 -3.2573e+00 -7.6521e-01 -1.0164e+00 -2.5447e+00 +1.0369e+00
197896 0 +4.339282212e+01 +1.406428221e+02 +1.406428221e+02 +1.7920e+00 -1.3313e+00 -2.2642e-01 -9.6604e-01 +2.7209e+00 +3.4651e+00 +8.5865e-01 -2.3706e+00 -8.0821e-01 +1.0455e+00 -3.3872e+00 -4.3147e+00 -2.6130e+00 +4.3563e+00 -9.4633e-01 -4.2637e+00 -1.7302e+00 -3.0787e+00 -1.9289e+00 +6.4807e-01
200005 0 +4.339282212e+01 +1.406428221e+02 +1.406428221e+02 +1.7920e+00 -1.3313e+00 -2.2642e-01 -9.6604e-01 +2.7209e+00 +3.4651e+00 +8.5865e-01 -2.3706e+00 -8.0821e-01 +1.0455e+00 -3.3872e+00 -4.3147e+00 -2.6130e+00 +4.3563e+00 -9.4633e-01 -4.2637e+00 -1.7302e+00 -3.0787e+00 -1.9289e+00 +6.4807e-01
% f evaluations | g evaluations | best noise-free fitness - Fopt (-2.033000000000e+01) + sum g_i+ | measured fitness | best measured fitness or single-digit g-values | x1 | x2...
1 0 +2.520617376e+06 +2.520597046e+06 +2.520597046e+06 +0.0000e+00 +0.0000e+00 +0.0000e+00 +0.0000e+00 +0.0000e+00 +0.0000e+00 +0.0000e+00 +0.0000e+00 +0.0000e+00 +0.0000e+00 +0.0000e+00 +0.0000e+00 +0.0000e+00 +0.0000e+00 +0.0000e+00 +0.0000e+00 +0.0000e+00 +0.0000e+00 +0.0000e+00 +0.0000e+00
2 0 +1.684777740e+06 +1.684757410e+06 +1.684757410e+06 +1.6889e+00 -1.2656e+00 -1.6796e+00 +3.4917e+00 +6.2004e-01 -5.2602e-02 -2.1932e-01 -1.7477e+00 +5.5343e-01 +4.0830e+00 +3.6212e+00 +9.3604e-01 -3.6722e+00 -3.1459e+00 +3.5641e+00 -2.9044e-02 +4.4530e+00 +2.8145e+00 -2.2517e+00 +6.5191e-02
4 0 +6.401751096e+05 +6.401547796e+05 +6.401547796e+05 -7.0834e-01 -4.1900e+00 -3.3053e+00 +4.2693e+00 -4.8598e+00 -7.5102e-01 -3.1669e+00 -4.8029e+00 -1.3031e+00 -4.1317e+00 -4.8882e+00 +3.4280e+00 +4.3442e+00 +3.1287e+00 +3.3401e+00 +1.3117e+00 +2.9059e+00 -3.4303e+00 +4.2648e+00 +2.9051e+00
11 0 +1.303088201e+04 +1.301055201e+04 +1.301055201e+04 +1.0001e+00 +1.2721e+00 +2.4741e+00 +1.7372e+00 -3.2422e+00 -4.7554e+00 +3.0469e+00 -2.7377e+00 -3.0395e+00 +1.2016e+00 -2.4663e+00 +3.4897e+00 -1.1098e+00 -3.0349e+00 +4.8404e+00 +4.0875e+00 +1.0738e+00 +2.4130e+00 +4.8329e+00 -1.9743e+00
17 0 +1.840796681e+03 +1.820466681e+03 +1.820466681e+03 -1.1869e+00 +3.9005e+00 +5.1433e+00 -2.6194e+00 +2.3127e-01 -1.0753e+00 +2.9393e+00 +4.9384e+00 +5.7175e-01 +1.1899e+00 +3.9181e+00 -3.3617e-02 -1.0626e+00 -6.9453e-01 +3.5893e+00 +3.1819e+00 +5.3061e-01 -1.9569e-01 -1.2437e+00 -1.1178e+00
76 0 +9.377249873e+02 +9.173949873e+02 +9.173949873e+02 +1.7328e+00 +2.7684e+00 +4.4784e-01 -1.2186e+00 +1.3969e-01 -2.3523e+00 +5.3669e+00 +3.1423e+00 -2.4983e+00 +2.5578e+00 +3.5117e+00 +2.0601e+00 -4.0265e+00 -1.2630e+00 +5.9649e+00 +6.4199e+00 +2.6984e+00 +2.3921e+00 +7.3043e-01 -1.5220e+00
109 0 +3.607780866e+02 +3.404480866e+02 +3.404480866e+02 +2.2627e+00 -7.8013e-01 +2.9729e+00 -7.6166e-01 -8.8731e-01 +9.9681e-01 +7.0173e+00 +3.9906e+00 -8.6314e-01 -2.9516e+00 -7.0575e-01 +2.4930e-01 -9.9143e-01 +3.8154e+00 +3.5881e+00 -6.6302e-01 -5.1731e+00 -3.5670e+00 +6.0674e+00 -3.1742e+00
348 0 +3.163925933e+02 +2.960625933e+02 +2.960625933e+02 -2.9994e+00 -3.8632e+00 +7.4016e-01 +1.9397e+00 +1.9454e-01 +1.5372e+00 +2.4231e+00 -2.1094e+00 -1.6921e+00 -1.8858e+00 -1.3280e+00 -1.5685e-01 -3.6894e+00 +6.0605e+00 -4.8048e+00 -2.7081e-01 -8.4321e-01 +1.7251e-01 +2.0111e+00 -2.6323e+00
685 0 +2.305377328e+02 +2.102077328e+02 +2.102077328e+02 -6.3620e-01 -5.7030e+00 -5.6899e-01 +2.4521e+00 +2.0324e+00 +7.7195e-01 +1.2785e+00 +2.6535e+00 -1.8558e+00 +1.0680e+00 +3.3709e+00 -5.1460e-03 +2.8036e+00 -1.6307e+00 +1.4885e+00 -1.9822e+00 -3.4736e+00 +1.6280e+00 +4.0352e+00 -2.4569e-01
825 0 +1.999984463e+02 +1.796684463e+02 +1.796684463e+02 -1.5191e+00 +1.8848e+00 -1.9124e+00 +1.1702e+00 +1.3409e+00 +3.5704e+00 -2.9857e+00 +7.4346e-01 -1.4598e+00 +2.5709e+00 +2.3398e+00 -9.2320e-01 +3.4929e+00 +1.0235e+00 -8.2449e-01 +3.1777e+00 -1.4501e+00 -2.1246e-02 +7.7902e-01 +6.7923e+00
1349 0 +1.926064326e+02 +1.722764326e+02 +1.722764326e+02 -3.0132e+00 -7.2136e-01 +2.3055e+00 +1.0060e+00 +2.2223e+00 +2.4601e+00 -2.7576e+00 +2.0905e+00 +3.9156e+00 -2.0644e+00 +2.7365e+00 +1.5651e+00 +5.2471e-02 +2.2974e+00 -5.4358e-01 -7.2501e-01 -1.1803e+00 +1.1608e+00 +2.7604e+00 +3.1834e+00
1624 0 +1.512199038e+02 +1.308899038e+02 +1.308899038e+02 +1.3410e+00 +1.7450e+00 +1.2383e+00 +6.4477e-01 +1.9370e+00 +1.9852e+00 +5.1646e-01 +2.6702e+00 +6.6976e-01 -2.6294e+00 -3.3258e+00 -9.5303e-01 -4.7689e-01 +3.6877e+00 +1.3063e+00 -1.0650e+00 -1.3211e+00 -6.8863e-02 -2.1850e+00 +6.1161e-02
1687 0 +1.250745060e+02 +1.047445060e+02 +1.047445060e+02 +4.1565e-01 +7.2572e-01 +1.6626e+00 +3.6199e+00 +2.9574e+00 -1.6831e-01 +3.9912e-01 +1.4986e+00 -3.3551e-01 +1.6942e+00 +6.3107e-01 -2.1122e+00 -4.2573e-01 +3.4317e+00 +8.1382e-01 -2.9424e+00 +3.0320e-01 +3.4896e+00 -3.0472e+00 +7.0410e-01
77414 0 +1.179224699e+02 +9.759246988e+01 +9.759246988e+01 +2.2009e+00 -2.0714e+00 +4.7102e-01 +4.0275e+00 -1.7043e-01 +2.6600e+00 -1.0748e+00 -9.1444e-01 +2.9120e+00 -1.4093e-01 -2.2258e+00 +3.2233e-01 -1.1721e+00 +3.2938e+00 -1.4470e+00 -1.3089e+00 -1.5745e+00 +2.2457e-01 -1.1512e+00 -1.1353e+00
82799 0 +1.130404036e+02 +9.271040358e+01 +9.271040358e+01 -1.9539e+00 +7.8804e-01 +2.4020e+00 +1.9233e+00 +1.3281e+00 +3.3751e+00 +4.1286e-01 +2.0478e+00 -6.6531e-01 +2.7332e+00 +5.7830e-01 -1.6330e+00 +2.3963e+00 +6.2384e+00 -4.5261e+00 -3.2262e+00 -4.6570e+00 -3.0842e+00 +9.8614e-01 +2.4784e+00
200005 0 +1.130404036e+02 +9.271040358e+01 +9.271040358e+01 -1.9539e+00 +7.8804e-01 +2.4020e+00 +1.9233e+00 +1.3281e+00 +3.3751e+00 +4.1286e-01 +2.0478e+00 -6.6531e-01 +2.7332e+00 +5.7830e-01 -1.6330e+00 +2.3963e+00 +6.2384e+00 -4.5261e+00 -3.2262e+00 -4.6570e+00 -3.0842e+00 +9.8614e-01 +2.4784e+00
% f evaluations | g evaluations | best noise-free fitness - Fopt (9.431000000000e+01) + sum g_i+ | measured fitness | best measured fitness or single-digit g-values | x1 | x2...
1 0 +2.607148424e+06 +2.607242734e+06 +2.607242734e+06 +0.0000e+00 +0.0000e+00 +0.0000e+00 +0.0000e+00 +0.0000e+00 +0.0000e+00 +0.0000e+00 +0.0000e+00 +0.0000e+00 +0.0000e+00 +0.0000e+00 +0.0000e+00 +0.0000e+00 +0.0000e+00 +0.0000e+00 +0.0000e+00 +0.0000e+00 +0.0000e+00 +0.0000e+00 +0.0000e+00
7 0 +3.153267231e+03 +3.247577231e+03 +3.247577231e+03 +2.9049e+00 -4.5757e+00 +7.7571e-01 +3.8000e+00 -2.8056e+00 -4.9563e+00 -2.1737e+00 +2.8613e+00 -3.7066e+00 +5.9587e-01 +2.3236e+00 -4.0829e+00 -2.9172e+00 -4.1645e+00 +1.3312e+00 -6.4205e-01 -2.9517e+00 +4.6832e+00 +4.4972e+00 -2.6567e+00
23 0 +3.238923580e+02 +4.182023580e+02 +4.182023580e+02 +4.4135e+00 -2.1743e+00 -8.6950e-02 +4.5368e+00 -3.2560e+00 -6.6944e+00 +4.8672e-01 +4.3850e+00 -2.7268e+00 -1.4241e-01 -1.1689e+00 +1.7728e-01 -1.0799e-01 -1.0944e+00 +1.4672e+00 +9.8476e-01 -2.4008e-01 +2.0374e+00 +1.5368e+00 -1.2328e+00
1154 0 +3.218688726e+02 +4.161788726e+02 +4.161788726e+02 +4.1396e-01 -4.2630e+00 -5.8733e-01 +1.7613e+00 -4.3408e+00 +1.8135e+00 +5.4896e-01 +2.7717e+00 -2.2950e+00 -1.0154e+00 +1.7066e+00 -3.9819e+00 +2.2877e+00 -3.6689e+00 +8.3867e-01 -6.1061e-01 -2.4871e+00 +1.7468e+00 +5.1682e-01 +1.1637e-01
1319 0 +1.448291605e+02 +2.391391605e+02 +2.391391605e+02 +1.6486e+00 +1.4891e+00 +9.3793e-01 +1.4226e+00 -1.3690e+00 -1.6305e+00 -8.9105e-01 +6.9894e-01 -7.6804e-01 +3.9912e+00 +3.5854e+00 -2.1108e+00 +2.6082e+00 -4.1745e-01 -2.5532e+00 -1.1468e+00 -1.3465e+00 +1.1193e+00 -3.8161e-01 +1.9996e-01
3558 0 +1.433209701e+02 +2.376309701e+02 +2.376309701e+02 -2.8578e+00 +2.3342e+00 +1.3154e+00 -2.2648e+00 +5.7868e+00 +5.7216e-01 -3.5111e+00 +1.8784e+00 -3.2721e+00 +1.7842e-01 +3.8581e+00 -4.0549e-01 +2.0785e+00 +1.9237e+00 -1.7658e+00 -4.4610e+00 -1.8934e+00 +2.4471e+00 -3.1887e+00 -6.3509e-01
15917 0 +1.379801323e+02 +2.322901323e+02 +2.322901323e+02 -2.7788e+00 -7.9089e-02 +4.3494e+00 -5.1048e-01 +3.1362e+00 -1.6704e+00 +2.2673e+00 -8.1784e-01 +1.4355e+00 -2.5878e+00 +3.4307e+00 +1.0521e+00 -9.4447e-01 -5.0576e-02 -1.4940e+00 +4.4381e+00 +8.1694e-01 +4.7592e+00 +3.8915e+00 -6.8544e-01
16593 0 +1.324313402e+02 +2.267413402e+02 +2.267413402e+02 -2.0146e-01 +8.9188e-01 +4.4755e+00 -5.3795e-01 +1.0117e+00 -2.7858e+00 +2.8756e+00 +1.3274e+00 +8.5773e-01 -1.5105e+00 +3.1500e+00 +4.7367e-01 -1.9174e+00 +1.3114e+00 -2.5906e+00 +3.5734e+00 +1.8663e-02 +3.5021e+00 +3.7242e+00 +4.2131e-01
97093 0 +1.137474985e+02 +2.080574985e+02 +2.080574985e+02 -1.0440e+00 -9.3866e-01 +2.0943e+00 +3.8310e+00 +7.5263e-01 -1.3154e+00 -1.6298e+00 +2.4322e+00 +1.9392e+00 +6.5453e-01 +3.0910e+00 -1.0147e+00 +2.2246e+00 +3.2443e+00 +3.4028e-01 +2.8893e-01 -2.0355e+00 +1.6422e-02 -2.5236e+00 +1.7019e+00
200005 0 +1.137474985e+02 +2.080574985e+02 +2.080574985e+02 -1.0440e+00 -9.3866e-01 +2.0943e+00 +3.8310e+00 +7.5263e-01 -1.3154e+00 -1.6298e+00 +2.4322e+00 +1.9392e+00 +6.5453e-01 +3.0910e+00 -1.0147e+00 +2.2246e+00 +3.2443e+00 +3.4028e-01 +2.8893e-01 -2.0355e+00 +1.6422e-02 -2.5236e+00 +1.7019e+00
% f evaluations | g evaluations | best noise-free fitness - Fopt (-1.436900000000e+02) + sum g_i+ | measured fitness | best measured fitness or single-digit g-values | x1 | x2...
1 0 +3.053032814e+04 +3.038663814e+04 +3.038663814e+04 +0.0000e+00 +0.0000e+00 +0.0000e+00 +0.0000e+00 +0.0000e+00 +0.0000e+00 +0.0000e+00 +0.0000e+00 +0.0000e+00 +0.0000e+00 +0.0000e+00 +0.0000e+00 +0.0000e+00 +0.0000e+00 +0.0000e+00 +0.0000e+00 +0.0000e+00 +0.0000e+00 +0.0000e+00 +0.0000e+00
20 0 +8.171326438e+03 +8.027636438e+03 +8.027636438e+03 -2.2783e-01 -1.3639e-01 -2.9013e+00 -1.6713e+00 -4.5880e+00 +2.1389e+00 +2.6823e+00 -1.9037e+00 -1.6483e+00 -3.2695e-01 -4.0096e+00 -2.5499e+00 +4.9865e+00 -3.8616e+00 +2.5643e+00 +1.0699e-01 -1.7923e+00 -2.9953e-01 +1.0725e+00 +2.5662e+00
29 0 +9.653373250e+02 +8.216473250e+02 +8.216473250e+02 -1.2316e+00 -1.5434e+00 -4.5536e-01 -3.6150e+00 -3.4932e+00 +1.7478e+00 +4.0829e+00 -2.1788e-01 +1.0579e+00 -3.2481e+00 -3.5736e+00 -4.9729e-01 +8.3391e-01 -9.2597e-01 +3.7658e+00 +4.1885e-01 -1.7613e+00 -1.7875e+00 +2.7618e+00 -7.1201e-02
49 0 +1.988240746e+02 +5.513407462e+01 +5.513407462e+01 +7.9726e-01 +3.1014e+00 +1.1868e+00 -2.0804e-01 +2.4471e+00 +1.0382e+00 -1.3619e+00 +2.6764e+00 +3.8990e+00 +1.6451e+00 -1.6765e+00 +4.3525e+00 -1.5422e+00 -3.4095e+00 +2.4709e+00 -2.0568e+00 -7.1200e-02 -1.5843e+00 -2.0181e+00 +8.7258e-01
2575 0 +1.299506436e+02 -1.373935636e+01 -1.373935636e+01 -2.5717e+00 -1.5562e+00 -1.5135e+00 -1.8497e+00 -3.0960e+00 -2.2836e+00 -1.5218e+00 -7.4483e-01 +1.6085e+00 -2.2737e-01 -2.7393e+00 +3.3728e+00 +1.4648e+00 -2.4818e+00 -2.0688e+00 +1.0811e+00 +1.4384e+00 +2.2685e-01 -2.6522e+00 +2.2915e+00
2856 0 +1.269443994e+02 -1.674560059e+01 -1.674560059e+01 -4.3297e+00 -4.1109e+00 -2.6157e-01 -3.3058e+00 -4.0493e+00 -2.8089e+00 -2.6385e+00 +1.3729e+00 +3.1204e+00 -1.4556e+00 -3.0191e+00 +2.4279e+00 +3.4990e+00 -4.5969e+00 -1.0636e+00 +2.8998e+00 +4.0444e+00 -1.4044e+00 -3.1434e+00 +6.5910e-01
33235 0 +1.197728742e+02 -2.391712579e+01 -2.391712579e+01 -3.0820e+00 -7.1705e-03 +2.6979e+00 +1.7081e+00 +2.7548e+00 -5.9577e-01 -6.9526e-01 -2.6749e+00 +2.9147e+00 -2.8496e+00 -8.1435e-01 +2.8785e+00 -9.2355e-01 -6.3762e-01 -4.5789e-01 +3.1722e+00 -9.3143e-01 -2.9986e+00 -5.4032e-01 -3.0048e+00
36495 0 +1.130200863e+02 -3.066991371e+01 -3.066991371e+01 -3.4220e+00 +1.4024e+00 +2.1565e+00 -3.1333e+00 +2.2261e+00 -2.7060e+00 +1.5508e+00 +1.7145e+00 -6.9374e-01 -3.6578e+00 -2.0877e+00 +1.4230e+00 -3.8938e-01 +2.8206e-01 -7.2924e-01 +1.1968e+00 -4.6500e-01 -3.0804e+00 -1.0070e+00 -3.9387e+00
36506 0 +1.067364913e+02 -3.695350866e+01 -3.695350866e+01 -3.0850e+00 +5.8040e-01 +3.1459e+00 -2.6625e+00 +2.0188e+00 -3.0641e+00 -7.4507e-01 +2.3729e-01 +8.0976e-01 -2.8795e+00 -1.2421e+00 +1.8595e+00 -1.5233e-01 -7.4144e-01 -2.3191e+00 +1.1931e+00 -6.9656e-01 -3.6463e+00 -7.5834e-01 -3.5061e+00
57222 0 +9.683091252e+01 -4.685908748e+01 -4.685908748e+01 -3.0440e+00 -7.2960e-01 +4.3185e+00 -3.9585e-01 -2.4825e-01 -1.6045e+00 +5.5347e-01 +5.2801e-01 -6.0388e-01 -1.6632e+00 +2.1921e+00 +1.3671e+00 +6.3805e-01 -3.4515e+00 -1.2937e+00 -1.4280e+00 +6.4625e-01 +1.2044e+00 -5.9002e-03 -1.2384e-01
101348 0 +8.027941019e+01 -6.341058981e+01 -6.341058981e+01 -2.6485e+00 +1.0271e+00 -5.9868e-01 -3.8441e-01 -1.1019e+00 -3.0697e+00 -1.4083e+00 -1.8681e+00 -2.0214e+00 -4.1990e+00 -3.8526e+00 +2.1430e+00 +8.4752e-01 +1.0612e+00 -1.4129e+00 +4.9863e-01 -1.5651e-02 +4.3814e-01 -3.5492e+00 -7.3834e-01
200005 0 +8.027941019e+01 -6.341058981e+01 -6.341058981e+01 -2.6485e+00 +1.0271e+00 -5.9868e-01 -3.8441e-01 -1.1019e+00 -3.0697e+00 -1.4083e+00 -1.8681e+00 -2.0214e+00 -4.1990e+00 -3.8526e+00 +2.1430e+00 +8.4752e-01 +1.0612e+00 -1.4129e+00 +4.9863e-01 -1.5651e-02 +4.3814e-01 -3.5492e+00 -7.3834e-01
% f evaluations | g evaluations | best noise-free fitness - Fopt (-3.533800000000e+02) + sum g_i+ | measured fitness | best measured fitness or single-digit g-values | x1 | x2...
1 0 +6.023261575e+06 +6.022908195e+06 +6.022908195e+06 +0.0000e+00 +0.0000e+00 +0.0000e+00 +0.0000e+00 +0.0000e+00 +0.0000e+00 +0.0000e+00 +0.0000e+00 +0.0000e+00 +0.0000e+00 +0.0000e+00 +0.0000e+00 +0.0000e+00 +0.0000e+00 +0.0000e+00 +0.0000e+00 +0.0000e+00 +0.0000e+00 +0.0000e+00 +0.0000e+00
2 0 +4.832474117e+06 +4.832120737e+06 +4.832120737e+06 +2.1513e+00 -3.3736e+00 -4.0925e-01 -3.4640e+00 -3.8388e+00 -1.1125e+00 -1.3486e+00 -4.4995e+00 +8.2287e-01 +8.9631e-02 -1.4749e+00 +3.2138e-01 -2.9630e+00 +2.0025e+00 -1.1929e+00 -3.2587e+00 +4.9135e+00 +4.4523e-01 -4.1501e+00 -1.6967e+00
6 0 +5.106817813e+05 +5.103284013e+05 +5.103284013e+05 -1.6093e+00 -2.2017e+00 -1.3770e+00 -1.9999e+00 +6.9931e-01 +2.2487e+00 +1.4261e+00 +1.8738e+00 +4.5983e-01 -1.9509e+00 +5.4488e-02 +4.6318e+00 +3.2938e+00 +2.7302e+00 -2.8692e+00 -2.1578e-01 +3.0297e+00 -3.0628e+00 +1.8724e+00 +3.0790e-01
9 0 +4.773184484e+05 +4.769650684e+05 +4.769650684e+05 +6.6553e-01 -2.0941e+00 +1.8949e+00 -1.8893e+00 +1.2257e+00 +1.9049e-01 -4.5208e-01 +1.6503e+00 +2.5002e-01 +4.8563e+00 +3.2365e+00 +8.0789e-01 +4.3003e+00 +4.1078e+00 -4.4984e+00 +3.9734e-01 +1.3040e+00 -1.4566e+00 -6.7108e-01 +4.9052e+00
14 0 +1.121556643e+05 +1.118022843e+05 +1.118022843e+05 +1.6653e-01 -3.2216e+00 -1.6810e+00 -1.4402e+00 +4.2490e-01 +2.2483e+00 +2.3124e+00 +5.3229e-01 -1.6255e-01 -2.9289e+00 -2.9505e+00 +4.6061e+00 +7.7737e-01 +1.6591e+00 -1.2535e-01 -1.1542e+00 +2.1520e+00 -3.3801e+00 +7.9440e-01 -1.7074e+00
25 0 +7.194997646e+04 +7.159659646e+04 +7.159659646e+04 +2.9498e+00 -2.5446e+00 +4.1499e-01 -1.0953e+00 +1.6432e+00 +4.2560e+00 +4.5013e+00 +5.8242e+00 -3.1862e+00 +4.1617e+00 -1.3579e+00 -2.6287e-01 +2.6225e+00 +2.8666e+00 -2.2631e+00 +3.9982e+00 -4.5696e+00 -5.3923e+00 +2.9835e+00 +2.0189e+00
27 0 +2.475227256e+04 +2.439889256e+04 +2.439889256e+04 +6.0931e-01 -5.0924e+00 +2.1024e+00 +4.0938e+00 -1.8574e+00 +3.6690e+00 -1.1714e+00 +1.8459e+00 -7.6346e-01 +3.4597e+00 -2.2292e+00 +1.4905e-01 -1.0622e+00 +2.3540e+00 +1.8691e-01 +1.2749e+00 -1.5308e+00 -4.0361e+00 -4.6829e+00 -5.3420e-02
28 0 +2.895863949e+02 -6.379360510e+01 -6.379360510e+01 +4.6304e-01 -3.3613e+00 -8.6678e-01 -5.6151e-01 +1.1969e+00 +2.5670e+00 +3.6646e+00 +1.5049e+00 -8.6598e-01 -1.8367e+00 -3.7894e+00 +3.4850e+00 -3.7413e-01 +2.2324e+00 +3.5072e-01 +1.2438e+00 +1.4188e+00 -5.0801e+00 +7.1232e-01 -9.2009e-01
560 0 +1.679450025e+02 -1.854349975e+02 -1.854349975e+02 +3.3578e+00 -1.5037e+00 +3.7244e-01 +1.6896e+00 -1.5381e+00 +2.8880e+00 +1.9785e+00 -7.8931e-01 +1.3480e+00 -5.2230e-01 -1.1337e+00 +1.7171e+00 -5.3406e-01 +2.2661e+00 +1.0238e+00 -2.4803e+00 +9.3660e-01 -2.8308e+00 -1.8934e+00 +3.1460e+00
2303 0 +1.183428112e+02 -2.350371888e+02 -2.350371888e+02 +1.2901e+00 -2.2580e+00 +1.1251e-01 -9.2703e-01 -3.8037e-01 +1.2473e+00 +3.7399e-01 -2.9662e+00 -1.7722e-01 +1.2373e+00 -8.7138e-01 +1.6918e+00 +4.0970e+00 +4.2539e-01 -2.5634e+00 -7.1480e-01 +1.6789e+00 +1.5532e-01 +4.5791e-01 +2.3245e-01
3416 0 +1.164203440e+02 -2.369596560e+02 -2.369596560e+02 +1.0660e+00 -2.4110e+00 +1.1515e+00 +1.2007e+00 +8.7304e-01 +1.8535e-01 +1.8005e+00 +1.2077e+00 -1.0691e+00 -1.0722e+00 +1.2356e+00 +1.8365e+00 +3.4691e+00 -3.0587e+00 -3.6039e+00 -6.5717e-01 -2.6094e+00 -5.0835e-01 -3.5070e+00 -1.7741e+00
5881 0 +1.112244272e+02 -2.421555728e+02 -2.421555728e+02 -5.9216e-01 +1.6124e+00 -4.4582e+00 -9.1660e-01 +2.4745e+00 +3.0442e+00 -4.8088e-01 -2.0195e+00 +1.1213e+00 +2.4236e+00 -2.5310e+00 -1.1313e+00 -3.5532e-01 -4.5633e-01 +6.8763e-01 -2.2560e+00 -8.7590e-01 +1.4987e+00 -3.1670e+00 +2.3859e+00
5961 0 +1.071097961e+02 -2.462702039e+02 -2.462702039e+02 -1.5666e+00 +2.9497e+00 -2.0241e+00 -2.8607e+00 +1.7057e+00 +2.9589e+00 -1.4947e+00 -2.6950e+00 +6.6599e-01 +4.7861e-01 -1.9731e+00 -5.9064e-01 -2.7046e-01 -5.0287e-01 -1.3085e+00 +1.6673e+00 -1.8918e+00 -1.0811e-01 -1.9658e+00 +3.4835e+00
6581 0 +8.745551268e+01 -2.659244873e+02 -2.659244873e+02 -1.6440e-01 +1.7227e+00 -1.6283e+00 +9.7522e-01 +5.4516e-01 +4.0062e+00 -1.2411e+00 -8.8615e-01 +3.0351e+00 -2.0420e+00 -1.4423e+00 -1.3803e+00 +5.9760e-01 +1.4294e+00 +2.0361e+00 +1.0499e+00 -3.0401e-01 +3.3746e+00 -1.9423e+00 +2.2394e+00
54869 0 +8.077654929e+01 -2.726034507e+02 -2.726034507e+02 -3.7092e+00 +4.2901e-01 +2.9296e+00 -2.7400e+00 +3.4187e+00 +3.0880e-01 -1.6184e+00 -8.5832e-01 +1.3917e+00 -1.9952e+00 -1.0283e+00 +9.6408e-01 +4.2138e+00 +2.9415e+00 -1.6963e+00 -1.1170e+00 -1.2825e+00 +1.6162e+00 -3.1549e-01 -2.0383e+00
55015 0 +7.178722720e+01 -2.815927728e+02 -2.815927728e+02 -2.6024e+00 -2.2130e+00 +1.9577e+00 -8.1408e-01 +3.7033e+00 +7.9289e-01 +8.7959e-01 -1.4455e+00 +1.2528e+00 -2.0074e+00 +2.7934e-01 -3.2089e-01 +3.2217e+00 +9.6446e-01 -2.3139e+00 +6.2434e-01 +8.5793e-01 +2.0960e+00 +5.1866e-01 -3.7268e-01
55195 0 +6.903468272e+01 -2.843453173e+02 -2.843453173e+02 -1.4747e+00 -2.3210e-01 +1.2895e+00 -1.4262e+00 +4.2453e+00 +1.1686e+00 +5.4143e-01 -3.3119e+00 +3.7080e+00 -6.8736e-01 -1.0296e-01 +1.2508e+00 +3.7795e+00 +2.6536e+00 +4.9533e-01 -4.5833e-01 -1.6011e+00 +1.1771e+00 -1.2281e+00 -7.7488e-01
200005 0 +6.903468272e+01 -2.843453173e+02 -2.843453173e+02 -1.4747e+00 -2.3210e-01 +1.2895e+00 -1.4262e+00 +4.2453e+00 +1.1686e+00 +5.4143e-01 -3.3119e+00 +3.7080e+00 -6.8736e-01 -1.0296e-01 +1.2508e+00 +3.7795e+00 +2.6536e+00 +4.9533e-01 -4.5833e-01 -1.6011e+00 +1.1771e+00 -1.2281e+00 -7.7488e-01
% f evaluations | g evaluations | best noise-free fitness - Fopt (-2.910000000000e+00) + sum g_i+ | measured fitness | best measured fitness or single-digit g-values | x1 | x2...
1 0 +6.972187557e+05 +6.972158457e+05 +6.972158457e+05 +0.0000e+00 +0.0000e+00 +0.0000e+00 +0.0000e+00 +0.0000e+00 +0.0000e+00 +0.0000e+00 +0.0000e+00 +0.0000e+00 +0.0000e+00 +0.0000e+00 +0.0000e+00 +0.0000e+00 +0.0000e+00 +0.0000e+00 +0.0000e+00 +0.0000e+00 +0.0000e+00 +0.0000e+00 +0.0000e+00
6 0 +2.754378915e+05 +2.754349815e+05 +2.754349815e+05 +2.1106e+00 +1.2230e+00 +3.2408e+00 -2.2458e+00 -6.3190e-01 +7.8785e-01 +3.4994e+00 -8.2180e-01 -4.6362e+00 -2.2405e+00 -2.6708e+00 -1.3526e+00 +4.7106e+00 +4.6125e+00 -1.2046e+00 +2.1612e+00 +3.0692e+00 -1.5865e+00 +2.9118e+00 +4.4742e+00
8 0 +1.674159220e+05 +1.674130120e+05 +1.674130120e+05 +1.1309e+00 +4.6908e+00 -3.3187e+00 -4.9596e+00 -8.1724e-03 -1.1816e+00 -3.8330e+00 +1.6479e+00 +1.7504e+00 -4.3104e+00 -3.8547e+00 -3.7954e-01 +4.0529e+00 -9.5556e-01 -3.6200e+00 +5.1206e-02 -4.6012e+00 -5.0431e-01 -2.3266e+00 +3.1680e+00
16 0 +1.195270526e+04 +1.194979526e+04 +1.194979526e+04 +8.3201e-01 -1.5865e+00 +5.6415e+00 -1.8322e+00 -1.7025e+00 -1.0415e+00 -4.7327e-01 -8.1013e-01 -4.3181e+00 -2.5657e+00 -2.0344e+00 +3.2872e+00 -3.9256e-01 +3.6526e+00 -6.5546e-01 +9.5824e-01 +5.9818e+00 -2.7056e+00 +2.6322e+00 -2.2902e+00
24 0 +2.592881273e+02 +2.563781273e+02 +2.563781273e+02 -2.1067e+00 +2.6647e-01 +1.7734e+00 -4.1790e-01 +1.8717e+00 +1.7261e-01 +3.4908e+00 -3.4750e-01 -2.5931e+00 -4.4472e-01 -4.4221e-01 -1.3329e+00 +4.8983e+00 -5.5553e-03 -2.3644e+00 +2.7883e-01 +1.3916e+00 +8.2085e-01 -1.6977e-01 +7.0457e+00
286 0 +2.520037788e+02 +2.490937788e+02 +2.490937788e+02 -2.2216e+00 +3.2463e+00 -4.4205e-01 -3.5223e+00 +3.0019e+00 -1.7065e+00 -5.0847e+00 -1.0341e+00 -3.5914e-01 -2.2461e+00 -4.2685e+00 +7.5030e-01 +2.9343e+00 +1.4555e-01 -3.2794e+00 -3.6011e+00 -1.6750e+00 -8.6633e-01 -1.4007e+00 +2.5660e+00
712 0 +1.819962682e+02 +1.790862682e+02 +1.790862682e+02 +3.2159e-01 -1.4732e-01 +3.7247e+00 -2.3180e+00 +2.0201e+00 -9.6768e-01 -5.2891e+00 -2.7809e+00 +3.2121e+00 +1.3565e+00 -1.8903e+00 +3.9952e-01 -2.2670e-01 +1.2704e+00 +5.0593e-02 -1.7242e+00 +2.0679e+00 -1.7074e+00 +1.1114e+00 +3.3975e+00
980 0 +1.734853339e+02 +1.705753339e+02 +1.705753339e+02 +1.9633e+00 -3.2144e+00 +7.2227e-01 +3.1388e-01 +1.7922e+00 -8.8759e-01 -1.5934e+00 +7.1152e-01 +6.4331e-01 +1.9897e+00 -3.0420e+00 +2.5139e-01 -1.9599e+00 +1.1882e+00 -3.6539e+00 +2.3346e+00 +2.0241e-01 -2.2484e+00 -1.6089e-01 -1.5458e+00
1663 0 +1.605953167e+02 +1.576853167e+02 +1.576853167e+02 +1.9008e+00 +4.2480e-01 +1.4325e+00 +7.3384e-01 -3.4912e+00 +5.3933e-01 +1.0026e+00 +1.3967e+00 -3.9244e-01 +6.6794e-01 -1.8720e+00 +5.6402e-01 +2.0188e+00 +1.1854e+00 +2.0046e+00 -7.0612e-02 -7.2731e-01 +7.7788e-01 -7.6835e-02 -9.1988e-01
5795 0 +1.563402991e+02 +1.534302991e+02 +1.534302991e+02 +2.3189e+00 -1.2989e+00 -2.3474e+00 +5.0431e-01 -2.5612e+00 -9.0614e-02 +2.6868e+00 +1.2722e-01 -7.1820e-01 +7.3564e-01 +2.1318e+00 -1.1456e+00 -8.5444e-01 -2.3167e+00 -1.0238e+00 -1.9502e+00 +3.9115e+00 -4.9485e-01 +1.9567e-01 -4.0607e+00
8502 0 +1.468352377e+02 +1.439252377e+02 +1.439252377e+02 +2.2872e+00 -2.7259e+00 -1.0868e+00 -2.0206e+00 -1.9521e-01 -1.4578e+00 +5.2364e-01 +6.0159e-01 -2.3347e-01 -2.3285e+00 +2.3488e+00 +1.3067e+00 +1.6628e+00 +4.9735e-01 -2.2346e+00 +1.2123e+00 +2.2646e+00 -3.2723e+00 -1.7226e+00 -1.2814e+00
10074 0 +1.346100534e+02 +1.317000534e+02 +1.317000534e+02 +4.0256e+00 -2.2927e+00 +1.2238e+00 -3.0977e+00 +2.4994e+00 -5.3401e-01 +2.9142e+00 +6.4721e-01 -2.8708e+00 -2.8163e+00 -2.1875e+00 -2.0555e+00 +2.5729e+00 +8.1080e-01 +5.5616e-01 -4.6146e-01 +1.4574e+00 -2.6312e+00 -3.3021e+00 +3.8252e+00
21635 0 +1.302022003e+02 +1.272922003e+02 +1.272922003e+02 +3.2299e+00 +6.0541e-01 +1.7527e+00 -1.5172e+00 +1.4004e+00 +1.4785e+00 -3.2579e-02 +1.2299e+00 +3.5238e-01 -3.6222e-01 -1.7426e+00 +3.0490e-01 +7.3520e-01 -9.2422e-01 +6.0123e-01 +2.8532e+00 +1.3639e+00 -1.8544e+00 -2.6956e+00 -6.6507e-01
27130 0 +1.085816957e+02 +1.056716957e+02 +1.056716957e+02 +4.5474e-01 +2.7890e+00 +2.1602e+00 +3.0174e+00 +6.3215e-01 +1.7673e+00 -1.0695e+00 -3.8255e+00 +1.0297e+00 -3.4001e+00 -4.7193e-01 -4.4595e+00 -3.0293e+00 -4.3152e+00 +1.2564e+00 -6.2858e-02 +4.4307e-02 -2.1620e+00 -1.0229e+00 -2.9199e+00
27519 0 +9.629941448e+01 +9.338941448e+01 +9.338941448e+01 +1.9692e+00 +3.4799e+00 +3.6032e+00 +7.4906e-01 +1.6583e+00 -1.0933e+00 -3.3581e-01 -1.5977e+00 +2.8135e-02 -3.4455e+00 +6.4250e-01 -4.3303e+00 -3.1031e+00 -3.3819e+00 -2.5005e+00 +8.0870e-01 +2.8646e+00 -2.9428e+00 -1.4099e+00 -2.6546e+00
200005 0 +9.629941448e+01 +9.338941448e+01 +9.338941448e+01 +1.9692e+00 +3.4799e+00 +3.6032e+00 +7.4906e-01 +1.6583e+00 -1.0933e+00 -3.3581e-01 -1.5977e+00 +2.8135e-02 -3.4455e+00 +6.4250e-01 -4.3303e+00 -3.1031e+00 -3.3819e+00 -2.5005e+00 +8.0870e-01 +2.8646e+00 -2.9428e+00 -1.4099e+00 -2.6546e+00
% f evaluations | g evaluations | best noise-free fitness - Fopt (-2.970000000000e+00) + sum g_i+ | measured fitness | best measured fitness or single-digit g-values | x1 | x2...
1 0 +4.404907600e+06 +4.404904630e+06 +4.404904630e+06 +0.0000e+00 +0.0000e+00 +0.0000e+00 +0.0000e+00 +0.0000e+00 +0.0000e+00 +0.0000e+00 +0.0000e+00 +0.0000e+00 +0.0000e+00 +0.0000e+00 +0.0000e+00 +0.0000e+00 +0.0000e+00 +0.0000e+00 +0.0000e+00 +0.0000e+00 +0.0000e+00 +0.0000e+00 +0.0000e+00
3 0 +4.172027229e+02 +4.142327229e+02 +4.142327229e+02 +4.5462e+00 +2.7019e+00 -2.8237e-01 +9.2755e-01 -1.5923e+00 -1.3300e+00 +8.3655e-01 +2.1631e+00 -4.3547e+00 +8.2642e-01 +3.7006e+00 -2.3856e+00 +2.2228e+00 +3.6843e+00 -5.4086e-01 +4.6738e-02 -3.4935e+00 +8.7692e-01 +1.8493e+00 +1.7206e+00
252 0 +3.387368378e+02 +3.357668378e+02 +3.357668378e+02 +1.6836e+00 +5.0361e-01 -1.6861e+00 -1.1588e+00 -6.1054e-01 -3.2968e-01 +4.2867e+00 +1.0265e+00 -5.6084e+00 -3.0272e-01 +3.7743e+00 -5.9322e+00 +2.1154e+00 +1.7864e+00 -7.1980e-01 -7.4951e-01 +7.5038e-01 +2.8979e+00 +3.2905e+00 -4.6926e-01
355 0 +2.915988998e+02 +2.886288998e+02 +2.886288998e+02 +4.7521e-03 +3.5564e+00 -1.6055e+00 +1.1429e+00 +2.9452e-01 -2.7013e+00 +2.2647e+00 +3.5587e+00 -4.5809e+00 +3.1848e+00 +9.6966e-02 +5.2538e-01 -3.5926e+00 +4.9484e+00 -3.7681e+00 +6.7469e-01 -1.0631e+00 +2.4825e+00 -1.0555e+00 -2.7297e-01
383 0 +1.817434168e+02 +1.787734168e+02 +1.787734168e+02 +2.9734e+00 +2.0287e+00 -1.0771e+00 +2.6910e+00 +1.2106e+00 -3.2882e+00 -3.0698e-01 +3.0147e+00 -1.1677e+00 +1.2682e+00 -3.2881e+00 +9.3706e-01 -1.4898e+00 +3.6871e+00 -3.0446e+00 +5.8991e-02 -2.3476e+00 +3.3708e+00 +1.2912e+00 -1.5675e-01
6170 0 +1.589630120e+02 +1.559930120e+02 +1.559930120e+02 -1.5672e+00 +1.2737e+00 +2.0825e-01 +6.9760e-01 +1.3047e+00 -1.3402e+00 +1.7949e+00 -2.8458e+00 -2.3158e+00 -1.7498e+00 -1.5192e+00 +1.8216e+00 +1.0458e+00 +2.7737e+00 -2.3866e+00 -3.5472e+00 -1.7950e+00 -2.5201e+00 +1.5204e+00 -3.5420e+00
6249 0 +1.510486166e+02 +1.480786166e+02 +1.480786166e+02 -1.4031e+00 -1.2375e+00 +1.5508e+00 -5.5541e+00 -1.0821e-01 -1.0669e+00 +1.9425e+00 -4.2998e+00 -1.8916e+00 +1.1581e+00 -3.2512e+00 +7.3447e-02 +7.6892e-01 +4.6985e+00 -1.7045e+00 -4.2187e+00 +8.1644e-01 -2.6184e+00 +6.5053e-01 -2.9774e+00
6590 0 +1.288843145e+02 +1.259143145e+02 +1.259143145e+02 -1.4583e+00 -8.2095e-01 -6.8794e-01 -6.8196e-01 -8.5406e-01 -1.1727e-01 +2.3872e+00 -3.9223e+00 -1.3268e+00 -2.9219e+00 -3.4442e+00 +1.9302e+00 -1.8338e+00 +8.9980e-01 -2.0561e+00 -4.1031e+00 -2.0283e+00 -3.3683e+00 +1.9509e+00 -3.2387e+00
19707 0 +1.228351460e+02 +1.198651460e+02 +1.198651460e+02 -8.5037e-04 +1.6012e+00 -3.0678e+00 +1.2704e+00 -1.8009e+00 +1.1202e+00 -1.5696e+00 -1.3230e+00 -1.5918e+00 -6.6432e-01 +2.1767e+00 +3.7742e+00 +1.5277e+00 -2.1889e+00 +9.5744e-01 -1.2976e+00 +5.8346e-01 +5.4122e-01 +5.0614e+00 +1.5576e+00
20401 0 +1.011095676e+02 +9.813956761e+01 +9.813956761e+01 +2.3766e+00 +3.7588e-01 -3.1999e+00 +1.4710e+00 -1.6892e+00 +8.0177e-01 -2.3741e+00 -2.6929e+00 -2.7066e+00 -7.1187e-01 +1.1012e+00 +2.2560e+00 +2.1136e-01 -1.1888e+00 +5.8935e-01 -2.2700e+00 +1.1330e+00 +2.0307e+00 +1.7625e+00 +2.2460e+00
200005 0 +1.011095676e+02 +9.813956761e+01 +9.813956761e+01 +2.3766e+00 +3.7588e-01 -3.1999e+00 +1.4710e+00 -1.6892e+00 +8.0177e-01 -2.3741e+00 -2.6929e+00 -2.7066e+00 -7.1187e-01 +1.1012e+00 +2.2560e+00 +2.1136e-01 -1.1888e+00 +5.8935e-01 -2.2700e+00 +1.1330e+00 +2.0307e+00 +1.7625e+00 +2.2460e+00
% f evaluations | g evaluations | best noise-free fitness - Fopt (2.996300000000e+02) + sum g_i+ | measured fitness | best measured fitness or single-digit g-values | x1 | x2...
1 0 +1.874219812e+06 +1.874519442e+06 +1.874519442e+06 +0.0000e+00 +0.0000e+00 +0.0000e+00 +0.0000e+00 +0.0000e+00 +0.0000e+00 +0.0000e+00 +0.0000e+00 +0.0000e+00 +0.0000e+00 +0.0000e+00 +0.0000e+00 +0.0000e+00 +0.0000e+00 +0.0000e+00 +0.0000e+00 +0.0000e+00 +0.0000e+00 +0.0000e+00 +0.0000e+00
5 0 +2.948973425e+05 +2.951969725e+05 +2.951969725e+05 +3.8515e+00 -3.6090e+00 +2.5881e+00 +4.9467e+00 -3.4113e+00 +2.5564e+00 -3.6305e+00 -1.4651e+00 +1.2364e+00 +4.7752e+00 -1.7912e+00 +3.6926e+00 -3.0130e+00 -4.6080e-01 +3.6682e+00 +4.4781e+00 +4.9952e+00 -1.3875e+00 -8.3860e-01 -1.1063e+00
6 0 +8.800934493e+04 +8.830897493e+04 +8.830897493e+04 -2.8107e+00 -4.7240e-01 -2.0359e+00 +4.2964e+00 +3.7785e+00 -2.3528e+00 -3.1064e+00 -1.6555e+00 +2.1029e+00 -1.8294e-01 +4.9939e-01 -3.4203e+00 +3.4833e+00 -2.8253e+00 +4.1860e+00 +3.1732e+00 +2.6258e+00 +4.3746e+00 +7.3622e-02 +3.4430e+00
7 0 +5.712708295e+04 +5.742671295e+04 +5.742671295e+04 -1.5844e-02 +1.2794e+00 -2.7522e+00 -3.8995e+00 +1.1100e+00 +1.9981e+00 +4.4103e+00 +1.2358e+00 +3.2956e+00 -1.3050e+00 +3.2142e+00 +3.9203e+00 -6.8015e-01 -4.5730e-01 +3.6961e+00 -3.9705e+00 -3.6630e+00 -9.4298e-01 -4.1635e+00 -3.3553e+00
16 0 +1.407434570e+04 +1.437397570e+04 +1.437397570e+04 -2.6132e+00 +2.6268e+00 -2.2737e+00 +1.8007e-01 +3.4416e+00 -1.2764e+00 -1.9529e+00 -5.4073e-01 +1.6137e+00 -3.1216e+00 +4.3822e-01 -1.8275e+00 +3.7938e+00 -2.0448e+00 +1.3646e+00 -1.4578e+00 +1.0190e-01 +2.9665e+00 -6.2961e-01 +2.8721e+00
21 0 +1.301745096e+03 +1.601375096e+03 +1.601375096e+03 +2.8436e+00 +1.5340e+00 -1.5426e+00 +1.7567e+00 +3.9867e-01 +3.6431e-01 -4.6594e-01 -9.3166e-01 -3.3450e+00 -2.2115e+00 -6.3653e+00 +2.7184e+00 +5.2660e+00 -9.2661e-01 -2.6731e+00 +1.3643e+00 +6.2566e+00 -3.3045e-01 -9.5408e-01 -6.5350e-01
70 0 +2.108458016e+02 +5.104758016e+02 +5.104758016e+02 +4.3029e-01 +1.5868e+00 -1.8483e-01 -1.7485e+00 +2.7539e+00 +2.1605e+00 +1.2733e+00 +1.7782e+00 +1.6067e+00 -2.4400e+00 +7.9941e-01 +5.6932e+00 +8.1502e-01 -7.4137e-01 -1.6220e+00 -3.6686e-01 +1.9614e+00 -4.5579e+00 -7.5392e-01 -3.2332e-01
653 0 +2.021136845e+02 +5.017436845e+02 +5.017436845e+02 -5.9869e-01 +9.8106e-01 -7.0461e-02 -3.0128e+00 +1.2799e+00 -1.2176e+00 -1.6799e+00 +8.3846e-01 -1.6745e+00 -1.8987e+00 -9.9063e-01 +1.8310e+00 +9.8303e-01 -1.9825e+00 -1.3417e+00 +3.8766e-01 -6.0580e-01 +3.7437e-01 -1.4172e+00 +1.9770e-01
1306 0 +1.413619908e+02 +4.409919908e+02 +4.409919908e+02 +1.4933e+00 +2.5657e+00 -1.1518e+00 +9.1957e-01 +5.7763e-01 +1.1987e+00 -1.0589e+00 -1.5190e+00 +2.3004e+00 -3.8834e+00 -1.8733e+00 +3.8810e-02 +1.0625e+00 -4.9677e+00 +4.7419e+00 +9.7605e-01 -1.1585e+00 -2.7042e-01 +2.3919e-01 +1.4719e+00
2975 0 +1.285382346e+02 +4.281682346e+02 +4.281682346e+02 +3.8112e-01 -3.2933e+00 -1.1034e+00 +2.0787e-01 +3.1146e+00 +4.2164e+00 -8.2840e-01 -1.4687e+00 +4.7884e+00 -1.4243e+00 +1.4679e+00 -2.2260e+00 -3.6485e-01 +3.5152e+00 +2.5836e+00 -7.8417e-01 +2.0667e+00 +4.5151e+00 +1.3009e+00 +1.6908e+00
3620 0 +1.050185937e+02 +4.046485937e+02 +4.046485937e+02 +1.0669e+00 +7.6379e-01 +2.4699e-01 +2.6399e+00 +8.3336e-01 +3.1590e+00 +2.8966e-01 +5.6933e-01 +1.1917e+00 -1.6742e+00 -8.7110e-01 +1.0712e+00 -5.0777e-01 -9.3977e-01 +3.0225e+00 -2.3421e+00 +2.5959e+00 +1.6003e+00 +1.9853e-01 +2.5874e+00
102385 0 +9.716178339e+01 +3.967917834e+02 +3.967917834e+02 -1.7022e+00 -3.4644e+00 -7.8782e-01 +8.5630e-01 -1.5598e+00 +4.1648e+00 -3.6985e+00 +3.1739e+00 +1.4238e+00 +1.7390e+00 +1.9906e+00 +1.5718e+00 -1.2960e+00 +6.0614e-01 +2.1864e+00 +4.3138e+00 +6.8119e-03 +5.7852e-02 +7.5183e-02 +3.5258e+00
200005 0 +9.716178339e+01 +3.967917834e+02 +3.967917834e+02 -1.7022e+00 -3.4644e+00 -7.8782e-01 +8.5630e-01 -1.5598e+00 +4.1648e+00 -3.6985e+00 +3.1739e+00 +1.4238e+00 +1.7390e+00 +1.9906e+00 +1.5718e+00 -1.2960e+00 +6.0614e-01 +2.1864e+00 +4.3138e+00 +6.8119e-03 +5.7852e-02 +7.5183e-02 +3.5258e+00
