% f evaluations | g evaluations | best noise-free fitness - Fopt (-2.098800000000e+02) + sum g_i+ | measured fitness | best measured fitness or single-digit g-values | x1 | x2...
1 0 +1.254483477e+07 +1.254462489e+07 +1.254462489e+07 +0.0000e+00 +0.0000e+00 +0.0000e+00
2 0 +1.128083789e+07 +1.128062801e+07 +1.128062801e+07 +9.5177e-01 -1.2103e+00 +1.6598e-01
3 0 +4.160598725e+06 +4.160388845e+06 +4.160388845e+06 +1.2675e+00 -2.7379e-01 +1.5287e+00
14 0 +3.049526045e+06 +3.049316165e+06 +3.049316165e+06 +3.4545e-01 -2.3073e-01 +1.9278e+00
16 0 +2.318175506e+06 +2.317965626e+06 +2.317965626e+06 -9.4166e-01 -2.7414e-02 +2.1621e+00
29 0 +4.149769359e+05 +4.147670559e+05 +4.147670559e+05 -3.7222e-01 -4.9645e-01 +2.8508e+00
35 0 +3.816666847e+05 +3.814568047e+05 +3.814568047e+05 +4.0123e-01 +3.8262e-01 +2.8808e+00
42 0 +5.315747773e+02 +3.216947773e+02 +3.216947773e+02 -2.3056e+00 -3.1444e-01 +3.5601e+00
220 0 +4.331347954e+02 +2.232547954e+02 +2.232547954e+02 -4.3536e-01 -2.6733e-01 +3.5560e+00
255 0 +6.002607680e+01 -1.498539232e+02 -1.498539232e+02 -8.1912e-01 +4.7509e-01 +3.5618e+00
505 0 +1.822578785e+01 -1.916542121e+02 -1.916542121e+02 -2.1749e-01 +5.6406e-01 +3.5557e+00
665 0 +1.324206576e+01 -1.966379342e+02 -1.966379342e+02 -6.9326e-02 +3.5365e-01 +3.5562e+00
666 0 +6.799394309e+00 -2.030806057e+02 -2.030806057e+02 +1.1622e+00 +4.5875e-01 +3.5518e+00
731 0 +6.449771422e+00 -2.034302286e+02 -2.034302286e+02 -1.0034e+00 +4.8302e-01 +3.5552e+00
739 0 +4.936968275e+00 -2.049430317e+02 -2.049430317e+02 -7.4565e-01 +4.2346e-01 +3.5538e+00
839 0 +2.741671195e+00 -2.071383288e+02 -2.071383288e+02 +2.4982e-01 +4.6147e-01 +3.5531e+00
880 0 +2.977700031e-01 -2.095822300e+02 -2.095822300e+02 +9.4155e-01 +4.3439e-01 +3.5542e+00
973 0 +9.931807155e-02 -2.097806819e+02 -2.097806819e+02 +1.4428e+00 +4.4664e-01 +3.5542e+00
1169 0 +3.615744888e-02 -2.098438426e+02 -2.098438426e+02 +1.1069e+00 +4.4442e-01 +3.5545e+00
1331 0 +1.228989917e-02 -2.098677101e+02 -2.098677101e+02 +1.2604e+00 +4.5008e-01 +3.5545e+00
1507 0 +7.703253373e-03 -2.098722967e+02 -2.098722967e+02 +1.1650e+00 +4.4825e-01 +3.5543e+00
1574 0 +5.337017275e-03 -2.098746630e+02 -2.098746630e+02 +1.2285e+00 +4.4999e-01 +3.5544e+00
1622 0 +3.994755270e-03 -2.098760052e+02 -2.098760052e+02 +1.2186e+00 +4.4617e-01 +3.5544e+00
1629 0 +2.666819300e-03 -2.098773332e+02 -2.098773332e+02 +1.1777e+00 +4.4724e-01 +3.5544e+00
1648 0 +1.405667382e-03 -2.098785943e+02 -2.098785943e+02 +1.2399e+00 +4.4869e-01 +3.5544e+00
1767 0 +3.582614210e-04 -2.098796417e+02 -2.098796417e+02 +1.2235e+00 +4.4776e-01 +3.5544e+00
1857 0 +1.548255042e-04 -2.098798452e+02 -2.098798452e+02 +1.2019e+00 +4.4768e-01 +3.5544e+00
2025 0 +1.192981317e-04 -2.098798807e+02 -2.098798807e+02 +1.2059e+00 +4.4770e-01 +3.5544e+00
2037 0 +1.106701773e-04 -2.098798893e+02 -2.098798893e+02 +1.2136e+00 +4.4807e-01 +3.5544e+00
2082 0 +1.093618115e-04 -2.098798906e+02 -2.098798906e+02 +1.2072e+00 +4.4830e-01 +3.5544e+00
2130 0 +3.626830511e-05 -2.098799637e+02 -2.098799637e+02 +1.2059e+00 +4.4817e-01 +3.5544e+00
2161 0 +1.007478483e-05 -2.098799899e+02 -2.098799899e+02 +1.2053e+00 +4.4804e-01 +3.5544e+00
2282 0 +8.114007045e-06 -2.098799919e+02 -2.098799919e+02 +1.2062e+00 +4.4798e-01 +3.5544e+00
2334 0 +4.961684056e-06 -2.098799950e+02 -2.098799950e+02 +1.2069e+00 +4.4807e-01 +3.5544e+00
2541 0 +5.249172261e-07 -2.098799995e+02 -2.098799995e+02 +1.2070e+00 +4.4798e-01 +3.5544e+00
2649 0 +1.828441611e-07 -2.098799998e+02 -2.098799998e+02 +1.2075e+00 +4.4799e-01 +3.5544e+00
2818 0 +9.113858823e-08 -2.098799999e+02 -2.098799999e+02 +1.2071e+00 +4.4800e-01 +3.5544e+00
3015 0 +8.888923730e-08 -2.098799999e+02 -2.098799999e+02 +1.2072e+00 +4.4799e-01 +3.5544e+00
3081 0 +1.583990183e-08 -2.098800000e+02 -2.098800000e+02 +1.2072e+00 +4.4800e-01 +3.5544e+00
3099 0 +1.298946017e-08 -2.098800000e+02 -2.098800000e+02 +1.2073e+00 +4.4800e-01 +3.5544e+00
3255 0 +3.287766503e-09 -2.098800000e+02 -2.098800000e+02 +1.2073e+00 +4.4800e-01 +3.5544e+00
4225 0 +1.961097951e-12 -2.098800000e+02 -2.098800000e+02 +1.2072e+00 +4.4800e-01 +3.5544e+00
% f evaluations | g evaluations | best noise-free fitness - Fopt (-9.209000000000e+01) + sum g_i+ | measured fitness | best measured fitness or single-digit g-values | x1 | x2...
1 0 +1.346713392e+04 +1.337504392e+04 +1.337504392e+04 +0.0000e+00 +0.0000e+00 +0.0000e+00
15 0 +4.336056458e+03 +4.243966458e+03 +4.243966458e+03 +3.1613e-01 +1.5426e+00 +1.4085e-01
92 0 +9.759706886e+01 +5.507068857e+00 +5.507068857e+00 -1.7282e+00 +2.3301e+00 +8.7928e-02
191 0 +1.491424910e+01 -7.717575090e+01 -7.717575090e+01 +2.6333e+00 +2.7214e+00 +9.0557e-02
379 0 +1.172252086e+01 -8.036747914e+01 -8.036747914e+01 -2.1873e+00 +2.6772e+00 +9.0806e-02
405 0 +6.773533865e+00 -8.531646613e+01 -8.531646613e+01 +4.6245e-01 +2.6184e+00 +9.3120e-02
544 0 +6.151039355e+00 -8.593896064e+01 -8.593896064e+01 -1.2876e+00 +2.6573e+00 +9.1354e-02
565 0 +2.604124161e+00 -8.948587584e+01 -8.948587584e+01 +7.4668e-01 +2.6004e+00 +9.1989e-02
577 0 +2.397377021e+00 -8.969262298e+01 -8.969262298e+01 +1.7507e+00 +2.6501e+00 +8.9750e-02
579 0 +2.094651079e+00 -8.999534892e+01 -8.999534892e+01 +9.5802e-01 +2.5816e+00 +9.0841e-02
645 0 +9.638356834e-01 -9.112616432e+01 -9.112616432e+01 +9.4396e-01 +2.5936e+00 +9.0072e-02
721 0 +6.624826688e-01 -9.142751733e+01 -9.142751733e+01 -9.3355e-02 +2.6282e+00 +9.0585e-02
794 0 +4.290382123e-01 -9.166096179e+01 -9.166096179e+01 +4.6559e-01 +2.6328e+00 +8.9958e-02
799 0 +3.262569363e-01 -9.176374306e+01 -9.176374306e+01 +1.3364e-01 +2.6203e+00 +9.0533e-02
848 0 +3.326699609e-02 -9.205673300e+01 -9.205673300e+01 +7.9923e-01 +2.6184e+00 +9.0269e-02
1092 0 +5.063860392e-03 -9.208493614e+01 -9.208493614e+01 +7.1134e-01 +2.6222e+00 +9.0335e-02
1385 0 +3.637171394e-03 -9.208636283e+01 -9.208636283e+01 +7.7337e-01 +2.6215e+00 +9.0368e-02
1396 0 +1.876071767e-03 -9.208812393e+01 -9.208812393e+01 +7.0693e-01 +2.6214e+00 +9.0362e-02
1480 0 +1.383395474e-03 -9.208861660e+01 -9.208861660e+01 +7.2963e-01 +2.6206e+00 +9.0422e-02
1510 0 +6.667525193e-04 -9.208933325e+01 -9.208933325e+01 +7.1022e-01 +2.6220e+00 +9.0416e-02
1611 0 +3.230681693e-04 -9.208967693e+01 -9.208967693e+01 +7.3434e-01 +2.6212e+00 +9.0411e-02
1693 0 +3.139716715e-04 -9.208968603e+01 -9.208968603e+01 +7.1528e-01 +2.6219e+00 +9.0410e-02
1733 0 +2.758357091e-04 -9.208972416e+01 -9.208972416e+01 +7.3096e-01 +2.6221e+00 +9.0398e-02
1745 0 +1.861200456e-04 -9.208981388e+01 -9.208981388e+01 +7.3502e-01 +2.6216e+00 +9.0390e-02
1824 0 +1.734944542e-04 -9.208982651e+01 -9.208982651e+01 +7.2372e-01 +2.6216e+00 +9.0413e-02
1844 0 +6.377863664e-05 -9.208993622e+01 -9.208993622e+01 +7.3316e-01 +2.6216e+00 +9.0402e-02
1869 0 +3.867125959e-05 -9.208996133e+01 -9.208996133e+01 +7.1963e-01 +2.6216e+00 +9.0399e-02
1905 0 +2.310128124e-06 -9.208999769e+01 -9.208999769e+01 +7.2711e-01 +2.6216e+00 +9.0400e-02
2066 0 +2.250037028e-07 -9.208999977e+01 -9.208999977e+01 +7.2586e-01 +2.6216e+00 +9.0400e-02
2471 0 +1.191953913e-07 -9.208999988e+01 -9.208999988e+01 +7.2580e-01 +2.6216e+00 +9.0400e-02
2482 0 +1.030747967e-07 -9.208999990e+01 -9.208999990e+01 +7.2559e-01 +2.6216e+00 +9.0400e-02
2600 0 +4.361272943e-08 -9.208999996e+01 -9.208999996e+01 +7.2552e-01 +2.6216e+00 +9.0400e-02
2642 0 +3.259100367e-08 -9.208999997e+01 -9.208999997e+01 +7.2572e-01 +2.6216e+00 +9.0400e-02
2665 0 +3.000107540e-08 -9.208999997e+01 -9.208999997e+01 +7.2549e-01 +2.6216e+00 +9.0400e-02
2736 0 +2.425282730e-08 -9.208999998e+01 -9.208999998e+01 +7.2548e-01 +2.6216e+00 +9.0400e-02
2757 0 +2.030898827e-08 -9.208999998e+01 -9.208999998e+01 +7.2554e-01 +2.6216e+00 +9.0400e-02
2821 0 +3.667082638e-09 -9.209000000e+01 -9.209000000e+01 +7.2554e-01 +2.6216e+00 +9.0400e-02
3865 0 +1.520561455e-12 -9.209000000e+01 -9.209000000e+01 +7.2560e-01 +2.6216e+00 +9.0400e-02
% f evaluations | g evaluations | best noise-free fitness - Fopt (-8.789000000000e+01) + sum g_i+ | measured fitness | best measured fitness or single-digit g-values | x1 | x2...
1 0 +1.835926024e+06 +1.835838134e+06 +1.835838134e+06 +0.0000e+00 +0.0000e+00 +0.0000e+00
2 0 +1.185446498e+05 +1.184567598e+05 +1.184567598e+05 +1.5704e+00 +1.9833e-01 +9.2912e-01
8 0 +4.496231818e+04 +4.487442818e+04 +4.487442818e+04 +8.1012e-01 -1.3639e+00 +1.1127e+00
12 0 +1.023217433e+04 +1.014428433e+04 +1.014428433e+04 -6.5654e-01 +5.3574e-01 +1.2823e+00
91 0 +6.389252652e+03 +6.301362652e+03 +6.301362652e+03 +4.4880e-01 +1.0812e+00 +1.2650e+00
143 0 +3.928094263e+03 +3.840204263e+03 +3.840204263e+03 -1.9240e-01 +1.7856e+00 +1.2347e+00
153 0 +2.993519076e+03 +2.905629076e+03 +2.905629076e+03 +1.3779e-01 +2.1195e+00 +1.2656e+00
182 0 +2.279182450e+03 +2.191292450e+03 +2.191292450e+03 -1.0125e-01 +2.2780e+00 +1.2565e+00
233 0 +7.881078964e+02 +7.002178964e+02 +7.002178964e+02 -5.9507e-01 +2.7535e+00 +1.2411e+00
235 0 +7.127214050e+01 -1.661785950e+01 -1.661785950e+01 +2.6134e-01 +3.3811e+00 +1.2508e+00
321 0 +2.757782629e+01 -6.031217371e+01 -6.031217371e+01 -1.7834e+00 +3.5391e+00 +1.2462e+00
362 0 +1.059307415e+01 -7.729692585e+01 -7.729692585e+01 -8.7880e-01 +3.6821e+00 +1.2467e+00
571 0 +1.008500692e+01 -7.780499308e+01 -7.780499308e+01 -2.3905e+00 +3.7012e+00 +1.2493e+00
572 0 +5.289844154e+00 -8.260015585e+01 -8.260015585e+01 -6.3589e-01 +3.7159e+00 +1.2489e+00
593 0 +4.092530272e+00 -8.379746973e+01 -8.379746973e+01 -1.7470e+00 +3.6473e+00 +1.2494e+00
702 0 +3.172235358e+00 -8.471776464e+01 -8.471776464e+01 +1.9602e-01 +3.5891e+00 +1.2499e+00
730 0 +6.697146457e-01 -8.722028535e+01 -8.722028535e+01 -6.1275e-01 +3.6501e+00 +1.2497e+00
807 0 +4.317831877e-01 -8.745821681e+01 -8.745821681e+01 -2.6896e-02 +3.6267e+00 +1.2496e+00
825 0 +2.130446225e-01 -8.767695538e+01 -8.767695538e+01 +4.5308e-01 +3.6577e+00 +1.2495e+00
898 0 +1.556049221e-01 -8.773439508e+01 -8.773439508e+01 +5.4123e-03 +3.6358e+00 +1.2497e+00
970 0 +4.882837531e-02 -8.784117162e+01 -8.784117162e+01 +3.8030e-02 +3.6483e+00 +1.2496e+00
1001 0 +4.342805366e-02 -8.784657195e+01 -8.784657195e+01 +3.0496e-01 +3.6521e+00 +1.2496e+00
1100 0 +1.519303231e-02 -8.787480697e+01 -8.787480697e+01 +1.5423e-01 +3.6483e+00 +1.2496e+00
1364 0 +1.480848377e-02 -8.787519152e+01 -8.787519152e+01 +2.4343e-01 +3.6460e+00 +1.2495e+00
1387 0 +3.716841176e-03 -8.788628316e+01 -8.788628316e+01 +2.3666e-01 +3.6447e+00 +1.2497e+00
1430 0 +2.310632717e-03 -8.788768937e+01 -8.788768937e+01 +2.0622e-01 +3.6447e+00 +1.2496e+00
1531 0 +7.712661410e-04 -8.788922873e+01 -8.788922873e+01 +2.2036e-01 +3.6453e+00 +1.2496e+00
1693 0 +5.095574005e-05 -8.788994904e+01 -8.788994904e+01 +2.4412e-01 +3.6455e+00 +1.2496e+00
1838 0 +2.447685206e-05 -8.788997552e+01 -8.788997552e+01 +2.3793e-01 +3.6455e+00 +1.2496e+00
2041 0 +1.152415558e-05 -8.788998848e+01 -8.788998848e+01 +2.4132e-01 +3.6456e+00 +1.2496e+00
2062 0 +1.046724634e-06 -8.788999895e+01 -8.788999895e+01 +2.3840e-01 +3.6456e+00 +1.2496e+00
2274 0 +8.488197665e-07 -8.788999915e+01 -8.788999915e+01 +2.3957e-01 +3.6456e+00 +1.2496e+00
2283 0 +8.131379730e-07 -8.788999919e+01 -8.788999919e+01 +2.3946e-01 +3.6456e+00 +1.2496e+00
2331 0 +9.742201712e-08 -8.788999990e+01 -8.788999990e+01 +2.3950e-01 +3.6456e+00 +1.2496e+00
2406 0 +5.416954707e-08 -8.788999995e+01 -8.788999995e+01 +2.3896e-01 +3.6456e+00 +1.2496e+00
2508 0 +4.634080142e-08 -8.788999995e+01 -8.788999995e+01 +2.3898e-01 +3.6456e+00 +1.2496e+00
2716 0 +1.023749974e-08 -8.788999999e+01 -8.788999999e+01 +2.3914e-01 +3.6456e+00 +1.2496e+00
2737 0 +8.675797858e-09 -8.788999999e+01 -8.788999999e+01 +2.3920e-01 +3.6456e+00 +1.2496e+00
3889 0 +1.833200258e-12 -8.789000000e+01 -8.789000000e+01 +2.3920e-01 +3.6456e+00 +1.2496e+00
% f evaluations | g evaluations | best noise-free fitness - Fopt (3.201900000000e+02) + sum g_i+ | measured fitness | best measured fitness or single-digit g-values | x1 | x2...
1 0 +2.360873310e+06 +2.361193500e+06 +2.361193500e+06 +0.0000e+00 +0.0000e+00 +0.0000e+00
4 0 +1.753672073e+06 +1.753992263e+06 +1.753992263e+06 -5.3443e-01 +1.2056e+00 +1.7665e-01
6 0 +1.647119939e+06 +1.647440129e+06 +1.647440129e+06 +1.0151e+00 +1.0099e+00 +2.0661e-01
7 0 +2.544306017e+05 +2.547507917e+05 +2.547507917e+05 +1.0609e+00 +1.3210e+00 +9.0822e-01
16 0 +6.837445897e+04 +6.869464897e+04 +6.869464897e+04 +1.5104e-01 +8.0871e-01 +1.1600e+00
28 0 +9.248519953e+03 +9.568709953e+03 +9.568709953e+03 +3.2132e-01 +5.6395e-01 +1.4301e+00
131 0 +8.545740166e+03 +8.865930166e+03 +8.865930166e+03 +5.0765e-01 +5.8134e-01 +1.4105e+00
195 0 +5.957770382e+03 +6.277960382e+03 +6.277960382e+03 +1.5618e+00 -2.7546e-01 +1.3677e+00
205 0 +4.493608330e+03 +4.813798330e+03 +4.813798330e+03 +1.2466e+00 -2.9066e-01 +1.3944e+00
261 0 +4.457601334e+03 +4.777791334e+03 +4.777791334e+03 +1.7680e+00 -7.7817e-01 +1.3581e+00
286 0 +3.788726815e+03 +4.108916815e+03 +4.108916815e+03 -1.3292e+00 -6.8076e-01 +1.4428e+00
289 0 +3.190109136e+03 +3.510299136e+03 +3.510299136e+03 +1.3358e+00 -4.9843e-01 +1.4107e+00
306 0 +1.407790446e+03 +1.727980446e+03 +1.727980446e+03 +5.0105e-01 -1.5690e+00 +1.4320e+00
321 0 +8.365236375e+01 +4.038423637e+02 +4.038423637e+02 +1.7345e-01 -2.2768e+00 +1.3938e+00
342 0 +1.255005668e+01 +3.327400567e+02 +3.327400567e+02 -3.8635e+00 -2.3890e+00 +1.4028e+00
518 0 +9.887330583e+00 +3.300773306e+02 +3.300773306e+02 +1.8133e+00 -2.3265e+00 +1.4013e+00
572 0 +8.576519437e+00 +3.287665194e+02 +3.287665194e+02 +9.7435e-03 -2.2717e+00 +1.4033e+00
692 0 +1.783001213e+00 +3.219730012e+02 +3.219730012e+02 +4.1473e-01 -2.3937e+00 +1.4032e+00
785 0 +5.215111078e-01 +3.207115111e+02 +3.207115111e+02 +2.5522e-02 -2.3787e+00 +1.4032e+00
895 0 +1.392142269e-01 +3.203292142e+02 +3.203292142e+02 -5.6367e-01 -2.3707e+00 +1.4030e+00
1038 0 +1.009618457e-01 +3.202909618e+02 +3.202909618e+02 -5.8347e-01 -2.3694e+00 +1.4033e+00
1050 0 +8.115819337e-02 +3.202711582e+02 +3.202711582e+02 -1.7467e-01 -2.3578e+00 +1.4031e+00
1069 0 +5.501776790e-02 +3.202450178e+02 +3.202450178e+02 -4.8923e-01 -2.3581e+00 +1.4034e+00
1097 0 +3.893649090e-02 +3.202289365e+02 +3.202289365e+02 -3.4273e-01 -2.3557e+00 +1.4031e+00
1139 0 +2.745531911e-02 +3.202174553e+02 +3.202174553e+02 -3.9425e-01 -2.3571e+00 +1.4033e+00
1164 0 +1.391344801e-02 +3.202039134e+02 +3.202039134e+02 -3.4285e-01 -2.3614e+00 +1.4033e+00
1193 0 +6.266298484e-03 +3.201962663e+02 +3.201962663e+02 -4.6745e-01 -2.3589e+00 +1.4032e+00
1293 0 +2.722550283e-03 +3.201927226e+02 +3.201927226e+02 -4.7452e-01 -2.3613e+00 +1.4032e+00
1332 0 +2.664051529e-03 +3.201926641e+02 +3.201926641e+02 -4.1469e-01 -2.3598e+00 +1.4032e+00
1373 0 +2.055533698e-03 +3.201920555e+02 +3.201920555e+02 -4.2089e-01 -2.3593e+00 +1.4032e+00
1381 0 +6.074271135e-04 +3.201906074e+02 +3.201906074e+02 -4.2032e-01 -2.3601e+00 +1.4032e+00
1554 0 +6.025120729e-04 +3.201906025e+02 +3.201906025e+02 -4.2658e-01 -2.3614e+00 +1.4032e+00
1559 0 +2.650870618e-05 +3.201900265e+02 +3.201900265e+02 -4.2944e-01 -2.3609e+00 +1.4032e+00
1839 0 +5.226756457e-06 +3.201900052e+02 +3.201900052e+02 -4.3464e-01 -2.3608e+00 +1.4032e+00
2118 0 +4.198930412e-06 +3.201900042e+02 +3.201900042e+02 -4.3289e-01 -2.3608e+00 +1.4032e+00
2191 0 +2.755553169e-06 +3.201900028e+02 +3.201900028e+02 -4.3360e-01 -2.3608e+00 +1.4032e+00
2197 0 +2.746780922e-06 +3.201900027e+02 +3.201900027e+02 -4.3183e-01 -2.3608e+00 +1.4032e+00
2199 0 +1.253944049e-06 +3.201900013e+02 +3.201900013e+02 -4.3307e-01 -2.3608e+00 +1.4032e+00
2241 0 +7.486448226e-07 +3.201900007e+02 +3.201900007e+02 -4.3263e-01 -2.3608e+00 +1.4032e+00
2313 0 +6.626812592e-07 +3.201900007e+02 +3.201900007e+02 -4.3359e-01 -2.3608e+00 +1.4032e+00
2342 0 +3.899222634e-07 +3.201900004e+02 +3.201900004e+02 -4.3249e-01 -2.3608e+00 +1.4032e+00
2357 0 +3.526838555e-07 +3.201900004e+02 +3.201900004e+02 -4.3264e-01 -2.3608e+00 +1.4032e+00
2397 0 +1.761839599e-07 +3.201900002e+02 +3.201900002e+02 -4.3250e-01 -2.3608e+00 +1.4032e+00
2441 0 +1.517265673e-07 +3.201900002e+02 +3.201900002e+02 -4.3275e-01 -2.3608e+00 +1.4032e+00
2449 0 +1.233314038e-07 +3.201900001e+02 +3.201900001e+02 -4.3249e-01 -2.3608e+00 +1.4032e+00
2468 0 +1.039717290e-07 +3.201900001e+02 +3.201900001e+02 -4.3256e-01 -2.3608e+00 +1.4032e+00
2512 0 +2.191137582e-08 +3.201900000e+02 +3.201900000e+02 -4.3282e-01 -2.3608e+00 +1.4032e+00
2631 0 +8.316135336e-09 +3.201900000e+02 +3.201900000e+02 -4.3288e-01 -2.3608e+00 +1.4032e+00
3716 0 +8.526512829e-13 +3.201900000e+02 +3.201900000e+02 -4.3280e-01 -2.3608e+00 +1.4032e+00
3745 0 +8.526512829e-13 +3.201900000e+02 +3.201900000e+02 -4.3280e-01 -2.3608e+00 +1.4032e+00
% f evaluations | g evaluations | best noise-free fitness - Fopt (-1.042400000000e+02) + sum g_i+ | measured fitness | best measured fitness or single-digit g-values | x1 | x2...
1 0 +2.062769976e+06 +2.062665736e+06 +2.062665736e+06 +0.0000e+00 +0.0000e+00 +0.0000e+00
3 0 +5.924839825e+05 +5.923797425e+05 +5.923797425e+05 -9.1286e-01 -4.6073e-01 +4.9438e-01
4 0 +3.043809418e+05 +3.042767018e+05 +3.042767018e+05 +1.3805e-02 -1.5363e+00 +7.3755e-01
5 0 +9.151356596e+03 +9.047116596e+03 +9.047116596e+03 -1.5352e+00 -1.5478e+00 +1.2612e+00
50 0 +2.969955844e+03 +2.865715844e+03 +2.865715844e+03 +4.6102e-02 -2.4817e+00 +1.3463e+00
71 0 +2.082136614e+03 +1.977896614e+03 +1.977896614e+03 +9.4186e-02 -2.4067e+00 +1.3142e+00
138 0 +3.959771767e+02 +2.917371767e+02 +2.917371767e+02 +3.0241e-02 -3.9567e+00 +1.2937e+00
267 0 +2.190053126e+02 +1.147653126e+02 +1.147653126e+02 -1.0763e+00 -3.5265e+00 +1.3221e+00
281 0 +8.270125895e+01 -2.153874105e+01 -2.153874105e+01 -4.5149e-01 -3.7128e+00 +1.3201e+00
350 0 +4.911946896e+01 -5.512053104e+01 -5.512053104e+01 -1.4657e+00 -4.1307e+00 +1.3136e+00
369 0 +4.079834066e+00 -1.001601659e+02 -1.001601659e+02 -3.6524e-01 -3.8621e+00 +1.3136e+00
570 0 +1.047716437e+00 -1.031922836e+02 -1.031922836e+02 +4.4084e-02 -3.9118e+00 +1.3145e+00
709 0 +9.353955823e-01 -1.033046044e+02 -1.033046044e+02 +1.3283e+00 -3.9306e+00 +1.3134e+00
963 0 +6.020722161e-01 -1.036379278e+02 -1.036379278e+02 +1.2088e+00 -3.9234e+00 +1.3134e+00
1006 0 +5.545007091e-01 -1.036854993e+02 -1.036854993e+02 -1.2005e-01 -3.9019e+00 +1.3136e+00
1017 0 +3.712799617e-01 -1.038687200e+02 -1.038687200e+02 -2.3967e-01 -3.9248e+00 +1.3136e+00
1025 0 +1.884376174e-01 -1.040515624e+02 -1.040515624e+02 +5.2698e-02 -3.9219e+00 +1.3139e+00
1058 0 +7.967441952e-02 -1.041603256e+02 -1.041603256e+02 +3.1762e-01 -3.9264e+00 +1.3134e+00
1191 0 +5.058808905e-02 -1.041894119e+02 -1.041894119e+02 +5.1851e-01 -3.9256e+00 +1.3136e+00
1224 0 +4.438254755e-02 -1.041956175e+02 -1.041956175e+02 +5.7078e-01 -3.9175e+00 +1.3135e+00
1264 0 +2.646772029e-02 -1.042135323e+02 -1.042135323e+02 +5.2829e-01 -3.9177e+00 +1.3137e+00
1271 0 +2.432808485e-02 -1.042156719e+02 -1.042156719e+02 +4.8428e-01 -3.9233e+00 +1.3137e+00
1350 0 +1.392839385e-03 -1.042386072e+02 -1.042386072e+02 +3.8401e-01 -3.9189e+00 +1.3136e+00
1653 0 +6.604181006e-04 -1.042393396e+02 -1.042393396e+02 +3.8564e-01 -3.9193e+00 +1.3136e+00
1693 0 +4.768259702e-04 -1.042395232e+02 -1.042395232e+02 +3.9597e-01 -3.9206e+00 +1.3136e+00
1846 0 +3.119771395e-04 -1.042396880e+02 -1.042396880e+02 +3.9765e-01 -3.9199e+00 +1.3136e+00
1859 0 +1.888669453e-04 -1.042398111e+02 -1.042398111e+02 +3.9043e-01 -3.9199e+00 +1.3136e+00
1867 0 +1.768023023e-04 -1.042398232e+02 -1.042398232e+02 +4.0568e-01 -3.9201e+00 +1.3136e+00
1903 0 +1.474143060e-04 -1.042398526e+02 -1.042398526e+02 +3.8463e-01 -3.9202e+00 +1.3136e+00
1905 0 +1.033270208e-04 -1.042398967e+02 -1.042398967e+02 +4.0252e-01 -3.9201e+00 +1.3136e+00
1944 0 +5.063428340e-05 -1.042399494e+02 -1.042399494e+02 +3.9854e-01 -3.9202e+00 +1.3136e+00
1964 0 +1.276295930e-05 -1.042399872e+02 -1.042399872e+02 +3.9729e-01 -3.9200e+00 +1.3136e+00
2004 0 +3.992749640e-06 -1.042399960e+02 -1.042399960e+02 +3.9447e-01 -3.9200e+00 +1.3136e+00
2375 0 +7.024839874e-07 -1.042399993e+02 -1.042399993e+02 +3.9485e-01 -3.9200e+00 +1.3136e+00
2518 0 +5.073852236e-07 -1.042399995e+02 -1.042399995e+02 +3.9409e-01 -3.9200e+00 +1.3136e+00
2607 0 +4.744768489e-08 -1.042400000e+02 -1.042400000e+02 +3.9435e-01 -3.9200e+00 +1.3136e+00
2835 0 +2.523150044e-08 -1.042400000e+02 -1.042400000e+02 +3.9444e-01 -3.9200e+00 +1.3136e+00
2931 0 +1.834909824e-08 -1.042400000e+02 -1.042400000e+02 +3.9442e-01 -3.9200e+00 +1.3136e+00
3069 0 +1.877197064e-09 -1.042400000e+02 -1.042400000e+02 +3.9444e-01 -3.9200e+00 +1.3136e+00
4009 0 +2.458477866e-12 -1.042400000e+02 -1.042400000e+02 +3.9440e-01 -3.9200e+00 +1.3136e+00
% f evaluations | g evaluations | best noise-free fitness - Fopt (-6.785000000000e+01) + sum g_i+ | measured fitness | best measured fitness or single-digit g-values | x1 | x2...
1 0 +2.022644497e+06 +2.022576647e+06 +2.022576647e+06 +0.0000e+00 +0.0000e+00 +0.0000e+00
2 0 +5.568151492e+05 +5.567472992e+05 +5.567472992e+05 -1.4800e+00 -1.1618e+00 +5.0944e-01
3 0 +4.839972905e+04 +4.833187905e+04 +4.833187905e+04 +4.4736e-01 +1.5765e+00 +1.0919e+00
20 0 +4.383969303e+04 +4.377184303e+04 +4.377184303e+04 -1.5513e+00 -6.7932e-01 +1.1395e+00
24 0 +5.974749631e+03 +5.906899631e+03 +5.906899631e+03 +6.3470e-01 +1.6355e+00 +1.2386e+00
48 0 +9.048740923e+02 +8.370240923e+02 +8.370240923e+02 +8.7798e-01 +2.6943e+00 +1.2761e+00
160 0 +7.115218152e+02 +6.436718152e+02 +6.436718152e+02 +3.1512e-01 +2.9326e+00 +1.2775e+00
178 0 +4.892450923e+02 +4.213950923e+02 +4.213950923e+02 -2.0222e-01 +2.4807e+00 +1.3188e+00
294 0 +3.046112140e+02 +2.367612140e+02 +2.367612140e+02 +1.1671e+00 +2.4683e+00 +1.2991e+00
305 0 +1.198290239e+02 +5.197902387e+01 +5.197902387e+01 +9.8344e-01 +3.2778e+00 +1.3111e+00
370 0 +6.589298842e+01 -1.957011581e+00 -1.957011581e+00 -1.6937e+00 +3.1964e+00 +1.2993e+00
447 0 +6.885160386e+00 -6.096483961e+01 -6.096483961e+01 -1.2265e+00 +3.0516e+00 +1.3051e+00
710 0 +2.851205508e-01 -6.756487945e+01 -6.756487945e+01 +1.1389e+00 +3.0066e+00 +1.3044e+00
902 0 +1.544735789e-01 -6.769552642e+01 -6.769552642e+01 +1.1943e+00 +3.0140e+00 +1.3038e+00
1078 0 +1.337937581e-01 -6.771620624e+01 -6.771620624e+01 +6.2969e-01 +3.0104e+00 +1.3042e+00
1084 0 +1.217304326e-01 -6.772826957e+01 -6.772826957e+01 +8.9498e-01 +3.0251e+00 +1.3039e+00
1216 0 +6.516475466e-02 -6.778483525e+01 -6.778483525e+01 +1.0683e+00 +3.0109e+00 +1.3041e+00
1247 0 +3.116005191e-02 -6.781883995e+01 -6.781883995e+01 +7.7307e-01 +3.0185e+00 +1.3040e+00
1413 0 +7.285780313e-03 -6.784271422e+01 -6.784271422e+01 +8.9165e-01 +3.0148e+00 +1.3039e+00
1496 0 +7.546577088e-04 -6.784924534e+01 -6.784924534e+01 +8.8503e-01 +3.0152e+00 +1.3040e+00
1804 0 +5.508870596e-04 -6.784944911e+01 -6.784944911e+01 +8.6851e-01 +3.0145e+00 +1.3040e+00
1817 0 +1.956874957e-04 -6.784980431e+01 -6.784980431e+01 +8.8815e-01 +3.0147e+00 +1.3040e+00
1844 0 +1.433598095e-04 -6.784985664e+01 -6.784985664e+01 +8.9034e-01 +3.0147e+00 +1.3040e+00
2048 0 +2.892754090e-05 -6.784997107e+01 -6.784997107e+01 +8.8686e-01 +3.0144e+00 +1.3040e+00
2082 0 +2.413228241e-05 -6.784997587e+01 -6.784997587e+01 +8.8236e-01 +3.0142e+00 +1.3040e+00
2197 0 +7.763263554e-06 -6.784999224e+01 -6.784999224e+01 +8.7971e-01 +3.0144e+00 +1.3040e+00
2367 0 +1.222350903e-06 -6.784999878e+01 -6.784999878e+01 +8.8061e-01 +3.0144e+00 +1.3040e+00
2478 0 +9.385243516e-07 -6.784999906e+01 -6.784999906e+01 +8.8119e-01 +3.0144e+00 +1.3040e+00
2523 0 +8.606757262e-07 -6.784999914e+01 -6.784999914e+01 +8.8250e-01 +3.0144e+00 +1.3040e+00
2537 0 +4.727312728e-07 -6.784999953e+01 -6.784999953e+01 +8.8200e-01 +3.0144e+00 +1.3040e+00
2569 0 +3.791516434e-07 -6.784999962e+01 -6.784999962e+01 +8.8186e-01 +3.0144e+00 +1.3040e+00
2761 0 +1.338493973e-07 -6.784999987e+01 -6.784999987e+01 +8.8165e-01 +3.0144e+00 +1.3040e+00
2790 0 +7.024007687e-08 -6.784999993e+01 -6.784999993e+01 +8.8179e-01 +3.0144e+00 +1.3040e+00
2910 0 +6.432055955e-08 -6.784999994e+01 -6.784999994e+01 +8.8186e-01 +3.0144e+00 +1.3040e+00
2923 0 +6.246884254e-08 -6.784999994e+01 -6.784999994e+01 +8.8181e-01 +3.0144e+00 +1.3040e+00
2983 0 +4.563219136e-08 -6.784999995e+01 -6.784999995e+01 +8.8149e-01 +3.0144e+00 +1.3040e+00
2990 0 +3.794518477e-08 -6.784999996e+01 -6.784999996e+01 +8.8163e-01 +3.0144e+00 +1.3040e+00
3031 0 +2.838739022e-08 -6.784999997e+01 -6.784999997e+01 +8.8145e-01 +3.0144e+00 +1.3040e+00
3047 0 +1.122559468e-08 -6.784999999e+01 -6.784999999e+01 +8.8158e-01 +3.0144e+00 +1.3040e+00
3181 0 +7.319442830e-09 -6.784999999e+01 -6.784999999e+01 +8.8155e-01 +3.0144e+00 +1.3040e+00
4119 0 +8.100187188e-13 -6.785000000e+01 -6.785000000e+01 +8.8160e-01 +3.0144e+00 +1.3040e+00
4141 0 +6.536993169e-13 -6.785000000e+01 -6.785000000e+01 +8.8160e-01 +3.0144e+00 +1.3040e+00
% f evaluations | g evaluations | best noise-free fitness - Fopt (-3.639800000000e+02) + sum g_i+ | measured fitness | best measured fitness or single-digit g-values | x1 | x2...
1 0 +6.401367491e+06 +6.401003511e+06 +6.401003511e+06 +0.0000e+00 +0.0000e+00 +0.0000e+00
3 0 +5.613268198e+06 +5.612904218e+06 +5.612904218e+06 +1.1229e-01 +1.2913e+00 +1.7279e-01
4 0 +9.710750016e+05 +9.707110216e+05 +9.707110216e+05 -4.7348e-01 -1.3152e+00 +1.6311e+00
19 0 +4.646346447e+05 +4.642706647e+05 +4.642706647e+05 -3.5926e-01 -1.8659e+00 +1.8882e+00
24 0 +3.088427321e+05 +3.084787521e+05 +3.084787521e+05 +1.8617e-01 +2.8539e-01 +2.0336e+00
28 0 +1.318608778e+05 +1.314968978e+05 +1.314968978e+05 -1.4937e+00 -3.9986e-01 +2.9563e+00
37 0 +7.724382046e+04 +7.687984046e+04 +7.687984046e+04 -6.5639e-01 +2.2241e-01 +2.3507e+00
50 0 +3.382685084e+04 +3.346287084e+04 +3.346287084e+04 -2.0631e+00 -1.1414e-01 +2.7701e+00
69 0 +2.770262313e+04 +2.733864313e+04 +2.733864313e+04 -1.8247e+00 +9.8450e-02 +2.4836e+00
74 0 +1.542725773e+04 +1.506327773e+04 +1.506327773e+04 -1.3227e+00 -4.7069e-01 +2.5714e+00
77 0 +9.517998327e+03 +9.154018327e+03 +9.154018327e+03 -2.5333e+00 +1.2662e-01 +2.6357e+00
95 0 +9.192825670e+03 +8.828845670e+03 +8.828845670e+03 -1.3794e+00 +3.2103e-01 +2.5782e+00
126 0 +8.385629957e+03 +8.021649957e+03 +8.021649957e+03 -8.6272e-01 +8.9990e-01 +2.5528e+00
137 0 +8.065256982e+03 +7.701276982e+03 +7.701276982e+03 -1.7407e+00 +4.5358e-01 +2.6487e+00
333 0 +4.568215669e+03 +4.204235669e+03 +4.204235669e+03 +8.0194e-01 +1.4343e+00 +2.6507e+00
354 0 +3.340399714e+03 +2.976419714e+03 +2.976419714e+03 -1.2082e+00 +1.6833e+00 +2.5882e+00
367 0 +9.510625754e+02 +5.870825754e+02 +5.870825754e+02 -1.9350e+00 +3.4670e+00 +2.6416e+00
394 0 +8.420754409e+02 +4.780954409e+02 +4.780954409e+02 -2.5491e+00 +3.1322e+00 +2.6405e+00
410 0 +4.259304598e+02 +6.195045979e+01 +6.195045979e+01 -2.4672e+00 +3.5511e+00 +2.6311e+00
424 0 +3.507054027e+02 -1.327459731e+01 -1.327459731e+01 -2.6401e+00 +3.3326e+00 +2.6321e+00
432 0 +3.861398051e+01 -3.253660195e+02 -3.253660195e+02 -2.0002e+00 +3.3492e+00 +2.6137e+00
601 0 +3.780432892e+01 -3.261756711e+02 -3.261756711e+02 -3.6606e+00 +3.0938e+00 +2.6123e+00
609 0 +2.091741032e+01 -3.430625897e+02 -3.430625897e+02 -1.9488e+00 +3.1035e+00 +2.6130e+00
610 0 +1.769035875e+01 -3.462896412e+02 -3.462896412e+02 -1.5049e+00 +3.1841e+00 +2.6164e+00
762 0 +1.582157813e+01 -3.481584219e+02 -3.481584219e+02 +7.1155e-02 +3.2409e+00 +2.6169e+00
766 0 +6.361844966e+00 -3.576181550e+02 -3.576181550e+02 +2.2195e-01 +3.1924e+00 +2.6154e+00
845 0 +2.402715475e+00 -3.615772845e+02 -3.615772845e+02 +2.0904e+00 +3.1691e+00 +2.6151e+00
930 0 +1.780712333e+00 -3.621992877e+02 -3.621992877e+02 +8.4896e-01 +3.1846e+00 +2.6126e+00
1058 0 +9.385246791e-01 -3.630414753e+02 -3.630414753e+02 +1.6915e+00 +3.2206e+00 +2.6138e+00
1062 0 +7.133959889e-01 -3.632666040e+02 -3.632666040e+02 +1.6982e+00 +3.1744e+00 +2.6129e+00
1102 0 +6.172971017e-01 -3.633627029e+02 -3.633627029e+02 +2.3777e+00 +3.1771e+00 +2.6139e+00
1134 0 +4.872959670e-01 -3.634927040e+02 -3.634927040e+02 +1.8837e+00 +3.2034e+00 +2.6131e+00
1197 0 +7.845850850e-02 -3.639015415e+02 -3.639015415e+02 +1.6734e+00 +3.1962e+00 +2.6138e+00
1390 0 +7.670606823e-02 -3.639032939e+02 -3.639032939e+02 +1.6109e+00 +3.1955e+00 +2.6135e+00
1412 0 +7.429289282e-02 -3.639057071e+02 -3.639057071e+02 +1.8507e+00 +3.1933e+00 +2.6139e+00
1417 0 +4.379169592e-02 -3.639362083e+02 -3.639362083e+02 +1.8084e+00 +3.1834e+00 +2.6136e+00
1496 0 +2.893727725e-02 -3.639510627e+02 -3.639510627e+02 +1.7631e+00 +3.1884e+00 +2.6138e+00
1510 0 +1.860313720e-02 -3.639613969e+02 -3.639613969e+02 +1.9445e+00 +3.1915e+00 +2.6136e+00
1514 0 +1.805553910e-02 -3.639619445e+02 -3.639619445e+02 +1.6944e+00 +3.1923e+00 +2.6136e+00
1527 0 +1.226388133e-02 -3.639677361e+02 -3.639677361e+02 +1.8692e+00 +3.1936e+00 +2.6136e+00
1545 0 +4.162123127e-03 -3.639758379e+02 -3.639758379e+02 +1.8053e+00 +3.1923e+00 +2.6136e+00
1560 0 +3.739503966e-03 -3.639762605e+02 -3.639762605e+02 +1.8562e+00 +3.1909e+00 +2.6136e+00
1577 0 +2.235409678e-03 -3.639777646e+02 -3.639777646e+02 +1.8520e+00 +3.1899e+00 +2.6136e+00
1741 0 +1.823983265e-03 -3.639781760e+02 -3.639781760e+02 +1.8160e+00 +3.1918e+00 +2.6136e+00
1752 0 +1.670932442e-04 -3.639798329e+02 -3.639798329e+02 +1.8095e+00 +3.1908e+00 +2.6136e+00
1987 0 +1.164265097e-04 -3.639798836e+02 -3.639798836e+02 +1.8167e+00 +3.1907e+00 +2.6136e+00
2039 0 +2.054593244e-05 -3.639799795e+02 -3.639799795e+02 +1.8145e+00 +3.1905e+00 +2.6136e+00
2203 0 +1.168681854e-05 -3.639799883e+02 -3.639799883e+02 +1.8088e+00 +3.1904e+00 +2.6136e+00
2208 0 +8.784763850e-06 -3.639799912e+02 -3.639799912e+02 +1.8137e+00 +3.1904e+00 +2.6136e+00
2334 0 +5.806162392e-06 -3.639799942e+02 -3.639799942e+02 +1.8122e+00 +3.1904e+00 +2.6136e+00
2369 0 +1.489695080e-06 -3.639799985e+02 -3.639799985e+02 +1.8121e+00 +3.1904e+00 +2.6136e+00
2413 0 +1.325675726e-06 -3.639799987e+02 -3.639799987e+02 +1.8113e+00 +3.1904e+00 +2.6136e+00
2497 0 +7.728446008e-07 -3.639799992e+02 -3.639799992e+02 +1.8117e+00 +3.1904e+00 +2.6136e+00
2556 0 +5.545180670e-07 -3.639799994e+02 -3.639799994e+02 +1.8108e+00 +3.1904e+00 +2.6136e+00
2558 0 +2.261161853e-07 -3.639799998e+02 -3.639799998e+02 +1.8110e+00 +3.1904e+00 +2.6136e+00
2590 0 +1.302408918e-07 -3.639799999e+02 -3.639799999e+02 +1.8115e+00 +3.1904e+00 +2.6136e+00
2831 0 +8.579280575e-08 -3.639799999e+02 -3.639799999e+02 +1.8111e+00 +3.1904e+00 +2.6136e+00
2841 0 +8.379140581e-08 -3.639799999e+02 -3.639799999e+02 +1.8112e+00 +3.1904e+00 +2.6136e+00
2925 0 +5.150889137e-08 -3.639799999e+02 -3.639799999e+02 +1.8112e+00 +3.1904e+00 +2.6136e+00
2941 0 +4.205588766e-08 -3.639800000e+02 -3.639800000e+02 +1.8112e+00 +3.1904e+00 +2.6136e+00
2996 0 +1.829255325e-08 -3.639800000e+02 -3.639800000e+02 +1.8111e+00 +3.1904e+00 +2.6136e+00
3011 0 +1.113727421e-08 -3.639800000e+02 -3.639800000e+02 +1.8112e+00 +3.1904e+00 +2.6136e+00
3121 0 +8.883375813e-09 -3.639800000e+02 -3.639800000e+02 +1.8112e+00 +3.1904e+00 +2.6136e+00
4012 0 +1.705302566e-13 -3.639800000e+02 -3.639800000e+02 +1.8112e+00 +3.1904e+00 +2.6136e+00
4081 0 +1.705302566e-13 -3.639800000e+02 -3.639800000e+02 +1.8112e+00 +3.1904e+00 +2.6136e+00
% f evaluations | g evaluations | best noise-free fitness - Fopt (-1.865000000000e+01) + sum g_i+ | measured fitness | best measured fitness or single-digit g-values | x1 | x2...
1 0 +6.870074419e+06 +6.870055769e+06 +6.870055769e+06 +0.0000e+00 +0.0000e+00 +0.0000e+00
5 0 +6.698101108e+06 +6.698082458e+06 +6.698082458e+06 +5.8483e-01 -1.8702e-01 -3.8218e-02
6 0 +3.471113089e+06 +3.471094439e+06 +3.471094439e+06 -1.1938e+00 +1.1056e+00 -5.5985e-01
12 0 +2.108956488e+06 +2.108937838e+06 +2.108937838e+06 -8.0612e-01 +4.3297e-01 -9.4944e-01
14 0 +2.003724382e+06 +2.003705732e+06 +2.003705732e+06 -8.0094e-03 +7.8942e-01 -1.1061e+00
21 0 +1.966594280e+06 +1.966575630e+06 +1.966575630e+06 -5.2065e-01 +1.0280e+00 -1.1598e+00
26 0 +5.466004103e+05 +5.465817603e+05 +5.465817603e+05 -6.8836e-01 +4.7941e-01 -1.6807e+00
30 0 +4.715514899e+05 +4.715328399e+05 +4.715328399e+05 -5.7420e-01 +6.5474e-01 -1.8470e+00
42 0 +3.408478790e+05 +3.408292290e+05 +3.408292290e+05 +1.1762e+00 -3.6151e-01 -1.9348e+00
46 0 +1.574185185e+05 +1.573998685e+05 +1.573998685e+05 -6.0004e-01 +1.3156e+00 -2.0819e+00
53 0 +2.147089715e+04 +2.145224715e+04 +2.145224715e+04 +1.1047e-01 +9.1073e-01 -2.3841e+00
71 0 +1.649426008e+03 +1.630776008e+03 +1.630776008e+03 +9.2960e-01 -2.0334e+00 -2.4406e+00
173 0 +1.160500949e+03 +1.141850949e+03 +1.141850949e+03 +3.0434e-01 -2.0198e+00 -2.4468e+00
225 0 +7.184311934e+02 +6.997811934e+02 +6.997811934e+02 +1.6297e+00 -2.3320e+00 -2.5072e+00
235 0 +8.181586721e+01 +6.316586721e+01 +6.316586721e+01 +6.6471e-01 -2.2134e+00 -2.4769e+00
330 0 +2.506431688e+01 +6.414316880e+00 +6.414316880e+00 +1.2152e+00 -2.6084e+00 -2.4822e+00
430 0 +9.220525854e+00 -9.429474146e+00 -9.429474146e+00 +1.3114e+00 -2.5150e+00 -2.4834e+00
565 0 +1.377148325e+00 -1.727285168e+01 -1.727285168e+01 +1.2337e+00 -2.4766e+00 -2.4819e+00
913 0 +6.111851982e-01 -1.803881480e+01 -1.803881480e+01 +8.5155e-01 -2.4775e+00 -2.4804e+00
1050 0 +4.095142087e-01 -1.824048579e+01 -1.824048579e+01 +1.2687e+00 -2.4844e+00 -2.4809e+00
1070 0 +3.273946843e-01 -1.832260532e+01 -1.832260532e+01 +1.6506e+00 -2.4498e+00 -2.4806e+00
1077 0 +2.356212413e-01 -1.841437876e+01 -1.841437876e+01 +1.0907e+00 -2.4570e+00 -2.4809e+00
1085 0 +8.713408246e-02 -1.856286592e+01 -1.856286592e+01 +1.5384e+00 -2.4747e+00 -2.4807e+00
1127 0 +4.035172122e-02 -1.860964828e+01 -1.860964828e+01 +1.6640e+00 -2.4653e+00 -2.4808e+00
1128 0 +1.843310250e-02 -1.863156690e+01 -1.863156690e+01 +1.4051e+00 -2.4678e+00 -2.4809e+00
1206 0 +1.701530385e-02 -1.863298470e+01 -1.863298470e+01 +1.4570e+00 -2.4639e+00 -2.4809e+00
1252 0 +1.982814430e-03 -1.864801719e+01 -1.864801719e+01 +1.4718e+00 -2.4643e+00 -2.4808e+00
1402 0 +1.307469430e-03 -1.864869253e+01 -1.864869253e+01 +1.4961e+00 -2.4653e+00 -2.4808e+00
1688 0 +4.849794445e-04 -1.864951502e+01 -1.864951502e+01 +1.4704e+00 -2.4650e+00 -2.4808e+00
1756 0 +2.796186036e-04 -1.864972038e+01 -1.864972038e+01 +1.4528e+00 -2.4658e+00 -2.4808e+00
1769 0 +5.400325576e-05 -1.864994600e+01 -1.864994600e+01 +1.4740e+00 -2.4655e+00 -2.4808e+00
1844 0 +2.398569077e-05 -1.864997601e+01 -1.864997601e+01 +1.4666e+00 -2.4655e+00 -2.4808e+00
2109 0 +1.791287950e-05 -1.864998209e+01 -1.864998209e+01 +1.4710e+00 -2.4656e+00 -2.4808e+00
2117 0 +1.468057233e-05 -1.864998532e+01 -1.864998532e+01 +1.4669e+00 -2.4655e+00 -2.4808e+00
2169 0 +5.119645930e-06 -1.864999488e+01 -1.864999488e+01 +1.4669e+00 -2.4657e+00 -2.4808e+00
2265 0 +4.862225182e-06 -1.864999514e+01 -1.864999514e+01 +1.4670e+00 -2.4656e+00 -2.4808e+00
2302 0 +4.954642918e-07 -1.864999950e+01 -1.864999950e+01 +1.4672e+00 -2.4656e+00 -2.4808e+00
2508 0 +1.914406660e-07 -1.864999981e+01 -1.864999981e+01 +1.4676e+00 -2.4656e+00 -2.4808e+00
2791 0 +1.865968855e-07 -1.864999981e+01 -1.864999981e+01 +1.4674e+00 -2.4656e+00 -2.4808e+00
2794 0 +1.855440281e-07 -1.864999981e+01 -1.864999981e+01 +1.4671e+00 -2.4656e+00 -2.4808e+00
2811 0 +1.701909298e-07 -1.864999983e+01 -1.864999983e+01 +1.4672e+00 -2.4656e+00 -2.4808e+00
2818 0 +5.177129836e-08 -1.864999995e+01 -1.864999995e+01 +1.4670e+00 -2.4656e+00 -2.4808e+00
2834 0 +3.684809968e-08 -1.864999996e+01 -1.864999996e+01 +1.4673e+00 -2.4656e+00 -2.4808e+00
2880 0 +1.145092909e-09 -1.865000000e+01 -1.865000000e+01 +1.4672e+00 -2.4656e+00 -2.4808e+00
3973 0 +3.083755473e-12 -1.865000000e+01 -1.865000000e+01 +1.4672e+00 -2.4656e+00 -2.4808e+00
% f evaluations | g evaluations | best noise-free fitness - Fopt (1.749200000000e+02) + sum g_i+ | measured fitness | best measured fitness or single-digit g-values | x1 | x2...
1 0 +1.101526296e+07 +1.101543788e+07 +1.101543788e+07 +0.0000e+00 +0.0000e+00 +0.0000e+00
3 0 +7.290720934e+06 +7.290895854e+06 +7.290895854e+06 -3.3462e-01 +2.4048e-02 -8.2179e-01
13 0 +6.370724299e+06 +6.370899219e+06 +6.370899219e+06 -1.4932e+00 +9.9377e-01 -1.0346e+00
27 0 +3.243240812e+06 +3.243415732e+06 +3.243415732e+06 -1.6360e+00 +4.3173e-01 -1.5282e+00
43 0 +2.834954323e+06 +2.835129243e+06 +2.835129243e+06 -1.7823e+00 -5.7534e-01 -1.6090e+00
47 0 +1.577939304e+06 +1.578114224e+06 +1.578114224e+06 +2.9929e-01 -8.3553e-01 -2.2641e+00
52 0 +4.834225299e+05 +4.835974499e+05 +4.835974499e+05 -1.9225e+00 +1.3710e+00 -2.7613e+00
59 0 +4.762791473e+05 +4.764540673e+05 +4.764540673e+05 -4.1285e-01 -3.5518e-01 -2.7604e+00
69 0 +2.782879841e+04 +2.800371841e+04 +2.800371841e+04 -1.5515e+00 +6.0831e-01 -3.5478e+00
78 0 +5.453681050e+03 +5.628601050e+03 +5.628601050e+03 +7.1119e-01 -2.6985e-01 -3.4702e+00
96 0 +5.225476443e+03 +5.400396443e+03 +5.400396443e+03 +1.4325e-01 -6.1205e-01 -3.4718e+00
135 0 +2.470739217e+03 +2.645659217e+03 +2.645659217e+03 -1.4370e+00 -2.3679e-01 -3.3940e+00
160 0 +2.570988161e+02 +4.320188161e+02 +4.320188161e+02 +2.1146e-01 -2.1062e+00 -3.3969e+00
279 0 +8.646511177e+01 +2.613851118e+02 +2.613851118e+02 +1.7598e+00 -2.1177e+00 -3.4123e+00
428 0 +5.158780056e+01 +2.265078006e+02 +2.265078006e+02 -1.0591e+00 -2.0714e+00 -3.4104e+00
519 0 +4.784935900e+01 +2.227693590e+02 +2.227693590e+02 +1.6462e+00 -1.6480e+00 -3.4100e+00
609 0 +4.388820579e+01 +2.188082058e+02 +2.188082058e+02 +2.5254e+00 -1.9171e+00 -3.4151e+00
721 0 +2.720115060e+01 +2.021211506e+02 +2.021211506e+02 +1.0571e+00 -1.9715e+00 -3.4126e+00
723 0 +9.675225123e+00 +1.845952251e+02 +1.845952251e+02 +9.2489e-01 -1.7708e+00 -3.4112e+00
822 0 +4.557549200e+00 +1.794775492e+02 +1.794775492e+02 +8.2014e-01 -1.8705e+00 -3.4101e+00
883 0 +2.446027113e+00 +1.773660271e+02 +1.773660271e+02 -8.8967e-01 -1.8268e+00 -3.4118e+00
916 0 +1.196099007e+00 +1.761160990e+02 +1.761160990e+02 -8.7818e-01 -1.8407e+00 -3.4115e+00
926 0 +5.888740998e-01 +1.755088741e+02 +1.755088741e+02 -5.8955e-01 -1.8321e+00 -3.4107e+00
1033 0 +1.809150384e-01 +1.751009150e+02 +1.751009150e+02 -1.5226e+00 -1.8460e+00 -3.4106e+00
1145 0 +1.053025960e-01 +1.750253026e+02 +1.750253026e+02 -1.2281e+00 -1.8548e+00 -3.4105e+00
1270 0 +9.544836418e-02 +1.750154484e+02 +1.750154484e+02 -1.4198e+00 -1.8492e+00 -3.4104e+00
1282 0 +5.505217147e-02 +1.749750522e+02 +1.749750522e+02 -1.3388e+00 -1.8483e+00 -3.4103e+00
1293 0 +2.406896793e-02 +1.749440690e+02 +1.749440690e+02 -1.2825e+00 -1.8437e+00 -3.4103e+00
1357 0 +1.699590473e-02 +1.749369959e+02 +1.749369959e+02 -1.2449e+00 -1.8455e+00 -3.4103e+00
1457 0 +1.309331096e-02 +1.749330933e+02 +1.749330933e+02 -1.1280e+00 -1.8448e+00 -3.4103e+00
1477 0 +1.099979751e-02 +1.749309998e+02 +1.749309998e+02 -1.1460e+00 -1.8424e+00 -3.4103e+00
1482 0 +9.867523529e-03 +1.749298675e+02 +1.749298675e+02 -1.0703e+00 -1.8446e+00 -3.4103e+00
1543 0 +3.553506632e-03 +1.749235535e+02 +1.749235535e+02 -1.1665e+00 -1.8431e+00 -3.4104e+00
1704 0 +2.984152982e-03 +1.749229842e+02 +1.749229842e+02 -1.1849e+00 -1.8442e+00 -3.4104e+00
1741 0 +2.428311816e-03 +1.749224283e+02 +1.749224283e+02 -1.1389e+00 -1.8433e+00 -3.4104e+00
1757 0 +1.663560496e-03 +1.749216636e+02 +1.749216636e+02 -1.1397e+00 -1.8439e+00 -3.4104e+00
1765 0 +1.618742682e-03 +1.749216187e+02 +1.749216187e+02 -1.1214e+00 -1.8455e+00 -3.4104e+00
1767 0 +1.242545553e-03 +1.749212425e+02 +1.749212425e+02 -1.1363e+00 -1.8458e+00 -3.4104e+00
1787 0 +9.802319431e-04 +1.749209802e+02 +1.749209802e+02 -1.1484e+00 -1.8449e+00 -3.4104e+00
1788 0 +5.165561317e-04 +1.749205166e+02 +1.749205166e+02 -1.1747e+00 -1.8447e+00 -3.4104e+00
1850 0 +3.157966284e-04 +1.749203158e+02 +1.749203158e+02 -1.1654e+00 -1.8451e+00 -3.4104e+00
1934 0 +2.407823658e-05 +1.749200241e+02 +1.749200241e+02 -1.1524e+00 -1.8449e+00 -3.4104e+00
2138 0 +2.256250241e-05 +1.749200226e+02 +1.749200226e+02 -1.1525e+00 -1.8449e+00 -3.4104e+00
2160 0 +1.154124570e-05 +1.749200115e+02 +1.749200115e+02 -1.1486e+00 -1.8448e+00 -3.4104e+00
2258 0 +6.564059191e-06 +1.749200066e+02 +1.749200066e+02 -1.1502e+00 -1.8447e+00 -3.4104e+00
2347 0 +1.258954342e-06 +1.749200013e+02 +1.749200013e+02 -1.1524e+00 -1.8448e+00 -3.4104e+00
2473 0 +4.225379371e-07 +1.749200004e+02 +1.749200004e+02 -1.1518e+00 -1.8448e+00 -3.4104e+00
2570 0 +2.577705231e-07 +1.749200003e+02 +1.749200003e+02 -1.1524e+00 -1.8448e+00 -3.4104e+00
2677 0 +8.775015203e-08 +1.749200001e+02 +1.749200001e+02 -1.1522e+00 -1.8448e+00 -3.4104e+00
2681 0 +4.296700240e-08 +1.749200000e+02 +1.749200000e+02 -1.1520e+00 -1.8448e+00 -3.4104e+00
2888 0 +2.190355985e-08 +1.749200000e+02 +1.749200000e+02 -1.1520e+00 -1.8448e+00 -3.4104e+00
2910 0 +1.495990887e-08 +1.749200000e+02 +1.749200000e+02 -1.1521e+00 -1.8448e+00 -3.4104e+00
2989 0 +8.604700952e-09 +1.749200000e+02 +1.749200000e+02 -1.1520e+00 -1.8448e+00 -3.4104e+00
3793 0 +2.671640686e-12 +1.749200000e+02 +1.749200000e+02 -1.1520e+00 -1.8448e+00 -3.4104e+00
% f evaluations | g evaluations | best noise-free fitness - Fopt (-5.659600000000e+02) + sum g_i+ | measured fitness | best measured fitness or single-digit g-values | x1 | x2...
1 0 +4.937873486e+06 +4.937307526e+06 +4.937307526e+06 +0.0000e+00 +0.0000e+00 +0.0000e+00
2 0 +1.941510095e+06 +1.940944135e+06 +1.940944135e+06 -1.1931e+00 -2.1275e-01 -8.3749e-01
8 0 +2.756308637e+05 +2.750649037e+05 +2.750649037e+05 +6.2940e-02 -1.5948e+00 -1.6337e+00
15 0 +3.248638980e+04 +3.192042980e+04 +3.192042980e+04 +2.3533e-01 -1.1542e+00 -1.9712e+00
24 0 +1.811807908e+04 +1.755211908e+04 +1.755211908e+04 +2.3654e-01 -1.1453e+00 -2.0154e+00
32 0 +6.564578688e+03 +5.998618688e+03 +5.998618688e+03 -1.4605e+00 -1.0641e+00 -2.2192e+00
33 0 +3.885774147e+03 +3.319814147e+03 +3.319814147e+03 -4.1010e-01 +5.1989e-01 -2.0789e+00
41 0 +1.373508565e+03 +8.075485646e+02 +8.075485646e+02 -6.6066e-01 +9.8871e-01 -2.1165e+00
109 0 +5.691655827e+02 +3.205582677e+00 +3.205582677e+00 -1.0327e+00 +8.5368e-01 -2.1561e+00
118 0 +1.309511463e+02 -4.350088537e+02 -4.350088537e+02 -1.5272e+00 +5.9564e-01 -2.1428e+00
364 0 +1.284481739e+02 -4.375118261e+02 -4.375118261e+02 +1.6629e+00 +3.0306e-01 -2.1559e+00
416 0 +5.060349459e+01 -5.153565054e+02 -5.153565054e+02 -5.5817e-01 +4.1487e-01 -2.1408e+00
456 0 +3.292713090e+01 -5.330328691e+02 -5.330328691e+02 +7.4150e-01 +3.3730e-01 -2.1408e+00
504 0 +7.625095946e+00 -5.583349041e+02 -5.583349041e+02 -6.2055e-02 +1.5821e-01 -2.1462e+00
737 0 +4.247728646e+00 -5.617122714e+02 -5.617122714e+02 -2.4775e+00 +2.4310e-01 -2.1436e+00
767 0 +2.247360888e+00 -5.637126391e+02 -5.637126391e+02 +4.3805e-01 +2.2556e-01 -2.1452e+00
834 0 +8.034612357e-01 -5.651565388e+02 -5.651565388e+02 -1.0367e+00 +2.3006e-01 -2.1439e+00
910 0 +7.904766892e-01 -5.651695233e+02 -5.651695233e+02 -9.4760e-01 +2.5954e-01 -2.1452e+00
916 0 +2.848496347e-01 -5.656751504e+02 -5.656751504e+02 -8.0945e-01 +2.2104e-01 -2.1450e+00
943 0 +2.334775728e-01 -5.657265224e+02 -5.657265224e+02 -1.1783e+00 +2.3359e-01 -2.1444e+00
1080 0 +1.001523881e-01 -5.658598476e+02 -5.658598476e+02 -1.0588e+00 +2.3041e-01 -2.1451e+00
1153 0 +7.762989343e-02 -5.658823701e+02 -5.658823701e+02 -7.0251e-01 +2.3272e-01 -2.1448e+00
1180 0 +4.638654291e-02 -5.659136135e+02 -5.659136135e+02 -1.1521e+00 +2.3404e-01 -2.1449e+00
1184 0 +2.115372627e-02 -5.659388463e+02 -5.659388463e+02 -8.2804e-01 +2.3734e-01 -2.1447e+00
1230 0 +8.373689123e-03 -5.659516263e+02 -5.659516263e+02 -9.4405e-01 +2.3805e-01 -2.1447e+00
1316 0 +3.135543452e-03 -5.659568645e+02 -5.659568645e+02 -9.6587e-01 +2.3631e-01 -2.1447e+00
1490 0 +2.726927830e-03 -5.659572731e+02 -5.659572731e+02 -9.6920e-01 +2.3580e-01 -2.1448e+00
1583 0 +2.391624118e-03 -5.659576084e+02 -5.659576084e+02 -9.4927e-01 +2.3617e-01 -2.1448e+00
1586 0 +3.381118103e-04 -5.659596619e+02 -5.659596619e+02 -9.4106e-01 +2.3610e-01 -2.1448e+00
1598 0 +9.946444607e-05 -5.659599005e+02 -5.659599005e+02 -9.5876e-01 +2.3569e-01 -2.1448e+00
1864 0 +8.908830011e-05 -5.659599109e+02 -5.659599109e+02 -9.5699e-01 +2.3590e-01 -2.1448e+00
1932 0 +4.095746942e-05 -5.659599590e+02 -5.659599590e+02 -9.6243e-01 +2.3613e-01 -2.1448e+00
2074 0 +9.220715810e-06 -5.659599908e+02 -5.659599908e+02 -9.5559e-01 +2.3605e-01 -2.1448e+00
2097 0 +5.791050398e-06 -5.659599942e+02 -5.659599942e+02 -9.5779e-01 +2.3602e-01 -2.1448e+00
2212 0 +5.468493782e-06 -5.659599945e+02 -5.659599945e+02 -9.5883e-01 +2.3603e-01 -2.1448e+00
2322 0 +8.920623031e-07 -5.659599991e+02 -5.659599991e+02 -9.5793e-01 +2.3603e-01 -2.1448e+00
2369 0 +6.567304354e-07 -5.659599993e+02 -5.659599993e+02 -9.5687e-01 +2.3599e-01 -2.1448e+00
2384 0 +2.734559530e-07 -5.659599997e+02 -5.659599997e+02 -9.5765e-01 +2.3602e-01 -2.1448e+00
2469 0 +2.265736612e-07 -5.659599998e+02 -5.659599998e+02 -9.5761e-01 +2.3600e-01 -2.1448e+00
2569 0 +2.121743137e-07 -5.659599998e+02 -5.659599998e+02 -9.5773e-01 +2.3600e-01 -2.1448e+00
2585 0 +2.066429943e-07 -5.659599998e+02 -5.659599998e+02 -9.5771e-01 +2.3599e-01 -2.1448e+00
2593 0 +3.462537279e-08 -5.659600000e+02 -5.659600000e+02 -9.5762e-01 +2.3599e-01 -2.1448e+00
2842 0 +8.869733392e-09 -5.659600000e+02 -5.659600000e+02 -9.5757e-01 +2.3600e-01 -2.1448e+00
3925 0 +2.728484105e-12 -5.659600000e+02 -5.659600000e+02 -9.5760e-01 +2.3600e-01 -2.1448e+00
% f evaluations | g evaluations | best noise-free fitness - Fopt (7.095000000000e+01) + sum g_i+ | measured fitness | best measured fitness or single-digit g-values | x1 | x2...
1 0 +4.818550837e+06 +4.818621787e+06 +4.818621787e+06 +0.0000e+00 +0.0000e+00 +0.0000e+00
9 0 +2.001205419e+06 +2.001276369e+06 +2.001276369e+06 -1.8257e-01 -1.1890e+00 -7.4804e-01
14 0 +1.233221972e+06 +1.233292922e+06 +1.233292922e+06 -3.8959e-01 -1.4592e+00 -1.0700e+00
31 0 +1.209507237e+06 +1.209578187e+06 +1.209578187e+06 +7.9030e-01 -1.5265e+00 -1.0759e+00
37 0 +2.853269260e+04 +2.860364260e+04 +2.860364260e+04 +3.1575e-01 -1.4657e+00 -2.2686e+00
53 0 +1.797072143e+04 +1.804167143e+04 +1.804167143e+04 +7.4496e-02 -5.9653e-01 -2.2462e+00
55 0 +1.112913783e+04 +1.120008783e+04 +1.120008783e+04 +2.3244e-01 -2.1788e+00 -2.1006e+00
88 0 +3.943376640e+03 +4.014326640e+03 +4.014326640e+03 +1.1214e+00 +5.6061e-01 -2.0645e+00
103 0 +3.627638248e+03 +3.698588248e+03 +3.698588248e+03 +1.6644e+00 -4.5819e-01 -2.0997e+00
110 0 +1.519910274e+03 +1.590860274e+03 +1.590860274e+03 -1.9796e-01 +1.0540e+00 -2.1637e+00
178 0 +5.444375454e+02 +6.153875454e+02 +6.153875454e+02 +1.8959e+00 +1.3874e+00 -2.1062e+00
207 0 +6.836897229e+01 +1.393189723e+02 +1.393189723e+02 +2.9210e+00 +1.0918e+00 -2.1194e+00
253 0 +2.109341931e+01 +9.204341931e+01 +9.204341931e+01 +1.8980e+00 +1.1384e+00 -2.1234e+00
591 0 +1.236453682e+01 +8.331453682e+01 +8.331453682e+01 -1.2287e+00 +9.9912e-01 -2.1254e+00
635 0 +8.117008120e+00 +7.906700812e+01 +7.906700812e+01 -1.4150e+00 +1.0151e+00 -2.1266e+00
728 0 +7.164178073e+00 +7.811417807e+01 +7.811417807e+01 -2.0763e+00 +1.0641e+00 -2.1276e+00
739 0 +5.942466027e+00 +7.689246603e+01 +7.689246603e+01 -1.3607e+00 +1.0623e+00 -2.1259e+00
780 0 +4.047320268e+00 +7.499732027e+01 +7.499732027e+01 -9.6731e-01 +1.0556e+00 -2.1264e+00
839 0 +2.888895827e+00 +7.383889583e+01 +7.383889583e+01 +1.8047e+00 +1.1083e+00 -2.1277e+00
842 0 +4.163787596e-01 +7.136637876e+01 +7.136637876e+01 +2.6001e-01 +1.0754e+00 -2.1277e+00
1159 0 +1.713337677e-01 +7.112133377e+01 +7.112133377e+01 +5.9206e-01 +1.0756e+00 -2.1268e+00
1275 0 +6.901528247e-02 +7.101901528e+01 +7.101901528e+01 +4.1647e-01 +1.0747e+00 -2.1273e+00
1335 0 +6.997361601e-03 +7.095699736e+01 +7.095699736e+01 +5.3409e-01 +1.0805e+00 -2.1272e+00
1461 0 +2.421210666e-03 +7.095242121e+01 +7.095242121e+01 +6.2241e-01 +1.0808e+00 -2.1272e+00
1712 0 +9.476374278e-04 +7.095094764e+01 +7.095094764e+01 +6.0768e-01 +1.0797e+00 -2.1272e+00
1724 0 +2.792689869e-04 +7.095027927e+01 +7.095027927e+01 +6.2171e-01 +1.0796e+00 -2.1272e+00
1905 0 +1.397107137e-04 +7.095013971e+01 +7.095013971e+01 +6.2003e-01 +1.0790e+00 -2.1272e+00
1963 0 +2.863560340e-05 +7.095002864e+01 +7.095002864e+01 +6.1246e-01 +1.0793e+00 -2.1272e+00
2376 0 +1.445270961e-05 +7.095001445e+01 +7.095001445e+01 +6.1590e-01 +1.0793e+00 -2.1272e+00
2383 0 +1.203811379e-05 +7.095001204e+01 +7.095001204e+01 +6.1729e-01 +1.0792e+00 -2.1272e+00
2414 0 +7.044630564e-06 +7.095000704e+01 +7.095000704e+01 +6.1514e-01 +1.0792e+00 -2.1272e+00
2479 0 +4.755045040e-06 +7.095000476e+01 +7.095000476e+01 +6.1234e-01 +1.0792e+00 -2.1272e+00
2511 0 +1.452926753e-06 +7.095000145e+01 +7.095000145e+01 +6.1464e-01 +1.0792e+00 -2.1272e+00
2759 0 +1.066658768e-06 +7.095000107e+01 +7.095000107e+01 +6.1367e-01 +1.0792e+00 -2.1272e+00
2779 0 +5.987975271e-07 +7.095000060e+01 +7.095000060e+01 +6.1474e-01 +1.0792e+00 -2.1272e+00
2813 0 +4.511028777e-07 +7.095000045e+01 +7.095000045e+01 +6.1461e-01 +1.0792e+00 -2.1272e+00
2830 0 +2.455930712e-07 +7.095000025e+01 +7.095000025e+01 +6.1461e-01 +1.0792e+00 -2.1272e+00
2920 0 +1.140489303e-07 +7.095000011e+01 +7.095000011e+01 +6.1462e-01 +1.0792e+00 -2.1272e+00
2962 0 +8.856596878e-08 +7.095000009e+01 +7.095000009e+01 +6.1410e-01 +1.0792e+00 -2.1272e+00
3048 0 +4.086612648e-08 +7.095000004e+01 +7.095000004e+01 +6.1451e-01 +1.0792e+00 -2.1272e+00
3084 0 +1.649044634e-08 +7.095000002e+01 +7.095000002e+01 +6.1443e-01 +1.0792e+00 -2.1272e+00
3155 0 +8.851074540e-09 +7.095000001e+01 +7.095000001e+01 +6.1448e-01 +1.0792e+00 -2.1272e+00
4201 0 +1.392663762e-12 +7.095000000e+01 +7.095000000e+01 +6.1440e-01 +1.0792e+00 -2.1272e+00
% f evaluations | g evaluations | best noise-free fitness - Fopt (4.728000000000e+01) + sum g_i+ | measured fitness | best measured fitness or single-digit g-values | x1 | x2...
1 0 +1.041143743e+07 +1.041148471e+07 +1.041148471e+07 +0.0000e+00 +0.0000e+00 +0.0000e+00
7 0 +5.119063335e+06 +5.119110615e+06 +5.119110615e+06 +8.6598e-01 +1.8793e-01 +9.5379e-01
11 0 +3.806618958e+06 +3.806666238e+06 +3.806666238e+06 +7.4703e-01 +4.2387e-01 +1.3702e+00
23 0 +3.234260510e+06 +3.234307790e+06 +3.234307790e+06 +7.6525e-01 +2.0714e-01 +1.5788e+00
29 0 +1.629323747e+06 +1.629371027e+06 +1.629371027e+06 +9.9375e-01 -3.0317e-01 +2.0759e+00
45 0 +8.728259288e+05 +8.728732088e+05 +8.728732088e+05 +2.1932e-01 -2.5790e-01 +2.3174e+00
53 0 +3.746121991e+05 +3.746594791e+05 +3.746594791e+05 -1.5803e-01 -1.3336e+00 +2.6041e+00
54 0 +3.442582022e+04 +3.447310022e+04 +3.447310022e+04 -5.0249e-01 -4.2297e-01 +3.0931e+00
64 0 +5.884439781e+03 +5.931719781e+03 +5.931719781e+03 +2.2001e-01 -1.1979e+00 +3.3500e+00
82 0 +1.073559038e+03 +1.120839038e+03 +1.120839038e+03 +4.3952e-01 -7.6415e-02 +3.2931e+00
116 0 +8.010642957e+02 +8.483442957e+02 +8.483442957e+02 -9.0031e-01 -1.8329e-01 +3.2525e+00
163 0 +5.521662228e+02 +5.994462228e+02 +5.994462228e+02 +1.8098e+00 -1.5599e-01 +3.2611e+00
193 0 +2.243218263e+02 +2.716018263e+02 +2.716018263e+02 +1.2610e+00 -3.2942e-01 +3.2717e+00
240 0 +1.581153921e+02 +2.053953921e+02 +2.053953921e+02 +1.1432e+00 -6.1221e-01 +3.2594e+00
271 0 +4.463517096e+01 +9.191517096e+01 +9.191517096e+01 +2.5050e+00 -6.7564e-01 +3.2756e+00
273 0 +3.423222681e+01 +8.151222681e+01 +8.151222681e+01 +1.6491e+00 -8.8766e-01 +3.2659e+00
389 0 +1.591214693e+01 +6.319214693e+01 +6.319214693e+01 +4.8899e+00 -6.9733e-01 +3.2694e+00
443 0 +6.203394666e+00 +5.348339467e+01 +5.348339467e+01 +4.6036e+00 -8.6666e-01 +3.2689e+00
517 0 +1.817081061e+00 +4.909708106e+01 +4.909708106e+01 +2.7547e+00 -7.8335e-01 +3.2698e+00
598 0 +1.491392830e+00 +4.877139283e+01 +4.877139283e+01 +3.1887e+00 -8.0617e-01 +3.2693e+00
686 0 +7.328980888e-01 +4.801289809e+01 +4.801289809e+01 +3.9013e+00 -8.2161e-01 +3.2711e+00
765 0 +6.944654513e-01 +4.797446545e+01 +4.797446545e+01 +3.7618e+00 -8.1008e-01 +3.2695e+00
848 0 +6.687347691e-01 +4.794873477e+01 +4.794873477e+01 +3.3501e+00 -7.9135e-01 +3.2699e+00
878 0 +6.525640841e-01 +4.793256408e+01 +4.793256408e+01 +3.7764e+00 -8.0380e-01 +3.2712e+00
911 0 +5.598245217e-02 +4.733598245e+01 +4.733598245e+01 +3.8797e+00 -8.0906e-01 +3.2705e+00
1186 0 +5.476757221e-02 +4.733476757e+01 +4.733476757e+01 +3.5233e+00 -8.0929e-01 +3.2705e+00
1259 0 +3.229710917e-02 +4.731229711e+01 +4.731229711e+01 +3.8061e+00 -8.0366e-01 +3.2705e+00
1299 0 +1.823385808e-02 +4.729823386e+01 +4.729823386e+01 +3.6902e+00 -8.0692e-01 +3.2703e+00
1308 0 +7.352754673e-03 +4.728735275e+01 +4.728735275e+01 +3.6153e+00 -8.0748e-01 +3.2704e+00
1309 0 +6.739138532e-03 +4.728673914e+01 +4.728673914e+01 +3.6828e+00 -8.0843e-01 +3.2705e+00
1464 0 +3.177175534e-03 +4.728317718e+01 +4.728317718e+01 +3.7215e+00 -8.0583e-01 +3.2704e+00
1473 0 +2.380556699e-03 +4.728238056e+01 +4.728238056e+01 +3.6641e+00 -8.0529e-01 +3.2704e+00
1557 0 +2.009409359e-03 +4.728200941e+01 +4.728200941e+01 +3.6913e+00 -8.0739e-01 +3.2704e+00
1612 0 +9.152904318e-04 +4.728091529e+01 +4.728091529e+01 +3.7218e+00 -8.0624e-01 +3.2704e+00
1639 0 +8.461847140e-04 +4.728084618e+01 +4.728084618e+01 +3.7173e+00 -8.0616e-01 +3.2704e+00
1676 0 +7.303953246e-04 +4.728073040e+01 +4.728073040e+01 +3.7072e+00 -8.0618e-01 +3.2704e+00
1698 0 +3.310670480e-04 +4.728033107e+01 +4.728033107e+01 +3.6840e+00 -8.0639e-01 +3.2704e+00
1738 0 +2.285102604e-04 +4.728022851e+01 +4.728022851e+01 +3.6892e+00 -8.0651e-01 +3.2704e+00
1758 0 +1.222208196e-04 +4.728012222e+01 +4.728012222e+01 +3.6973e+00 -8.0673e-01 +3.2704e+00
1804 0 +3.275842597e-05 +4.728003276e+01 +4.728003276e+01 +3.6897e+00 -8.0648e-01 +3.2704e+00
1903 0 +1.053036774e-05 +4.728001053e+01 +4.728001053e+01 +3.6928e+00 -8.0641e-01 +3.2704e+00
2031 0 +2.657296847e-06 +4.728000266e+01 +4.728000266e+01 +3.6933e+00 -8.0639e-01 +3.2704e+00
2127 0 +3.211687840e-07 +4.728000032e+01 +4.728000032e+01 +3.6940e+00 -8.0640e-01 +3.2704e+00
2443 0 +2.652880013e-07 +4.728000027e+01 +4.728000027e+01 +3.6944e+00 -8.0642e-01 +3.2704e+00
2500 0 +2.551800975e-07 +4.728000026e+01 +4.728000026e+01 +3.6945e+00 -8.0641e-01 +3.2704e+00
2508 0 +9.471682461e-08 +4.728000009e+01 +4.728000009e+01 +3.6945e+00 -8.0639e-01 +3.2704e+00
2566 0 +6.471940850e-08 +4.728000006e+01 +4.728000006e+01 +3.6942e+00 -8.0640e-01 +3.2704e+00
2678 0 +3.539725668e-08 +4.728000004e+01 +4.728000004e+01 +3.6946e+00 -8.0640e-01 +3.2704e+00
2683 0 +1.071405364e-08 +4.728000001e+01 +4.728000001e+01 +3.6944e+00 -8.0640e-01 +3.2704e+00
2820 0 +7.434238114e-09 +4.728000001e+01 +4.728000001e+01 +3.6944e+00 -8.0640e-01 +3.2704e+00
3745 0 +2.835065516e-12 +4.728000000e+01 +4.728000000e+01 +3.6944e+00 -8.0640e-01 +3.2704e+00
% f evaluations | g evaluations | best noise-free fitness - Fopt (-5.688800000000e+02) + sum g_i+ | measured fitness | best measured fitness or single-digit g-values | x1 | x2...
1 0 +1.888983855e+06 +1.888414975e+06 +1.888414975e+06 +0.0000e+00 +0.0000e+00 +0.0000e+00
4 0 +1.672462481e+06 +1.671893601e+06 +1.671893601e+06 +1.2886e+00 +9.0158e-01 -9.1717e-02
5 0 +1.011535185e+06 +1.010966305e+06 +1.010966305e+06 -1.1117e-01 +1.0288e+00 -2.6339e-01
6 0 +1.029410975e+05 +1.023722175e+05 +1.023722175e+05 +2.1332e-01 +1.6658e+00 -9.7823e-01
7 0 +6.622006050e+04 +6.565118050e+04 +6.565118050e+04 -2.3887e-01 -1.1909e+00 -1.0105e+00
9 0 +1.058490614e+04 +1.001602614e+04 +1.001602614e+04 -1.5197e+00 -4.4225e-01 -1.1826e+00
39 0 +6.124283409e+03 +5.555403409e+03 +5.555403409e+03 +9.7763e-03 -8.4961e-01 -1.2002e+00
40 0 +2.981438153e+02 -2.707361847e+02 -2.707361847e+02 -7.2407e-01 -3.1044e+00 -1.2639e+00
95 0 +2.765026530e+02 -2.923773470e+02 -2.923773470e+02 -4.8960e-01 -2.1340e+00 -1.2744e+00
103 0 +1.547481522e+02 -4.141318478e+02 -4.141318478e+02 -1.5981e+00 -2.8459e+00 -1.2702e+00
218 0 +1.472534524e+02 -4.216265476e+02 -4.216265476e+02 -1.9965e+00 -2.1796e+00 -1.2634e+00
235 0 +1.351491651e+02 -4.337308349e+02 -4.337308349e+02 -9.5331e-02 -2.7467e+00 -1.2541e+00
268 0 +6.746486728e+01 -5.014151327e+02 -5.014151327e+02 -1.1039e+00 -2.3540e+00 -1.2671e+00
300 0 +4.616792370e+01 -5.227120763e+02 -5.227120763e+02 -8.6344e-01 -2.6592e+00 -1.2674e+00
393 0 +4.178856559e+01 -5.270914344e+02 -5.270914344e+02 +6.9924e-01 -2.6954e+00 -1.2665e+00
412 0 +9.698836321e+00 -5.591811637e+02 -5.591811637e+02 +2.3746e+00 -2.5697e+00 -1.2600e+00
539 0 +4.463112682e+00 -5.644168873e+02 -5.644168873e+02 +5.5275e-01 -2.5233e+00 -1.2627e+00
588 0 +4.162017813e+00 -5.647179822e+02 -5.647179822e+02 +1.2625e+00 -2.5676e+00 -1.2646e+00
667 0 +2.663412124e+00 -5.662165879e+02 -5.662165879e+02 +1.9984e+00 -2.5442e+00 -1.2615e+00
692 0 +2.189835531e+00 -5.666901645e+02 -5.666901645e+02 +3.3409e+00 -2.5453e+00 -1.2620e+00
744 0 +1.388816745e+00 -5.674911833e+02 -5.674911833e+02 +2.6255e+00 -2.5218e+00 -1.2642e+00
797 0 +1.195512983e+00 -5.676844870e+02 -5.676844870e+02 +2.7562e+00 -2.5453e+00 -1.2643e+00
829 0 +1.006996730e+00 -5.678730033e+02 -5.678730033e+02 +2.4118e+00 -2.5095e+00 -1.2629e+00
835 0 +3.113850406e-01 -5.685686150e+02 -5.685686150e+02 +2.0242e+00 -2.5512e+00 -1.2634e+00
894 0 +2.162731269e-01 -5.686637269e+02 -5.686637269e+02 +2.3214e+00 -2.5379e+00 -1.2628e+00
921 0 +1.821918618e-01 -5.686978081e+02 -5.686978081e+02 +2.2354e+00 -2.5534e+00 -1.2633e+00
950 0 +1.475033366e-01 -5.687324967e+02 -5.687324967e+02 +2.4628e+00 -2.5313e+00 -1.2634e+00
964 0 +6.199282069e-02 -5.688180072e+02 -5.688180072e+02 +2.4306e+00 -2.5498e+00 -1.2631e+00
1022 0 +4.153531243e-02 -5.688384647e+02 -5.688384647e+02 +2.4824e+00 -2.5448e+00 -1.2630e+00
1026 0 +2.486128673e-02 -5.688551387e+02 -5.688551387e+02 +2.3582e+00 -2.5390e+00 -1.2632e+00
1113 0 +9.162776666e-03 -5.688708372e+02 -5.688708372e+02 +2.4810e+00 -2.5432e+00 -1.2631e+00
1208 0 +5.154009737e-03 -5.688748460e+02 -5.688748460e+02 +2.4874e+00 -2.5447e+00 -1.2632e+00
1234 0 +3.144214522e-03 -5.688768558e+02 -5.688768558e+02 +2.5179e+00 -2.5424e+00 -1.2632e+00
1327 0 +2.198201831e-03 -5.688778018e+02 -5.688778018e+02 +2.4779e+00 -2.5432e+00 -1.2632e+00
1334 0 +3.596384277e-04 -5.688796404e+02 -5.688796404e+02 +2.4621e+00 -2.5426e+00 -1.2632e+00
1630 0 +1.490028932e-04 -5.688798510e+02 -5.688798510e+02 +2.4722e+00 -2.5427e+00 -1.2632e+00
1770 0 +1.390511644e-04 -5.688798609e+02 -5.688798609e+02 +2.4660e+00 -2.5427e+00 -1.2632e+00
1802 0 +9.601713407e-05 -5.688799040e+02 -5.688799040e+02 +2.4741e+00 -2.5425e+00 -1.2632e+00
1829 0 +5.026609290e-05 -5.688799497e+02 -5.688799497e+02 +2.4686e+00 -2.5425e+00 -1.2632e+00
1906 0 +2.180274123e-06 -5.688799978e+02 -5.688799978e+02 +2.4734e+00 -2.5424e+00 -1.2632e+00
2149 0 +4.476166851e-07 -5.688799996e+02 -5.688799996e+02 +2.4721e+00 -2.5424e+00 -1.2632e+00
2387 0 +4.445380455e-07 -5.688799996e+02 -5.688799996e+02 +2.4718e+00 -2.5424e+00 -1.2632e+00
2463 0 +1.398867653e-07 -5.688799999e+02 -5.688799999e+02 +2.4719e+00 -2.5424e+00 -1.2632e+00
2503 0 +4.222135885e-08 -5.688800000e+02 -5.688800000e+02 +2.4720e+00 -2.5424e+00 -1.2632e+00
2721 0 +9.971358850e-09 -5.688800000e+02 -5.688800000e+02 +2.4720e+00 -2.5424e+00 -1.2632e+00
3685 0 +1.239186531e-11 -5.688800000e+02 -5.688800000e+02 +2.4720e+00 -2.5424e+00 -1.2632e+00
% f evaluations | g evaluations | best noise-free fitness - Fopt (2.069000000000e+01) + sum g_i+ | measured fitness | best measured fitness or single-digit g-values | x1 | x2...
1 0 +2.772954450e+06 +2.772975140e+06 +2.772975140e+06 +0.0000e+00 +0.0000e+00 +0.0000e+00
2 0 +2.648781976e+06 +2.648802666e+06 +2.648802666e+06 -3.6299e-01 +1.3290e+00 +4.0483e-02
3 0 +1.504855542e+05 +1.505062442e+05 +1.505062442e+05 +4.8192e-01 -1.9978e-01 +1.1585e+00
11 0 +3.642654574e+04 +3.644723574e+04 +3.644723574e+04 +1.4106e+00 +4.5492e-01 +1.3499e+00
18 0 +1.292000856e+04 +1.294069856e+04 +1.294069856e+04 +1.0436e+00 -2.6706e-01 +1.6391e+00
19 0 +4.061122798e+03 +4.081812798e+03 +4.081812798e+03 +1.0733e+00 -3.7622e-01 +1.4671e+00
20 0 +1.947363539e+03 +1.968053539e+03 +1.968053539e+03 +7.9205e-01 -4.7250e-02 +1.5766e+00
63 0 +8.298665441e+02 +8.505565441e+02 +8.505565441e+02 +1.4608e+00 -7.2653e-01 +1.5448e+00
74 0 +4.925954137e+02 +5.132854137e+02 +5.132854137e+02 +2.3783e+00 +8.2094e-01 +1.5363e+00
129 0 +2.555090970e+02 +2.761990970e+02 +2.761990970e+02 +2.9770e+00 +5.8875e-01 +1.5237e+00
141 0 +1.830860160e+02 +2.037760160e+02 +2.037760160e+02 +3.1184e+00 -1.1780e-01 +1.5440e+00
211 0 +1.610183888e+02 +1.817083888e+02 +1.817083888e+02 +1.4805e+00 -2.2407e-01 +1.5354e+00
249 0 +1.692858923e+01 +3.761858923e+01 +3.761858923e+01 +3.8655e+00 +2.2694e-01 +1.5302e+00
264 0 +5.136883866e-01 +2.120368839e+01 +2.120368839e+01 +4.2312e+00 +1.3618e-01 +1.5334e+00
764 0 +2.429612654e-01 +2.093296127e+01 +2.093296127e+01 +3.6997e+00 +1.6274e-01 +1.5340e+00
867 0 +1.379887611e-01 +2.082798876e+01 +2.082798876e+01 +4.1412e+00 +1.4940e-01 +1.5336e+00
911 0 +1.075367520e-01 +2.079753675e+01 +2.079753675e+01 +3.9094e+00 +1.6274e-01 +1.5337e+00
976 0 +8.309728378e-02 +2.077309728e+01 +2.077309728e+01 +3.7404e+00 +1.5884e-01 +1.5338e+00
1131 0 +6.228022956e-02 +2.075228023e+01 +2.075228023e+01 +3.9692e+00 +1.4810e-01 +1.5337e+00
1136 0 +5.795003261e-02 +2.074795003e+01 +2.074795003e+01 +3.9018e+00 +1.5376e-01 +1.5338e+00
1156 0 +3.167762064e-02 +2.072167762e+01 +2.072167762e+01 +3.7318e+00 +1.5596e-01 +1.5335e+00
1192 0 +2.916151181e-02 +2.071916151e+01 +2.071916151e+01 +3.9262e+00 +1.5209e-01 +1.5337e+00
1216 0 +2.523630282e-02 +2.071523630e+01 +2.071523630e+01 +3.7472e+00 +1.5440e-01 +1.5335e+00
1225 0 +1.967736086e-02 +2.070967736e+01 +2.070967736e+01 +3.8897e+00 +1.5555e-01 +1.5335e+00
1247 0 +1.353248796e-02 +2.070353249e+01 +2.070353249e+01 +3.7899e+00 +1.5497e-01 +1.5337e+00
1252 0 +2.906231467e-03 +2.069290623e+01 +2.069290623e+01 +3.8385e+00 +1.5489e-01 +1.5336e+00
1525 0 +2.730951916e-03 +2.069273095e+01 +2.069273095e+01 +3.8053e+00 +1.5211e-01 +1.5336e+00
1539 0 +1.234838732e-03 +2.069123484e+01 +2.069123484e+01 +3.7814e+00 +1.5289e-01 +1.5336e+00
1555 0 +9.599727514e-04 +2.069095997e+01 +2.069095997e+01 +3.7854e+00 +1.5394e-01 +1.5336e+00
1573 0 +5.768726427e-04 +2.069057687e+01 +2.069057687e+01 +3.8281e+00 +1.5377e-01 +1.5336e+00
1615 0 +2.673677646e-04 +2.069026737e+01 +2.069026737e+01 +3.8036e+00 +1.5412e-01 +1.5336e+00
1646 0 +7.096715244e-05 +2.069007097e+01 +2.069007097e+01 +3.8087e+00 +1.5382e-01 +1.5336e+00
1675 0 +2.675185223e-05 +2.069002675e+01 +2.069002675e+01 +3.8096e+00 +1.5368e-01 +1.5336e+00
1881 0 +7.615647831e-06 +2.069000762e+01 +2.069000762e+01 +3.8053e+00 +1.5360e-01 +1.5336e+00
2097 0 +4.221596921e-06 +2.069000422e+01 +2.069000422e+01 +3.8044e+00 +1.5360e-01 +1.5336e+00
2106 0 +1.180431799e-06 +2.069000118e+01 +2.069000118e+01 +3.8056e+00 +1.5361e-01 +1.5336e+00
2396 0 +8.289187790e-07 +2.069000083e+01 +2.069000083e+01 +3.8052e+00 +1.5360e-01 +1.5336e+00
2435 0 +6.878695018e-07 +2.069000069e+01 +2.069000069e+01 +3.8064e+00 +1.5360e-01 +1.5336e+00
2533 0 +6.509537762e-07 +2.069000065e+01 +2.069000065e+01 +3.8053e+00 +1.5360e-01 +1.5336e+00
2558 0 +5.864811357e-07 +2.069000059e+01 +2.069000059e+01 +3.8050e+00 +1.5359e-01 +1.5336e+00
2575 0 +3.905580002e-07 +2.069000039e+01 +2.069000039e+01 +3.8053e+00 +1.5362e-01 +1.5336e+00
2580 0 +3.118961835e-07 +2.069000031e+01 +2.069000031e+01 +3.8055e+00 +1.5362e-01 +1.5336e+00
2630 0 +2.069953347e-07 +2.069000021e+01 +2.069000021e+01 +3.8060e+00 +1.5360e-01 +1.5336e+00
2729 0 +1.165523571e-07 +2.069000012e+01 +2.069000012e+01 +3.8054e+00 +1.5360e-01 +1.5336e+00
2765 0 +1.146102413e-07 +2.069000011e+01 +2.069000011e+01 +3.8056e+00 +1.5360e-01 +1.5336e+00
2767 0 +6.103566719e-08 +2.069000006e+01 +2.069000006e+01 +3.8054e+00 +1.5360e-01 +1.5336e+00
2799 0 +1.330527510e-08 +2.069000001e+01 +2.069000001e+01 +3.8055e+00 +1.5360e-01 +1.5336e+00
2875 0 +7.205386510e-09 +2.069000001e+01 +2.069000001e+01 +3.8056e+00 +1.5360e-01 +1.5336e+00
3829 0 +2.778222097e-12 +2.069000000e+01 +2.069000000e+01 +3.8056e+00 +1.5360e-01 +1.5336e+00
% f evaluations | g evaluations | best noise-free fitness - Fopt (5.616700000000e+02) + sum g_i+ | measured fitness | best measured fitness or single-digit g-values | x1 | x2...
1 0 +6.291735492e+06 +6.292297162e+06 +6.292297162e+06 +0.0000e+00 +0.0000e+00 +0.0000e+00
3 0 +2.282069592e+06 +2.282631262e+06 +2.282631262e+06 -9.4643e-01 -1.1159e+00 -7.2383e-01
4 0 +2.006607735e+06 +2.007169405e+06 +2.007169405e+06 +4.0961e-01 -1.0782e+00 -9.6556e-01
11 0 +5.002765543e+05 +5.008382243e+05 +5.008382243e+05 +7.3216e-02 -1.2809e+00 -1.6458e+00
29 0 +3.978367795e+05 +3.983984495e+05 +3.983984495e+05 -4.7596e-01 -1.7985e+00 -3.0484e+00
41 0 +9.630295499e+03 +1.019196550e+04 +1.019196550e+04 +4.4358e-01 -2.0381e+00 -2.2825e+00
61 0 +6.670896550e+03 +7.232566550e+03 +7.232566550e+03 -3.7236e-01 -1.8342e+00 -2.4234e+00
78 0 +4.934309442e+03 +5.495979442e+03 +5.495979442e+03 +1.2655e+00 -2.3261e+00 -2.3484e+00
180 0 +3.428491133e+03 +3.990161133e+03 +3.990161133e+03 -4.5890e-02 -1.7858e+00 -2.3455e+00
212 0 +1.174702330e+03 +1.736372330e+03 +1.736372330e+03 -1.0304e+00 -1.0642e+00 -2.3436e+00
318 0 +1.013095257e+03 +1.574765257e+03 +1.574765257e+03 -1.3923e+00 -1.1245e+00 -2.3628e+00
335 0 +6.777581763e+02 +1.239428176e+03 +1.239428176e+03 -4.1396e-01 -8.9376e-01 -2.3496e+00
352 0 +6.284805200e+02 +1.190150520e+03 +1.190150520e+03 -9.0945e-01 -9.0223e-01 -2.3520e+00
360 0 +4.508731365e+02 +1.012543136e+03 +1.012543136e+03 -1.0128e+00 -5.4935e-01 -2.3458e+00
379 0 +1.678270699e+02 +7.294970699e+02 +7.294970699e+02 -7.7793e-01 -5.1237e-01 -2.3641e+00
383 0 +4.485362044e+01 +6.065236204e+02 +6.065236204e+02 -1.5395e+00 -1.6887e-01 -2.3692e+00
394 0 +1.732952101e+01 +5.789995210e+02 +5.789995210e+02 -7.1018e-01 -2.8607e-02 -2.3651e+00
460 0 +1.251664133e+01 +5.741866413e+02 +5.741866413e+02 -1.8118e-01 -2.5795e-02 -2.3617e+00
479 0 +1.020973813e+01 +5.718797381e+02 +5.718797381e+02 -3.9075e-01 -1.5660e-01 -2.3596e+00
504 0 +4.646203314e+00 +5.663162033e+02 +5.663162033e+02 +1.7983e-01 -1.4385e-01 -2.3634e+00
652 0 +3.327681133e+00 +5.649976811e+02 +5.649976811e+02 -2.1816e+00 -1.7519e-01 -2.3621e+00
655 0 +1.898842489e+00 +5.635688425e+02 +5.635688425e+02 -1.3279e+00 -1.3278e-01 -2.3637e+00
719 0 +1.726548170e+00 +5.633965482e+02 +5.633965482e+02 -9.5293e-01 -9.3144e-02 -2.3630e+00
749 0 +9.614136081e-01 +5.626314136e+02 +5.626314136e+02 -1.4663e+00 -8.9217e-02 -2.3624e+00
804 0 +6.191257526e-01 +5.622891258e+02 +5.622891258e+02 -1.4353e+00 -1.4121e-01 -2.3627e+00
860 0 +5.272768735e-01 +5.621972769e+02 +5.621972769e+02 -2.1594e+00 -1.3734e-01 -2.3624e+00
920 0 +1.757594453e-01 +5.618457594e+02 +5.618457594e+02 -1.2634e+00 -1.1807e-01 -2.3624e+00
1037 0 +4.820886431e-02 +5.617182089e+02 +5.617182089e+02 -1.7350e+00 -1.2466e-01 -2.3623e+00
1149 0 +3.168761072e-02 +5.617016876e+02 +5.617016876e+02 -1.6863e+00 -1.1741e-01 -2.3626e+00
1158 0 +2.347070047e-02 +5.616934707e+02 +5.616934707e+02 -1.6359e+00 -1.2296e-01 -2.3623e+00
1277 0 +9.450644593e-03 +5.616794506e+02 +5.616794506e+02 -1.7184e+00 -1.1673e-01 -2.3624e+00
1318 0 +8.667644458e-03 +5.616786676e+02 +5.616786676e+02 -1.6548e+00 -1.2235e-01 -2.3624e+00
1341 0 +7.478316742e-03 +5.616774783e+02 +5.616774783e+02 -1.7372e+00 -1.2110e-01 -2.3623e+00
1489 0 +2.475575125e-03 +5.616724756e+02 +5.616724756e+02 -1.6741e+00 -1.1877e-01 -2.3624e+00
1561 0 +2.239656755e-03 +5.616722397e+02 +5.616722397e+02 -1.7430e+00 -1.1987e-01 -2.3624e+00
1603 0 +7.588133532e-04 +5.616707588e+02 +5.616707588e+02 -1.7273e+00 -1.1982e-01 -2.3624e+00
1628 0 +5.410006778e-04 +5.616705410e+02 +5.616705410e+02 -1.7156e+00 -1.1950e-01 -2.3624e+00
1732 0 +4.336921839e-04 +5.616704337e+02 +5.616704337e+02 -1.6820e+00 -1.2015e-01 -2.3624e+00
1739 0 +3.653047063e-04 +5.616703653e+02 +5.616703653e+02 -1.6991e+00 -1.2051e-01 -2.3624e+00
1748 0 +2.030937363e-04 +5.616702031e+02 +5.616702031e+02 -1.6923e+00 -1.1968e-01 -2.3624e+00
1792 0 +1.303465177e-04 +5.616701303e+02 +5.616701303e+02 -1.6935e+00 -1.1991e-01 -2.3624e+00
1797 0 +1.253978477e-04 +5.616701254e+02 +5.616701254e+02 -1.7109e+00 -1.2013e-01 -2.3624e+00
1828 0 +9.182537372e-05 +5.616700918e+02 +5.616700918e+02 -1.7000e+00 -1.2018e-01 -2.3624e+00
1888 0 +6.567173045e-06 +5.616700066e+02 +5.616700066e+02 -1.7005e+00 -1.1999e-01 -2.3624e+00
2129 0 +5.442869679e-06 +5.616700054e+02 +5.616700054e+02 -1.7022e+00 -1.1994e-01 -2.3624e+00
2140 0 +3.986233651e-06 +5.616700040e+02 +5.616700040e+02 -1.7005e+00 -1.2002e-01 -2.3624e+00
2248 0 +2.080292120e-06 +5.616700021e+02 +5.616700021e+02 -1.6998e+00 -1.2001e-01 -2.3624e+00
2273 0 +1.263087029e-06 +5.616700013e+02 +5.616700013e+02 -1.7000e+00 -1.1998e-01 -2.3624e+00
2365 0 +1.042266149e-06 +5.616700010e+02 +5.616700010e+02 -1.7018e+00 -1.2000e-01 -2.3624e+00
2392 0 +9.918273918e-07 +5.616700010e+02 +5.616700010e+02 -1.7008e+00 -1.2000e-01 -2.3624e+00
2406 0 +8.869474186e-07 +5.616700009e+02 +5.616700009e+02 -1.7000e+00 -1.2001e-01 -2.3624e+00
2440 0 +6.139953257e-08 +5.616700001e+02 +5.616700001e+02 -1.7010e+00 -1.2001e-01 -2.3624e+00
2644 0 +9.822201719e-09 +5.616700000e+02 +5.616700000e+02 -1.7008e+00 -1.2000e-01 -2.3624e+00
3901 0 +1.932676241e-12 +5.616700000e+02 +5.616700000e+02 -1.7008e+00 -1.2000e-01 -2.3624e+00
