% f evaluations | g evaluations | best noise-free fitness - Fopt (-2.098800000000e+02) + sum g_i+ | measured fitness | best measured fitness or single-digit g-values | x1 | x2...
1 0 +2.076966042e+05 +2.074867242e+05 +2.074867242e+05 +0.0000e+00 +0.0000e+00
9 0 +9.636064395e+04 +9.615076395e+04 +9.615076395e+04 +1.6506e+00 +1.4180e-01
11 0 +6.543610811e+02 +4.444810811e+02 +4.444810811e+02 +1.6241e+00 +4.2238e-01
18 0 +2.710797149e+02 +6.119971492e+01 +6.119971492e+01 +1.3494e+00 +4.6515e-01
60 0 +7.640556245e+01 -1.334744376e+02 -1.334744376e+02 +1.4082e+00 +4.5650e-01
80 0 +1.280777953e+01 -1.970722205e+02 -1.970722205e+02 +7.1113e-01 +4.4463e-01
140 0 +3.273725396e-01 -2.095526275e+02 -2.095526275e+02 +9.4537e-01 +4.4754e-01
373 0 +2.985675083e-01 -2.095814325e+02 -2.095814325e+02 +1.1810e+00 +4.4855e-01
395 0 +5.961717168e-03 -2.098740383e+02 -2.098740383e+02 +1.1837e+00 +4.4793e-01
517 0 +4.933223187e-04 -2.098795067e+02 -2.098795067e+02 +1.1998e+00 +4.4798e-01
678 0 +2.644686650e-04 -2.098797355e+02 -2.098797355e+02 +1.2180e+00 +4.4801e-01
742 0 +3.422373015e-05 -2.098799658e+02 -2.098799658e+02 +1.2038e+00 +4.4800e-01
755 0 +1.252523649e-05 -2.098799875e+02 -2.098799875e+02 +1.2085e+00 +4.4800e-01
900 0 +5.005042965e-06 -2.098799950e+02 -2.098799950e+02 +1.2070e+00 +4.4800e-01
958 0 +7.669255524e-07 -2.098799992e+02 -2.098799992e+02 +1.2076e+00 +4.4800e-01
1113 0 +3.690107917e-07 -2.098799996e+02 -2.098799996e+02 +1.2075e+00 +4.4800e-01
1190 0 +5.906082379e-08 -2.098799999e+02 -2.098799999e+02 +1.2074e+00 +4.4800e-01
1253 0 +2.526832077e-09 -2.098800000e+02 -2.098800000e+02 +1.2072e+00 +4.4800e-01
1922 0 +4.547473509e-13 -2.098800000e+02 -2.098800000e+02 +1.2072e+00 +4.4800e-01
2001 0 +1.705302566e-13 -2.098800000e+02 -2.098800000e+02 +1.2072e+00 +4.4800e-01
% f evaluations | g evaluations | best noise-free fitness - Fopt (-9.209000000000e+01) + sum g_i+ | measured fitness | best measured fitness or single-digit g-values | x1 | x2...
1 0 +6.430618442e+06 +6.430526352e+06 +6.430526352e+06 +0.0000e+00 +0.0000e+00
2 0 +3.291012814e+06 +3.290920724e+06 +3.290920724e+06 +7.5153e-02 +9.0919e-01
3 0 +1.597873384e+06 +1.597781294e+06 +1.597781294e+06 -1.3952e+00 +1.4361e+00
6 0 +1.519707763e+06 +1.519615673e+06 +1.519615673e+06 +8.4746e-01 +1.4586e+00
11 0 +2.556591635e+05 +2.555670735e+05 +2.555670735e+05 -5.7771e-01 +2.1058e+00
20 0 +3.693929849e+03 +3.601839849e+03 +3.601839849e+03 -1.5858e+00 +2.6845e+00
43 0 +1.319004111e+03 +1.226914111e+03 +1.226914111e+03 -1.8799e+00 +2.6604e+00
71 0 +8.561769533e+02 +7.640869533e+02 +7.640869533e+02 -1.5968e+00 +2.6494e+00
130 0 +4.086279154e+02 +3.165379154e+02 +3.165379154e+02 +1.6404e-01 +2.6013e+00
154 0 +3.814017463e+01 -5.394982537e+01 -5.394982537e+01 -2.2832e+00 +2.6273e+00
189 0 +1.552911542e+01 -7.656088458e+01 -7.656088458e+01 -2.8105e+00 +2.6234e+00
201 0 +7.415739580e+00 -8.467426042e+01 -8.467426042e+01 -1.7038e+00 +2.6231e+00
237 0 +7.284708269e+00 -8.480529173e+01 -8.480529173e+01 -2.0000e-01 +2.6190e+00
249 0 +1.350560971e+00 -9.073943903e+01 -9.073943903e+01 +1.6440e+00 +2.6208e+00
283 0 +2.254901546e-01 -9.186450985e+01 -9.186450985e+01 +3.1707e-01 +2.6218e+00
370 0 +1.172765697e-01 -9.197272343e+01 -9.197272343e+01 +9.5618e-01 +2.6213e+00
452 0 +2.171624790e-02 -9.206828375e+01 -9.206828375e+01 +6.7025e-01 +2.6215e+00
527 0 +5.468946445e-03 -9.208453105e+01 -9.208453105e+01 +8.0323e-01 +2.6216e+00
533 0 +2.082858148e-03 -9.208791714e+01 -9.208791714e+01 +7.0272e-01 +2.6216e+00
642 0 +1.290039522e-03 -9.208870996e+01 -9.208870996e+01 +7.3717e-01 +2.6216e+00
701 0 +4.824328943e-04 -9.208951757e+01 -9.208951757e+01 +7.0933e-01 +2.6216e+00
707 0 +2.305280531e-04 -9.208976947e+01 -9.208976947e+01 +7.1321e-01 +2.6216e+00
755 0 +2.288787953e-04 -9.208977112e+01 -9.208977112e+01 +7.1224e-01 +2.6216e+00
780 0 +1.197726457e-04 -9.208988023e+01 -9.208988023e+01 +7.1712e-01 +2.6216e+00
791 0 +3.531190444e-06 -9.208999647e+01 -9.208999647e+01 +7.2439e-01 +2.6216e+00
897 0 +2.363961229e-06 -9.208999764e+01 -9.208999764e+01 +7.2481e-01 +2.6216e+00
969 0 +6.429611972e-07 -9.208999936e+01 -9.208999936e+01 +7.2622e-01 +2.6216e+00
1035 0 +5.103954948e-07 -9.208999949e+01 -9.208999949e+01 +7.2543e-01 +2.6216e+00
1145 0 +3.701046580e-08 -9.208999996e+01 -9.208999996e+01 +7.2562e-01 +2.6216e+00
1324 0 +2.021005230e-08 -9.208999998e+01 -9.208999998e+01 +7.2560e-01 +2.6216e+00
1361 0 +1.303872921e-08 -9.208999999e+01 -9.208999999e+01 +7.2564e-01 +2.6216e+00
1369 0 +7.829328297e-10 -9.209000000e+01 -9.209000000e+01 +7.2563e-01 +2.6216e+00
1794 0 +8.242295735e-13 -9.209000000e+01 -9.209000000e+01 +7.2560e-01 +2.6216e+00
1857 0 +8.242295735e-13 -9.209000000e+01 -9.209000000e+01 +7.2560e-01 +2.6216e+00
% f evaluations | g evaluations | best noise-free fitness - Fopt (-8.789000000000e+01) + sum g_i+ | measured fitness | best measured fitness or single-digit g-values | x1 | x2...
1 0 +1.325850294e+07 +1.325841505e+07 +1.325841505e+07 +0.0000e+00 +0.0000e+00
6 0 +1.069765236e+07 +1.069756447e+07 +1.069756447e+07 +9.7193e-01 +3.3566e-01
7 0 +5.123941289e+06 +5.123853399e+06 +5.123853399e+06 -7.4706e-02 +1.3274e+00
11 0 +2.490356220e+06 +2.490268330e+06 +2.490268330e+06 +1.0938e+00 +2.2013e+00
39 0 +1.466771600e+06 +1.466683710e+06 +1.466683710e+06 +7.4172e-01 +2.4981e+00
41 0 +1.177616364e+06 +1.177528474e+06 +1.177528474e+06 +1.2643e+00 +2.5862e+00
45 0 +6.357169030e+04 +6.348380030e+04 +6.348380030e+04 -5.9751e-02 +3.3928e+00
61 0 +2.771948679e+03 +2.684058679e+03 +2.684058679e+03 -3.0387e-01 +3.5937e+00
91 0 +2.441992851e+03 +2.354102851e+03 +2.354102851e+03 +1.6936e+00 +3.6918e+00
101 0 +2.310350094e+03 +2.222460094e+03 +2.222460094e+03 +1.0553e+00 +3.6001e+00
111 0 +6.270540645e+02 +5.391640645e+02 +5.391640645e+02 +9.3898e-01 +3.6692e+00
130 0 +7.306031968e+01 -1.482968032e+01 -1.482968032e+01 +3.1263e-01 +3.6364e+00
217 0 +6.568178256e+00 -8.132182174e+01 -8.132182174e+01 +1.2066e-01 +3.6482e+00
280 0 +3.986904320e+00 -8.390309568e+01 -8.390309568e+01 +7.0906e-01 +3.6436e+00
287 0 +7.678651216e-01 -8.712213488e+01 -8.712213488e+01 +7.7039e-01 +3.6449e+00
354 0 +5.703028526e-01 -8.731969715e+01 -8.731969715e+01 +9.9274e-01 +3.6459e+00
379 0 +3.233545251e-01 -8.756664547e+01 -8.756664547e+01 +1.7310e-01 +3.6451e+00
416 0 +1.079388188e-01 -8.778206118e+01 -8.778206118e+01 +5.4719e-01 +3.6455e+00
441 0 +6.292664144e-03 -8.788370734e+01 -8.788370734e+01 +3.2060e-01 +3.6456e+00
570 0 +4.069824995e-03 -8.788593018e+01 -8.788593018e+01 +3.0209e-01 +3.6456e+00
583 0 +9.227840493e-04 -8.788907722e+01 -8.788907722e+01 +2.6520e-01 +3.6456e+00
621 0 +9.905871187e-05 -8.788990094e+01 -8.788990094e+01 +2.4040e-01 +3.6456e+00
799 0 +6.729488373e-05 -8.788993271e+01 -8.788993271e+01 +2.3065e-01 +3.6456e+00
805 0 +2.679918882e-05 -8.788997320e+01 -8.788997320e+01 +2.4362e-01 +3.6456e+00
860 0 +4.099307759e-06 -8.788999590e+01 -8.788999590e+01 +2.3743e-01 +3.6456e+00
923 0 +4.189060689e-07 -8.788999958e+01 -8.788999958e+01 +2.3953e-01 +3.6456e+00
1087 0 +2.871654488e-07 -8.788999971e+01 -8.788999971e+01 +2.3871e-01 +3.6456e+00
1097 0 +4.884574878e-08 -8.788999995e+01 -8.788999995e+01 +2.3914e-01 +3.6456e+00
1173 0 +3.603020104e-10 -8.789000000e+01 -8.789000000e+01 +2.3920e-01 +3.6456e+00
1597 0 +7.105427358e-14 -8.789000000e+01 -8.789000000e+01 +2.3920e-01 +3.6456e+00
1857 0 +7.105427358e-14 -8.789000000e+01 -8.789000000e+01 +2.3920e-01 +3.6456e+00
% f evaluations | g evaluations | best noise-free fitness - Fopt (3.201900000000e+02) + sum g_i+ | measured fitness | best measured fitness or single-digit g-values | x1 | x2...
1 0 +6.283126796e+06 +6.283446986e+06 +6.283446986e+06 +0.0000e+00 +0.0000e+00
2 0 +4.203099561e+06 +4.203419751e+06 +4.203419751e+06 +7.3681e-02 -3.2335e-01
5 0 +3.835182182e+06 +3.835502372e+06 +3.835502372e+06 +1.1165e+00 -3.7905e-01
7 0 +1.255653110e+06 +1.255973300e+06 +1.255973300e+06 +1.4557e+00 -1.2967e+00
8 0 +5.565844778e+05 +5.569046678e+05 +5.569046678e+05 -2.4490e-01 -1.5415e+00
19 0 +5.374683449e+05 +5.377885349e+05 +5.377885349e+05 +9.7662e-01 -1.5615e+00
20 0 +4.017149935e+03 +4.337339935e+03 +4.337339935e+03 +5.3717e-01 -2.2917e+00
40 0 +3.078064291e+03 +3.398254291e+03 +3.398254291e+03 +1.2198e+00 -2.4174e+00
46 0 +2.708717114e+02 +5.910617114e+02 +5.910617114e+02 +7.2013e-01 -2.3437e+00
111 0 +4.163646778e+01 +3.618264678e+02 +3.618264678e+02 +1.5372e+00 -2.3671e+00
214 0 +3.145508203e+01 +3.516450820e+02 +3.516450820e+02 +1.3009e+00 -2.3658e+00
226 0 +1.122534272e+01 +3.314153427e+02 +3.314153427e+02 +1.6726e+00 -2.3582e+00
239 0 +9.417297734e+00 +3.296072977e+02 +3.296072977e+02 +1.3982e+00 -2.3584e+00
257 0 +3.085478640e+00 +3.232754786e+02 +3.232754786e+02 +1.2675e+00 -2.3600e+00
308 0 +2.278534343e+00 +3.224685343e+02 +3.224685343e+02 +1.1626e+00 -2.3605e+00
340 0 +5.296910308e-01 +3.207196910e+02 +3.207196910e+02 +3.4924e-01 -2.3607e+00
464 0 +3.616770061e-01 +3.205516770e+02 +3.205516770e+02 +1.1767e-01 -2.3609e+00
515 0 +2.397684765e-01 +3.204297685e+02 +3.204297685e+02 -6.7547e-02 -2.3611e+00
524 0 +2.889478682e-02 +3.202188948e+02 +3.202188948e+02 -2.6396e-01 -2.3608e+00
554 0 +1.272922994e-02 +3.202027292e+02 +3.202027292e+02 -3.9820e-01 -2.3607e+00
564 0 +1.234073022e-02 +3.202023407e+02 +3.202023407e+02 -4.5736e-01 -2.3607e+00
603 0 +3.136996662e-03 +3.201931370e+02 +3.201931370e+02 -4.7420e-01 -2.3608e+00
622 0 +3.029274149e-03 +3.201930293e+02 +3.201930293e+02 -4.8543e-01 -2.3608e+00
650 0 +1.044829100e-03 +3.201910448e+02 +3.201910448e+02 -4.4369e-01 -2.3608e+00
670 0 +1.441341597e-04 +3.201901441e+02 +3.201901441e+02 -4.4078e-01 -2.3608e+00
764 0 +9.584670784e-05 +3.201900958e+02 +3.201900958e+02 -4.2345e-01 -2.3608e+00
771 0 +2.257965633e-05 +3.201900226e+02 +3.201900226e+02 -4.3625e-01 -2.3608e+00
853 0 +3.328493960e-06 +3.201900033e+02 +3.201900033e+02 -4.3468e-01 -2.3608e+00
875 0 +5.975174986e-07 +3.201900006e+02 +3.201900006e+02 -4.3285e-01 -2.3608e+00
984 0 +2.189354973e-07 +3.201900002e+02 +3.201900002e+02 -4.3279e-01 -2.3608e+00
1177 0 +4.952187282e-08 +3.201900000e+02 +3.201900000e+02 -4.3258e-01 -2.3608e+00
1226 0 +1.327975951e-08 +3.201900000e+02 +3.201900000e+02 -4.3272e-01 -2.3608e+00
1317 0 +1.242784720e-08 +3.201900000e+02 +3.201900000e+02 -4.3285e-01 -2.3608e+00
1332 0 +5.158199201e-09 +3.201900000e+02 +3.201900000e+02 -4.3280e-01 -2.3608e+00
1808 0 +4.547473509e-13 +3.201900000e+02 +3.201900000e+02 -4.3280e-01 -2.3608e+00
1913 0 +4.547473509e-13 +3.201900000e+02 +3.201900000e+02 -4.3280e-01 -2.3608e+00
% f evaluations | g evaluations | best noise-free fitness - Fopt (-1.042400000000e+02) + sum g_i+ | measured fitness | best measured fitness or single-digit g-values | x1 | x2...
1 0 +1.523048660e+07 +1.523038236e+07 +1.523038236e+07 +0.0000e+00 +0.0000e+00
4 0 +1.302702648e+07 +1.302692224e+07 +1.302692224e+07 -8.4361e-01 -2.5199e-01
5 0 +1.014884315e+07 +1.014873891e+07 +1.014873891e+07 +1.6235e+00 -6.4017e-01
7 0 +8.704863033e+06 +8.704758793e+06 +8.704758793e+06 -1.1425e+00 -9.2389e-01
17 0 +8.040163029e+06 +8.040058789e+06 +8.040058789e+06 +1.2173e+00 -1.1054e+00
26 0 +6.909002449e+06 +6.908898209e+06 +6.908898209e+06 +1.4740e+00 -1.4285e+00
34 0 +6.119002110e+06 +6.118897870e+06 +6.118897870e+06 -1.3519e+00 -1.5890e+00
37 0 +2.793589302e+06 +2.793485062e+06 +2.793485062e+06 +2.4310e+00 -2.1275e+00
42 0 +2.084881796e+06 +2.084777556e+06 +2.084777556e+06 +9.6809e-01 -2.4035e+00
46 0 +1.796753779e+06 +1.796649539e+06 +1.796649539e+06 -7.6748e-02 -2.6995e+00
55 0 +1.613260533e+06 +1.613156293e+06 +1.613156293e+06 -4.2203e-01 -2.7632e+00
58 0 +4.944062173e+05 +4.943019773e+05 +4.943019773e+05 +2.1873e+00 -3.2205e+00
63 0 +4.870271623e+05 +4.869229223e+05 +4.869229223e+05 +2.5908e+00 -3.2441e+00
66 0 +2.902795792e+05 +2.901753392e+05 +2.901753392e+05 +3.6750e+00 -3.3988e+00
67 0 +1.859843379e+05 +1.858800979e+05 +1.858800979e+05 +2.1423e+00 -3.4675e+00
68 0 +9.098596220e+04 +9.088172220e+04 +9.088172220e+04 +3.9136e+00 -4.2185e+00
70 0 +4.832669624e+04 +4.822245624e+04 +4.822245624e+04 +1.0788e+00 -4.1385e+00
74 0 +4.015755091e+04 +4.005331091e+04 +4.005331091e+04 +1.8539e+00 -3.7220e+00
75 0 +4.248789194e+03 +4.144549194e+03 +4.144549194e+03 +2.6877e+00 -3.8486e+00
88 0 +7.843836204e+02 +6.801436204e+02 +6.801436204e+02 +8.4912e-01 -3.8939e+00
137 0 +9.854733451e+00 -9.438526655e+01 -9.438526655e+01 +3.0887e+00 -3.9184e+00
218 0 +9.078400896e+00 -9.516159910e+01 -9.516159910e+01 +2.1106e+00 -3.9174e+00
375 0 +6.883964142e+00 -9.735603586e+01 -9.735603586e+01 +2.7947e+00 -3.9194e+00
454 0 +6.671757116e+00 -9.756824288e+01 -9.756824288e+01 +2.6245e+00 -3.9190e+00
468 0 +2.565282743e+00 -1.016747173e+02 -1.016747173e+02 +9.3121e-01 -3.9184e+00
471 0 +2.213787904e+00 -1.020262121e+02 -1.020262121e+02 +1.9392e+00 -3.9197e+00
477 0 +2.001993767e+00 -1.022380062e+02 -1.022380062e+02 +1.4839e+00 -3.9192e+00
486 0 +2.399198378e-01 -1.040000802e+02 -1.040000802e+02 +6.3045e-01 -3.9196e+00
509 0 +7.350876451e-02 -1.041664912e+02 -1.041664912e+02 +5.4745e-01 -3.9202e+00
515 0 +6.087478782e-02 -1.041791252e+02 -1.041791252e+02 +2.2475e-01 -3.9198e+00
537 0 +1.297634878e-02 -1.042270237e+02 -1.042270237e+02 +4.9485e-01 -3.9200e+00
634 0 +3.553688858e-03 -1.042364463e+02 -1.042364463e+02 +3.3132e-01 -3.9200e+00
641 0 +1.367843880e-03 -1.042386322e+02 -1.042386322e+02 +3.6644e-01 -3.9200e+00
736 0 +6.981460258e-04 -1.042393019e+02 -1.042393019e+02 +3.9896e-01 -3.9200e+00
776 0 +5.772267433e-04 -1.042394228e+02 -1.042394228e+02 +3.7725e-01 -3.9200e+00
785 0 +3.662318087e-04 -1.042396338e+02 -1.042396338e+02 +4.1201e-01 -3.9200e+00
879 0 +3.317583093e-04 -1.042396682e+02 -1.042396682e+02 +3.8151e-01 -3.9200e+00
883 0 +1.090076590e-05 -1.042399891e+02 -1.042399891e+02 +3.9123e-01 -3.9200e+00
1023 0 +4.359580728e-06 -1.042399956e+02 -1.042399956e+02 +3.9236e-01 -3.9200e+00
1100 0 +1.075041780e-06 -1.042399989e+02 -1.042399989e+02 +3.9348e-01 -3.9200e+00
1127 0 +6.278344244e-07 -1.042399994e+02 -1.042399994e+02 +3.9521e-01 -3.9200e+00
1153 0 +6.095889660e-07 -1.042399994e+02 -1.042399994e+02 +3.9520e-01 -3.9200e+00
1179 0 +3.074748633e-07 -1.042399997e+02 -1.042399997e+02 +3.9417e-01 -3.9200e+00
1268 0 +1.874986424e-07 -1.042399998e+02 -1.042399998e+02 +3.9483e-01 -3.9200e+00
1289 0 +1.285628315e-07 -1.042399999e+02 -1.042399999e+02 +3.9432e-01 -3.9200e+00
1290 0 +8.597793055e-08 -1.042399999e+02 -1.042399999e+02 +3.9422e-01 -3.9200e+00
1295 0 +7.608214503e-08 -1.042399999e+02 -1.042399999e+02 +3.9455e-01 -3.9200e+00
1296 0 +4.134031428e-08 -1.042400000e+02 -1.042400000e+02 +3.9419e-01 -3.9200e+00
1348 0 +2.502532936e-08 -1.042400000e+02 -1.042400000e+02 +3.9442e-01 -3.9200e+00
1367 0 +1.871187294e-08 -1.042400000e+02 -1.042400000e+02 +3.9453e-01 -3.9200e+00
1442 0 +1.591460830e-08 -1.042400000e+02 -1.042400000e+02 +3.9431e-01 -3.9200e+00
1449 0 +1.135852301e-08 -1.042400000e+02 -1.042400000e+02 +3.9442e-01 -3.9200e+00
1457 0 +5.282743132e-09 -1.042400000e+02 -1.042400000e+02 +3.9440e-01 -3.9200e+00
1938 0 +6.679101716e-13 -1.042400000e+02 -1.042400000e+02 +3.9440e-01 -3.9200e+00
1985 0 +1.847411113e-13 -1.042400000e+02 -1.042400000e+02 +3.9440e-01 -3.9200e+00
% f evaluations | g evaluations | best noise-free fitness - Fopt (-6.785000000000e+01) + sum g_i+ | measured fitness | best measured fitness or single-digit g-values | x1 | x2...
1 0 +8.662119324e+06 +8.662051474e+06 +8.662051474e+06 +0.0000e+00 +0.0000e+00
7 0 +5.052211373e+06 +5.052143523e+06 +5.052143523e+06 +1.1460e+00 +7.1558e-01
12 0 +4.939094099e+06 +4.939026249e+06 +4.939026249e+06 +8.7285e-01 +7.4683e-01
32 0 +4.763114374e+06 +4.763046524e+06 +4.763046524e+06 +6.7463e-01 +7.9731e-01
34 0 +3.560545848e+06 +3.560477998e+06 +3.560477998e+06 +5.1160e-01 +1.2035e+00
42 0 +3.010439565e+06 +3.010371715e+06 +3.010371715e+06 +1.0124e+00 +1.4011e+00
57 0 +2.954763612e+06 +2.954695762e+06 +2.954695762e+06 +6.5117e-01 +1.4202e+00
62 0 +2.215822736e+06 +2.215754886e+06 +2.215754886e+06 +3.7337e-01 +1.6522e+00
69 0 +1.396411239e+06 +1.396343389e+06 +1.396343389e+06 +2.3506e-01 +1.8877e+00
70 0 +4.451992957e+05 +4.451314457e+05 +4.451314457e+05 +7.5122e-01 +2.2851e+00
76 0 +5.014282432e+04 +5.007497432e+04 +5.007497432e+04 +1.1340e+00 +2.7913e+00
90 0 +2.286810645e+04 +2.280025645e+04 +2.280025645e+04 +3.1749e-01 +3.1701e+00
91 0 +4.639606209e+03 +4.571756209e+03 +4.571756209e+03 +9.1104e-01 +3.0886e+00
126 0 +1.099633636e+03 +1.031783636e+03 +1.031783636e+03 +8.7207e-01 +2.9826e+00
130 0 +3.096873447e+02 +2.418373447e+02 +2.418373447e+02 +1.0718e+00 +3.0328e+00
139 0 +1.767478154e+02 +1.088978154e+02 +1.088978154e+02 +9.0331e-01 +3.0012e+00
180 0 +3.498716434e+00 -6.435128357e+01 -6.435128357e+01 +1.3316e+00 +3.0125e+00
216 0 +1.646095540e+00 -6.620390446e+01 -6.620390446e+01 +1.5861e+00 +3.0154e+00
327 0 +4.927119096e-01 -6.735728809e+01 -6.735728809e+01 +1.5748e+00 +3.0144e+00
543 0 +2.970809483e-01 -6.755291905e+01 -6.755291905e+01 +1.4021e+00 +3.0143e+00
556 0 +1.500727254e-01 -6.769992727e+01 -6.769992727e+01 +1.2374e+00 +3.0142e+00
567 0 +4.359736055e-02 -6.780640264e+01 -6.780640264e+01 +9.1674e-01 +3.0146e+00
626 0 +2.795369807e-02 -6.782204630e+01 -6.782204630e+01 +9.2610e-01 +3.0146e+00
630 0 +7.436014680e-04 -6.784925640e+01 -6.784925640e+01 +8.8751e-01 +3.0144e+00
769 0 +4.170234837e-04 -6.784958298e+01 -6.784958298e+01 +8.8698e-01 +3.0144e+00
821 0 +3.968718982e-04 -6.784960313e+01 -6.784960313e+01 +8.6285e-01 +3.0144e+00
831 0 +3.174139690e-05 -6.784996826e+01 -6.784996826e+01 +8.8697e-01 +3.0144e+00
942 0 +1.370647169e-05 -6.784998629e+01 -6.784998629e+01 +8.8205e-01 +3.0144e+00
1143 0 +7.297497135e-06 -6.784999270e+01 -6.784999270e+01 +8.8163e-01 +3.0144e+00
1155 0 +6.610055095e-06 -6.784999339e+01 -6.784999339e+01 +8.7940e-01 +3.0144e+00
1175 0 +3.617054645e-06 -6.784999638e+01 -6.784999638e+01 +8.8141e-01 +3.0144e+00
1176 0 +2.980862959e-06 -6.784999702e+01 -6.784999702e+01 +8.8288e-01 +3.0144e+00
1219 0 +1.603858863e-06 -6.784999840e+01 -6.784999840e+01 +8.8239e-01 +3.0144e+00
1284 0 +1.364533574e-06 -6.784999864e+01 -6.784999864e+01 +8.8244e-01 +3.0144e+00
1291 0 +4.662055773e-07 -6.784999953e+01 -6.784999953e+01 +8.8226e-01 +3.0144e+00
1323 0 +1.906643945e-07 -6.784999981e+01 -6.784999981e+01 +8.8190e-01 +3.0144e+00
1331 0 +3.771577894e-08 -6.784999996e+01 -6.784999996e+01 +8.8158e-01 +3.0144e+00
1355 0 +9.488161368e-10 -6.785000000e+01 -6.785000000e+01 +8.8158e-01 +3.0144e+00
2077 0 +6.110667528e-13 -6.785000000e+01 -6.785000000e+01 +8.8160e-01 +3.0144e+00
2113 0 +1.705302566e-13 -6.785000000e+01 -6.785000000e+01 +8.8160e-01 +3.0144e+00
% f evaluations | g evaluations | best noise-free fitness - Fopt (-3.639800000000e+02) + sum g_i+ | measured fitness | best measured fitness or single-digit g-values | x1 | x2...
1 0 +9.843284172e+06 +9.842920192e+06 +9.842920192e+06 +0.0000e+00 +0.0000e+00
5 0 +5.575085236e+06 +5.574721256e+06 +5.574721256e+06 +3.9754e-01 +7.5783e-01
6 0 +4.429973182e+06 +4.429609202e+06 +4.429609202e+06 +9.2032e-01 +1.0755e+00
7 0 +3.055597306e+06 +3.055233326e+06 +3.055233326e+06 +7.9985e-01 +1.5615e+00
13 0 +2.756451890e+06 +2.756087910e+06 +2.756087910e+06 +1.8387e-01 +1.6622e+00
18 0 +7.073238855e+05 +7.069599055e+05 +7.069599055e+05 -3.0066e-01 +2.3069e+00
25 0 +2.889493301e+05 +2.885853501e+05 +2.885853501e+05 +7.2974e-01 +2.6268e+00
27 0 +4.576342587e+04 +4.539944587e+04 +4.539944587e+04 -1.9657e-01 +2.9788e+00
28 0 +3.385213617e+04 +3.348815617e+04 +3.348815617e+04 -2.3423e-01 +3.0145e+00
31 0 +2.548212115e+03 +2.184232115e+03 +2.184232115e+03 -4.1077e-01 +3.1418e+00
62 0 +3.690533615e+02 +5.073361512e+00 +5.073361512e+00 -2.7022e-01 +3.1714e+00
148 0 +2.682899606e+02 -9.569003940e+01 -9.569003940e+01 -1.6748e+00 +3.1747e+00
180 0 +2.389195607e+01 -3.400880439e+02 -3.400880439e+02 -2.6731e+00 +3.1923e+00
244 0 +1.854538292e+01 -3.454346171e+02 -3.454346171e+02 -2.4167e+00 +3.1912e+00
349 0 +9.299121901e+00 -3.546808781e+02 -3.546808781e+02 +1.6989e-01 +3.1878e+00
371 0 +5.497814362e+00 -3.584821856e+02 -3.584821856e+02 +1.7345e-01 +3.1888e+00
395 0 +7.089261663e-01 -3.632710738e+02 -3.632710738e+02 +1.1222e+00 +3.1899e+00
397 0 +1.534181051e-01 -3.638265819e+02 -3.638265819e+02 +1.7098e+00 +3.1908e+00
496 0 +5.311851813e-02 -3.639268815e+02 -3.639268815e+02 +1.7654e+00 +3.1906e+00
527 0 +4.963082712e-02 -3.639303692e+02 -3.639303692e+02 +1.8823e+00 +3.1906e+00
545 0 +2.857935214e-03 -3.639771421e+02 -3.639771421e+02 +1.8082e+00 +3.1904e+00
719 0 +4.115435477e-04 -3.639795885e+02 -3.639795885e+02 +1.8082e+00 +3.1904e+00
882 0 +8.051748370e-05 -3.639799195e+02 -3.639799195e+02 +1.8062e+00 +3.1904e+00
907 0 +5.239614785e-05 -3.639799476e+02 -3.639799476e+02 +1.8079e+00 +3.1904e+00
923 0 +4.543373058e-05 -3.639799546e+02 -3.639799546e+02 +1.8105e+00 +3.1904e+00
976 0 +5.249007700e-07 -3.639799995e+02 -3.639799995e+02 +1.8117e+00 +3.1904e+00
1165 0 +1.304552484e-07 -3.639799999e+02 -3.639799999e+02 +1.8112e+00 +3.1904e+00
1215 0 +5.459867225e-08 -3.639799999e+02 -3.639799999e+02 +1.8111e+00 +3.1904e+00
1265 0 +4.905012929e-08 -3.639800000e+02 -3.639800000e+02 +1.8113e+00 +3.1904e+00
1358 0 +2.162221335e-08 -3.639800000e+02 -3.639800000e+02 +1.8111e+00 +3.1904e+00
1380 0 +1.434756314e-08 -3.639800000e+02 -3.639800000e+02 +1.8113e+00 +3.1904e+00
1517 0 +1.232052682e-08 -3.639800000e+02 -3.639800000e+02 +1.8113e+00 +3.1904e+00
1533 0 +2.811418653e-09 -3.639800000e+02 -3.639800000e+02 +1.8112e+00 +3.1904e+00
1938 0 +5.115907697e-13 -3.639800000e+02 -3.639800000e+02 +1.8112e+00 +3.1904e+00
2057 0 +5.115907697e-13 -3.639800000e+02 -3.639800000e+02 +1.8112e+00 +3.1904e+00
% f evaluations | g evaluations | best noise-free fitness - Fopt (-1.865000000000e+01) + sum g_i+ | measured fitness | best measured fitness or single-digit g-values | x1 | x2...
1 0 +6.796731289e+06 +6.796712639e+06 +6.796712639e+06 +0.0000e+00 +0.0000e+00
4 0 +2.398504591e+06 +2.398485941e+06 +2.398485941e+06 +2.2312e-01 -7.8186e-01
5 0 +1.483979631e+06 +1.483960981e+06 +1.483960981e+06 -8.5039e-01 -1.3445e+00
12 0 +5.018901603e+05 +5.018715103e+05 +5.018715103e+05 -8.1704e-01 -1.7370e+00
17 0 +1.835937065e+05 +1.835750565e+05 +1.835750565e+05 -4.9140e-01 -2.0153e+00
22 0 +1.435970183e+05 +1.435783683e+05 +1.435783683e+05 -1.0012e+00 -2.0664e+00
27 0 +2.041723186e+03 +2.023073186e+03 +2.023073186e+03 -7.9307e-01 -2.4217e+00
45 0 +1.616827617e+03 +1.598177617e+03 +1.598177617e+03 -1.9456e-01 -2.4244e+00
63 0 +1.562144895e+02 +1.375644895e+02 +1.375644895e+02 +1.1831e-01 -2.4533e+00
124 0 +1.030739518e+02 +8.442395184e+01 +8.442395184e+01 +2.7321e-01 -2.4556e+00
143 0 +1.183539269e+01 -6.814607310e+00 -6.814607310e+00 +4.2618e-01 -2.4622e+00
149 0 +7.536865312e-01 -1.789631347e+01 -1.789631347e+01 +1.3784e+00 -2.4665e+00
247 0 +5.261431352e-01 -1.812385686e+01 -1.812385686e+01 +8.1256e-01 -2.4660e+00
311 0 +4.246673282e-01 -1.822533267e+01 -1.822533267e+01 +1.5579e+00 -2.4650e+00
401 0 +1.133189863e-01 -1.853668101e+01 -1.853668101e+01 +1.5784e+00 -2.4659e+00
410 0 +8.661472300e-02 -1.856338528e+01 -1.856338528e+01 +1.3195e+00 -2.4659e+00
434 0 +8.206599783e-03 -1.864179340e+01 -1.864179340e+01 +1.4301e+00 -2.4655e+00
504 0 +8.104490064e-03 -1.864189551e+01 -1.864189551e+01 +1.5245e+00 -2.4657e+00
515 0 +2.593427103e-03 -1.864740657e+01 -1.864740657e+01 +1.4217e+00 -2.4656e+00
606 0 +8.814172641e-04 -1.864911858e+01 -1.864911858e+01 +1.4958e+00 -2.4656e+00
705 0 +4.734694143e-04 -1.864952653e+01 -1.864952653e+01 +1.4791e+00 -2.4656e+00
760 0 +4.080914066e-04 -1.864959191e+01 -1.864959191e+01 +1.4557e+00 -2.4656e+00
825 0 +2.128927068e-04 -1.864978711e+01 -1.864978711e+01 +1.4533e+00 -2.4656e+00
833 0 +1.796209808e-04 -1.864982038e+01 -1.864982038e+01 +1.4692e+00 -2.4656e+00
851 0 +1.341363505e-05 -1.864998659e+01 -1.864998659e+01 +1.4644e+00 -2.4656e+00
943 0 +5.462311481e-06 -1.864999454e+01 -1.864999454e+01 +1.4691e+00 -2.4656e+00
990 0 +2.467603970e-07 -1.864999975e+01 -1.864999975e+01 +1.4676e+00 -2.4656e+00
1185 0 +3.717326891e-08 -1.864999996e+01 -1.864999996e+01 +1.4670e+00 -2.4656e+00
1277 0 +2.432979329e-08 -1.864999998e+01 -1.864999998e+01 +1.4672e+00 -2.4656e+00
1379 0 +3.987835839e-09 -1.865000000e+01 -1.865000000e+01 +1.4672e+00 -2.4656e+00
1951 0 +4.263256415e-14 -1.865000000e+01 -1.865000000e+01 +1.4672e+00 -2.4656e+00
2001 0 +4.263256415e-14 -1.865000000e+01 -1.865000000e+01 +1.4672e+00 -2.4656e+00
% f evaluations | g evaluations | best noise-free fitness - Fopt (1.749200000000e+02) + sum g_i+ | measured fitness | best measured fitness or single-digit g-values | x1 | x2...
1 0 +3.040276671e+06 +3.040451591e+06 +3.040451591e+06 +0.0000e+00 +0.0000e+00
4 0 +1.917553946e+06 +1.917728866e+06 +1.917728866e+06 +6.4927e-01 -5.5748e-01
5 0 +1.872357813e+06 +1.872532733e+06 +1.872532733e+06 +1.4302e+00 -5.8720e-01
6 0 +1.245256436e+05 +1.247005636e+05 +1.247005636e+05 -3.3995e-02 -1.4891e+00
16 0 +9.214942884e+04 +9.232434884e+04 +9.232434884e+04 -2.5605e-02 -1.5496e+00
19 0 +6.190933268e+02 +7.940133268e+02 +7.940133268e+02 +6.2302e-01 -1.8213e+00
24 0 +1.021430028e+02 +2.770630028e+02 +2.770630028e+02 +1.6197e+00 -1.8352e+00
36 0 +8.674764105e+01 +2.616676410e+02 +2.616676410e+02 +5.9718e-01 -1.8546e+00
69 0 +1.824184002e+01 +1.931618400e+02 +1.931618400e+02 +7.6300e-01 -1.8410e+00
126 0 +3.073853417e+00 +1.779938534e+02 +1.779938534e+02 -2.4897e-02 -1.8461e+00
184 0 +2.808958851e+00 +1.777289589e+02 +1.777289589e+02 +4.4409e-01 -1.8456e+00
272 0 +2.241880272e+00 +1.771618803e+02 +1.771618803e+02 -2.9743e-01 -1.8461e+00
277 0 +7.970113257e-01 +1.757170113e+02 +1.757170113e+02 -3.7787e-01 -1.8453e+00
313 0 +1.001899556e-01 +1.750201900e+02 +1.750201900e+02 -9.4449e-01 -1.8445e+00
323 0 +4.414650843e-02 +1.749641465e+02 +1.749641465e+02 -1.0836e+00 -1.8450e+00
365 0 +4.331460483e-02 +1.749633146e+02 +1.749633146e+02 -1.3012e+00 -1.8449e+00
458 0 +6.241719122e-04 +1.749206242e+02 +1.749206242e+02 -1.1631e+00 -1.8448e+00
610 0 +3.405447729e-04 +1.749203405e+02 +1.749203405e+02 -1.1330e+00 -1.8448e+00
707 0 +2.794378109e-04 +1.749202794e+02 +1.749202794e+02 -1.1654e+00 -1.8448e+00
723 0 +1.315645799e-04 +1.749201316e+02 +1.749201316e+02 -1.1478e+00 -1.8448e+00
803 0 +9.306941053e-05 +1.749200931e+02 +1.749200931e+02 -1.1621e+00 -1.8448e+00
818 0 +3.291576311e-05 +1.749200329e+02 +1.749200329e+02 -1.1573e+00 -1.8448e+00
869 0 +2.627323423e-05 +1.749200263e+02 +1.749200263e+02 -1.1493e+00 -1.8448e+00
888 0 +1.211519555e-05 +1.749200121e+02 +1.749200121e+02 -1.1488e+00 -1.8448e+00
891 0 +8.923765932e-06 +1.749200089e+02 +1.749200089e+02 -1.1524e+00 -1.8448e+00
984 0 +5.702691396e-06 +1.749200057e+02 +1.749200057e+02 -1.1530e+00 -1.8448e+00
1003 0 +1.957040695e-06 +1.749200020e+02 +1.749200020e+02 -1.1523e+00 -1.8448e+00
1012 0 +1.518067251e-06 +1.749200015e+02 +1.749200015e+02 -1.1525e+00 -1.8448e+00
1168 0 +5.929440761e-07 +1.749200006e+02 +1.749200006e+02 -1.1514e+00 -1.8448e+00
1189 0 +4.079309122e-07 +1.749200004e+02 +1.749200004e+02 -1.1526e+00 -1.8448e+00
1253 0 +3.260918788e-07 +1.749200003e+02 +1.749200003e+02 -1.1514e+00 -1.8448e+00
1260 0 +2.247625730e-07 +1.749200002e+02 +1.749200002e+02 -1.1517e+00 -1.8448e+00
1271 0 +5.651153856e-08 +1.749200001e+02 +1.749200001e+02 -1.1521e+00 -1.8448e+00
1335 0 +4.805173148e-09 +1.749200000e+02 +1.749200000e+02 -1.1519e+00 -1.8448e+00
1830 0 +7.389644452e-13 +1.749200000e+02 +1.749200000e+02 -1.1520e+00 -1.8448e+00
1881 0 +7.389644452e-13 +1.749200000e+02 +1.749200000e+02 -1.1520e+00 -1.8448e+00
% f evaluations | g evaluations | best noise-free fitness - Fopt (-5.659600000000e+02) + sum g_i+ | measured fitness | best measured fitness or single-digit g-values | x1 | x2...
1 0 +5.556634776e+04 +5.500038776e+04 +5.500038776e+04 +0.0000e+00 +0.0000e+00
10 0 +9.734395076e+01 -4.686160492e+02 -4.686160492e+02 -3.1368e-01 +2.2566e-01
82 0 +7.371976329e+01 -4.922402367e+02 -4.922402367e+02 -2.4422e+00 +2.2690e-01
121 0 +1.788770389e+01 -5.480722961e+02 -5.480722961e+02 -1.9920e+00 +2.3990e-01
123 0 +1.110575709e+01 -5.548542429e+02 -5.548542429e+02 -1.8149e+00 +2.3941e-01
167 0 +1.047069915e+01 -5.554893009e+02 -5.554893009e+02 +1.3607e+00 +2.3380e-01
186 0 +2.005281818e+00 -5.639547182e+02 -5.639547182e+02 -2.2290e+00 +2.3568e-01
301 0 +1.779880448e+00 -5.641801196e+02 -5.641801196e+02 +1.6487e-01 +2.3551e-01
382 0 +6.515538280e-01 -5.653084462e+02 -5.653084462e+02 -1.7402e+00 +2.3565e-01
390 0 +1.992675886e-01 -5.657607324e+02 -5.657607324e+02 -1.3852e+00 +2.3592e-01
406 0 +7.364116404e-02 -5.658863588e+02 -5.658863588e+02 -7.3153e-01 +2.3585e-01
529 0 +7.103896265e-02 -5.658889610e+02 -5.658889610e+02 -6.9877e-01 +2.3606e-01
537 0 +6.484460450e-02 -5.658951554e+02 -5.658951554e+02 -1.2101e+00 +2.3604e-01
540 0 +5.942322514e-02 -5.659005768e+02 -5.659005768e+02 -1.0543e+00 +2.3624e-01
542 0 +1.534556179e-02 -5.659446544e+02 -5.659446544e+02 -9.0442e-01 +2.3611e-01
563 0 +6.224448998e-03 -5.659537756e+02 -5.659537756e+02 -9.0559e-01 +2.3605e-01
617 0 +6.054857555e-03 -5.659539451e+02 -5.659539451e+02 -8.7656e-01 +2.3600e-01
624 0 +5.097988909e-03 -5.659549020e+02 -5.659549020e+02 -8.8081e-01 +2.3600e-01
630 0 +3.048470715e-03 -5.659569515e+02 -5.659569515e+02 -1.0124e+00 +2.3601e-01
648 0 +2.933976033e-03 -5.659570660e+02 -5.659570660e+02 -1.0073e+00 +2.3602e-01
673 0 +2.301659218e-04 -5.659597698e+02 -5.659597698e+02 -9.6058e-01 +2.3601e-01
777 0 +2.050095810e-04 -5.659597950e+02 -5.659597950e+02 -9.6333e-01 +2.3599e-01
800 0 +2.288183168e-06 -5.659599977e+02 -5.659599977e+02 -9.5848e-01 +2.3600e-01
915 0 +4.626804184e-07 -5.659599995e+02 -5.659599995e+02 -9.5828e-01 +2.3600e-01
998 0 +7.742073649e-08 -5.659599999e+02 -5.659599999e+02 -9.5742e-01 +2.3600e-01
1189 0 +4.579715096e-08 -5.659600000e+02 -5.659600000e+02 -9.5774e-01 +2.3600e-01
1243 0 +1.400792371e-08 -5.659600000e+02 -5.659600000e+02 -9.5747e-01 +2.3600e-01
1255 0 +3.871491572e-09 -5.659600000e+02 -5.659600000e+02 -9.5758e-01 +2.3600e-01
1575 0 +6.821210263e-13 -5.659600000e+02 -5.659600000e+02 -9.5760e-01 +2.3600e-01
1785 0 +3.410605132e-13 -5.659600000e+02 -5.659600000e+02 -9.5760e-01 +2.3600e-01
% f evaluations | g evaluations | best noise-free fitness - Fopt (7.095000000000e+01) + sum g_i+ | measured fitness | best measured fitness or single-digit g-values | x1 | x2...
1 0 +1.240197863e+06 +1.240268813e+06 +1.240268813e+06 +0.0000e+00 +0.0000e+00
2 0 +5.882187394e+05 +5.882896894e+05 +5.882896894e+05 -3.9653e-01 +2.5600e-01
6 0 +1.632334974e+05 +1.633044474e+05 +1.633044474e+05 +1.5530e+00 +6.8825e-01
7 0 +5.198477611e+04 +5.205572611e+04 +5.205572611e+04 -8.3452e-02 +1.3075e+00
10 0 +1.744547927e+04 +1.751642927e+04 +1.751642927e+04 +1.4796e+00 +1.2171e+00
13 0 +1.324148632e+04 +1.331243632e+04 +1.331243632e+04 +1.5192e+00 +1.1879e+00
26 0 +1.685740528e+03 +1.756690528e+03 +1.756690528e+03 +2.6401e-01 +1.0409e+00
36 0 +2.592331291e+02 +3.301831291e+02 +3.301831291e+02 +7.1807e-01 +1.0959e+00
39 0 +2.916160487e+01 +1.001116049e+02 +1.001116049e+02 +1.5612e+00 +1.0742e+00
102 0 +4.948839435e+00 +7.589883943e+01 +7.589883943e+01 +8.3509e-01 +1.0769e+00
259 0 +6.980809485e-01 +7.164808095e+01 +7.164808095e+01 +1.5140e+00 +1.0793e+00
343 0 +6.813458429e-01 +7.163134584e+01 +7.163134584e+01 +2.9296e-02 +1.0786e+00
346 0 +3.057135738e-01 +7.125571357e+01 +7.125571357e+01 +3.2089e-02 +1.0791e+00
355 0 +9.378213880e-02 +7.104378214e+01 +7.104378214e+01 +8.8797e-01 +1.0793e+00
399 0 +5.231443084e-02 +7.100231443e+01 +7.100231443e+01 +4.7254e-01 +1.0794e+00
459 0 +2.633240881e-02 +7.097633241e+01 +7.097633241e+01 +6.7144e-01 +1.0791e+00
496 0 +7.291072160e-03 +7.095729107e+01 +7.095729107e+01 +5.9811e-01 +1.0791e+00
585 0 +5.194008388e-03 +7.095519401e+01 +7.095519401e+01 +6.2670e-01 +1.0791e+00
592 0 +4.441404300e-03 +7.095444140e+01 +7.095444140e+01 +6.3226e-01 +1.0791e+00
607 0 +2.949040056e-03 +7.095294904e+01 +7.095294904e+01 +5.6070e-01 +1.0792e+00
647 0 +5.431566945e-04 +7.095054316e+01 +7.095054316e+01 +6.2263e-01 +1.0792e+00
719 0 +2.218543528e-04 +7.095022185e+01 +7.095022185e+01 +6.1682e-01 +1.0792e+00
777 0 +2.176978181e-04 +7.095021770e+01 +7.095021770e+01 +6.1057e-01 +1.0792e+00
832 0 +1.808803568e-04 +7.095018088e+01 +7.095018088e+01 +6.1910e-01 +1.0792e+00
844 0 +5.595728396e-06 +7.095000560e+01 +7.095000560e+01 +6.1233e-01 +1.0792e+00
861 0 +6.455463364e-07 +7.095000065e+01 +7.095000065e+01 +6.1461e-01 +1.0792e+00
1050 0 +4.095961259e-07 +7.095000041e+01 +7.095000041e+01 +6.1457e-01 +1.0792e+00
1090 0 +3.647141966e-08 +7.095000004e+01 +7.095000004e+01 +6.1445e-01 +1.0792e+00
1244 0 +2.897313323e-08 +7.095000003e+01 +7.095000003e+01 +6.1453e-01 +1.0792e+00
1251 0 +1.320395882e-08 +7.095000001e+01 +7.095000001e+01 +6.1430e-01 +1.0792e+00
1394 0 +1.581469178e-09 +7.095000000e+01 +7.095000000e+01 +6.1439e-01 +1.0792e+00
1813 0 +5.542233339e-13 +7.095000000e+01 +7.095000000e+01 +6.1440e-01 +1.0792e+00
1881 0 +4.405364962e-13 +7.095000000e+01 +7.095000000e+01 +6.1440e-01 +1.0792e+00
% f evaluations | g evaluations | best noise-free fitness - Fopt (4.728000000000e+01) + sum g_i+ | measured fitness | best measured fitness or single-digit g-values | x1 | x2...
1 0 +5.436595033e+05 +5.437067833e+05 +5.437067833e+05 +0.0000e+00 +0.0000e+00
8 0 +7.168675203e+04 +7.173403203e+04 +7.173403203e+04 +8.9354e-01 -5.4153e-01
18 0 +7.189604840e+03 +7.236884840e+03 +7.236884840e+03 +3.9238e-01 -8.9751e-01
32 0 +3.140054321e+03 +3.187334321e+03 +3.187334321e+03 +1.6657e-02 -8.6376e-01
71 0 +8.811378861e+01 +1.353937886e+02 +1.353937886e+02 +4.2239e-01 -7.9782e-01
74 0 +4.158604863e+01 +8.886604863e+01 +8.886604863e+01 +4.0601e-01 -8.1170e-01
201 0 +3.228991180e+01 +7.956991180e+01 +7.956991180e+01 +6.8579e-01 -8.1084e-01
222 0 +2.680209345e+01 +7.408209345e+01 +7.408209345e+01 +5.0059e-01 -8.1019e-01
224 0 +6.640797520e+00 +5.392079752e+01 +5.392079752e+01 +2.1761e+00 -8.0846e-01
252 0 +6.202016431e+00 +5.348201643e+01 +5.348201643e+01 +2.7165e+00 -8.0431e-01
272 0 +2.986614671e+00 +5.026661467e+01 +5.026661467e+01 +2.5966e+00 -8.0504e-01
378 0 +2.486820954e+00 +4.976682095e+01 +4.976682095e+01 +2.4154e+00 -8.0718e-01
408 0 +1.984828490e+00 +4.926482849e+01 +4.926482849e+01 +2.4173e+00 -8.0613e-01
415 0 +7.811053336e-01 +4.806110533e+01 +4.806110533e+01 +3.0159e+00 -8.0577e-01
430 0 +4.077179216e-01 +4.768771792e+01 +4.768771792e+01 +2.9996e+00 -8.0634e-01
436 0 +2.221458850e-01 +4.750214588e+01 +4.750214588e+01 +3.8721e+00 -8.0597e-01
531 0 +1.071556793e-01 +4.738715568e+01 +4.738715568e+01 +3.9899e+00 -8.0652e-01
553 0 +6.538712642e-02 +4.734538713e+01 +4.734538713e+01 +3.5821e+00 -8.0616e-01
571 0 +1.585183452e-02 +4.729585183e+01 +4.729585183e+01 +3.5731e+00 -8.0642e-01
581 0 +6.366169902e-03 +4.728636617e+01 +4.728636617e+01 +3.7043e+00 -8.0648e-01
748 0 +3.922329957e-03 +4.728392233e+01 +4.728392233e+01 +3.7565e+00 -8.0642e-01
792 0 +2.088493847e-03 +4.728208849e+01 +4.728208849e+01 +3.6686e+00 -8.0636e-01
813 0 +1.366368749e-03 +4.728136637e+01 +4.728136637e+01 +3.6855e+00 -8.0644e-01
849 0 +8.246788712e-04 +4.728082468e+01 +4.728082468e+01 +3.6885e+00 -8.0637e-01
855 0 +3.787023491e-04 +4.728037870e+01 +4.728037870e+01 +3.7005e+00 -8.0638e-01
914 0 +3.673342179e-05 +4.728003673e+01 +4.728003673e+01 +3.7003e+00 -8.0640e-01
1031 0 +2.417392210e-06 +4.728000242e+01 +4.728000242e+01 +3.6929e+00 -8.0640e-01
1102 0 +1.045089803e-06 +4.728000105e+01 +4.728000105e+01 +3.6940e+00 -8.0640e-01
1197 0 +3.858010160e-07 +4.728000039e+01 +4.728000039e+01 +3.6944e+00 -8.0640e-01
1299 0 +1.996955774e-07 +4.728000020e+01 +4.728000020e+01 +3.6940e+00 -8.0640e-01
1347 0 +1.128910299e-07 +4.728000011e+01 +4.728000011e+01 +3.6944e+00 -8.0640e-01
1349 0 +9.228136122e-08 +4.728000009e+01 +4.728000009e+01 +3.6946e+00 -8.0640e-01
1362 0 +4.528114772e-08 +4.728000005e+01 +4.728000005e+01 +3.6946e+00 -8.0640e-01
1371 0 +1.441439679e-08 +4.728000001e+01 +4.728000001e+01 +3.6945e+00 -8.0640e-01
1437 0 +7.664567647e-09 +4.728000001e+01 +4.728000001e+01 +3.6944e+00 -8.0640e-01
1933 0 +4.476419235e-13 +4.728000000e+01 +4.728000000e+01 +3.6944e+00 -8.0640e-01
2049 0 +1.563194019e-13 +4.728000000e+01 +4.728000000e+01 +3.6944e+00 -8.0640e-01
% f evaluations | g evaluations | best noise-free fitness - Fopt (-5.688800000000e+02) + sum g_i+ | measured fitness | best measured fitness or single-digit g-values | x1 | x2...
1 0 +7.114975878e+06 +7.114406998e+06 +7.114406998e+06 +0.0000e+00 +0.0000e+00
3 0 +1.443075652e+06 +1.442506772e+06 +1.442506772e+06 +1.1279e+00 -1.4319e+00
22 0 +5.837016535e+05 +5.831327735e+05 +5.831327735e+05 +9.1627e-01 -1.7011e+00
24 0 +1.509016218e+05 +1.503327418e+05 +1.503327418e+05 +2.3386e+00 -2.1306e+00
28 0 +1.719897829e+04 +1.663009829e+04 +1.663009829e+04 +1.3763e+00 -2.4056e+00
36 0 +8.152264964e+00 -5.607277350e+02 -5.607277350e+02 +7.3884e-01 -2.5447e+00
224 0 +3.936507622e+00 -5.649434924e+02 -5.649434924e+02 +3.0607e+00 -2.5443e+00
233 0 +1.984519263e+00 -5.668954807e+02 -5.668954807e+02 +2.2542e+00 -2.5438e+00
243 0 +8.082587018e-01 -5.680717413e+02 -5.680717413e+02 +2.0569e+00 -2.5432e+00
353 0 +6.276329088e-01 -5.682523671e+02 -5.682523671e+02 +2.9825e+00 -2.5418e+00
389 0 +3.115810227e-01 -5.685684190e+02 -5.685684190e+02 +1.8794e+00 -2.5424e+00
391 0 +1.452883085e-01 -5.687347117e+02 -5.687347117e+02 +2.1818e+00 -2.5421e+00
439 0 +4.388681802e-02 -5.688361132e+02 -5.688361132e+02 +2.3660e+00 -2.5422e+00
503 0 +2.792699794e-02 -5.688520730e+02 -5.688520730e+02 +2.3158e+00 -2.5424e+00
562 0 +2.561577449e-02 -5.688543842e+02 -5.688543842e+02 +2.4809e+00 -2.5422e+00
587 0 +1.471778869e-02 -5.688652822e+02 -5.688652822e+02 +2.4474e+00 -2.5423e+00
627 0 +9.281630556e-03 -5.688707184e+02 -5.688707184e+02 +2.5634e+00 -2.5424e+00
638 0 +8.315313837e-03 -5.688716847e+02 -5.688716847e+02 +2.5602e+00 -2.5424e+00
644 0 +4.353767089e-03 -5.688756462e+02 -5.688756462e+02 +2.4295e+00 -2.5424e+00
714 0 +3.775361930e-03 -5.688762246e+02 -5.688762246e+02 +2.4563e+00 -2.5425e+00
745 0 +6.246267205e-04 -5.688793754e+02 -5.688793754e+02 +2.4935e+00 -2.5424e+00
747 0 +6.844200016e-05 -5.688799316e+02 -5.688799316e+02 +2.4765e+00 -2.5424e+00
930 0 +3.520544874e-05 -5.688799648e+02 -5.688799648e+02 +2.4776e+00 -2.5424e+00
942 0 +2.284204174e-05 -5.688799772e+02 -5.688799772e+02 +2.4677e+00 -2.5424e+00
955 0 +1.488910243e-06 -5.688799985e+02 -5.688799985e+02 +2.4721e+00 -2.5424e+00
1110 0 +1.450582431e-06 -5.688799985e+02 -5.688799985e+02 +2.4710e+00 -2.5424e+00
1129 0 +1.206210413e-06 -5.688799988e+02 -5.688799988e+02 +2.4712e+00 -2.5424e+00
1151 0 +9.949783362e-07 -5.688799990e+02 -5.688799990e+02 +2.4710e+00 -2.5424e+00
1209 0 +1.873439714e-07 -5.688799998e+02 -5.688799998e+02 +2.4724e+00 -2.5424e+00
1280 0 +1.861614010e-07 -5.688799998e+02 -5.688799998e+02 +2.4718e+00 -2.5424e+00
1300 0 +3.042441676e-08 -5.688800000e+02 -5.688800000e+02 +2.4722e+00 -2.5424e+00
1310 0 +1.142188921e-08 -5.688800000e+02 -5.688800000e+02 +2.4721e+00 -2.5424e+00
1419 0 +4.645698937e-09 -5.688800000e+02 -5.688800000e+02 +2.4721e+00 -2.5424e+00
1983 0 +4.547473509e-13 -5.688800000e+02 -5.688800000e+02 +2.4720e+00 -2.5424e+00
2025 0 +2.273736754e-13 -5.688800000e+02 -5.688800000e+02 +2.4720e+00 -2.5424e+00
% f evaluations | g evaluations | best noise-free fitness - Fopt (2.069000000000e+01) + sum g_i+ | measured fitness | best measured fitness or single-digit g-values | x1 | x2...
1 0 +2.662458338e+04 +2.664527338e+04 +2.664527338e+04 +0.0000e+00 +0.0000e+00
7 0 +1.225639640e+03 +1.246329640e+03 +1.246329640e+03 +2.0716e-01 +1.2047e-01
14 0 +5.312559206e+01 +7.381559206e+01 +7.381559206e+01 +1.2440e+00 +1.4626e-01
105 0 +2.257628621e+01 +4.326628621e+01 +4.326628621e+01 -8.5011e-01 +1.5466e-01
182 0 +8.918981870e+00 +2.960898187e+01 +2.960898187e+01 +2.1075e+00 +1.5576e-01
251 0 +8.553079518e+00 +2.924307952e+01 +2.924307952e+01 +6.7635e+00 +1.5363e-01
257 0 +3.276729419e+00 +2.396672942e+01 +2.396672942e+01 +3.8854e+00 +1.5541e-01
289 0 +2.835112534e+00 +2.352511253e+01 +2.352511253e+01 +3.2072e+00 +1.5528e-01
307 0 +9.260747597e-01 +2.161607476e+01 +2.161607476e+01 +4.0996e+00 +1.5451e-01
338 0 +2.305668267e-01 +2.092056683e+01 +2.092056683e+01 +4.2916e+00 +1.5361e-01
386 0 +6.539521035e-02 +2.075539521e+01 +2.075539521e+01 +3.5836e+00 +1.5348e-01
437 0 +9.483909952e-03 +2.069948391e+01 +2.069948391e+01 +3.8040e+00 +1.5350e-01
588 0 +3.556649066e-03 +2.069355665e+01 +2.069355665e+01 +3.8581e+00 +1.5359e-01
723 0 +3.469532446e-03 +2.069346953e+01 +2.069346953e+01 +3.7502e+00 +1.5362e-01
742 0 +4.267894551e-04 +2.069042679e+01 +2.069042679e+01 +3.8247e+00 +1.5361e-01
810 0 +1.064002880e-04 +2.069010640e+01 +2.069010640e+01 +3.8115e+00 +1.5361e-01
851 0 +5.441605590e-05 +2.069005442e+01 +2.069005442e+01 +3.7993e+00 +1.5360e-01
955 0 +5.053001551e-05 +2.069005053e+01 +2.069005053e+01 +3.8099e+00 +1.5361e-01
969 0 +1.450982845e-05 +2.069001451e+01 +2.069001451e+01 +3.8093e+00 +1.5360e-01
972 0 +1.639080416e-06 +2.069000164e+01 +2.069000164e+01 +3.8043e+00 +1.5360e-01
1037 0 +8.662320141e-07 +2.069000087e+01 +2.069000087e+01 +3.8055e+00 +1.5360e-01
1246 0 +3.069554637e-07 +2.069000031e+01 +2.069000031e+01 +3.8052e+00 +1.5360e-01
1370 0 +7.496834442e-08 +2.069000007e+01 +2.069000007e+01 +3.8054e+00 +1.5360e-01
1419 0 +5.336300291e-08 +2.069000005e+01 +2.069000005e+01 +3.8054e+00 +1.5360e-01
1435 0 +2.282665079e-08 +2.069000002e+01 +2.069000002e+01 +3.8055e+00 +1.5360e-01
1481 0 +8.914401661e-09 +2.069000001e+01 +2.069000001e+01 +3.8055e+00 +1.5360e-01
1976 0 +5.329070518e-14 +2.069000000e+01 +2.069000000e+01 +3.8056e+00 +1.5360e-01
2065 0 +5.329070518e-14 +2.069000000e+01 +2.069000000e+01 +3.8056e+00 +1.5360e-01
% f evaluations | g evaluations | best noise-free fitness - Fopt (5.616700000000e+02) + sum g_i+ | measured fitness | best measured fitness or single-digit g-values | x1 | x2...
1 0 +1.462166469e+04 +1.518333469e+04 +1.518333469e+04 +0.0000e+00 +0.0000e+00
7 0 +4.055807088e+03 +4.617477088e+03 +4.617477088e+03 -2.0055e-01 -1.8946e-01
16 0 +8.966985993e+02 +1.458368599e+03 +1.458368599e+03 -6.7004e-01 -8.9970e-02
34 0 +8.479531879e+02 +1.409623188e+03 +1.409623188e+03 -1.4343e+00 -1.4861e-01
50 0 +1.500527741e+01 +5.766752774e+02 +5.766752774e+02 -6.4774e-01 -1.1632e-01
78 0 +1.022491417e+01 +5.718949142e+02 +5.718949142e+02 +1.1196e+00 -1.2147e-01
120 0 +6.276421534e+00 +5.679464215e+02 +5.679464215e+02 +6.5540e-01 -1.1986e-01
198 0 +2.366083786e+00 +5.640360838e+02 +5.640360838e+02 -5.1777e-01 -1.1916e-01
206 0 +2.141926904e+00 +5.638119269e+02 +5.638119269e+02 -9.6272e-01 -1.2129e-01
245 0 +1.059878225e+00 +5.627298782e+02 +5.627298782e+02 -1.5733e+00 -1.2106e-01
253 0 +1.823983059e-01 +5.618523983e+02 +5.618523983e+02 -1.2517e+00 -1.1999e-01
385 0 +1.524360109e-01 +5.618224360e+02 +5.618224360e+02 -2.0757e+00 -1.1995e-01
397 0 +9.242768373e-02 +5.617624277e+02 +5.617624277e+02 -2.0009e+00 -1.1998e-01
417 0 +5.019728598e-02 +5.617201973e+02 +5.617201973e+02 -1.7812e+00 -1.1980e-01
449 0 +4.376912636e-03 +5.616743769e+02 +5.616743769e+02 -1.7700e+00 -1.1998e-01
457 0 +1.181251625e-03 +5.616711813e+02 +5.616711813e+02 -1.6685e+00 -1.2002e-01
629 0 +3.578145663e-05 +5.616700358e+02 +5.616700358e+02 -1.7010e+00 -1.2001e-01
778 0 +1.522679497e-05 +5.616700152e+02 +5.616700152e+02 -1.7044e+00 -1.2000e-01
867 0 +4.545837442e-06 +5.616700045e+02 +5.616700045e+02 -1.7025e+00 -1.2000e-01
879 0 +9.191772961e-07 +5.616700009e+02 +5.616700009e+02 -1.7002e+00 -1.2000e-01
926 0 +2.470669642e-07 +5.616700002e+02 +5.616700002e+02 -1.7012e+00 -1.2000e-01
949 0 +2.136629291e-07 +5.616700002e+02 +5.616700002e+02 -1.7011e+00 -1.2000e-01
1020 0 +3.167212981e-08 +5.616700000e+02 +5.616700000e+02 -1.7008e+00 -1.2000e-01
1124 0 +7.406242730e-09 +5.616700000e+02 +5.616700000e+02 -1.7008e+00 -1.2000e-01
1717 0 +6.821210263e-13 +5.616700000e+02 +5.616700000e+02 -1.7008e+00 -1.2000e-01
1801 0 +1.136868377e-13 +5.616700000e+02 +5.616700000e+02 -1.7008e+00 -1.2000e-01
