% f evaluations | g evaluations | best noise-free fitness - Fopt (-4.620900000000e+02) + sum g_i+ | measured fitness | best measured fitness or single-digit g-values | x1 | x2...
1 0 +1.527636333e+02 -3.093263667e+02 -3.093263667e+02 +4.8814e-01 +2.1519e+00 +1.0276e+00 +4.4883e-01 -7.6345e-01
8 0 +1.458719888e+02 -3.162180112e+02 -3.162180112e+02 +1.1764e+00 +1.1210e+00 +1.1693e+00 +4.4375e+00 +1.8182e+00
10 0 +8.642104510e+01 -3.756689549e+02 -3.756689549e+02 -4.4566e-01 +2.4366e+00 +8.4943e-01 +2.5480e+00 +1.7852e+00
15 0 +8.133761178e+01 -3.807523882e+02 -3.807523882e+02 -5.6115e-01 +1.7214e-01 +9.8015e-01 +2.5800e+00 +1.6880e+00
30 0 +6.669557502e+01 -3.953944250e+02 -3.953944250e+02 +1.3720e+00 -2.2116e-01 +1.9322e+00 +2.5051e+00 +1.6676e+00
104 0 +5.639038626e+01 -4.056996137e+02 -4.056996137e+02 -9.3526e-01 +2.3038e+00 +2.3771e+00 +8.1487e-01 +1.7528e+00
122 0 +4.564714986e+01 -4.164428501e+02 -4.164428501e+02 -7.9078e-01 +2.8173e+00 +6.3861e-01 +2.7460e-01 +1.9237e+00
335 0 +4.407896743e+01 -4.180110326e+02 -4.180110326e+02 +1.3113e+00 +1.3699e+00 +1.5988e+00 +1.4238e+00 +1.8993e+00
358 0 +4.187300684e+01 -4.202169932e+02 -4.202169932e+02 +2.4343e+00 +7.6264e-01 +1.9235e+00 +1.1391e+00 +1.6424e+00
404 0 +2.479915382e+01 -4.372908462e+02 -4.372908462e+02 +4.9787e-01 +1.5049e+00 +1.7382e+00 +1.0249e+00 +2.2717e+00
537 0 +2.057429860e+01 -4.415157014e+02 -4.415157014e+02 +3.8676e-01 +1.4901e+00 +1.5251e+00 +1.1673e+00 +1.9215e+00
551 0 +1.985508285e+01 -4.422349172e+02 -4.422349172e+02 +2.2561e+00 -3.8036e-03 +1.7264e+00 +7.6423e-01 +1.6267e+00
1220 0 +1.949463852e+01 -4.425953615e+02 -4.425953615e+02 +1.2407e+00 +3.1620e+00 +1.1919e+00 +3.7113e-01 +2.2802e+00
1891 0 +1.142376180e+01 -4.506662382e+02 -4.506662382e+02 +3.9072e-01 +2.3297e+00 +1.6618e+00 +3.6898e-01 +1.9693e+00
5600 0 +6.665436260e+00 -4.554245637e+02 -4.554245637e+02 +1.3605e+00 +1.5354e+00 +1.6002e+00 +3.4418e-01 +1.9794e+00
7805 0 +6.383525613e+00 -4.557064744e+02 -4.557064744e+02 +2.2738e+00 +3.0583e+00 +1.5466e+00 +7.0553e-01 +1.9940e+00
7980 0 +2.852101093e+00 -4.592378989e+02 -4.592378989e+02 +2.3241e+00 +2.3016e+00 +1.5762e+00 +7.3605e-01 +1.9976e+00
24317 0 +2.429802321e+00 -4.596601977e+02 -4.596601977e+02 +2.3195e+00 +1.4873e+00 +1.6386e+00 +7.1703e-01 +2.2932e+00
24538 0 +2.347047905e+00 -4.597429521e+02 -4.597429521e+02 +2.3084e+00 +1.4911e+00 +1.6256e+00 +7.2880e-01 +2.2914e+00
24650 0 +2.229196856e+00 -4.598608031e+02 -4.598608031e+02 +2.3186e+00 +1.5075e+00 +1.6214e+00 +7.3038e-01 +2.2938e+00
24679 0 +2.086061490e+00 -4.600039385e+02 -4.600039385e+02 +2.3338e+00 +1.4878e+00 +1.6284e+00 +7.2957e-01 +2.2957e+00
32068 0 +2.005570733e+00 -4.600844293e+02 -4.600844293e+02 +2.3336e+00 +1.4938e+00 +1.6155e+00 +7.2687e-01 +2.2979e+00
32508 0 +1.993032162e+00 -4.600969678e+02 -4.600969678e+02 +2.3407e+00 +1.4945e+00 +1.6178e+00 +7.2967e-01 +2.2988e+00
148768 0 +1.989918115e+00 -4.601000819e+02 -4.601000819e+02 +2.3408e+00 +1.4949e+00 +1.6176e+00 +7.2800e-01 +2.2992e+00
% f evaluations | g evaluations | best noise-free fitness - Fopt (7.766000000000e+01) + sum g_i+ | measured fitness | best measured fitness or single-digit g-values | x1 | x2...
1 0 +2.022730298e+02 +2.799330298e+02 +2.799330298e+02 +4.8814e-01 +2.1519e+00 +1.0276e+00 +4.4883e-01 -7.6345e-01
8 0 +6.380381712e+01 +1.414638171e+02 +1.414638171e+02 +1.1764e+00 +1.1210e+00 +1.1693e+00 +4.4375e+00 +1.8182e+00
21 0 +5.893340010e+01 +1.365934001e+02 +1.365934001e+02 +5.0867e-01 +6.0916e-01 +1.4268e+00 +2.6681e+00 +2.2027e+00
45 0 +4.328210674e+01 +1.209421067e+02 +1.209421067e+02 +1.7605e-01 +9.6572e-01 +7.3527e-01 +3.4494e+00 +2.4656e+00
212 0 +3.897284399e+01 +1.166328440e+02 +1.166328440e+02 +7.4540e-01 -1.2414e-01 +1.2477e+00 +2.4863e+00 +1.2592e+00
284 0 +3.289775106e+01 +1.105577511e+02 +1.105577511e+02 +3.6779e-01 +8.5281e-01 +8.4340e-01 +2.8743e+00 +2.0844e+00
302 0 +3.169810594e+01 +1.093581059e+02 +1.093581059e+02 +1.9906e-01 -1.0023e+00 +7.2241e-01 +3.8252e+00 +1.7966e+00
360 0 +3.080138365e+01 +1.084613837e+02 +1.084613837e+02 +1.9554e+00 -8.4281e-01 +7.6359e-01 +2.9547e+00 +2.4095e+00
432 0 +1.091846117e+01 +8.857846117e+01 +8.857846117e+01 +2.2932e+00 -4.8924e-02 +7.1792e-01 +3.2617e+00 +2.1813e+00
2008 0 +9.962522282e+00 +8.762252228e+01 +8.762252228e+01 +2.3337e+00 -8.1180e-01 +1.3200e+00 +3.7874e+00 +1.8036e+00
4526 0 +9.734220921e+00 +8.739422092e+01 +8.739422092e+01 +2.3967e+00 -8.4247e-02 +6.6870e-01 +3.3754e+00 +1.7702e+00
5008 0 +8.516176621e+00 +8.617617662e+01 +8.617617662e+01 +2.3700e+00 -8.7268e-01 +7.4560e-01 +3.3482e+00 +1.8064e+00
6379 0 +7.693695667e+00 +8.535369567e+01 +8.535369567e+01 +2.3259e+00 -8.5971e-01 +6.2686e-01 +3.3365e+00 +1.8024e+00
8754 0 +5.246143840e+00 +8.290614384e+01 +8.290614384e+01 +2.3882e+00 -9.0723e-01 +1.2509e+00 +4.2303e+00 +2.4643e+00
9141 0 +4.062974415e+00 +8.172297442e+01 +8.172297442e+01 +2.2952e+00 -9.0066e-01 +1.2556e+00 +3.7610e+00 +2.4547e+00
9345 0 +1.583512059e+00 +7.924351206e+01 +7.924351206e+01 +2.3225e+00 -8.3218e-01 +1.2526e+00 +3.3363e+00 +2.4633e+00
105744 0 +1.583512059e+00 +7.924351206e+01 +7.924351206e+01 +2.3225e+00 -8.3218e-01 +1.2526e+00 +3.3363e+00 +2.4633e+00
% f evaluations | g evaluations | best noise-free fitness - Fopt (1.156800000000e+02) + sum g_i+ | measured fitness | best measured fitness or single-digit g-values | x1 | x2...
1 0 +4.311771939e+02 +5.468571939e+02 +5.468571939e+02 +4.8814e-01 +2.1519e+00 +1.0276e+00 +4.4883e-01 -7.6345e-01
8 0 +3.321754109e+02 +4.478554109e+02 +4.478554109e+02 +1.1764e+00 +1.1210e+00 +1.1693e+00 +4.4375e+00 +1.8182e+00
10 0 +2.625047077e+02 +3.781847077e+02 +3.781847077e+02 -4.4566e-01 +2.4366e+00 +8.4943e-01 +2.5480e+00 +1.7852e+00
34 0 +1.001139245e+02 +2.157939245e+02 +2.157939245e+02 +3.4210e-01 +2.6863e+00 +5.4731e-01 +1.8993e+00 +2.9590e+00
43 0 +8.977189611e+01 +2.054518961e+02 +2.054518961e+02 -1.7615e+00 +2.1861e+00 +6.0415e-02 +2.1153e+00 +3.1040e+00
64 0 +6.979287424e+01 +1.854728742e+02 +1.854728742e+02 +1.3573e+00 +6.5366e-01 +4.8408e-01 +9.3198e-01 +3.2798e+00
116 0 +5.117336999e+01 +1.668533700e+02 +1.668533700e+02 +2.3985e+00 +1.0791e+00 +1.6028e-01 +3.5945e+00 +2.6684e+00
123 0 +4.221792797e+01 +1.578979280e+02 +1.578979280e+02 +1.2736e-01 +7.3457e-01 +2.1820e-01 +2.8445e+00 +2.6684e+00
182 0 +3.874112735e+01 +1.544211274e+02 +1.544211274e+02 +2.0394e+00 +5.7582e-01 -7.5863e-01 +2.6274e+00 +2.4150e+00
225 0 +3.073880967e+01 +1.464188097e+02 +1.464188097e+02 -1.7743e+00 +6.0718e-01 +1.8120e-01 +3.1617e+00 +2.9213e+00
315 0 +1.575571500e+01 +1.314357150e+02 +1.314357150e+02 +1.0637e+00 -1.0357e+00 -3.4687e-01 +2.7203e+00 +3.3364e+00
809 0 +1.089303897e+01 +1.265730390e+02 +1.265730390e+02 +1.2073e+00 -9.1568e-01 -4.3128e-01 +3.0605e+00 +3.6713e+00
3093 0 +9.215769401e+00 +1.248957694e+02 +1.248957694e+02 +9.3894e-02 -1.7393e+00 +2.1940e-01 +3.0963e+00 +3.2870e+00
4921 0 +6.617684848e+00 +1.222976848e+02 +1.222976848e+02 +2.1420e+00 -2.5784e-01 +1.9088e-01 +3.1250e+00 +3.3133e+00
5093 0 +5.566065650e+00 +1.212460657e+02 +1.212460657e+02 +2.1896e+00 -9.5627e-01 +2.4777e-01 +3.0815e+00 +3.3187e+00
5100 0 +4.788878921e+00 +1.204688789e+02 +1.204688789e+02 +2.0847e+00 -2.8164e-01 +2.3093e-01 +3.0786e+00 +3.3081e+00
5409 0 +4.760780252e+00 +1.204407803e+02 +1.204407803e+02 +2.1397e+00 -1.8131e+00 +2.2135e-01 +3.1161e+00 +3.3136e+00
5412 0 +2.639287301e+00 +1.183192873e+02 +1.183192873e+02 +2.1448e+00 -1.0411e+00 +2.3629e-01 +3.1043e+00 +3.2938e+00
6167 0 +2.268515636e+00 +1.179485156e+02 +1.179485156e+02 +2.1753e+00 -1.0279e+00 +2.2426e-01 +3.0997e+00 +3.2889e+00
6555 0 +1.988197116e+00 +1.176681971e+02 +1.176681971e+02 +2.1363e+00 -9.9201e-01 +2.3533e-01 +3.0714e+00 +3.3031e+00
7722 0 +1.705383578e+00 +1.173853836e+02 +1.173853836e+02 +2.1322e+00 -9.8845e-01 +2.2620e-01 +3.0913e+00 +3.2967e+00
128712 0 +1.705383578e+00 +1.173853836e+02 +1.173853836e+02 +2.1322e+00 -9.8845e-01 +2.2620e-01 +3.0913e+00 +3.2967e+00
% f evaluations | g evaluations | best noise-free fitness - Fopt (-3.710000000000e+00) + sum g_i+ | measured fitness | best measured fitness or single-digit g-values | x1 | x2...
1 0 +3.164053548e+02 +3.126953548e+02 +3.126953548e+02 +4.8814e-01 +2.1519e+00 +1.0276e+00 +4.4883e-01 -7.6345e-01
8 0 +9.784128558e+01 +9.413128558e+01 +9.413128558e+01 +1.1764e+00 +1.1210e+00 +1.1693e+00 +4.4375e+00 +1.8182e+00
21 0 +4.463066944e+01 +4.092066944e+01 +4.092066944e+01 +1.5173e-01 +7.1843e-01 +1.2439e+00 +4.2460e+00 +2.1922e+00
272 0 +3.519553634e+01 +3.148553634e+01 +3.148553634e+01 +9.3930e-01 -8.3887e-01 +7.8333e-01 +3.4409e+00 +2.8002e+00
357 0 +2.762457441e+01 +2.391457441e+01 +2.391457441e+01 +2.0344e+00 -1.6079e+00 +1.3192e+00 +3.5311e+00 +2.2335e+00
527 0 +2.443515374e+01 +2.072515374e+01 +2.072515374e+01 +2.0267e+00 -2.4827e+00 +1.1462e+00 +3.5492e+00 +3.2184e+00
592 0 +2.373056803e+01 +2.002056803e+01 +2.002056803e+01 +1.9945e+00 -1.6088e+00 +1.2668e+00 +3.4846e+00 +2.7739e+00
629 0 +2.046202019e+01 +1.675202019e+01 +1.675202019e+01 +2.2146e+00 -1.0091e+00 +1.1485e+00 +3.4836e+00 +2.7973e+00
2039 0 +1.673738270e+01 +1.302738270e+01 +1.302738270e+01 +2.1434e+00 -2.3812e+00 +1.7813e+00 +3.3905e+00 +2.4427e+00
2234 0 +1.048308411e+01 +6.773084112e+00 +6.773084112e+00 +2.1452e+00 -2.2273e+00 +1.7290e+00 +3.5343e+00 +2.8796e+00
2756 0 +1.029307842e+01 +6.583078420e+00 +6.583078420e+00 +3.0325e+00 -2.2956e+00 +1.7076e+00 +3.8967e+00 +2.4294e+00
2904 0 +9.768911675e+00 +6.058911675e+00 +6.058911675e+00 +3.1386e+00 -1.6606e+00 +1.7750e+00 +3.8931e+00 +2.8330e+00
3542 0 +9.239685232e+00 +5.529685232e+00 +5.529685232e+00 +3.0361e+00 -8.2468e-01 +1.7529e+00 +3.4900e+00 +2.8382e+00
3592 0 +5.362522666e+00 +1.652522666e+00 +1.652522666e+00 +3.0649e+00 -2.2920e+00 +1.7635e+00 +3.9098e+00 +2.8050e+00
4080 0 +3.596373412e+00 -1.136265876e-01 -1.136265876e-01 +3.0950e+00 -3.0570e+00 +1.7759e+00 +3.9134e+00 +2.8267e+00
4748 0 +2.716932813e+00 -9.930671865e-01 -9.930671865e-01 +3.0888e+00 -3.1328e+00 +1.7828e+00 +3.9083e+00 +2.8450e+00
5557 0 +2.496905852e+00 -1.213094148e+00 -1.213094148e+00 +3.0440e+00 -2.3123e+00 +1.7764e+00 +3.9261e+00 +2.8512e+00
21603 0 +2.381771597e+00 -1.328228403e+00 -1.328228403e+00 +3.1174e+00 -1.5390e+00 +1.7826e+00 +3.9065e+00 +2.8395e+00
21649 0 +2.150601700e+00 -1.559398300e+00 -1.559398300e+00 +3.1115e+00 -1.4666e+00 +1.7789e+00 +3.9078e+00 +2.8494e+00
21921 0 +2.125551709e+00 -1.584448291e+00 -1.584448291e+00 +3.1205e+00 -1.4892e+00 +1.7723e+00 +3.9075e+00 +2.8400e+00
21963 0 +2.050267271e+00 -1.659732729e+00 -1.659732729e+00 +3.1193e+00 -1.4631e+00 +1.7815e+00 +3.9079e+00 +2.8455e+00
21988 0 +2.021844673e+00 -1.688155327e+00 -1.688155327e+00 +3.1097e+00 -1.4750e+00 +1.7829e+00 +3.9092e+00 +2.8450e+00
22324 0 +1.994201475e+00 -1.715798525e+00 -1.715798525e+00 +3.1175e+00 -1.4783e+00 +1.7814e+00 +3.9102e+00 +2.8428e+00
121443 0 +1.989918115e+00 -1.720081885e+00 -1.720081885e+00 +3.1200e+00 -1.4758e+00 +1.7832e+00 +3.9104e+00 +2.8429e+00
% f evaluations | g evaluations | best noise-free fitness - Fopt (1.321800000000e+02) + sum g_i+ | measured fitness | best measured fitness or single-digit g-values | x1 | x2...
1 0 +1.909447117e+02 +3.231247117e+02 +3.231247117e+02 +4.8814e-01 +2.1519e+00 +1.0276e+00 +4.4883e-01 -7.6345e-01
10 0 +1.728394126e+02 +3.050194126e+02 +3.050194126e+02 +5.6345e-01 +1.3071e+00 +1.0072e+00 +3.7808e-04 -3.8677e-01
17 0 +1.619257601e+02 +2.941057601e+02 +2.941057601e+02 -1.4616e-01 +9.9408e-01 +8.3647e-01 -1.9354e+00 -3.5095e-01
29 0 +1.246879637e+02 +2.568679637e+02 +2.568679637e+02 -3.8995e-02 +2.9213e+00 +1.0524e+00 -2.4574e-01 +5.3427e-01
33 0 +1.213616335e+02 +2.535416335e+02 +2.535416335e+02 -1.9699e-02 -6.8374e-03 -1.0658e+00 -1.2148e+00 +1.8745e+00
46 0 +7.875167994e+01 +2.109316799e+02 +2.109316799e+02 +6.6524e-01 +2.1761e+00 +3.2323e+00 -2.5048e+00 +7.3255e-01
48 0 +7.016935062e+01 +2.023493506e+02 +2.023493506e+02 +7.8226e-01 +2.9850e+00 +1.8594e+00 +4.0717e-01 +1.8726e+00
96 0 +5.342231130e+01 +1.856023113e+02 +1.856023113e+02 +8.5173e-01 +1.5409e+00 +3.3240e+00 -2.3857e+00 +1.2494e+00
97 0 +4.713807370e+01 +1.793180737e+02 +1.793180737e+02 +1.5516e+00 +1.3243e+00 +3.0606e+00 -7.7641e-01 +2.4388e+00
164 0 +3.763756247e+01 +1.698175625e+02 +1.698175625e+02 +2.7996e+00 +2.2431e+00 +1.2170e+00 -1.8141e+00 +2.1579e+00
391 0 +3.708090893e+01 +1.692609089e+02 +1.692609089e+02 +2.1885e+00 +2.7065e+00 +2.9364e+00 -1.0318e+00 +2.2041e+00
415 0 +3.376183587e+01 +1.659418359e+02 +1.659418359e+02 +1.9159e+00 +2.8097e+00 +3.0463e+00 -1.1078e+00 +1.8225e+00
424 0 +3.229753913e+01 +1.644775391e+02 +1.644775391e+02 +1.4540e+00 +2.4187e+00 +2.3750e+00 -1.9162e+00 +2.2057e+00
534 0 +2.863735852e+01 +1.608173585e+02 +1.608173585e+02 +1.4628e+00 +2.1777e+00 +2.9425e+00 -2.0558e+00 +2.1581e+00
570 0 +2.313808185e+01 +1.553180818e+02 +1.553180818e+02 +1.7213e+00 +2.0558e+00 +2.9124e+00 -1.6262e+00 +1.8038e+00
737 0 +2.184030991e+01 +1.540203099e+02 +1.540203099e+02 +1.6176e+00 +2.7963e+00 +2.8174e+00 -2.3547e+00 +1.7950e+00
986 0 +1.904167888e+01 +1.512216789e+02 +1.512216789e+02 +1.7134e+00 +1.5436e+00 +2.7610e+00 -2.3459e+00 +2.1350e+00
1012 0 +1.761225989e+01 +1.497922599e+02 +1.497922599e+02 +1.9723e+00 +1.5606e+00 +2.8379e+00 -2.3318e+00 +2.1405e+00
1398 0 +1.269529520e+01 +1.448752952e+02 +1.448752952e+02 +1.6821e+00 +1.4214e+00 +3.4077e+00 -2.3370e+00 +2.1645e+00
1484 0 +8.912721394e+00 +1.410927214e+02 +1.410927214e+02 +1.7078e+00 +1.4958e+00 +2.8159e+00 -1.5271e+00 +2.5255e+00
5503 0 +8.564691183e+00 +1.407446912e+02 +1.407446912e+02 +1.8784e+00 +1.4124e+00 +2.8613e+00 -1.9446e+00 +2.1911e+00
5704 0 +8.422865482e+00 +1.406028655e+02 +1.406028655e+02 +1.8230e+00 +1.4037e+00 +2.8345e+00 -1.9831e+00 +2.1787e+00
15674 0 +4.945981584e+00 +1.371259816e+02 +1.371259816e+02 +3.7394e+00 +2.3469e+00 +3.4308e+00 -2.3815e+00 +2.5215e+00
17890 0 +3.618725780e+00 +1.357987258e+02 +1.357987258e+02 +3.7154e+00 +1.4880e+00 +3.4225e+00 -2.3446e+00 +2.4817e+00
18454 0 +3.096022179e+00 +1.352760222e+02 +1.352760222e+02 +3.6916e+00 +2.3489e+00 +3.4366e+00 -1.9551e+00 +2.4854e+00
18830 0 +1.641138398e+00 +1.338211384e+02 +1.338211384e+02 +3.6838e+00 +1.4610e+00 +3.4452e+00 -1.9782e+00 +2.4845e+00
29441 0 +1.193945100e+00 +1.333739451e+02 +1.333739451e+02 +3.7050e+00 +1.4881e+00 +3.4547e+00 -1.9530e+00 +2.4790e+00
143944 0 +1.193945100e+00 +1.333739451e+02 +1.333739451e+02 +3.7050e+00 +1.4881e+00 +3.4547e+00 -1.9530e+00 +2.4790e+00
% f evaluations | g evaluations | best noise-free fitness - Fopt (-3.930000000000e+01) + sum g_i+ | measured fitness | best measured fitness or single-digit g-values | x1 | x2...
1 0 +1.615678541e+02 +1.222678541e+02 +1.222678541e+02 +4.8814e-01 +2.1519e+00 +1.0276e+00 +4.4883e-01 -7.6345e-01
9 0 +6.183830632e+01 +2.253830632e+01 +2.253830632e+01 -4.2018e-01 +1.1255e+00 +1.8006e+00 +2.6372e+00 +6.8245e-01
75 0 +3.257273914e+01 -6.727260855e+00 -6.727260855e+00 +1.6882e+00 -4.5939e-01 +1.8244e+00 +3.4694e+00 +2.8478e-02
253 0 +2.823755476e+01 -1.106244524e+01 -1.106244524e+01 +2.4045e+00 -1.2886e+00 +8.0010e-01 +4.2834e+00 +2.4169e-02
354 0 +2.272259617e+01 -1.657740383e+01 -1.657740383e+01 +6.6454e-01 -5.6952e-01 +1.6889e+00 +3.0316e+00 +2.6550e-01
472 0 +2.077356741e+01 -1.852643259e+01 -1.852643259e+01 +5.1548e-01 -2.5611e+00 +1.7664e+00 +2.9005e+00 +7.4532e-01
495 0 +1.970459421e+01 -1.959540579e+01 -1.959540579e+01 +6.7248e-01 -6.2019e-01 +1.2341e+00 +2.9326e+00 +2.8607e-01
496 0 +1.674897200e+01 -2.255102800e+01 -2.255102800e+01 +8.8115e-01 -1.1627e+00 +1.7513e+00 +2.9758e+00 +1.0366e+00
683 0 +1.051271410e+01 -2.878728590e+01 -2.878728590e+01 +1.6281e+00 -3.7034e-01 +1.6901e+00 +3.3942e+00 +7.2086e-01
1859 0 +1.026922402e+01 -2.903077598e+01 -2.903077598e+01 +2.4808e+00 -4.9982e-01 +2.2620e+00 +2.9589e+00 +7.3510e-01
2407 0 +7.927170601e+00 -3.137282940e+01 -3.137282940e+01 +2.4955e+00 -5.9292e-01 +2.3990e+00 +3.3577e+00 +6.9712e-01
4167 0 +6.976365292e+00 -3.232363471e+01 -3.232363471e+01 +2.4728e+00 -3.8654e-01 +2.3014e+00 +3.3405e+00 +7.2763e-01
4517 0 +6.810196168e+00 -3.248980383e+01 -3.248980383e+01 +2.4119e+00 -4.4748e-01 +2.3059e+00 +2.9803e+00 +6.9209e-01
5025 0 +3.901958974e+00 -3.539804103e+01 -3.539804103e+01 +2.5288e+00 -4.6102e-01 +2.3196e+00 +2.9424e+00 +6.8529e-01
12440 0 +3.842881132e+00 -3.545711887e+01 -3.545711887e+01 +2.5192e+00 -5.3278e-01 +1.7150e+00 +3.3684e+00 +6.9803e-01
36998 0 +3.783283942e+00 -3.551671606e+01 -3.551671606e+01 +2.5220e+00 -1.2515e+00 +1.7548e+00 +3.3506e+00 +6.7372e-01
37006 0 +2.625157379e+00 -3.667484262e+01 -3.667484262e+01 +2.5095e+00 -1.2228e+00 +1.6990e+00 +3.3731e+00 +7.0012e-01
37133 0 +2.435400775e+00 -3.686459922e+01 -3.686459922e+01 +2.5356e+00 -1.2012e+00 +1.7325e+00 +3.3759e+00 +6.9279e-01
37138 0 +2.390415718e+00 -3.690958428e+01 -3.690958428e+01 +2.5012e+00 -1.2128e+00 +1.7374e+00 +3.3777e+00 +6.9497e-01
37161 0 +2.233241638e+00 -3.706675836e+01 -3.706675836e+01 +2.5088e+00 -1.2183e+00 +1.7412e+00 +3.3680e+00 +6.9899e-01
37164 0 +2.138276962e+00 -3.716172304e+01 -3.716172304e+01 +2.5170e+00 -1.2204e+00 +1.7370e+00 +3.3764e+00 +6.9615e-01
37467 0 +2.075615194e+00 -3.722438481e+01 -3.722438481e+01 +2.5188e+00 -1.2208e+00 +1.7405e+00 +3.3695e+00 +6.9466e-01
37510 0 +2.023796218e+00 -3.727620378e+01 -3.727620378e+01 +2.5324e+00 -1.2266e+00 +1.7435e+00 +3.3681e+00 +6.9533e-01
37765 0 +1.994213013e+00 -3.730578699e+01 -3.730578699e+01 +2.5329e+00 -1.2301e+00 +1.7374e+00 +3.3691e+00 +6.9348e-01
129232 0 +1.989918115e+00 -3.731008189e+01 -3.731008189e+01 +2.5336e+00 -1.2296e+00 +1.7344e+00 +3.3696e+00 +6.9413e-01
% f evaluations | g evaluations | best noise-free fitness - Fopt (4.296000000000e+01) + sum g_i+ | measured fitness | best measured fitness or single-digit g-values | x1 | x2...
1 0 +1.067075718e+02 +1.496675718e+02 +1.496675718e+02 +4.8814e-01 +2.1519e+00 +1.0276e+00 +4.4883e-01 -7.6345e-01
10 0 +9.566931573e+01 +1.386293157e+02 +1.386293157e+02 -7.7351e-01 +2.4877e+00 +1.4811e+00 +3.0365e-01 -1.7808e-01
21 0 +5.941625882e+01 +1.023762588e+02 +1.023762588e+02 -1.6396e+00 +6.9196e-01 +2.9326e+00 +6.5207e-01 +2.9408e-01
39 0 +4.821196767e+01 +9.117196767e+01 +9.117196767e+01 -1.5914e+00 +1.3537e+00 +2.8382e+00 +5.1215e-01 +1.5827e-01
90 0 +4.389933239e+01 +8.685933239e+01 +8.685933239e+01 +7.9628e-01 +1.0463e+00 +1.7474e+00 +1.8434e-01 +5.3072e-01
341 0 +4.037024554e+01 +8.333024554e+01 +8.333024554e+01 -2.9593e-01 +2.2845e-01 +1.7418e+00 +1.0265e-01 -5.6507e-02
401 0 +2.008063742e+01 +6.304063742e+01 +6.304063742e+01 -2.3391e-01 +2.6172e+00 +1.7407e+00 +1.4441e+00 +5.8052e-01
1526 0 +1.358437546e+01 +5.654437546e+01 +5.654437546e+01 +5.2420e-01 +8.5850e-01 +2.2328e+00 +5.2827e-01 +9.2551e-01
1947 0 +1.165258515e+01 +5.461258515e+01 +5.461258515e+01 +4.8969e-01 +1.6886e+00 +2.0370e+00 +1.0104e+00 +8.6475e-01
5035 0 +8.523027941e+00 +5.148302794e+01 +5.148302794e+01 +1.4553e+00 +9.4811e-01 +2.1463e+00 +9.8730e-01 +6.1957e-01
5220 0 +7.711406341e+00 +5.067140634e+01 +5.067140634e+01 +1.4711e+00 +9.1161e-01 +2.0951e+00 +1.0395e+00 +6.0741e-01
5285 0 +4.445717044e+00 +4.740571704e+01 +4.740571704e+01 +1.4593e+00 +9.2842e-01 +2.1565e+00 +1.0345e+00 +5.6751e-01
7938 0 +3.984962789e+00 +4.694496279e+01 +4.694496279e+01 +1.4976e+00 +1.6944e+00 +2.1912e+00 +1.4686e+00 +5.7590e-01
8379 0 +3.131052859e+00 +4.609105286e+01 +4.609105286e+01 +1.4723e+00 +1.7564e+00 +2.1630e+00 +1.0034e+00 +5.9265e-01
12806 0 +3.052977878e+00 +4.601297788e+01 +4.601297788e+01 +1.5134e+00 +1.7437e+00 +2.1861e+00 +6.1506e-01 +5.8218e-01
12992 0 +3.017301696e+00 +4.597730170e+01 +4.597730170e+01 +1.5097e+00 +1.7409e+00 +2.1823e+00 +6.1090e-01 +5.8181e-01
140248 0 +2.984877172e+00 +4.594487717e+01 +4.594487717e+01 +1.5128e+00 +1.7368e+00 +2.1744e+00 +6.1311e-01 +5.8213e-01
% f evaluations | g evaluations | best noise-free fitness - Fopt (2.842200000000e+02) + sum g_i+ | measured fitness | best measured fitness or single-digit g-values | x1 | x2...
1 0 +1.437677745e+02 +4.279877745e+02 +4.279877745e+02 +4.8814e-01 +2.1519e+00 +1.0276e+00 +4.4883e-01 -7.6345e-01
8 0 +6.840762969e+01 +3.526276297e+02 +3.526276297e+02 +1.1764e+00 +1.1210e+00 +1.1693e+00 +4.4375e+00 +1.8182e+00
45 0 +5.199994762e+01 +3.362199476e+02 +3.362199476e+02 +2.3058e+00 +7.6993e-01 +6.6465e-01 +2.2709e+00 +1.0619e+00
193 0 +4.718675815e+01 +3.314067582e+02 +3.314067582e+02 +7.7722e-01 -1.5617e-01 -1.0492e-01 +2.6905e+00 +9.1343e-01
196 0 +3.992262661e+01 +3.241426266e+02 +3.241426266e+02 +1.3837e-01 +6.2878e-01 -4.8578e-01 +2.2803e+00 +8.1688e-01
204 0 +3.783091295e+01 +3.220509129e+02 +3.220509129e+02 +1.3144e+00 +1.3269e+00 -6.3559e-02 +1.8763e+00 +8.5599e-01
289 0 +3.311717630e+01 +3.173371763e+02 +3.173371763e+02 +1.3748e-01 +6.8327e-01 +1.0630e+00 +2.2911e+00 +1.4426e+00
314 0 +2.387080054e+01 +3.080908005e+02 +3.080908005e+02 +1.3089e+00 -9.5645e-01 +4.8540e-01 +1.8257e+00 +1.5858e+00
607 0 +2.092995471e+01 +3.051499547e+02 +3.051499547e+02 -9.7762e-01 -2.2033e-01 +4.2373e-01 +2.6914e+00 +1.2196e+00
710 0 +1.533497107e+01 +2.995549711e+02 +2.995549711e+02 +1.7073e-01 -2.3627e-01 +5.4739e-01 +2.2854e+00 +1.1437e+00
1111 0 +1.387288795e+01 +2.980928880e+02 +2.980928880e+02 +7.3152e-02 -1.0602e+00 +4.6473e-01 +2.2149e+00 +1.1137e+00
2322 0 +1.362312373e+01 +2.978431237e+02 +2.978431237e+02 +2.1083e+00 +6.1376e-01 +4.3154e-01 +1.8154e+00 +1.5956e+00
2381 0 +1.333997892e+01 +2.975599789e+02 +2.975599789e+02 +1.9989e+00 +5.8278e-01 +6.2168e-01 +2.2155e+00 +1.5139e+00
2587 0 +7.881211536e+00 +2.921012115e+02 +2.921012115e+02 +2.1096e+00 +1.4315e+00 +4.4794e-01 +2.2160e+00 +1.8228e+00
13739 0 +4.760350954e+00 +2.889803510e+02 +2.889803510e+02 +1.1052e+00 +5.1703e-01 +4.2832e-01 +2.2428e+00 +1.8212e+00
19791 0 +3.367320155e+00 +2.875873202e+02 +2.875873202e+02 +1.0848e+00 -2.3414e-01 +4.0498e-01 +2.2387e+00 +1.8324e+00
19978 0 +3.261542519e+00 +2.874815425e+02 +2.874815425e+02 +1.0920e+00 -1.9594e-01 +4.2797e-01 +2.2011e+00 +1.8381e+00
158352 0 +3.261542519e+00 +2.874815425e+02 +2.874815425e+02 +1.0920e+00 -1.9594e-01 +4.2797e-01 +2.2011e+00 +1.8381e+00
% f evaluations | g evaluations | best noise-free fitness - Fopt (-3.217000000000e+01) + sum g_i+ | measured fitness | best measured fitness or single-digit g-values | x1 | x2...
1 0 +3.626019016e+02 +3.304319016e+02 +3.304319016e+02 +4.8814e-01 +2.1519e+00 +1.0276e+00 +4.4883e-01 -7.6345e-01
8 0 +3.542654716e+02 +3.220954716e+02 +3.220954716e+02 +1.1764e+00 +1.1210e+00 +1.1693e+00 +4.4375e+00 +1.8182e+00
17 0 +3.348703229e+02 +3.027003229e+02 +3.027003229e+02 -2.2852e+00 +1.3928e+00 -3.6372e-02 +1.8557e+00 -1.2530e+00
24 0 +3.106798132e+02 +2.785098132e+02 +2.785098132e+02 -1.1967e+00 +1.1834e+00 -1.5042e-01 -8.1570e-01 -1.4940e+00
26 0 +1.207608285e+02 +8.859082852e+01 +8.859082852e+01 +1.0285e+00 +3.1888e+00 +4.3161e-01 +1.4241e+00 +1.6381e+00
48 0 +8.437875483e+01 +5.220875483e+01 +5.220875483e+01 -1.7748e+00 +3.6436e+00 +3.5100e-01 +1.5947e+00 +2.6575e+00
77 0 +8.080880174e+01 +4.863880174e+01 +4.863880174e+01 -1.8653e+00 +4.6340e-01 +8.0497e-01 -9.6896e-01 +3.0248e+00
90 0 +5.846250088e+01 +2.629250088e+01 +2.629250088e+01 -3.7494e-02 +5.6917e-01 +2.2962e-01 +1.8559e-01 +3.3532e+00
228 0 +4.273591047e+01 +1.056591047e+01 +1.056591047e+01 +1.6506e+00 +3.1055e+00 -1.1941e+00 -5.9488e-01 +3.1045e+00
247 0 +3.473153550e+01 +2.561535497e+00 +2.561535497e+00 +1.1823e+00 +1.9148e+00 -1.9339e+00 -1.6564e-01 +3.3905e+00
258 0 +2.811382809e+01 -4.056171909e+00 -4.056171909e+00 +4.9667e-01 +1.1785e+00 -1.0373e+00 -1.3223e+00 +3.3913e+00
749 0 +1.267054064e+01 -1.949945936e+01 -1.949945936e+01 -4.7921e-01 +3.4430e+00 -1.1328e-01 +3.3186e-01 +3.6795e+00
1125 0 +1.172520115e+01 -2.044479885e+01 -2.044479885e+01 +3.6032e-01 +1.8315e+00 -6.2033e-02 -7.4322e-02 +3.3864e+00
2311 0 +8.251851793e+00 -2.391814821e+01 -2.391814821e+01 +1.4307e+00 +2.5214e+00 -1.6769e-01 -5.7586e-01 +3.3614e+00
5462 0 +6.470043331e+00 -2.569995667e+01 -2.569995667e+01 +1.4369e+00 +2.6103e+00 -1.3921e-01 -1.3427e-01 +3.0224e+00
8021 0 +5.910482766e+00 -2.625951723e+01 -2.625951723e+01 +1.4460e+00 +1.8764e+00 -1.8152e-01 -1.3921e-01 +3.0073e+00
30740 0 +5.207498466e+00 -2.696250153e+01 -2.696250153e+01 +1.4186e+00 +2.6502e+00 -6.0710e-02 -5.6863e-01 +3.7004e+00
30952 0 +5.060887638e+00 -2.710911236e+01 -2.710911236e+01 +1.3268e+00 +1.8178e+00 -8.8960e-02 -1.4823e-01 +3.6977e+00
31202 0 +4.755023130e+00 -2.741497687e+01 -2.741497687e+01 +1.3977e+00 +1.0341e+00 -1.6192e-01 -1.7500e-01 +3.6876e+00
31746 0 +3.235716712e+00 -2.893428329e+01 -2.893428329e+01 +1.3728e+00 +1.8344e+00 -1.3158e-01 -1.6453e-01 +3.6849e+00
31815 0 +2.582358784e+00 -2.958764122e+01 -2.958764122e+01 +1.4298e+00 +2.6766e+00 -1.1779e-01 -1.4725e-01 +3.6871e+00
32011 0 +2.441921166e+00 -2.972807883e+01 -2.972807883e+01 +1.4530e+00 +1.8815e+00 -1.4341e-01 -1.2084e-01 +3.7009e+00
32240 0 +1.628167273e+00 -3.054183273e+01 -3.054183273e+01 +1.4475e+00 +1.8719e+00 -1.4995e-01 -1.2474e-01 +3.6901e+00
119472 0 +1.628167273e+00 -3.054183273e+01 -3.054183273e+01 +1.4475e+00 +1.8719e+00 -1.4995e-01 -1.2474e-01 +3.6901e+00
% f evaluations | g evaluations | best noise-free fitness - Fopt (-5.858000000000e+01) + sum g_i+ | measured fitness | best measured fitness or single-digit g-values | x1 | x2...
1 0 +2.792442615e+02 +2.206642615e+02 +2.206642615e+02 +4.8814e-01 +2.1519e+00 +1.0276e+00 +4.4883e-01 -7.6345e-01
8 0 +1.818566121e+02 +1.232766121e+02 +1.232766121e+02 +1.1764e+00 +1.1210e+00 +1.1693e+00 +4.4375e+00 +1.8182e+00
10 0 +1.341579497e+02 +7.557794972e+01 +7.557794972e+01 -4.4566e-01 +2.4366e+00 +8.4943e-01 +2.5480e+00 +1.7852e+00
15 0 +1.030047646e+02 +4.442476461e+01 +4.442476461e+01 -5.6115e-01 +1.7214e-01 +9.8015e-01 +2.5800e+00 +1.6880e+00
83 0 +6.852263681e+01 +9.942636810e+00 +9.942636810e+00 -1.3243e+00 -2.2432e+00 +1.1356e+00 +2.8333e+00 +3.5026e+00
93 0 +6.226425586e+01 +3.684255864e+00 +3.684255864e+00 -3.1184e-01 -2.7646e-01 +9.6361e-01 +3.2645e+00 +2.9608e+00
151 0 +4.587109375e+01 -1.270890625e+01 -1.270890625e+01 -2.2548e-02 -7.6757e-01 +9.6501e-01 +1.9052e+00 +2.6433e+00
227 0 +4.220368200e+01 -1.637631800e+01 -1.637631800e+01 +9.1457e-01 -1.6737e+00 -1.9958e-01 +2.2968e+00 +3.0265e+00
241 0 +2.750296110e+01 -3.107703890e+01 -3.107703890e+01 +5.9044e-01 -1.7459e+00 -9.4727e-02 +2.1775e+00 +2.8518e+00
457 0 +2.188182564e+01 -3.669817436e+01 -3.669817436e+01 +2.6085e+00 -1.9252e+00 +3.3498e-01 +9.5832e-01 +2.9198e+00
493 0 +1.789430404e+01 -4.068569596e+01 -4.068569596e+01 +2.5328e+00 -1.2389e+00 +4.0038e-01 +1.9118e+00 +3.3218e+00
689 0 +1.398379434e+01 -4.459620566e+01 -4.459620566e+01 +1.6518e+00 -1.8640e+00 +3.5065e-01 +1.9189e+00 +2.8778e+00
1680 0 +1.336334133e+01 -4.521665867e+01 -4.521665867e+01 +4.7149e-01 -2.4925e+00 +3.5580e-01 +1.8580e+00 +2.9346e+00
1794 0 +1.165409086e+01 -4.692590914e+01 -4.692590914e+01 +6.4642e-01 -1.7730e+00 +3.3629e-01 +1.8481e+00 +2.9159e+00
2289 0 +1.016106910e+01 -4.841893090e+01 -4.841893090e+01 +6.3947e-01 -2.4777e+00 +3.7772e-01 +1.8534e+00 +2.9237e+00
7720 0 +9.882711811e+00 -4.869728819e+01 -4.869728819e+01 +6.4103e-01 -2.4926e+00 +3.7708e-01 +1.8918e+00 +2.9050e+00
17544 0 +7.638943424e+00 -5.094105658e+01 -5.094105658e+01 +1.5925e+00 -1.6056e+00 +3.5806e-01 +1.8938e+00 +3.6221e+00
26705 0 +7.221976655e+00 -5.135802334e+01 -5.135802334e+01 +2.5019e+00 -1.7084e+00 +9.3762e-01 +2.7748e+00 +3.5872e+00
26746 0 +6.595021561e+00 -5.198497844e+01 -5.198497844e+01 +2.5217e+00 -1.6370e+00 +9.5136e-01 +2.3153e+00 +3.5526e+00
27288 0 +5.394568309e+00 -5.318543169e+01 -5.318543169e+01 +2.5360e+00 -2.4529e+00 +8.9557e-01 +1.8483e+00 +3.5751e+00
27411 0 +4.278205825e+00 -5.430179417e+01 -5.430179417e+01 +2.5358e+00 -3.3013e+00 +9.2951e-01 +1.4757e+00 +3.5818e+00
27516 0 +4.030919242e+00 -5.454908076e+01 -5.454908076e+01 +2.4901e+00 -2.5447e+00 +9.2603e-01 +1.8751e+00 +3.5796e+00
27891 0 +3.095731186e+00 -5.548426881e+01 -5.548426881e+01 +2.5820e+00 -2.5035e+00 +9.6247e-01 +1.4984e+00 +3.5747e+00
27963 0 +2.076743009e+00 -5.650325699e+01 -5.650325699e+01 +2.5388e+00 -3.3015e+00 +9.5698e-01 +1.8781e+00 +3.5781e+00
31882 0 +1.726843224e+00 -5.685315678e+01 -5.685315678e+01 +2.5603e+00 -1.7079e+00 +9.6025e-01 +1.8765e+00 +3.5762e+00
34100 0 +1.346075503e+00 -5.723392450e+01 -5.723392450e+01 +2.5581e+00 -1.6881e+00 +9.7226e-01 +1.8654e+00 +3.5794e+00
111368 0 +1.346075503e+00 -5.723392450e+01 -5.723392450e+01 +2.5581e+00 -1.6881e+00 +9.7226e-01 +1.8654e+00 +3.5794e+00
% f evaluations | g evaluations | best noise-free fitness - Fopt (-6.049200000000e+02) + sum g_i+ | measured fitness | best measured fitness or single-digit g-values | x1 | x2...
1 0 +9.536986364e+01 -5.095501364e+02 -5.095501364e+02 +4.8814e-01 +2.1519e+00 +1.0276e+00 +4.4883e-01 -7.6345e-01
10 0 +8.384656263e+01 -5.210734374e+02 -5.210734374e+02 -7.7351e-01 +2.4877e+00 +1.4811e+00 +3.0365e-01 -1.7808e-01
15 0 +5.498242731e+01 -5.499375727e+02 -5.499375727e+02 -8.3833e-01 +8.6571e-01 +1.5308e+00 +3.1493e-01 -3.7334e-01
50 0 +4.675144233e+01 -5.581685577e+02 -5.581685577e+02 -9.6855e-01 -1.7450e-01 +1.9266e+00 +1.9843e+00 +2.1879e-01
196 0 +2.235760919e+01 -5.825623908e+02 -5.825623908e+02 -1.0929e+00 -2.4363e+00 +9.5767e-01 +1.5092e+00 -3.3001e-01
1258 0 +1.550212690e+01 -5.894178731e+02 -5.894178731e+02 +6.5678e-03 -4.2266e-01 +1.9854e+00 +2.3563e+00 +3.1873e-01
1574 0 +1.289272524e+01 -5.920272748e+02 -5.920272748e+02 -8.9770e-01 -1.8643e-01 +1.9973e+00 +1.9066e+00 -3.4033e-01
1722 0 +1.270139384e+01 -5.922186062e+02 -5.922186062e+02 +3.2019e-02 -3.2773e-01 +2.0685e+00 +1.8515e+00 +4.1577e-01
1755 0 +1.124425551e+01 -5.936757445e+02 -5.936757445e+02 -1.7922e-02 -1.0101e+00 +2.0030e+00 +1.4888e+00 +3.9099e-03
1796 0 +9.531953967e+00 -5.953880460e+02 -5.953880460e+02 +9.7592e-01 -1.0157e+00 +2.0232e+00 +1.4114e+00 +8.2827e-02
2185 0 +6.427780807e+00 -5.984922192e+02 -5.984922192e+02 -4.2451e-02 -1.1184e+00 +2.0518e+00 +1.9145e+00 +3.5372e-01
7275 0 +5.908418935e+00 -5.990115811e+02 -5.990115811e+02 +9.2908e-01 -9.8613e-01 +2.0625e+00 +1.8880e+00 -3.0102e-01
8341 0 +5.791040076e+00 -5.991289599e+02 -5.991289599e+02 +9.5972e-01 -2.2332e-01 +2.0508e+00 +1.8875e+00 -3.3094e-01
15091 0 +5.544922205e+00 -5.993750778e+02 -5.993750778e+02 +9.7608e-01 -1.7243e-01 +2.0686e+00 +1.8714e+00 -3.2684e-01
16074 0 +5.377055246e+00 -5.995429448e+02 -5.995429448e+02 +9.7560e-01 -1.8021e-01 +2.0715e+00 +1.8988e+00 -3.3370e-01
16187 0 +5.289906653e+00 -5.996300933e+02 -5.996300933e+02 +9.7938e-01 -1.9862e-01 +2.0605e+00 +1.8986e+00 -3.2704e-01
16259 0 +5.247609679e+00 -5.996723903e+02 -5.996723903e+02 +9.7312e-01 -2.1709e-01 +2.0725e+00 +1.8958e+00 -3.2760e-01
16267 0 +5.077529931e+00 -5.998424701e+02 -5.998424701e+02 +9.8153e-01 -1.8509e-01 +2.0683e+00 +1.8884e+00 -3.2559e-01
16488 0 +5.008936483e+00 -5.999110635e+02 -5.999110635e+02 +9.9445e-01 -2.0793e-01 +2.0718e+00 +1.8859e+00 -3.2454e-01
55929 0 +4.215097440e+00 -6.007049026e+02 -6.007049026e+02 +9.6466e-01 -2.4884e-01 +1.4106e+00 +1.8909e+00 +3.5235e-01
56565 0 +3.776595503e+00 -6.011434045e+02 -6.011434045e+02 +9.4384e-01 -1.0339e+00 +1.4214e+00 +1.8589e+00 +3.5698e-01
62187 0 +3.395021888e+00 -6.015249781e+02 -6.015249781e+02 +9.4607e-01 -1.8233e+00 +2.0313e+00 +1.8929e+00 +3.4580e-01
63000 0 +3.330964471e+00 -6.015890355e+02 -6.015890355e+02 +9.7145e-01 -1.8358e+00 +2.0620e+00 +1.9298e+00 +3.5278e-01
63297 0 +1.734371955e+00 -6.031856280e+02 -6.031856280e+02 +9.5117e-01 -1.8422e+00 +2.0679e+00 +1.8880e+00 +3.5978e-01
65609 0 +1.661927986e+00 -6.032580720e+02 -6.032580720e+02 +9.4733e-01 -1.8118e+00 +2.0739e+00 +1.8926e+00 +3.5667e-01
65968 0 +1.198118140e+00 -6.037218819e+02 -6.037218819e+02 +9.8181e-01 -1.8177e+00 +2.0711e+00 +1.8766e+00 +3.6245e-01
66219 0 +1.095489881e+00 -6.038245101e+02 -6.038245101e+02 +9.8385e-01 -1.8241e+00 +2.0736e+00 +1.8833e+00 +3.5926e-01
66391 0 +1.044458320e+00 -6.038755417e+02 -6.038755417e+02 +9.8884e-01 -1.8198e+00 +2.0734e+00 +1.8861e+00 +3.5879e-01
66409 0 +1.011607198e+00 -6.039083928e+02 -6.039083928e+02 +9.9348e-01 -1.8227e+00 +2.0716e+00 +1.8864e+00 +3.6109e-01
66713 0 +9.996241883e-01 -6.039203758e+02 -6.039203758e+02 +9.9786e-01 -1.8205e+00 +2.0715e+00 +1.8890e+00 +3.6189e-01
189983 0 +9.949590597e-01 -6.039250409e+02 -6.039250409e+02 +9.9840e-01 -1.8203e+00 +2.0736e+00 +1.8880e+00 +3.6240e-01
% f evaluations | g evaluations | best noise-free fitness - Fopt (1.337000000000e+02) + sum g_i+ | measured fitness | best measured fitness or single-digit g-values | x1 | x2...
1 0 +3.944064608e+02 +5.281064608e+02 +5.281064608e+02 +4.8814e-01 +2.1519e+00 +1.0276e+00 +4.4883e-01 -7.6345e-01
8 0 +2.879359752e+02 +4.216359752e+02 +4.216359752e+02 +1.1764e+00 +1.1210e+00 +1.1693e+00 +4.4375e+00 +1.8182e+00
10 0 +1.505099820e+02 +2.842099820e+02 +2.842099820e+02 -4.4566e-01 +2.4366e+00 +8.4943e-01 +2.5480e+00 +1.7852e+00
34 0 +9.345149987e+01 +2.271514999e+02 +2.271514999e+02 +2.8294e-01 +2.4169e+00 +7.2252e-01 +2.1968e+00 +3.1926e+00
83 0 +8.556604183e+01 +2.192660418e+02 +2.192660418e+02 -2.1886e-01 -5.2912e-01 +5.5203e-01 +6.5677e-01 +2.8847e+00
88 0 +6.387370632e+01 +1.975737063e+02 +1.975737063e+02 +1.3558e+00 +1.8210e+00 -6.9087e-02 +1.1680e+00 +2.2023e+00
172 0 +4.643821682e+01 +1.801382168e+02 +1.801382168e+02 -5.7469e-01 +2.2104e+00 -1.7003e-01 +1.5836e+00 +3.7345e+00
236 0 +4.335360278e+01 +1.770536028e+02 +1.770536028e+02 -5.9702e-01 +7.1162e-02 -2.1503e-01 +2.5969e+00 +2.7035e+00
274 0 +4.100482435e+01 +1.747048244e+02 +1.747048244e+02 +8.8525e-01 +1.8558e+00 -4.4584e-02 +2.7880e+00 +3.4313e+00
301 0 +3.986889899e+01 +1.735688990e+02 +1.735688990e+02 +1.3473e+00 -1.3343e+00 -7.4683e-01 +2.3432e+00 +2.5115e+00
336 0 +3.671167711e+01 +1.704116771e+02 +1.704116771e+02 +2.4635e+00 +1.5920e+00 -5.4966e-01 +3.0770e+00 +3.0170e+00
390 0 +2.884221519e+01 +1.625422152e+02 +1.625422152e+02 +5.0629e-01 -2.7842e-01 -3.2440e-01 +2.3515e+00 +2.9570e+00
532 0 +2.653723072e+01 +1.602372307e+02 +1.602372307e+02 +5.0246e-01 +3.1006e+00 -2.1461e-01 +2.4296e+00 +3.3849e+00
636 0 +2.375677810e+01 +1.574567781e+02 +1.574567781e+02 +1.5134e+00 -1.4721e+00 -1.4005e-01 +1.8761e+00 +3.0095e+00
737 0 +1.910062590e+01 +1.528006259e+02 +1.528006259e+02 +6.7274e-01 -4.9761e-01 -1.3370e-01 +2.3286e+00 +3.3762e+00
1555 0 +1.562809030e+01 +1.493280903e+02 +1.493280903e+02 +1.5213e+00 -5.5709e-01 -2.1727e-01 +2.3438e+00 +3.6743e+00
1577 0 +1.161140840e+01 +1.453114084e+02 +1.453114084e+02 +2.4778e+00 +1.5327e+00 -2.5382e-01 +1.5002e+00 +3.6472e+00
2221 0 +1.026583045e+01 +1.439658305e+02 +1.439658305e+02 +5.7848e-01 +1.6831e+00 -1.3940e-01 +1.9193e+00 +3.6576e+00
2979 0 +6.354549715e+00 +1.400545497e+02 +1.400545497e+02 +1.4835e+00 +8.8563e-01 -1.8443e-01 +1.8791e+00 +3.6646e+00
4098 0 +5.014284690e+00 +1.387142847e+02 +1.387142847e+02 +1.4697e+00 +9.5239e-01 -1.6942e-01 +1.9487e+00 +3.6612e+00
51684 0 +1.832324306e+00 +1.355323243e+02 +1.355323243e+02 +2.4393e+00 +9.3232e-01 -1.9363e-01 +1.9116e+00 +3.6770e+00
130268 0 +1.832324306e+00 +1.355323243e+02 +1.355323243e+02 +2.4393e+00 +9.3232e-01 -1.9363e-01 +1.9116e+00 +3.6770e+00
% f evaluations | g evaluations | best noise-free fitness - Fopt (-2.098000000000e+01) + sum g_i+ | measured fitness | best measured fitness or single-digit g-values | x1 | x2...
1 0 +3.127531553e+02 +2.917731553e+02 +2.917731553e+02 +4.8814e-01 +2.1519e+00 +1.0276e+00 +4.4883e-01 -7.6345e-01
13 0 +2.794403852e+02 +2.584603852e+02 +2.584603852e+02 -2.2956e+00 +2.1116e+00 -6.8340e-01 +3.3238e-01 -2.0340e+00
20 0 +2.299659067e+02 +2.089859067e+02 +2.089859067e+02 -2.1198e+00 +2.5309e+00 +3.3762e-01 +4.1290e-01 -1.7237e+00
24 0 +9.568090219e+01 +7.470090219e+01 +7.470090219e+01 +1.1264e+00 -1.8731e+00 +8.0452e-03 +1.0490e+00 +1.0912e+00
104 0 +7.065683914e+01 +4.967683914e+01 +4.967683914e+01 +3.0113e-01 -4.5562e-01 +4.2677e-01 -7.9800e-01 +1.4307e+00
134 0 +5.448971793e+01 +3.350971793e+01 +3.350971793e+01 +1.1952e+00 +1.8470e+00 +1.7766e-01 +6.8606e-01 +1.1083e+00
196 0 +5.362711969e+01 +3.264711969e+01 +3.264711969e+01 +8.7681e-01 +4.2547e-01 +2.0114e-01 +2.4461e+00 +1.8187e+00
211 0 +5.151393933e+01 +3.053393933e+01 +3.053393933e+01 +2.1717e+00 +1.3402e+00 -7.7197e-01 -5.9484e-01 +2.1262e+00
240 0 +4.806751132e+01 +2.708751132e+01 +2.708751132e+01 +3.3289e-02 +9.1300e-02 -3.1218e-01 +7.2071e-01 +1.5333e+00
254 0 +3.363066114e+01 +1.265066114e+01 +1.265066114e+01 +2.1583e+00 +2.6702e+00 +3.2585e-01 -1.4620e-01 +1.7027e+00
406 0 +3.083522142e+01 +9.855221425e+00 +9.855221425e+00 +4.7589e-01 +1.1584e+00 -1.7123e-01 +4.0262e-01 +1.7736e+00
449 0 +2.773869294e+01 +6.758692938e+00 +6.758692938e+00 +2.2652e-01 +1.9124e+00 +3.5254e-01 -2.9862e-02 +2.5243e+00
539 0 +2.351139467e+01 +2.531394672e+00 +2.531394672e+00 -1.5355e-01 +2.6627e+00 -3.3321e-01 +7.3311e-01 +1.7856e+00
557 0 +2.088699270e+01 -9.300729649e-02 -9.300729649e-02 -8.7929e-02 +1.8022e+00 +2.7314e-01 +4.2144e-01 +2.1561e+00
1632 0 +1.373225439e+01 -7.247745613e+00 -7.247745613e+00 +1.1472e+00 +2.6514e+00 -3.5889e-01 +3.7358e-01 +1.7568e+00
3145 0 +1.240385816e+01 -8.576141840e+00 -8.576141840e+00 +1.9981e+00 +1.0405e+00 -3.2474e-01 +4.2845e-01 +1.8334e+00
3156 0 +1.133032864e+01 -9.649671362e+00 -9.649671362e+00 +1.9676e+00 +1.9422e+00 -4.1054e-01 +3.6323e-01 +1.8433e+00
3397 0 +7.986644819e+00 -1.299335518e+01 -1.299335518e+01 +2.0361e+00 +1.8254e+00 -3.1828e-01 +4.0020e-01 +1.8066e+00
3429 0 +7.523863319e+00 -1.345613668e+01 -1.345613668e+01 +2.0410e+00 +2.6185e+00 -3.8105e-01 +3.8017e-01 +1.8006e+00
4244 0 +6.630444021e+00 -1.434955598e+01 -1.434955598e+01 +1.9978e+00 +1.8854e+00 -3.1197e-01 +4.0275e-01 +1.7935e+00
5930 0 +5.857087195e+00 -1.512291281e+01 -1.512291281e+01 +2.0514e+00 +1.9087e+00 -3.0935e-01 +3.7360e-01 +1.7849e+00
14581 0 +4.785702349e+00 -1.619429765e+01 -1.619429765e+01 +1.9593e+00 +1.9068e+00 -3.5105e-01 +3.6341e-01 +2.5261e+00
29893 0 +4.407303272e+00 -1.657269673e+01 -1.657269673e+01 +1.0515e+00 +1.9447e+00 -3.1988e-01 +3.8206e-01 +2.2008e+00
30665 0 +4.294430845e+00 -1.668556915e+01 -1.668556915e+01 +1.0671e+00 +2.7189e+00 -3.2075e-01 +3.8620e-01 +2.1715e+00
30768 0 +4.097707857e+00 -1.688229214e+01 -1.688229214e+01 +1.0722e+00 +2.7491e+00 -3.3621e-01 +3.8674e-01 +2.1757e+00
30952 0 +4.021865207e+00 -1.695813479e+01 -1.695813479e+01 +1.0603e+00 +2.7295e+00 -3.2510e-01 +3.8687e-01 +2.1824e+00
31478 0 +3.980924958e+00 -1.699907504e+01 -1.699907504e+01 +1.0640e+00 +2.7374e+00 -3.3157e-01 +3.8632e-01 +2.1810e+00
75166 0 +2.260513416e+00 -1.871948658e+01 -1.871948658e+01 +2.0300e+00 +1.0773e+00 +2.4152e-01 +3.8044e-01 +2.4840e+00
129424 0 +2.260513416e+00 -1.871948658e+01 -1.871948658e+01 +2.0300e+00 +1.0773e+00 +2.4152e-01 +3.8044e-01 +2.4840e+00
% f evaluations | g evaluations | best noise-free fitness - Fopt (1.353300000000e+02) + sum g_i+ | measured fitness | best measured fitness or single-digit g-values | x1 | x2...
1 0 +2.409977306e+02 +3.763277306e+02 +3.763277306e+02 +4.8814e-01 +2.1519e+00 +1.0276e+00 +4.4883e-01 -7.6345e-01
29 0 +1.726687531e+02 +3.079987531e+02 +3.079987531e+02 -1.4854e+00 +3.0744e+00 +1.3536e-01 -3.0748e-01 +3.8139e-01
39 0 +1.016552160e+02 +2.369852160e+02 +2.369852160e+02 -1.9792e+00 +1.8741e+00 -1.0899e-01 -1.2635e+00 +1.7239e+00
53 0 +9.929739142e+01 +2.346273914e+02 +2.346273914e+02 -3.5561e+00 +3.3215e+00 +4.2226e-01 -1.9690e+00 +2.1229e+00
87 0 +4.924961026e+01 +1.845796103e+02 +1.845796103e+02 -1.4031e+00 +1.5027e+00 +1.1491e+00 -2.1880e+00 +2.1273e+00
281 0 +4.296374443e+01 +1.782937444e+02 +1.782937444e+02 -2.4269e+00 +1.7243e+00 -6.6625e-01 -2.9403e+00 +2.4724e+00
311 0 +3.350520074e+01 +1.688352007e+02 +1.688352007e+02 -1.0038e+00 +7.6672e-01 -5.0544e-01 -2.6449e+00 +2.8367e+00
536 0 +3.113408020e+01 +1.664640802e+02 +1.664640802e+02 -1.3904e+00 +5.9100e-01 +9.4951e-01 -2.8562e+00 +3.1645e+00
940 0 +3.047475349e+01 +1.658047535e+02 +1.658047535e+02 -1.2511e+00 -6.4163e-01 +3.7674e-01 -2.9074e+00 +2.8818e+00
959 0 +1.724826865e+01 +1.525782686e+02 +1.525782686e+02 -3.7520e-01 +1.2810e-01 +4.4045e-01 -3.0989e+00 +3.1358e+00
2083 0 +1.325755944e+01 +1.485875594e+02 +1.485875594e+02 -5.1241e-01 -1.4591e+00 +9.7558e-01 -2.6373e+00 +2.8790e+00
2374 0 +1.197240111e+01 +1.473024011e+02 +1.473024011e+02 -5.6230e-01 +8.2394e-01 +1.0269e+00 -2.2297e+00 +2.8600e+00
2734 0 +1.096213213e+01 +1.462921321e+02 +1.462921321e+02 -5.1157e-01 -2.6253e-02 +9.1234e-01 -2.2393e+00 +2.8825e+00
3350 0 +1.027256808e+01 +1.456025681e+02 +1.456025681e+02 +4.7462e-01 +9.6941e-02 +9.0406e-01 -2.2463e+00 +2.8735e+00
4466 0 +9.197168012e+00 +1.445271680e+02 +1.445271680e+02 -3.3795e-01 +5.3567e-02 +9.2945e-01 -2.6068e+00 +2.8837e+00
5215 0 +7.539805687e+00 +1.428698057e+02 +1.428698057e+02 -4.2359e-01 -4.7069e-02 +9.0023e-01 -2.6432e+00 +2.8792e+00
7642 0 +7.130760150e+00 +1.424607601e+02 +1.424607601e+02 -4.6988e-01 +1.5856e+00 +9.6176e-01 -2.6324e+00 +2.8797e+00
7725 0 +6.299769786e+00 +1.416297698e+02 +1.416297698e+02 -4.4668e-01 +1.6184e+00 +9.6968e-01 -2.6239e+00 +2.8757e+00
8547 0 +5.026134436e+00 +1.403561344e+02 +1.403561344e+02 -4.5707e-01 +7.7214e-01 +9.7464e-01 -3.0391e+00 +2.8516e+00
8792 0 +4.891640001e+00 +1.402216400e+02 +1.402216400e+02 -4.1184e-01 +7.3029e-01 +9.5206e-01 -2.6181e+00 +2.8556e+00
8953 0 +3.840541359e+00 +1.391705414e+02 +1.391705414e+02 -4.5147e-01 +8.5519e-01 +9.5432e-01 -2.6222e+00 +2.8521e+00
8971 0 +3.798855452e+00 +1.391288555e+02 +1.391288555e+02 -4.6291e-01 +8.2696e-01 +9.5150e-01 -2.6175e+00 +2.8555e+00
9499 0 +3.695797662e+00 +1.390257977e+02 +1.390257977e+02 -4.4916e-01 +8.2120e-01 +9.5460e-01 -2.6122e+00 +2.8753e+00
26781 0 +3.594009596e+00 +1.389240096e+02 +1.389240096e+02 -4.8649e-01 +3.0911e-02 +3.9696e-01 -3.0343e+00 +3.1761e+00
27917 0 +3.279116928e+00 +1.386091169e+02 +1.386091169e+02 +5.0299e-01 +7.2311e-01 +3.5602e-01 -2.6245e+00 +3.1712e+00
31494 0 +2.517039568e+00 +1.378470396e+02 +1.378470396e+02 +4.5814e-01 +4.2841e-02 +3.7506e-01 -2.6277e+00 +3.1672e+00
33091 0 +1.955326132e+00 +1.372853261e+02 +1.372853261e+02 +5.1683e-01 +1.7159e-03 +3.4650e-01 -2.6127e+00 +3.1667e+00
33448 0 +1.825551782e+00 +1.371555518e+02 +1.371555518e+02 +4.7963e-01 +2.1868e-02 +3.6814e-01 -2.6220e+00 +3.1709e+00
116368 0 +1.825551782e+00 +1.371555518e+02 +1.371555518e+02 +4.7963e-01 +2.1868e-02 +3.6814e-01 -2.6220e+00 +3.1709e+00
% f evaluations | g evaluations | best noise-free fitness - Fopt (4.066000000000e+01) + sum g_i+ | measured fitness | best measured fitness or single-digit g-values | x1 | x2...
1 0 +1.945042600e+02 +2.351642600e+02 +2.351642600e+02 +4.8814e-01 +2.1519e+00 +1.0276e+00 +4.4883e-01 -7.6345e-01
17 0 +1.633831768e+02 +2.040431768e+02 +2.040431768e+02 -3.8212e-01 +2.3949e+00 +6.8708e-01 +7.4336e-01 +1.7858e+00
27 0 +1.030255391e+02 +1.436855391e+02 +1.436855391e+02 +8.6736e-01 +6.0272e-01 +9.2442e-01 +2.6763e-01 +1.7310e+00
29 0 +8.734358086e+01 +1.280035809e+02 +1.280035809e+02 -3.2055e-01 +7.9673e-01 +2.8033e+00 -1.1614e+00 +1.6687e+00
44 0 +7.869881089e+01 +1.193588109e+02 +1.193588109e+02 -3.2220e-01 +9.2542e-01 +3.2420e+00 -1.5707e+00 +5.7666e-01
127 0 +6.285529849e+01 +1.035152985e+02 +1.035152985e+02 -1.5845e-01 +9.8865e-01 +2.2923e+00 -2.6365e+00 +1.1689e+00
158 0 +5.436779774e+01 +9.502779774e+01 +9.502779774e+01 +7.5114e-02 +2.6054e+00 +2.7268e+00 -1.4717e+00 +1.0527e+00
170 0 +4.003661986e+01 +8.069661986e+01 +8.069661986e+01 +1.9664e-01 +1.7488e+00 +3.8890e+00 -2.2408e+00 +1.0006e+00
267 0 +2.664101664e+01 +6.730101664e+01 +6.730101664e+01 +2.1131e+00 -1.8679e+00 +3.8335e+00 -2.2426e+00 +1.4061e+00
595 0 +1.728784449e+01 +5.794784449e+01 +5.794784449e+01 +2.0406e+00 +2.8458e+00 +3.3804e+00 -2.7342e+00 +7.6330e-01
1760 0 +1.599188377e+01 +5.665188377e+01 +5.665188377e+01 +1.1361e+00 +2.1414e+00 +3.3186e+00 -2.2647e+00 +9.9828e-01
2127 0 +6.138690067e+00 +4.679869007e+01 +4.679869007e+01 +2.1102e+00 +2.0681e+00 +3.3140e+00 -2.2626e+00 +1.7053e+00
3130 0 +5.347882167e+00 +4.600788217e+01 +4.600788217e+01 +2.0339e+00 +1.8874e+00 +3.2790e+00 -2.6999e+00 +1.7225e+00
115295 0 +3.563654868e+00 +4.422365487e+01 +4.422365487e+01 +3.0378e+00 +2.0192e+00 +3.3495e+00 -2.2618e+00 +1.7183e+00
144753 0 +3.539693148e+00 +4.419969315e+01 +4.419969315e+01 +3.0172e+00 +2.0417e+00 +3.3267e+00 -2.6976e+00 +1.4088e+00
147455 0 +3.428762835e+00 +4.408876284e+01 +4.408876284e+01 +3.0329e+00 +2.0390e+00 +3.3556e+00 -2.6939e+00 +1.4151e+00
147764 0 +3.327785808e+00 +4.398778581e+01 +4.398778581e+01 +3.0409e+00 +2.0785e+00 +3.3147e+00 -2.6860e+00 +1.4195e+00
148673 0 +3.152224551e+00 +4.381222455e+01 +4.381222455e+01 +3.0457e+00 +2.0773e+00 +3.3374e+00 -2.6901e+00 +1.4174e+00
157337 0 +3.152224551e+00 +4.381222455e+01 +4.381222455e+01 +3.0457e+00 +2.0773e+00 +3.3374e+00 -2.6901e+00 +1.4174e+00
