% f evaluations | g evaluations | best noise-free fitness - Fopt (1.026100000000e+02) + sum g_i+ | measured fitness | best measured fitness or single-digit g-values | x1 | x2...
1 0 +1.108399308e+02 +2.134499308e+02 +2.134499308e+02 +4.8814e-01 +2.1519e+00 +1.0276e+00 +4.4883e-01 -7.6345e-01
4 0 +1.068112399e+02 +2.094212399e+02 +2.094212399e+02 -4.1287e+00 -4.7978e+00 +3.3262e+00 +2.7816e+00 +3.7001e+00
10 0 +8.595203923e+01 +1.885620392e+02 +1.885620392e+02 -3.3131e+00 -5.0143e+00 +3.7675e+00 +9.1741e-01 +1.2385e+00
15 0 +8.036461656e+01 +1.829746166e+02 +1.829746166e+02 -4.0188e+00 -3.0832e+00 +3.6761e+00 +1.1510e+00 +1.5342e+00
16 0 +6.360279237e+01 +1.662127924e+02 +1.662127924e+02 -1.2230e+00 -2.5831e+00 +2.1661e+00 +3.9120e+00 +7.5780e-01
17 0 +5.965640647e+01 +1.622664065e+02 +1.622664065e+02 -5.0061e-01 -2.3046e-01 +8.6647e-01 +3.2548e+00 +3.5560e+00
40 0 +5.837278537e+01 +1.609827854e+02 +1.609827854e+02 -2.2417e+00 -3.2610e+00 +3.3980e+00 +2.3684e+00 +1.0516e+00
60 0 +3.878694125e+01 +1.413969413e+02 +1.413969413e+02 -1.7303e+00 -1.3231e+00 +1.2625e+00 +2.7367e+00 +1.2192e+00
160 0 +3.335167211e+01 +1.359616721e+02 +1.359616721e+02 -1.5371e+00 -2.9464e+00 +1.4975e+00 +1.6284e+00 +1.2952e+00
312 0 +3.076337968e+01 +1.333733797e+02 +1.333733797e+02 -1.9689e+00 -2.6160e+00 +1.5198e+00 +2.0004e+00 +1.1318e+00
366 0 +1.786966945e+01 +1.204796695e+02 +1.204796695e+02 -1.6947e+00 -2.3135e+00 +1.0107e+00 +2.1551e+00 +2.8470e+00
1281 0 +1.612659730e+01 +1.187365973e+02 +1.187365973e+02 -2.8074e+00 -1.4409e+00 +2.0474e+00 +1.2560e+00 +1.4902e+00
2103 0 +1.472017559e+01 +1.173301756e+02 +1.173301756e+02 -2.3141e+00 -2.2813e+00 +9.8664e-01 +1.2828e+00 +1.4546e+00
2805 0 +1.401093085e+01 +1.166209309e+02 +1.166209309e+02 -2.6214e+00 -1.4761e+00 +9.5156e-01 +1.8528e+00 +2.0277e+00
4323 0 +1.134291302e+01 +1.139529130e+02 +1.139529130e+02 -2.5180e+00 -1.5646e+00 +1.1985e+00 +1.0861e+00 +2.5264e+00
72560 0 +1.061656108e+01 +1.132265611e+02 +1.132265611e+02 -2.4295e+00 -7.2907e-01 +1.4402e+00 +2.0499e+00 +1.2924e+00
91217 0 +9.129748844e+00 +1.117397488e+02 +1.117397488e+02 -1.3481e+00 -1.8424e+00 +2.3223e+00 +1.1719e+00 +2.0412e+00
116488 0 +8.619475213e+00 +1.112294752e+02 +1.112294752e+02 +1.4566e+00 +1.0686e+00 -1.1677e+00 -6.3913e-01 -1.4587e+00
119106 0 +7.811976877e+00 +1.104219769e+02 +1.104219769e+02 +1.7602e+00 +1.1090e+00 -1.1790e+00 -1.0435e+00 -1.7077e+00
120133 0 +7.117474161e+00 +1.097274742e+02 +1.097274742e+02 +9.0885e-01 +1.8043e+00 -1.4681e+00 -9.0276e-01 -9.5965e-01
500000 0 +7.117474161e+00 +1.097274742e+02 +1.097274742e+02 +9.0885e-01 +1.8043e+00 -1.4681e+00 -9.0276e-01 -9.5965e-01
% f evaluations | g evaluations | best noise-free fitness - Fopt (9.330000000000e+01) + sum g_i+ | measured fitness | best measured fitness or single-digit g-values | x1 | x2...
1 0 +1.038475143e+02 +1.971475143e+02 +1.971475143e+02 +4.8814e-01 +2.1519e+00 +1.0276e+00 +4.4883e-01 -7.6345e-01
6 0 +1.019389316e+02 +1.952389316e+02 +1.952389316e+02 +1.3992e+00 -3.5665e+00 +4.4467e+00 +2.1848e-01 -8.5338e-01
11 0 +8.979154358e+01 +1.830915436e+02 +1.830915436e+02 -3.8895e-01 +4.2911e+00 -3.0382e-01 +1.3279e+00 -1.1483e+00
15 0 +8.575252570e+01 +1.790525257e+02 +1.790525257e+02 -7.2864e-02 -2.7972e+00 +3.4567e+00 -7.2682e-01 -2.7233e+00
39 0 +7.370578051e+01 +1.670057805e+02 +1.670057805e+02 +1.4264e+00 -2.1484e-01 +2.2429e+00 +2.5617e-01 -6.2312e-01
43 0 +6.948308694e+01 +1.627830869e+02 +1.627830869e+02 +2.2908e+00 -2.7081e+00 +4.5758e+00 -2.4925e+00 -1.7149e+00
44 0 +6.459166148e+01 +1.578916615e+02 +1.578916615e+02 -6.0638e-01 -1.3722e-01 +2.4846e+00 -2.1429e-01 -2.5997e+00
121 0 +5.535890049e+01 +1.486589005e+02 +1.486589005e+02 +1.4772e+00 -8.5434e-01 +3.6603e-01 -1.4290e+00 -2.8110e+00
144 0 +5.350321739e+01 +1.468032174e+02 +1.468032174e+02 +2.0110e-01 +1.1818e+00 +5.8503e-01 +1.3990e+00 +7.3490e-02
220 0 +4.868730667e+01 +1.419873067e+02 +1.419873067e+02 +5.2920e-01 +3.3296e+00 -2.3713e+00 +1.2236e+00 +8.0053e-01
234 0 +2.862994455e+01 +1.219299446e+02 +1.219299446e+02 +2.6224e-02 +4.4673e-01 -2.8187e+00 +2.6301e+00 +2.7756e+00
668 0 +2.594527316e+01 +1.192452732e+02 +1.192452732e+02 +1.7771e+00 +6.5096e-01 +1.3216e+00 -1.5665e+00 -1.0213e+00
844 0 +2.221052243e+01 +1.155105224e+02 +1.155105224e+02 +1.2401e+00 -6.4645e-01 +2.3981e-01 -2.0906e+00 -1.4345e+00
1912 0 +1.829486803e+01 +1.115948680e+02 +1.115948680e+02 -1.8448e+00 +1.7990e+00 -2.3332e+00 +1.9020e+00 +2.5640e+00
2063 0 +1.258275876e+01 +1.058827588e+02 +1.058827588e+02 -1.4356e+00 +2.2820e+00 -2.0256e+00 +1.7060e+00 +1.6643e+00
16791 0 +9.736056413e+00 +1.030360564e+02 +1.030360564e+02 -1.4997e+00 +2.3145e+00 -1.4569e+00 +1.5643e+00 +1.8189e+00
99045 0 +8.178864015e+00 +1.014788640e+02 +1.014788640e+02 +1.2616e+00 -1.4389e+00 +1.3841e+00 -5.5219e-01 -2.0613e+00
210907 0 +8.066501560e+00 +1.013665016e+02 +1.013665016e+02 +1.1898e+00 -1.0295e+00 +9.8003e-01 -1.2416e+00 -1.0923e+00
222434 0 +7.750959996e+00 +1.010509600e+02 +1.010509600e+02 +1.4498e+00 -1.0779e+00 +9.6721e-01 -1.6493e+00 -1.6306e+00
234036 0 +7.502751281e+00 +1.008027513e+02 +1.008027513e+02 +1.0114e+00 -1.0244e+00 +1.0377e+00 -1.2304e+00 -6.0854e-01
249463 0 +6.442700894e+00 +9.974270089e+01 +9.974270089e+01 +1.3989e+00 -1.6031e+00 +1.3450e+00 -1.5000e+00 -1.9033e+00
249593 0 +4.440557478e+00 +9.774055748e+01 +9.774055748e+01 +5.3525e-01 -1.2827e+00 +1.0960e+00 -7.6422e-01 -1.1661e+00
500000 0 +4.440557478e+00 +9.774055748e+01 +9.774055748e+01 +5.3525e-01 -1.2827e+00 +1.0960e+00 -7.6422e-01 -1.1661e+00
% f evaluations | g evaluations | best noise-free fitness - Fopt (1.364000000000e+01) + sum g_i+ | measured fitness | best measured fitness or single-digit g-values | x1 | x2...
1 0 +9.185845602e+01 +1.054984560e+02 +1.054984560e+02 +4.8814e-01 +2.1519e+00 +1.0276e+00 +4.4883e-01 -7.6345e-01
19 0 +8.125839676e+01 +9.489839676e+01 +9.489839676e+01 +4.8989e-01 +6.1770e-01 +7.8921e-01 +4.3561e+00 -9.5101e-01
24 0 +7.921229732e+01 +9.285229732e+01 +9.285229732e+01 -1.3990e+00 +7.8287e-01 -6.7968e-01 +6.0062e-01 -3.5396e+00
37 0 +6.485117667e+01 +7.849117667e+01 +7.849117667e+01 +3.3706e+00 +5.9041e-01 +2.1513e+00 -2.1896e+00 +1.1966e+00
64 0 +5.290041043e+01 +6.654041043e+01 +6.654041043e+01 +9.7700e-01 +8.3616e-01 +2.7743e+00 -4.2194e-01 +1.9801e+00
76 0 +5.059814152e+01 +6.423814152e+01 +6.423814152e+01 -1.1728e+00 -7.0173e-01 -3.8581e-02 +1.8292e-01 -2.1432e+00
144 0 +3.765230104e+01 +5.129230104e+01 +5.129230104e+01 -3.6502e+00 -1.3905e+00 -6.9970e-01 +1.6049e+00 -1.1786e+00
212 0 +1.620486768e+01 +2.984486768e+01 +2.984486768e+01 -1.6732e+00 -1.9419e+00 -6.5970e-01 +4.3770e-01 -2.8710e+00
565 0 +1.442668450e+01 +2.806668450e+01 +2.806668450e+01 -5.9848e-01 -2.2844e+00 -9.5652e-01 +1.0958e+00 -8.2216e-01
6334 0 +1.384948652e+01 +2.748948652e+01 +2.748948652e+01 -4.5737e-01 -6.8043e-01 -1.0516e+00 +1.3391e+00 -1.4257e+00
22505 0 +1.163018355e+01 +2.527018355e+01 +2.527018355e+01 -1.1960e+00 -1.9934e+00 -2.4574e+00 +1.2062e+00 -8.8298e-01
69029 0 +9.546509700e+00 +2.318650970e+01 +2.318650970e+01 -2.2170e+00 -2.0363e+00 -1.5894e+00 +1.8519e+00 -1.4345e+00
242025 0 +9.076708748e+00 +2.271670875e+01 +2.271670875e+01 -1.6827e+00 -2.1355e+00 -2.4645e+00 +1.8085e+00 -1.9393e+00
301157 0 +8.301989552e+00 +2.194198955e+01 +2.194198955e+01 +1.5332e+00 +1.7045e+00 +1.5298e+00 -9.5972e-01 +1.5341e+00
304945 0 +3.862175517e+00 +1.750217552e+01 +1.750217552e+01 +1.2843e+00 +1.2719e+00 +1.4407e+00 -1.0917e+00 +1.1869e+00
500000 0 +3.862175517e+00 +1.750217552e+01 +1.750217552e+01 +1.2843e+00 +1.2719e+00 +1.4407e+00 -1.0917e+00 +1.1869e+00
% f evaluations | g evaluations | best noise-free fitness - Fopt (1.948000000000e+02) + sum g_i+ | measured fitness | best measured fitness or single-digit g-values | x1 | x2...
1 0 +9.971010138e+01 +2.945101014e+02 +2.945101014e+02 +4.8814e-01 +2.1519e+00 +1.0276e+00 +4.4883e-01 -7.6345e-01
10 0 +9.614019726e+01 +2.909401973e+02 +2.909401973e+02 +1.8444e+00 +3.8738e+00 -5.4219e-01 +1.9601e+00 -1.9549e+00
14 0 +9.388444891e+01 +2.886844489e+02 +2.886844489e+02 +1.5342e+00 -9.8632e-01 +2.0649e+00 +2.7524e+00 -2.0782e+00
17 0 +8.537993548e+01 +2.801799355e+02 +2.801799355e+02 -4.7299e-01 +6.8106e-01 +9.7650e-01 +2.7351e+00 -2.0120e+00
18 0 +7.941431105e+01 +2.742143111e+02 +2.742143111e+02 +2.8247e+00 +1.4599e+00 +1.4287e+00 +2.5531e+00 -2.3811e+00
37 0 +6.210601246e+01 +2.569060125e+02 +2.569060125e+02 +3.5795e+00 -1.9995e-01 +2.7261e+00 +3.7806e-02 -1.1479e+00
76 0 +5.015313988e+01 +2.449531399e+02 +2.449531399e+02 +3.2787e-01 -4.2489e-01 +2.0961e+00 -1.4333e+00 -2.0905e+00
101 0 +4.943872265e+01 +2.442387226e+02 +2.442387226e+02 +6.8334e-01 +4.1575e+00 +1.2276e+00 +1.3587e+00 -1.3064e+00
106 0 +4.411576096e+01 +2.389157610e+02 +2.389157610e+02 +4.6893e-01 +9.3304e-01 +6.4217e-01 +3.1641e-01 -2.0011e+00
167 0 +4.071737400e+01 +2.355173740e+02 +2.355173740e+02 +1.0635e+00 +3.5145e+00 +5.9095e-01 -7.9542e-01 -5.8144e-01
197 0 +3.887224835e+01 +2.336722483e+02 +2.336722483e+02 +1.6303e+00 +7.7103e-02 +1.1255e+00 +1.2288e-02 -2.3677e+00
202 0 +2.738263677e+01 +2.221826368e+02 +2.221826368e+02 +1.0067e+00 +1.5289e+00 +1.2667e+00 -4.8054e-01 -2.2218e+00
640 0 +2.313873956e+01 +2.179387396e+02 +2.179387396e+02 +1.8006e+00 -1.5765e-01 +2.1968e+00 -2.4292e+00 -1.3507e+00
692 0 +2.192549959e+01 +2.167254996e+02 +2.167254996e+02 +2.4062e+00 +4.9159e-01 +2.1177e+00 -6.1809e-01 -1.8925e+00
728 0 +2.185656637e+01 +2.166565664e+02 +2.166565664e+02 +1.3110e+00 +1.5832e+00 +7.4868e-01 -1.6534e+00 -2.0643e+00
893 0 +1.988203758e+01 +2.146820376e+02 +2.146820376e+02 +1.8734e+00 +2.0960e+00 +1.0525e+00 -1.8258e+00 -1.4692e+00
1562 0 +1.888580569e+01 +2.136858057e+02 +2.136858057e+02 +2.4825e-02 +1.4879e+00 +1.2271e+00 -2.2088e+00 -2.1380e+00
1570 0 +1.635891979e+01 +2.111589198e+02 +2.111589198e+02 +9.0775e-01 +2.7387e+00 +1.4246e+00 -5.6431e-01 -2.2887e+00
2612 0 +1.599374663e+01 +2.107937466e+02 +2.107937466e+02 +9.4416e-01 +6.9729e-01 +1.3651e+00 -2.0414e+00 -1.2867e+00
3025 0 +1.351335608e+01 +2.083133561e+02 +2.083133561e+02 +2.6697e+00 +1.9069e+00 +1.2078e+00 -8.7633e-01 -2.3999e+00
8616 0 +1.286819875e+01 +2.076681988e+02 +2.076681988e+02 +2.6434e+00 +1.3890e+00 +1.2054e+00 -2.0896e+00 -1.1789e+00
52573 0 +1.181673368e+01 +2.066167337e+02 +2.066167337e+02 +1.3180e+00 +2.0711e+00 +1.6488e+00 -2.5794e+00 -2.2825e+00
102618 0 +1.154907308e+01 +2.063490731e+02 +2.063490731e+02 +2.1023e+00 +2.5516e+00 +2.0150e+00 -6.9711e-01 -2.7741e+00
126249 0 +1.027833096e+01 +2.050783310e+02 +2.050783310e+02 +1.1408e+00 +1.4743e+00 +6.1819e-01 -1.9242e+00 -1.6681e+00
262489 0 +9.900802786e+00 +2.047008028e+02 +2.047008028e+02 +1.3186e+00 +1.5718e+00 +1.6174e+00 -2.2989e+00 -1.8983e+00
402724 0 +4.956223385e+00 +1.997562234e+02 +1.997562234e+02 -1.0955e+00 -8.3057e-01 -1.0260e+00 +1.4083e+00 +1.1560e+00
418219 0 +4.588576452e+00 +1.993885765e+02 +1.993885765e+02 -5.6020e-01 -1.1761e+00 -1.0383e+00 +1.3057e+00 +9.9873e-01
500000 0 +4.588576452e+00 +1.993885765e+02 +1.993885765e+02 -5.6020e-01 -1.1761e+00 -1.0383e+00 +1.3057e+00 +9.9873e-01
% f evaluations | g evaluations | best noise-free fitness - Fopt (-1.335900000000e+02) + sum g_i+ | measured fitness | best measured fitness or single-digit g-values | x1 | x2...
1 0 +9.699117996e+01 -3.659882004e+01 -3.659882004e+01 +4.8814e-01 +2.1519e+00 +1.0276e+00 +4.4883e-01 -7.6345e-01
7 0 +8.596366360e+01 -4.762633640e+01 -4.762633640e+01 -2.3544e+00 +2.7423e+00 -4.3850e-01 +6.8434e-01 -4.8121e+00
11 0 +7.502953498e+01 -5.856046502e+01 -5.856046502e+01 +1.7782e+00 +6.4873e-01 +2.5166e+00 +1.0590e+00 +1.1373e+00
21 0 +7.217700248e+01 -6.141299752e+01 -6.141299752e+01 +1.5328e+00 -2.2847e+00 +2.9593e+00 +4.0812e+00 +1.4688e+00
30 0 +4.677794983e+01 -8.681205017e+01 -8.681205017e+01 -5.5151e-01 +2.3774e+00 +4.7701e-01 -1.0398e-01 -2.8943e+00
71 0 +4.634283084e+01 -8.724716916e+01 -8.724716916e+01 -8.7211e-01 +1.6273e+00 -1.1565e+00 -1.5326e-01 -8.9374e-01
103 0 +4.314307390e+01 -9.044692610e+01 -9.044692610e+01 -1.9168e+00 +8.3003e-01 +3.1014e-01 -2.1566e+00 -7.0067e-01
112 0 +4.154860667e+01 -9.204139333e+01 -9.204139333e+01 -1.4418e+00 +2.7948e+00 -7.1783e-01 -1.4187e+00 -7.0486e-01
174 0 +2.555657001e+01 -1.080334300e+02 -1.080334300e+02 -1.1296e+00 +3.1985e-01 -3.3724e+00 -3.3270e+00 -1.1340e+00
281 0 +2.212164813e+01 -1.114683519e+02 -1.114683519e+02 -1.9891e+00 +1.3834e+00 -3.0815e+00 -2.1133e+00 -1.4059e+00
1904 0 +2.094397999e+01 -1.126460200e+02 -1.126460200e+02 -1.7756e+00 +2.3372e+00 -2.1095e+00 -2.6193e+00 -1.5759e+00
2354 0 +1.852226855e+01 -1.150677314e+02 -1.150677314e+02 -1.8360e+00 +2.1379e+00 -7.1074e-01 -1.5903e+00 -1.4602e+00
2367 0 +1.557759968e+01 -1.180124003e+02 -1.180124003e+02 -1.4144e+00 +2.7872e+00 -1.6674e+00 -1.0760e+00 -2.9192e+00
6463 0 +1.199929427e+01 -1.215907057e+02 -1.215907057e+02 -1.6955e+00 +1.8864e+00 -2.2820e+00 -9.8573e-01 -2.0330e+00
43384 0 +1.135917644e+01 -1.222308236e+02 -1.222308236e+02 -2.2334e+00 +1.9738e+00 -1.9740e+00 -2.2411e+00 -1.8563e+00
45951 0 +1.096774750e+01 -1.226222525e+02 -1.226222525e+02 -2.2549e+00 +5.3215e-01 -1.3300e+00 -2.2289e+00 -2.0380e+00
104607 0 +1.064770337e+01 -1.229422966e+02 -1.229422966e+02 -1.9609e+00 +1.0407e+00 -2.2006e+00 -2.1478e+00 -1.9758e+00
156258 0 +9.695019641e+00 -1.238949804e+02 -1.238949804e+02 -2.8597e+00 +1.6767e+00 -2.0144e+00 -1.8968e+00 -1.0687e+00
241061 0 +8.447672381e+00 -1.251423276e+02 -1.251423276e+02 -1.9884e+00 +1.7216e+00 -2.4516e+00 -1.4597e+00 -1.6318e+00
500000 0 +8.447672381e+00 -1.251423276e+02 -1.251423276e+02 -1.9884e+00 +1.7216e+00 -2.4516e+00 -1.4597e+00 -1.6318e+00
% f evaluations | g evaluations | best noise-free fitness - Fopt (-3.085000000000e+01) + sum g_i+ | measured fitness | best measured fitness or single-digit g-values | x1 | x2...
1 0 +7.168770142e+01 +4.083770142e+01 +4.083770142e+01 +4.8814e-01 +2.1519e+00 +1.0276e+00 +4.4883e-01 -7.6345e-01
6 0 +5.931946356e+01 +2.846946356e+01 +2.846946356e+01 +1.3992e+00 -3.5665e+00 +4.4467e+00 +2.1848e-01 -8.5338e-01
31 0 +5.254438731e+01 +2.169438731e+01 +2.169438731e+01 +1.1917e-01 -6.4887e-01 +9.9989e-01 +8.7122e-01 -1.9423e+00
88 0 +4.717004764e+01 +1.632004764e+01 +1.632004764e+01 -2.8962e+00 -1.7614e+00 +2.0853e-01 +6.6986e-01 -1.3624e+00
162 0 +4.254442132e+01 +1.169442132e+01 +1.169442132e+01 -9.3780e-01 -6.2737e-01 +2.7984e+00 +1.9167e+00 -2.7165e+00
176 0 +3.705258238e+01 +6.202582378e+00 +6.202582378e+00 -1.4618e+00 -1.1575e+00 +1.8457e+00 +1.0059e+00 -2.1000e+00
293 0 +2.867036048e+01 -2.179639518e+00 -2.179639518e+00 -7.1835e-01 -1.2787e+00 +2.0721e-01 +7.0822e-02 -3.4544e+00
858 0 +2.726915306e+01 -3.580846937e+00 -3.580846937e+00 -9.8961e-01 -1.2544e+00 +2.0744e+00 +9.2575e-01 -2.0530e+00
985 0 +1.925523495e+01 -1.159476505e+01 -1.159476505e+01 -1.6350e+00 -1.9817e+00 +2.6171e-01 +1.5626e+00 -2.4251e+00
1138 0 +1.439336111e+01 -1.645663889e+01 -1.645663889e+01 -5.9462e-01 -1.6890e+00 +2.1806e+00 +1.8290e+00 -7.5733e-01
9627 0 +1.283760689e+01 -1.801239311e+01 -1.801239311e+01 -1.3758e+00 -1.6206e+00 +1.4824e+00 +3.2191e-01 -1.8372e+00
54207 0 +1.258564994e+01 -1.826435006e+01 -1.826435006e+01 +1.3714e+00 +1.8653e+00 -8.5150e-01 -7.2460e-01 +1.4264e+00
55340 0 +8.600070239e+00 -2.224992976e+01 -2.224992976e+01 +1.3943e+00 +7.2974e-01 -1.5860e+00 -1.0751e+00 +1.8616e+00
60747 0 +8.203030397e+00 -2.264696960e+01 -2.264696960e+01 +4.3132e-01 +1.5895e+00 -1.6083e+00 -9.4640e-01 +1.8785e+00
63222 0 +7.166648951e+00 -2.368335105e+01 -2.368335105e+01 +1.3950e+00 +1.0923e+00 -8.2833e-01 -1.4261e+00 +1.5752e+00
177359 0 +6.535259245e+00 -2.431474076e+01 -2.431474076e+01 +1.5380e+00 +7.8646e-01 -1.0173e+00 -1.6156e+00 +9.2348e-01
500000 0 +6.535259245e+00 -2.431474076e+01 -2.431474076e+01 +1.5380e+00 +7.8646e-01 -1.0173e+00 -1.6156e+00 +9.2348e-01
% f evaluations | g evaluations | best noise-free fitness - Fopt (-9.200000000000e+00) + sum g_i+ | measured fitness | best measured fitness or single-digit g-values | x1 | x2...
1 0 +9.979866989e+01 +9.059866989e+01 +9.059866989e+01 +4.8814e-01 +2.1519e+00 +1.0276e+00 +4.4883e-01 -7.6345e-01
2 0 +9.783010906e+01 +8.863010906e+01 +8.863010906e+01 +1.4589e+00 -6.2413e-01 +3.9177e+00 +4.6366e+00 -1.1656e+00
3 0 +7.157547390e+01 +6.237547390e+01 +6.237547390e+01 +2.9173e+00 +2.8895e-01 +6.8045e-01 +4.2560e+00 -4.2896e+00
21 0 +5.695630797e+01 +4.775630797e+01 +4.775630797e+01 +4.2054e-01 +3.6391e-01 +2.3253e-01 +1.3042e+00 -2.6892e+00
70 0 +5.069652037e+01 +4.149652037e+01 +4.149652037e+01 +5.5435e-01 -6.9205e-01 +4.6516e-02 +2.4077e+00 -1.7762e+00
71 0 +5.002105578e+01 +4.082105578e+01 +4.082105578e+01 +1.7368e+00 +1.3583e-01 -4.3017e-02 -8.8179e-01 -3.9127e+00
86 0 +4.632612198e+01 +3.712612198e+01 +3.712612198e+01 +9.0705e-01 -1.1619e+00 -2.6208e-01 +4.7927e-01 -1.0312e-01
148 0 +4.175586817e+01 +3.255586817e+01 +3.255586817e+01 +3.5435e-01 -9.6614e-01 -7.6472e-01 +1.3936e+00 -1.2121e+00
225 0 +3.960062739e+01 +3.040062739e+01 +3.040062739e+01 +6.0659e-01 -1.6871e+00 -4.5667e-01 +2.1217e+00 -2.7163e+00
250 0 +3.660374194e+01 +2.740374194e+01 +2.740374194e+01 +2.2932e+00 -2.5718e+00 -2.1107e+00 +2.7929e+00 -1.3482e+00
256 0 +2.317595758e+01 +1.397595758e+01 +1.397595758e+01 +8.6441e-01 -1.9588e+00 -1.5239e+00 +1.6980e+00 -1.6740e+00
272 0 +2.253736814e+01 +1.333736814e+01 +1.333736814e+01 +1.1527e+00 -4.8015e-01 -1.2210e+00 -1.6790e-01 -1.9140e+00
383 0 +1.864994614e+01 +9.449946135e+00 +9.449946135e+00 +5.9013e-01 -1.2015e+00 -2.9032e+00 +1.9347e+00 -1.1609e+00
1258 0 +1.550111585e+01 +6.301115852e+00 +6.301115852e+00 -1.7187e+00 +5.5779e-01 +1.0474e+00 -1.2480e+00 +9.2836e-01
1267 0 +1.497195811e+01 +5.771958107e+00 +5.771958107e+00 -1.6033e+00 +1.1712e+00 +1.0980e+00 -7.7197e-01 +8.1254e-01
1441 0 +1.000576572e+01 +8.057657153e-01 +8.057657153e-01 -1.9877e+00 +9.1540e-01 +6.0285e-01 -1.0591e+00 +1.5158e+00
4447 0 +8.068825125e+00 -1.131174875e+00 -1.131174875e+00 -8.4980e-01 +1.5657e+00 +1.6705e+00 -1.7549e+00 +1.1490e+00
6320 0 +7.243907569e+00 -1.956092431e+00 -1.956092431e+00 -1.1328e+00 +1.0674e+00 +1.1755e+00 -7.3009e-01 +1.4660e+00
7254 0 +6.483007412e+00 -2.716992588e+00 -2.716992588e+00 -8.2547e-01 +1.1152e+00 +2.1275e+00 -9.1470e-01 +8.3534e-01
151169 0 +6.251611964e+00 -2.948388036e+00 -2.948388036e+00 -1.3177e+00 +1.0131e+00 +1.3114e+00 -9.4634e-01 +8.6537e-01
165690 0 +5.406117470e+00 -3.793882530e+00 -3.793882530e+00 -1.1467e+00 +1.1893e+00 +1.2708e+00 -1.4764e+00 +6.0415e-01
167004 0 +3.560826435e+00 -5.639173565e+00 -5.639173565e+00 -1.5326e+00 +1.7511e+00 +1.4535e+00 -1.0812e+00 +1.2205e+00
500000 0 +3.560826435e+00 -5.639173565e+00 -5.639173565e+00 -1.5326e+00 +1.7511e+00 +1.4535e+00 -1.0812e+00 +1.2205e+00
% f evaluations | g evaluations | best noise-free fitness - Fopt (-2.037600000000e+02) + sum g_i+ | measured fitness | best measured fitness or single-digit g-values | x1 | x2...
1 0 +8.190167359e+01 -1.218583264e+02 -1.218583264e+02 +4.8814e-01 +2.1519e+00 +1.0276e+00 +4.4883e-01 -7.6345e-01
11 0 +7.927607619e+01 -1.244839238e+02 -1.244839238e+02 +2.4525e+00 +4.9771e-01 +1.7558e+00 +4.1512e+00 +4.4069e-01
30 0 +7.235835188e+01 -1.314016481e+02 -1.314016481e+02 +6.3978e-03 +3.7156e-01 +2.1324e+00 +2.6507e+00 +2.8550e+00
103 0 +7.044245157e+01 -1.333175484e+02 -1.333175484e+02 +2.1255e+00 +2.6626e-01 +3.2186e+00 +1.9904e+00 +3.8276e+00
114 0 +4.728927724e+01 -1.564707228e+02 -1.564707228e+02 +2.2537e+00 +2.7296e+00 +2.9867e+00 -7.6302e-01 +2.4425e+00
140 0 +2.257037523e+01 -1.811896248e+02 -1.811896248e+02 +2.4026e+00 +7.9253e-01 +3.7943e+00 -6.0674e-01 +1.9812e+00
265 0 +2.086430000e+01 -1.828957000e+02 -1.828957000e+02 +1.1312e+00 +1.8396e+00 +1.9981e+00 -9.9798e-01 +1.0742e+00
944 0 +1.331964096e+01 -1.904403590e+02 -1.904403590e+02 +2.5896e+00 +1.4341e+00 +1.4690e+00 -2.7862e+00 +1.4108e+00
3286 0 +1.135294038e+01 -1.924070596e+02 -1.924070596e+02 +1.9650e+00 +1.2153e+00 +1.6785e+00 -1.9904e+00 +1.9838e+00
8762 0 +9.024332829e+00 -1.947356672e+02 -1.947356672e+02 +1.4225e+00 +2.8015e+00 +1.3294e+00 -2.2006e+00 +1.9485e+00
39897 0 +8.441656922e+00 -1.953183431e+02 -1.953183431e+02 -1.0203e+00 -1.9121e+00 -1.5545e+00 +1.3645e+00 -9.3670e-01
46316 0 +8.155574620e+00 -1.956044254e+02 -1.956044254e+02 -1.4167e+00 -1.7109e+00 -1.0819e+00 +1.1696e+00 -1.8413e+00
93425 0 +8.030674943e+00 -1.957293251e+02 -1.957293251e+02 +1.3692e+00 +1.1028e+00 +2.0455e+00 -1.6044e+00 +2.5080e+00
122895 0 +6.796754545e+00 -1.969632455e+02 -1.969632455e+02 -9.6457e-01 -1.9393e+00 -1.0152e+00 +6.6734e-01 -1.9259e+00
405139 0 +4.967237580e+00 -1.987927624e+02 -1.987927624e+02 -4.9288e-01 -1.5729e+00 -1.1656e+00 +1.2009e+00 -1.1689e+00
500000 0 +4.967237580e+00 -1.987927624e+02 -1.987927624e+02 -4.9288e-01 -1.5729e+00 -1.1656e+00 +1.2009e+00 -1.1689e+00
% f evaluations | g evaluations | best noise-free fitness - Fopt (3.399000000000e+01) + sum g_i+ | measured fitness | best measured fitness or single-digit g-values | x1 | x2...
1 0 +7.812738657e+01 +1.121173866e+02 +1.121173866e+02 +4.8814e-01 +2.1519e+00 +1.0276e+00 +4.4883e-01 -7.6345e-01
34 0 +7.036687580e+01 +1.043568758e+02 +1.043568758e+02 +1.0258e+00 +1.8752e+00 +1.9794e-01 +5.9909e-02 -1.2333e+00
47 0 +6.581735296e+01 +9.980735296e+01 +9.980735296e+01 +4.7317e-01 +2.6182e+00 +9.9953e-01 +8.5015e-01 -1.2616e-02
56 0 +5.954544298e+01 +9.353544298e+01 +9.353544298e+01 +1.0715e+00 -3.5486e-02 +1.5157e-01 +2.3597e+00 -6.7136e-01
61 0 +5.528526840e+01 +8.927526840e+01 +8.927526840e+01 +7.5742e-01 +2.0652e+00 -2.4358e-01 -2.5696e+00 -1.8522e+00
74 0 +4.005683675e+01 +7.404683675e+01 +7.404683675e+01 +1.4977e+00 +1.5477e+00 +7.4072e-01 -8.9257e-02 -1.0074e+00
131 0 +3.786018951e+01 +7.185018951e+01 +7.185018951e+01 -1.9135e+00 -1.2135e+00 -1.4395e-01 +2.9131e+00 +1.7119e+00
241 0 +3.159339108e+01 +6.558339108e+01 +6.558339108e+01 -4.3625e-01 -8.1297e-02 -1.3640e+00 +1.6196e+00 +6.5516e-01
466 0 +1.658050534e+01 +5.057050534e+01 +5.057050534e+01 -1.9598e+00 -1.9976e+00 -1.5869e+00 +2.6193e+00 +1.2538e+00
1226 0 +1.560003902e+01 +4.959003902e+01 +4.959003902e+01 -2.3227e+00 -2.3144e+00 -1.9074e+00 +1.4345e+00 +1.4647e+00
2445 0 +1.527355461e+01 +4.926355461e+01 +4.926355461e+01 -1.5412e+00 -1.1536e+00 -2.0103e+00 +1.2699e+00 +1.8397e+00
11604 0 +1.480939188e+01 +4.879939188e+01 +4.879939188e+01 -3.5239e-01 -1.6259e+00 -2.6462e+00 +2.1423e+00 +1.2848e+00
14352 0 +1.236441254e+01 +4.635441254e+01 +4.635441254e+01 -1.9772e+00 -1.4417e+00 -6.7372e-01 +1.5715e+00 +2.3417e+00
22537 0 +1.160539150e+01 +4.559539150e+01 +4.559539150e+01 -5.5036e-01 -1.6687e+00 -1.0536e+00 +1.3244e+00 +1.4278e+00
49168 0 +1.015650328e+01 +4.414650328e+01 +4.414650328e+01 -2.2981e+00 -2.1579e+00 -1.7398e+00 +2.4485e+00 +1.0160e+00
57617 0 +8.805016587e+00 +4.279501659e+01 +4.279501659e+01 -1.9616e+00 -1.0945e+00 -1.7625e+00 +1.8468e+00 +1.9831e+00
102671 0 +5.878282888e+00 +3.986828289e+01 +3.986828289e+01 +1.4677e+00 +1.7352e+00 +1.2756e+00 -1.0450e+00 -1.2717e+00
428330 0 +3.878772647e+00 +3.786877265e+01 +3.786877265e+01 +7.8273e-01 +1.4875e+00 +1.0962e+00 -1.0812e+00 -8.0566e-01
500000 0 +3.878772647e+00 +3.786877265e+01 +3.786877265e+01 +7.8273e-01 +1.4875e+00 +1.0962e+00 -1.0812e+00 -8.0566e-01
% f evaluations | g evaluations | best noise-free fitness - Fopt (-1.000000000000e+03) + sum g_i+ | measured fitness | best measured fitness or single-digit g-values | x1 | x2...
1 0 +6.101208053e+01 -9.389879195e+02 -9.389879195e+02 +4.8814e-01 +2.1519e+00 +1.0276e+00 +4.4883e-01 -7.6345e-01
14 0 +5.698318734e+01 -9.430168127e+02 -9.430168127e+02 +3.4721e+00 +2.0216e+00 -5.4812e-01 +2.8314e+00 -3.6450e+00
18 0 +3.047942648e+01 -9.695205735e+02 -9.695205735e+02 +1.4228e+00 +2.0144e+00 +1.3011e+00 +2.6544e+00 -1.2474e+00
30 0 +2.915704816e+01 -9.708429518e+02 -9.708429518e+02 -2.7960e-01 +1.0537e+00 +3.0351e+00 +2.4989e+00 -9.1188e-01
93 0 +2.180257974e+01 -9.781974203e+02 -9.781974203e+02 +3.0819e+00 +5.9209e-01 +2.6155e+00 +1.3965e+00 -6.9455e-01
126 0 +1.283644398e+01 -9.871635560e+02 -9.871635560e+02 +2.1916e+00 +2.0369e+00 +1.8153e+00 +1.8301e+00 -2.6120e+00
28839 0 +1.140172349e+01 -9.885982765e+02 -9.885982765e+02 +2.4155e+00 +1.3046e+00 +1.0122e+00 +1.7870e+00 -1.1710e+00
39494 0 +9.129607847e+00 -9.908703922e+02 -9.908703922e+02 +1.3806e+00 +1.7912e+00 +2.0789e+00 +1.5771e+00 -2.1642e+00
207372 0 +8.254292046e+00 -9.917457080e+02 -9.917457080e+02 +1.5289e+00 +1.9490e+00 +1.5811e+00 +2.2998e+00 -2.4047e+00
500000 0 +8.254292046e+00 -9.917457080e+02 -9.917457080e+02 +1.5289e+00 +1.9490e+00 +1.5811e+00 +2.2998e+00 -2.4047e+00
% f evaluations | g evaluations | best noise-free fitness - Fopt (-1.000000000000e+03) + sum g_i+ | measured fitness | best measured fitness or single-digit g-values | x1 | x2...
1 0 +1.035878293e+02 -8.964121707e+02 -8.964121707e+02 +4.8814e-01 +2.1519e+00 +1.0276e+00 +4.4883e-01 -7.6345e-01
10 0 +6.120551488e+01 -9.387944851e+02 -9.387944851e+02 -3.0489e-01 +1.8126e+00 +5.8977e-01 -1.1018e+00 -1.4373e+00
60 0 +4.263353709e+01 -9.573664629e+02 -9.573664629e+02 +3.0022e-02 -2.2482e-01 +1.8306e-01 -7.9817e-02 -1.9732e+00
93 0 +4.073068632e+01 -9.592693137e+02 -9.592693137e+02 -6.3181e-01 +2.0121e+00 -9.8155e-01 -1.3794e+00 -1.4275e-01
107 0 +3.513890988e+01 -9.648610901e+02 -9.648610901e+02 -1.3504e+00 +2.5373e+00 -1.3743e+00 +6.5582e-03 +1.1143e+00
144 0 +3.287521843e+01 -9.671247816e+02 -9.671247816e+02 -1.9995e+00 +2.5949e+00 -2.3304e+00 -1.6515e+00 -1.5315e-01
152 0 +2.938438975e+01 -9.706156102e+02 -9.706156102e+02 -1.6060e+00 +1.6622e+00 -2.2394e+00 -1.4063e+00 +2.5854e+00
676 0 +2.446726530e+01 -9.755327347e+02 -9.755327347e+02 -1.2591e+00 +3.0730e+00 -2.4556e+00 -8.4463e-01 +1.9380e-01
827 0 +1.327209536e+01 -9.867279046e+02 -9.867279046e+02 -2.2048e+00 +1.5826e+00 -1.7790e+00 -4.0595e-01 +1.1645e+00
2022 0 +9.419560408e+00 -9.905804396e+02 -9.905804396e+02 -2.0069e+00 +1.4370e+00 -1.9249e+00 -2.2738e+00 +2.2924e+00
10283 0 +7.252985219e+00 -9.927470148e+02 -9.927470148e+02 +1.3091e+00 -1.3447e+00 +5.4032e-01 +5.5137e-01 -9.0048e-01
18852 0 +5.192555385e+00 -9.948074446e+02 -9.948074446e+02 +1.5785e+00 -1.3645e+00 +5.4308e-01 +1.4555e+00 -8.1522e-01
500000 0 +5.192555385e+00 -9.948074446e+02 -9.948074446e+02 +1.5785e+00 -1.3645e+00 +5.4308e-01 +1.4555e+00 -8.1522e-01
% f evaluations | g evaluations | best noise-free fitness - Fopt (-1.272000000000e+01) + sum g_i+ | measured fitness | best measured fitness or single-digit g-values | x1 | x2...
1 0 +9.939281587e+01 +8.667281587e+01 +8.667281587e+01 +4.8814e-01 +2.1519e+00 +1.0276e+00 +4.4883e-01 -7.6345e-01
10 0 +6.473872615e+01 +5.201872615e+01 +5.201872615e+01 +2.4153e+00 +2.4153e+00 +1.1951e+00 +5.2664e-01 -2.4250e+00
45 0 +5.853232004e+01 +4.581232004e+01 +4.581232004e+01 -3.1322e+00 -2.0292e+00 +2.7948e+00 +1.9316e+00 -1.3733e-01
69 0 +5.372025362e+01 +4.100025362e+01 +4.100025362e+01 +2.0098e-01 -2.3538e+00 +3.0367e+00 -5.6812e-01 +9.2251e-01
71 0 +4.819138559e+01 +3.547138559e+01 +3.547138559e+01 +7.4331e-01 -1.5465e+00 +2.5058e+00 +1.5185e+00 -6.3728e-01
167 0 +3.630579342e+01 +2.358579342e+01 +2.358579342e+01 -9.6686e-01 -9.4742e-01 +2.0237e+00 -8.6540e-01 +4.8789e-01
279 0 +2.437129294e+01 +1.165129294e+01 +1.165129294e+01 -1.4423e+00 -8.6761e-01 +1.5488e+00 -2.1538e+00 -5.4239e-01
559 0 +2.376016132e+01 +1.104016132e+01 +1.104016132e+01 -1.0341e+00 -1.4660e+00 +2.4684e+00 -4.5723e-01 +2.8657e+00
837 0 +2.230710221e+01 +9.587102214e+00 +9.587102214e+00 -1.9912e+00 -2.8898e+00 +2.1618e+00 -7.8938e-01 +3.4208e+00
2443 0 +1.763318004e+01 +4.913180041e+00 +4.913180041e+00 -1.4819e+00 -1.4316e+00 +1.1538e+00 -2.3065e+00 +2.3285e+00
4192 0 +1.695731809e+01 +4.237318090e+00 +4.237318090e+00 -1.3098e+00 -1.7152e+00 +6.3589e-01 -1.0455e+00 +5.6055e-01
8550 0 +1.596099440e+01 +3.240994397e+00 +3.240994397e+00 -1.1003e+00 -1.6112e+00 +1.5897e+00 -2.3191e+00 +2.6525e+00
17628 0 +1.240939820e+01 -3.106018019e-01 -3.106018019e-01 -2.3890e+00 -1.8369e+00 +1.7187e+00 -1.8396e+00 +2.4415e+00
20746 0 +1.137400687e+01 -1.345993133e+00 -1.345993133e+00 -1.6311e+00 -6.7890e-01 +1.3344e+00 -1.7695e+00 +1.4807e+00
24713 0 +9.987093352e+00 -2.732906648e+00 -2.732906648e+00 -1.5769e+00 -1.3259e+00 +1.9864e+00 -1.4900e+00 +7.8428e-01
24803 0 +8.737556436e+00 -3.982443564e+00 -3.982443564e+00 -1.7260e+00 -8.8625e-01 +2.2908e+00 -1.6381e+00 +1.7207e+00
293624 0 +8.408392637e+00 -4.311607363e+00 -4.311607363e+00 -2.0921e+00 -1.7091e+00 +1.2789e+00 -1.4360e+00 +2.1695e+00
454390 0 +8.265180422e+00 -4.454819578e+00 -4.454819578e+00 +1.1850e+00 +8.7178e-01 -1.3737e+00 +1.9049e+00 -7.9744e-01
463469 0 +7.909614941e+00 -4.810385059e+00 -4.810385059e+00 +1.4103e+00 +1.2719e+00 -1.2488e+00 +1.2508e+00 -8.2245e-01
463557 0 +7.537231553e+00 -5.182768447e+00 -5.182768447e+00 +1.2673e+00 +1.7353e+00 -1.4827e+00 +1.1002e+00 -8.3462e-01
479470 0 +5.703495660e+00 -7.016504340e+00 -7.016504340e+00 +1.1279e+00 +1.0717e+00 -6.7745e-01 +1.5518e+00 -1.5009e+00
488740 0 +5.600564751e+00 -7.119435249e+00 -7.119435249e+00 +1.3259e+00 +1.4119e+00 -1.0211e+00 +1.5040e+00 -1.4341e+00
500000 0 +5.600564751e+00 -7.119435249e+00 -7.119435249e+00 +1.3259e+00 +1.4119e+00 -1.0211e+00 +1.5040e+00 -1.4341e+00
% f evaluations | g evaluations | best noise-free fitness - Fopt (-5.954000000000e+01) + sum g_i+ | measured fitness | best measured fitness or single-digit g-values | x1 | x2...
1 0 +8.685851629e+01 +2.731851629e+01 +2.731851629e+01 +4.8814e-01 +2.1519e+00 +1.0276e+00 +4.4883e-01 -7.6345e-01
7 0 +7.470211811e+01 +1.516211811e+01 +1.516211811e+01 -2.3544e+00 +2.7423e+00 -4.3850e-01 +6.8434e-01 -4.8121e+00
11 0 +6.535386309e+01 +5.813863091e+00 +5.813863091e+00 +1.7782e+00 +6.4873e-01 +2.5166e+00 +1.0590e+00 +1.1373e+00
28 0 +4.374008833e+01 -1.579991167e+01 -1.579991167e+01 +8.4498e-01 -1.1439e-02 +1.2792e+00 +2.0727e+00 +1.0429e+00
45 0 +3.232179968e+01 -2.721820032e+01 -2.721820032e+01 +8.6854e-01 -7.5050e-01 +9.8777e-01 +2.8215e+00 +1.5657e+00
76 0 +1.984973773e+01 -3.969026227e+01 -3.969026227e+01 +3.9025e-01 +6.1792e-02 +4.7441e-01 +2.0442e+00 +1.8726e+00
903 0 +1.322489253e+01 -4.631510747e+01 -4.631510747e+01 +1.4328e+00 -1.9043e+00 +2.0844e+00 +1.0490e-01 +9.3941e-01
1197 0 +1.172341622e+01 -4.781658378e+01 -4.781658378e+01 +1.3775e+00 -1.9422e+00 +1.0796e+00 +1.3808e+00 +1.1775e+00
2022 0 +9.045411773e+00 -5.049458823e+01 -5.049458823e+01 +1.3385e+00 -4.2626e-01 +1.1151e+00 +1.1393e+00 +1.3625e+00
3622 0 +7.927429288e+00 -5.161257071e+01 -5.161257071e+01 +1.8713e+00 -1.6952e+00 +1.8717e+00 +9.1024e-01 +6.6822e-01
23767 0 +6.192488830e+00 -5.334751117e+01 -5.334751117e+01 +8.8039e-01 -5.4731e-01 +1.6836e+00 +1.5608e+00 +1.4512e+00
69595 0 +3.764089784e+00 -5.577591022e+01 -5.577591022e+01 +1.1048e+00 -9.9513e-01 +7.7793e-01 +1.6836e+00 +1.2404e+00
500000 0 +3.764089784e+00 -5.577591022e+01 -5.577591022e+01 +1.1048e+00 -9.9513e-01 +7.7793e-01 +1.6836e+00 +1.2404e+00
% f evaluations | g evaluations | best noise-free fitness - Fopt (-1.000000000000e+03) + sum g_i+ | measured fitness | best measured fitness or single-digit g-values | x1 | x2...
1 0 +8.165494900e+01 -9.183450510e+02 -9.183450510e+02 +4.8814e-01 +2.1519e+00 +1.0276e+00 +4.4883e-01 -7.6345e-01
17 0 +5.813581951e+01 -9.418641805e+02 -9.418641805e+02 +7.6049e-01 +6.0821e-01 +6.4791e-01 +2.5804e+00 -3.1035e+00
55 0 +5.127515843e+01 -9.487248416e+02 -9.487248416e+02 +2.2702e+00 -1.0374e+00 -2.3299e+00 +8.4677e-01 -1.2616e+00
81 0 +3.344210731e+01 -9.665578927e+02 -9.665578927e+02 +1.3996e+00 -4.2063e-01 -3.0286e+00 +8.1184e-01 -1.2616e+00
151 0 +2.609404242e+01 -9.739059576e+02 -9.739059576e+02 +8.6556e-01 -2.2069e+00 -5.2367e-01 +2.8253e+00 -1.3319e+00
448 0 +2.472572360e+01 -9.752742764e+02 -9.752742764e+02 +2.2506e+00 -1.9953e+00 -1.9487e+00 +2.3240e+00 -1.0128e+00
530 0 +2.085265038e+01 -9.791473496e+02 -9.791473496e+02 +1.9757e+00 -1.6093e+00 -3.7844e+00 +3.2697e+00 -1.4076e+00
1881 0 +1.782588362e+01 -9.821741164e+02 -9.821741164e+02 +1.9470e+00 -2.9562e+00 -2.2293e+00 +1.9730e+00 -1.4066e+00
4754 0 +1.727676260e+01 -9.827232374e+02 -9.827232374e+02 +1.0689e+00 -7.6841e-01 -1.7934e+00 +2.0806e+00 -5.2812e-01
5891 0 +1.288798969e+01 -9.871120103e+02 -9.871120103e+02 +1.2249e+00 -2.8647e+00 -1.8723e+00 +6.1945e-01 -1.5162e+00
10878 0 +1.067784961e+01 -9.893221504e+02 -9.893221504e+02 +1.4399e+00 -1.9882e+00 -1.7211e+00 +1.7087e+00 -9.1786e-01
43206 0 +2.834005617e+00 -9.971659944e+02 -9.971659944e+02 -1.1808e+00 +9.2833e-01 +1.6371e+00 -1.1159e+00 +1.1086e+00
500000 0 +2.834005617e+00 -9.971659944e+02 -9.971659944e+02 -1.1808e+00 +9.2833e-01 +1.6371e+00 -1.1159e+00 +1.1086e+00
% f evaluations | g evaluations | best noise-free fitness - Fopt (4.303000000000e+01) + sum g_i+ | measured fitness | best measured fitness or single-digit g-values | x1 | x2...
1 0 +9.964047192e+01 +1.426704719e+02 +1.426704719e+02 +4.8814e-01 +2.1519e+00 +1.0276e+00 +4.4883e-01 -7.6345e-01
9 0 +9.110529658e+01 +1.341352966e+02 +1.341352966e+02 +3.6786e+00 +2.6672e+00 -8.1772e-01 +1.4844e+00 -2.1854e+00
15 0 +8.689018437e+01 +1.299201844e+02 +1.299201844e+02 +2.4628e+00 +3.2441e-01 +1.3733e+00 +6.4706e-01 -2.5408e+00
37 0 +8.444381046e+01 +1.274738105e+02 +1.274738105e+02 +1.7974e+00 -2.4916e-01 +1.1761e+00 +1.3375e+00 +5.6538e-01
41 0 +4.696545933e+01 +8.999545933e+01 +8.999545933e+01 +3.2305e+00 +2.4314e+00 -1.0956e+00 +2.6195e+00 -1.5246e+00
156 0 +4.255388559e+01 +8.558388559e+01 +8.558388559e+01 +3.9849e+00 -5.1122e-01 -7.3595e-01 +8.7119e-01 -2.6610e+00
230 0 +3.557666636e+01 +7.860666636e+01 +7.860666636e+01 +3.0603e+00 -1.1621e+00 -7.0103e-01 +2.0842e+00 -1.6145e+00
237 0 +3.148691059e+01 +7.451691059e+01 +7.451691059e+01 +2.2748e+00 -2.8099e+00 -1.4773e+00 +2.0243e+00 -1.9240e+00
278 0 +2.814970853e+01 +7.117970853e+01 +7.117970853e+01 +3.2236e-01 -7.9163e-01 -1.7153e+00 +6.5059e-01 -2.1344e+00
344 0 +2.159814524e+01 +6.462814524e+01 +6.462814524e+01 +1.4318e+00 -2.1461e+00 -6.2901e-01 +1.0435e+00 -1.4378e+00
576 0 +1.899146823e+01 +6.202146823e+01 +6.202146823e+01 +1.6500e+00 -9.6336e-01 -2.3525e+00 +1.7299e+00 +1.5294e-01
1265 0 +1.244299932e+01 +5.547299932e+01 +5.547299932e+01 +2.2750e+00 -2.6241e+00 -2.1658e+00 +1.5771e+00 -1.2104e+00
4023 0 +1.197784152e+01 +5.500784152e+01 +5.500784152e+01 +1.7832e+00 -2.1016e+00 -1.0397e+00 +1.6757e+00 -2.8582e+00
13194 0 +1.134216416e+01 +5.437216416e+01 +5.437216416e+01 +1.9281e+00 -1.0000e+00 -1.6941e+00 +9.4389e-01 -8.5072e-01
15647 0 +9.127491278e+00 +5.215749128e+01 +5.215749128e+01 +1.4734e+00 -1.8846e+00 -5.9371e-01 +1.9327e+00 -2.1839e+00
174321 0 +6.430637428e+00 +4.946063743e+01 +4.946063743e+01 -2.0023e+00 +1.1299e+00 +1.7375e+00 -9.3176e-01 +7.9189e-01
193646 0 +5.197635888e+00 +4.822763589e+01 +4.822763589e+01 -1.5572e+00 +1.0472e+00 +1.5714e+00 -1.8276e+00 +1.1290e+00
193869 0 +4.365393708e+00 +4.739539371e+01 +4.739539371e+01 -1.1524e+00 +9.4394e-01 +1.3701e+00 -9.9768e-01 +1.3782e+00
345742 0 +3.401742348e+00 +4.643174235e+01 +4.643174235e+01 -1.3881e+00 +1.4524e+00 +1.5831e+00 -1.3816e+00 +1.4135e+00
500000 0 +3.401742348e+00 +4.643174235e+01 +4.643174235e+01 -1.3881e+00 +1.4524e+00 +1.5831e+00 -1.3816e+00 +1.4135e+00
