% f evaluations | g evaluations | best noise-free fitness - Fopt (6.870000000000e+00) + sum g_i+ | measured fitness | best measured fitness or single-digit g-values | x1 | x2...
1 0 +1.700119263e+01 +2.387119263e+01 +2.387119263e+01 +0.0000e+00 +0.0000e+00 +0.0000e+00 +0.0000e+00 +0.0000e+00 +0.0000e+00 +0.0000e+00 +0.0000e+00 +0.0000e+00 +0.0000e+00
2 0 +5.235330293e+00 +1.210533029e+01 +1.210533029e+01 +4.0276e-01 +1.2869e-01 +2.6749e+00 -9.6098e-01 +1.2655e+00 -2.8235e+00 -1.4311e-01 -4.3226e+00 -1.6260e+00 +3.4305e-01
7 0 +2.663501545e+00 +9.533501545e+00 +9.533501545e+00 -3.6403e+00 +4.8141e+00 -4.3835e+00 +3.4024e+00 -9.5771e-01 -4.2889e-01 +3.7458e+00 +3.9827e+00 +1.1616e+00 -4.9929e+00
300 0 +2.499601482e+00 +9.369601482e+00 +9.369601482e+00 +5.8952e-01 +2.2768e+00 +2.2250e+00 +9.7683e-01 +1.1095e-01 +1.5538e+00 +1.3450e+00 +3.6830e+00 +3.1286e+00 +1.7177e-01
3930 0 +1.564684003e+00 +8.434684003e+00 +8.434684003e+00 -3.3479e+00 -4.8343e+00 -8.4720e-01 -1.1020e+00 -1.2998e-01 +3.3268e+00 -2.7509e+00 -9.1223e-02 -2.2585e+00 -9.9014e-01
15506 0 +1.228306384e+00 +8.098306384e+00 +8.098306384e+00 -7.5218e-01 +1.6421e+00 +2.8903e+00 +4.6131e+00 +2.7337e+00 -3.4582e-01 -9.2563e-01 -5.1610e+00 +1.0169e+00 +4.3917e+00
100001 0 +1.228306384e+00 +8.098306384e+00 +8.098306384e+00 -7.5218e-01 +1.6421e+00 +2.8903e+00 +4.6131e+00 +2.7337e+00 -3.4582e-01 -9.2563e-01 -5.1610e+00 +1.0169e+00 +4.3917e+00
% f evaluations | g evaluations | best noise-free fitness - Fopt (1.000000000000e-02) + sum g_i+ | measured fitness | best measured fitness or single-digit g-values | x1 | x2...
1 0 +9.237923688e+00 +9.247923688e+00 +9.247923688e+00 +0.0000e+00 +0.0000e+00 +0.0000e+00 +0.0000e+00 +0.0000e+00 +0.0000e+00 +0.0000e+00 +0.0000e+00 +0.0000e+00 +0.0000e+00
14 0 +9.069653760e+00 +9.079653760e+00 +9.079653760e+00 +2.4268e-01 +4.2785e+00 -8.1019e-01 +1.5856e+00 -2.9603e+00 -3.8401e+00 +3.6155e+00 -2.9450e+00 -1.8641e+00 -5.1287e+00
32 0 +5.508655892e+00 +5.518655892e+00 +5.518655892e+00 +1.9069e+00 -5.8090e-01 -1.7032e+00 +7.3974e-01 -3.4317e+00 +1.0055e+00 +2.3492e+00 -7.7120e-01 +6.4663e-01 -2.0369e+00
130 0 +4.820783422e+00 +4.830783422e+00 +4.830783422e+00 +1.5902e+00 -1.1993e+00 -3.3169e+00 -2.1801e+00 -1.0915e+00 +1.9708e-01 -4.4117e-01 -5.3735e+00 +3.2080e+00 -2.0469e+00
156 0 +4.505532698e+00 +4.515532698e+00 +4.515532698e+00 +1.1635e+00 +5.3799e-01 -3.9177e+00 -1.4289e+00 -2.1781e+00 +1.7016e+00 +1.5413e+00 +2.1099e+00 +5.1809e+00 -9.5744e-01
203 0 +3.424617734e+00 +3.434617734e+00 +3.434617734e+00 -2.5123e+00 +4.9973e-02 -1.6713e+00 -1.4979e-01 -2.0223e+00 -2.3682e+00 -3.9001e-01 +1.0485e+00 +2.6782e+00 +2.4795e+00
415 0 +2.731501081e+00 +2.741501081e+00 +2.741501081e+00 +2.0878e+00 -2.0238e+00 -1.7208e+00 -4.5080e-01 -1.0354e+00 -5.2802e+00 -1.2700e+00 +2.8712e+00 -6.1317e-01 +3.5510e-01
930 0 +2.585278479e+00 +2.595278479e+00 +2.595278479e+00 +4.0469e+00 -1.0127e+00 -1.2260e+00 -3.0666e+00 +1.8715e+00 +6.9507e-01 -1.3875e+00 -5.2521e-01 +2.7341e+00 -2.5552e-01
1146 0 +2.325747611e+00 +2.335747611e+00 +2.335747611e+00 +1.6101e+00 -5.0166e-01 -3.5525e+00 -9.5099e-01 +3.9192e+00 -7.8095e-01 +1.0546e+00 +9.5947e-01 +1.9435e+00 +8.0586e-01
1328 0 +1.891202740e+00 +1.901202740e+00 +1.901202740e+00 +1.9489e+00 +1.7794e+00 -3.7547e+00 +9.4744e-01 -1.1873e+00 +4.8425e-01 -1.9221e+00 +3.0350e+00 -4.0364e+00 +1.2571e+00
4694 0 +1.758806629e+00 +1.768806629e+00 +1.768806629e+00 -3.5404e+00 -2.3765e-01 +2.7136e-01 -1.7439e+00 -4.3894e+00 -6.5494e-01 +2.4833e+00 +3.8648e+00 -1.5231e+00 -3.2863e+00
12932 0 +1.503088579e+00 +1.513088579e+00 +1.513088579e+00 -4.2650e-01 +1.2796e-02 +3.7555e+00 -4.8019e+00 -3.5956e-01 +5.7330e-02 -2.6854e+00 -8.4610e-01 +2.0713e+00 +2.4707e+00
96087 0 +1.463522155e+00 +1.473522155e+00 +1.473522155e+00 +2.2653e+00 -1.7819e+00 -2.8910e+00 +3.9107e+00 -2.7109e-01 -1.9154e+00 -2.9934e+00 +2.6838e+00 -4.0729e+00 +5.3842e-01
100001 0 +1.463522155e+00 +1.473522155e+00 +1.473522155e+00 +2.2653e+00 -1.7819e+00 -2.8910e+00 +3.9107e+00 -2.7109e-01 -1.9154e+00 -2.9934e+00 +2.6838e+00 -4.0729e+00 +5.3842e-01
% f evaluations | g evaluations | best noise-free fitness - Fopt (-1.306100000000e+02) + sum g_i+ | measured fitness | best measured fitness or single-digit g-values | x1 | x2...
1 0 +1.631815340e+01 -1.142918466e+02 -1.142918466e+02 +0.0000e+00 +0.0000e+00 +0.0000e+00 +0.0000e+00 +0.0000e+00 +0.0000e+00 +0.0000e+00 +0.0000e+00 +0.0000e+00 +0.0000e+00
2 0 +1.425511423e+01 -1.163548858e+02 -1.163548858e+02 +4.5837e+00 +3.8500e+00 -2.6190e+00 +2.3437e+00 -3.3676e+00 +3.1558e+00 -2.4040e+00 -2.8777e-01 +4.2597e+00 +3.0780e+00
3 0 +1.143796534e+01 -1.191720347e+02 -1.191720347e+02 -1.8039e+00 -8.9934e-01 +4.0328e+00 +1.1449e+00 +3.9600e+00 +1.8415e+00 +1.5403e+00 -3.0993e+00 -3.4728e+00 -1.7695e+00
5 0 +8.848773867e+00 -1.217612261e+02 -1.217612261e+02 -2.3831e+00 -8.3615e-01 -4.8223e+00 +1.8271e+00 -8.3137e-01 +9.0562e-01 -1.5586e+00 -1.8151e+00 +9.8231e-01 -3.5225e+00
8 0 +7.044615318e+00 -1.235653847e+02 -1.235653847e+02 +3.8129e+00 +4.6736e+00 +2.7378e+00 -1.7074e+00 -3.6080e+00 -1.3775e+00 +3.3719e+00 -3.6348e+00 +3.1884e+00 +1.2663e+00
69 0 +4.666633788e+00 -1.259433662e+02 -1.259433662e+02 -9.2046e-01 -7.1235e-01 -2.3926e+00 +2.0669e+00 -8.0208e-01 +2.3430e+00 -1.9551e+00 -1.4548e+00 -7.2661e-01 -2.9446e+00
110 0 +3.749280010e+00 -1.268607200e+02 -1.268607200e+02 +2.8190e+00 -4.0108e-01 -2.3103e+00 +2.7746e+00 +1.1253e+00 +3.6686e+00 -1.1118e+00 -2.3605e+00 -1.2568e+00 -1.9357e-01
410 0 +3.429316892e+00 -1.271806831e+02 -1.271806831e+02 +8.1632e-01 +3.4869e-01 +5.3210e-01 -5.9165e-01 +1.0719e+00 -5.0449e-01 +2.4660e+00 +1.4430e+00 -1.8258e+00 -3.6020e+00
732 0 +2.582234886e+00 -1.280277651e+02 -1.280277651e+02 +1.5934e+00 +2.2473e+00 +6.8843e-03 -2.2203e+00 +5.7109e+00 -5.2710e+00 +2.8276e+00 +3.0184e+00 +5.0255e-01 +7.8614e-01
1396 0 +2.000707607e+00 -1.286092924e+02 -1.286092924e+02 +1.8535e+00 +2.5550e+00 -2.5312e+00 +2.6929e+00 -2.1633e+00 -5.7194e-01 +2.8848e+00 +3.9762e-01 +6.6521e-01 +3.7899e-01
17749 0 +1.749838600e+00 -1.288601614e+02 -1.288601614e+02 -4.4425e+00 -2.1306e+00 -4.1003e-01 +4.4246e-01 -1.6146e+00 -1.3904e+00 +2.9259e+00 -3.4611e+00 +1.5070e+00 -6.1673e-01
18561 0 +1.716407448e+00 -1.288935926e+02 -1.288935926e+02 -3.8806e+00 -2.0476e+00 -1.6535e+00 +1.3518e-01 -2.8307e-01 -2.4633e+00 +7.1672e-01 -7.0424e-01 +1.9319e+00 -2.0544e+00
35121 0 +1.659661216e+00 -1.289503388e+02 -1.289503388e+02 -2.6944e+00 +2.1107e+00 +1.6028e+00 -4.0210e+00 +1.8627e+00 +1.7801e+00 -1.4447e+00 -7.2580e-01 +1.5042e+00 +2.1185e+00
60831 0 +1.535684282e+00 -1.290743157e+02 -1.290743157e+02 +2.0708e+00 +2.4962e+00 -1.1598e+00 +9.7435e-01 +2.9288e+00 +6.3599e-01 -2.0972e+00 -1.5589e+00 -6.3265e-01 -2.7642e+00
100001 0 +1.535684282e+00 -1.290743157e+02 -1.290743157e+02 +2.0708e+00 +2.4962e+00 -1.1598e+00 +9.7435e-01 +2.9288e+00 +6.3599e-01 -2.0972e+00 -1.5589e+00 -6.3265e-01 -2.7642e+00
% f evaluations | g evaluations | best noise-free fitness - Fopt (-2.231200000000e+02) + sum g_i+ | measured fitness | best measured fitness or single-digit g-values | x1 | x2...
1 0 +2.847414819e+01 -1.946458518e+02 -1.946458518e+02 +0.0000e+00 +0.0000e+00 +0.0000e+00 +0.0000e+00 +0.0000e+00 +0.0000e+00 +0.0000e+00 +0.0000e+00 +0.0000e+00 +0.0000e+00
2 0 +1.845557501e+01 -2.046644250e+02 -2.046644250e+02 +1.3906e+00 -2.9987e+00 -2.7777e+00 -4.0849e+00 -3.0818e+00 +2.5886e+00 -1.0453e+00 -2.1459e+00 +8.5524e-01 -1.6492e+00
5 0 +1.119408448e+01 -2.119259155e+02 -2.119259155e+02 +3.8714e+00 +7.2043e-01 -4.1136e+00 +1.4263e+00 +1.2710e+00 -5.0482e-03 +1.5905e+00 +3.4144e+00 +4.5089e+00 +1.8358e+00
7 0 +8.839051670e+00 -2.142809483e+02 -2.142809483e+02 -1.7257e+00 -2.5234e-01 -3.4568e+00 -3.1579e+00 -4.1812e+00 -2.2072e+00 +2.9818e+00 -4.8576e+00 -2.7001e-01 +3.6785e+00
25 0 +5.932783706e+00 -2.171872163e+02 -2.171872163e+02 -3.5148e+00 -6.6464e-01 -3.8225e+00 -1.4569e+00 -3.9533e+00 -4.1531e+00 +2.5517e+00 -3.5054e+00 +1.3714e+00 +2.8903e+00
33 0 +5.218075647e+00 -2.179019244e+02 -2.179019244e+02 +2.8915e+00 +1.0314e+00 +1.7164e+00 +1.4957e+00 -1.4716e+00 +3.4211e+00 +1.7918e+00 +1.8257e+00 -1.9193e+00 +3.8689e+00
353 0 +4.901558049e+00 -2.182184420e+02 -2.182184420e+02 +3.8990e+00 +3.8961e+00 -4.6505e+00 +2.7740e+00 -6.5707e-01 -2.2195e+00 +1.1253e+00 -2.1488e+00 -9.4170e-01 +2.1119e+00
464 0 +4.822044605e+00 -2.182979554e+02 -2.182979554e+02 +1.8671e+00 -4.0512e+00 -3.8300e+00 -5.0834e+00 -4.4818e-01 +2.8158e+00 +1.1546e-01 -2.1657e-01 +6.6370e-01 +7.8442e-01
521 0 +3.466170609e+00 -2.196538294e+02 -2.196538294e+02 -1.0688e+00 -4.1480e+00 -3.4288e+00 -1.9971e+00 -1.0339e+00 +4.3784e+00 +4.5403e+00 -4.2825e+00 -1.2230e+00 +3.4310e+00
958 0 +3.347036720e+00 -2.197729633e+02 -2.197729633e+02 -3.7269e+00 -1.3876e+00 +4.2742e-01 +2.2357e+00 -1.0394e+00 -1.1487e+00 +2.9909e+00 +1.0690e+00 +1.0823e+00 -2.0958e-01
1039 0 +2.229841778e+00 -2.208901582e+02 -2.208901582e+02 -8.4265e-01 -3.7273e+00 -2.3089e+00 +2.2415e+00 -2.4922e+00 -5.3256e-01 +3.3821e+00 +1.3611e+00 -5.6553e-01 +1.1787e+00
4752 0 +2.120801397e+00 -2.209991986e+02 -2.209991986e+02 -6.2786e-01 +8.5255e-02 -4.1719e+00 -4.3422e+00 -5.9675e-01 -1.5087e+00 +7.1914e-01 +1.0447e+00 -5.7209e-01 -1.3685e-01
6370 0 +2.055501867e+00 -2.210644981e+02 -2.210644981e+02 +3.3579e+00 -1.6250e+00 +3.0712e-01 -1.5878e+00 +3.1998e+00 -2.7651e+00 +2.1204e+00 -5.6018e-01 +5.7396e-01 -1.1833e+00
9036 0 +1.946576288e+00 -2.211734237e+02 -2.211734237e+02 +1.5828e+00 -4.1435e+00 +1.2385e+00 +6.6553e-02 -3.9726e-01 -4.1864e+00 +1.4580e+00 -3.3972e-02 +2.2348e+00 -1.3159e+00
9041 0 +1.604096110e+00 -2.215159039e+02 -2.215159039e+02 -1.3873e+00 -3.5847e+00 +6.4783e-01 -1.5402e-01 -1.8672e+00 -3.2809e+00 +2.3815e+00 -3.3347e+00 +8.4423e-01 -8.9181e-01
14716 0 +9.952222201e-01 -2.221247778e+02 -2.221247778e+02 -4.7480e-01 -8.1223e-01 -1.1280e+00 +2.3202e+00 +3.3331e+00 +1.5477e+00 +2.8708e+00 -1.1178e+00 -2.2146e+00 +3.1859e+00
100001 0 +9.952222201e-01 -2.221247778e+02 -2.221247778e+02 -4.7480e-01 -8.1223e-01 -1.1280e+00 +2.3202e+00 +3.3331e+00 +1.5477e+00 +2.8708e+00 -1.1178e+00 -2.2146e+00 +3.1859e+00
% f evaluations | g evaluations | best noise-free fitness - Fopt (-4.443000000000e+01) + sum g_i+ | measured fitness | best measured fitness or single-digit g-values | x1 | x2...
1 0 +1.456676615e+01 -2.986323385e+01 -2.986323385e+01 +0.0000e+00 +0.0000e+00 +0.0000e+00 +0.0000e+00 +0.0000e+00 +0.0000e+00 +0.0000e+00 +0.0000e+00 +0.0000e+00 +0.0000e+00
3 0 +1.411741004e+01 -3.031258996e+01 -3.031258996e+01 -2.7047e+00 +4.7616e+00 +2.0242e+00 +4.4662e+00 +4.1382e+00 +8.1877e-01 -3.9215e+00 +3.6150e+00 +2.9101e+00 -2.0488e+00
5 0 +1.072630616e+01 -3.370369384e+01 -3.370369384e+01 +6.0388e-01 +2.5021e+00 -3.9472e-01 -1.7985e+00 -3.7672e+00 +1.3361e-01 +1.5213e+00 -9.8915e-01 +2.2035e+00 +4.4970e+00
13 0 +7.592784540e+00 -3.683721546e+01 -3.683721546e+01 -4.3983e+00 +3.1472e+00 +1.9571e+00 +4.8532e+00 +4.3081e+00 +1.0370e+00 -2.7759e+00 +3.0025e+00 +2.2770e+00 -9.0072e-01
14 0 +5.902185196e+00 -3.852781480e+01 -3.852781480e+01 -2.8209e-01 +5.0132e+00 +1.3650e+00 -1.3058e+00 -3.5938e+00 -1.5136e+00 -1.8362e-02 +3.7874e-01 +1.0283e+00 +3.2271e+00
27 0 +3.161161627e+00 -4.126883837e+01 -4.126883837e+01 +5.0166e-01 +2.8887e-02 -2.6642e+00 -7.0366e-01 -1.4778e+00 +6.3892e-01 -8.1464e-01 -2.2740e+00 -2.5894e-01 +2.5068e+00
427 0 +2.943788908e+00 -4.148621109e+01 -4.148621109e+01 +2.4442e+00 +8.9048e-01 +2.2621e-01 +3.9743e+00 -5.1908e+00 -2.1093e+00 +1.2685e+00 +9.1778e-01 +2.8897e+00 -6.9100e-01
484 0 +1.808555625e+00 -4.262144437e+01 -4.262144437e+01 +1.4561e+00 +1.4721e+00 +8.8079e-02 +6.6525e-01 +1.9867e+00 +2.8970e+00 -2.4822e+00 +4.2903e+00 -1.4257e+00 +8.0008e-01
9399 0 +1.181229189e+00 -4.324877081e+01 -4.324877081e+01 -4.2856e+00 +4.9848e-02 +3.3164e-01 +3.9958e+00 -1.8392e+00 +2.2596e+00 -1.4994e+00 -1.1865e+00 -5.3359e-01 -1.9809e+00
56308 0 +1.038438620e+00 -4.339156138e+01 -4.339156138e+01 +4.0381e+00 -9.1731e-01 +3.9777e+00 -1.7062e-01 -2.1500e+00 -1.4541e+00 -4.2339e-01 -2.3652e+00 -2.5377e+00 +2.8781e+00
100001 0 +1.038438620e+00 -4.339156138e+01 -4.339156138e+01 +4.0381e+00 -9.1731e-01 +3.9777e+00 -1.7062e-01 -2.1500e+00 -1.4541e+00 -4.2339e-01 -2.3652e+00 -2.5377e+00 +2.8781e+00
% f evaluations | g evaluations | best noise-free fitness - Fopt (2.557800000000e+02) + sum g_i+ | measured fitness | best measured fitness or single-digit g-values | x1 | x2...
1 0 +2.397319266e+01 +2.797531927e+02 +2.797531927e+02 +0.0000e+00 +0.0000e+00 +0.0000e+00 +0.0000e+00 +0.0000e+00 +0.0000e+00 +0.0000e+00 +0.0000e+00 +0.0000e+00 +0.0000e+00
2 0 +1.284322226e+01 +2.686232223e+02 +2.686232223e+02 +4.1013e+00 -4.2035e+00 -2.5456e+00 +3.1021e+00 -4.6784e+00 +4.4154e+00 -3.8099e+00 -3.9789e+00 -3.0598e+00 +4.9770e+00
5 0 +1.003408917e+01 +2.658140892e+02 +2.658140892e+02 +2.5165e-01 +3.5333e+00 +3.8940e+00 -2.9104e+00 -2.4590e-01 -2.1977e+00 -4.7002e+00 -1.7530e-01 +1.9971e+00 +1.8621e+00
13 0 +7.752994842e+00 +2.635329948e+02 +2.635329948e+02 -5.9256e-01 +2.0165e-01 -7.9178e-01 -1.7426e+00 +2.2337e+00 -2.6723e+00 -3.8281e+00 +1.9763e+00 +3.3727e+00 -4.6092e-01
34 0 +3.690483527e+00 +2.594704835e+02 +2.594704835e+02 +4.7123e+00 -2.5559e+00 -1.4851e+00 +3.0128e+00 -4.2255e+00 +4.8935e+00 -3.2973e+00 -3.6555e+00 -3.4141e+00 +4.1118e+00
152 0 +3.019726190e+00 +2.587997262e+02 +2.587997262e+02 +2.0986e-02 -9.6611e-01 -3.6841e+00 +2.1238e-01 +5.3806e-01 -9.8468e-02 -2.3422e+00 -6.7716e-01 +2.1249e+00 +7.3592e-01
161 0 +2.536081307e+00 +2.583160813e+02 +2.583160813e+02 +2.1016e+00 -1.6740e+00 -2.0953e+00 +2.9902e+00 +1.8520e+00 +2.3298e+00 -2.4174e+00 -1.4176e+00 -1.1592e-01 +2.1393e+00
3080 0 +1.940313847e+00 +2.577203138e+02 +2.577203138e+02 -4.4436e+00 +4.7281e-02 +2.1609e+00 -3.7814e-01 -1.7166e+00 -2.0705e-02 +3.5398e+00 -1.9974e+00 +3.1600e-01 +3.2910e+00
3897 0 +1.533643201e+00 +2.573136432e+02 +2.573136432e+02 -4.3901e+00 -7.9014e-01 -1.1166e+00 -8.9182e-01 -1.3852e+00 -1.4593e-01 +3.0935e+00 +2.2867e+00 -2.7672e-02 +4.2582e+00
82319 0 +1.348089225e+00 +2.571280892e+02 +2.571280892e+02 +2.4773e+00 -3.0047e+00 -3.0283e+00 -1.7333e+00 +5.0306e-01 -2.6749e+00 -1.3459e+00 +8.1237e-02 +3.8587e+00 -2.6021e+00
100001 0 +1.348089225e+00 +2.571280892e+02 +2.571280892e+02 +2.4773e+00 -3.0047e+00 -3.0283e+00 -1.7333e+00 +5.0306e-01 -2.6749e+00 -1.3459e+00 +8.1237e-02 +3.8587e+00 -2.6021e+00
% f evaluations | g evaluations | best noise-free fitness - Fopt (1.000000000000e+03) + sum g_i+ | measured fitness | best measured fitness or single-digit g-values | x1 | x2...
1 0 +9.391019891e+00 +1.009391020e+03 +1.009391020e+03 +0.0000e+00 +0.0000e+00 +0.0000e+00 +0.0000e+00 +0.0000e+00 +0.0000e+00 +0.0000e+00 +0.0000e+00 +0.0000e+00 +0.0000e+00
10 0 +8.258570367e+00 +1.008258570e+03 +1.008258570e+03 +2.0907e+00 -8.6390e-01 +1.4608e+00 +1.4021e+00 +3.4560e+00 +1.2130e+00 +4.1015e+00 -3.5344e+00 +3.8044e+00 +2.5036e+00
50 0 +4.937333726e+00 +1.004937334e+03 +1.004937334e+03 +4.7376e-01 -7.2738e-01 +1.3200e+00 -1.8377e+00 +2.6498e+00 +1.9628e-01 +1.9270e+00 -4.3541e+00 +3.7612e+00 +1.1269e+00
73 0 +3.088227193e+00 +1.003088227e+03 +1.003088227e+03 +1.6959e+00 -2.7127e+00 +2.6634e+00 -4.2028e+00 +3.8880e+00 -3.1262e+00 +2.2526e+00 +2.0231e+00 -1.1345e+00 +9.3203e-01
111 0 +1.907434967e+00 +1.001907435e+03 +1.001907435e+03 -4.2800e+00 +1.1098e+00 -7.8942e-01 -3.9241e+00 +2.7958e-01 +1.4667e+00 -1.6743e+00 +1.4843e-01 +3.7124e-01 -4.5932e+00
5851 0 +1.523077388e+00 +1.001523077e+03 +1.001523077e+03 -7.2959e-01 +2.2818e+00 +1.5394e+00 -2.7863e+00 -1.1480e+00 +1.1296e+00 +4.5598e+00 +1.2688e+00 -5.2466e-01 +6.2812e-01
73028 0 +1.077959916e+00 +1.001077960e+03 +1.001077960e+03 -4.4905e+00 +2.6500e+00 -4.8261e+00 -1.3897e+00 -1.0883e+00 +1.5144e+00 -4.2097e-01 +1.6202e+00 -2.2663e+00 +3.6494e+00
100001 0 +1.077959916e+00 +1.001077960e+03 +1.001077960e+03 -4.4905e+00 +2.6500e+00 -4.8261e+00 -1.3897e+00 -1.0883e+00 +1.5144e+00 -4.2097e-01 +1.6202e+00 -2.2663e+00 +3.6494e+00
% f evaluations | g evaluations | best noise-free fitness - Fopt (-1.869500000000e+02) + sum g_i+ | measured fitness | best measured fitness or single-digit g-values | x1 | x2...
1 0 +2.348465466e+01 -1.634653453e+02 -1.634653453e+02 +0.0000e+00 +0.0000e+00 +0.0000e+00 +0.0000e+00 +0.0000e+00 +0.0000e+00 +0.0000e+00 +0.0000e+00 +0.0000e+00 +0.0000e+00
2 0 +1.231965755e+01 -1.746303425e+02 -1.746303425e+02 -3.8586e+00 +2.4779e+00 +3.7033e-01 -4.9846e+00 +3.0939e+00 -4.8025e+00 +2.7045e+00 +3.5078e+00 +3.1125e+00 -1.4936e+00
3 0 +1.188175261e+01 -1.750682474e+02 -1.750682474e+02 -4.0228e+00 -1.2720e+00 +1.5704e+00 +7.8768e-01 -7.8995e-01 -7.8633e-01 -2.4383e+00 -2.2882e+00 -4.2772e+00 +3.6176e+00
9 0 +6.681721092e+00 -1.802682789e+02 -1.802682789e+02 -4.2559e+00 +2.7954e+00 +2.4573e+00 +3.4459e+00 +4.4558e+00 +3.7344e-02 +2.9728e-01 -4.3584e+00 +3.0044e+00 -2.3122e+00
22 0 +5.717262525e+00 -1.812327375e+02 -1.812327375e+02 +1.8972e+00 +1.0118e+00 +2.9544e-01 -2.9884e+00 -4.1487e+00 -1.6047e-01 -1.1772e+00 -2.1069e+00 -3.0895e+00 -5.4012e-01
75 0 +4.542618003e+00 -1.824073820e+02 -1.824073820e+02 -3.2069e-01 +3.1802e+00 -2.5308e-01 -2.1055e+00 -1.5737e+00 -4.1062e+00 -3.8383e+00 +2.2112e+00 +3.5052e+00 -2.1354e+00
140 0 +2.302354340e+00 -1.846476457e+02 -1.846476457e+02 -3.4073e+00 +2.1809e+00 -8.5412e-01 +8.6328e-01 +5.1837e-01 -4.4238e+00 +3.7518e-01 +2.7597e+00 -3.8263e-01 -1.1555e+00
214 0 +2.163838372e+00 -1.847861616e+02 -1.847861616e+02 -3.7735e+00 +1.1663e+00 +7.7341e-02 +1.8203e+00 +3.9969e+00 -3.0413e+00 +1.4353e+00 +1.3603e+00 +2.1323e+00 +1.7177e-01
7203 0 +1.867463976e+00 -1.850825360e+02 -1.850825360e+02 +1.7236e+00 +2.4130e+00 +3.7974e+00 -4.1486e-01 +4.0924e+00 +2.2953e+00 -9.4106e-01 -8.6536e-01 -2.0547e+00 +1.9528e+00
16323 0 +1.761100584e+00 -1.851888994e+02 -1.851888994e+02 +1.8607e+00 +2.0120e+00 +5.7880e-01 -1.3653e+00 -2.2380e+00 +7.5175e-01 -1.0574e+00 -8.7978e-01 +9.5577e-01 -1.0873e+00
17170 0 +1.544862629e+00 -1.854051374e+02 -1.854051374e+02 -1.4319e-01 +4.2184e+00 -1.5648e+00 -3.0306e+00 -2.9215e+00 -5.6135e-01 -3.1251e-01 -1.2725e+00 +5.5214e-02 +7.3910e-01
43087 0 +1.317631019e+00 -1.856323690e+02 -1.856323690e+02 +1.3477e+00 -1.5920e+00 -9.5429e-01 -2.4172e+00 +2.4077e+00 -1.1654e+00 -1.8869e+00 +5.0881e+00 -3.8239e+00 +2.4524e+00
100001 0 +1.293228492e+00 -1.856567715e+02 -1.856567715e+02 -9.0151e-01 -4.9060e+00 -8.9096e-02 +1.0567e+00 -4.0442e+00 +1.6667e+00 +1.9966e+00 +1.3021e+00 +2.9709e+00 +2.6183e+00
% f evaluations | g evaluations | best noise-free fitness - Fopt (5.859500000000e+02) + sum g_i+ | measured fitness | best measured fitness or single-digit g-values | x1 | x2...
1 0 +2.472371669e+01 +6.106737167e+02 +6.106737167e+02 +0.0000e+00 +0.0000e+00 +0.0000e+00 +0.0000e+00 +0.0000e+00 +0.0000e+00 +0.0000e+00 +0.0000e+00 +0.0000e+00 +0.0000e+00
3 0 +1.855844500e+01 +6.045084450e+02 +6.045084450e+02 +4.9435e-01 -4.7338e+00 -1.8170e+00 -1.7663e+00 -1.2710e+00 +2.6757e+00 +2.2968e+00 +3.8611e+00 +4.5162e+00 +4.0972e+00
4 0 +7.819631139e+00 +5.937696311e+02 +5.937696311e+02 +4.6235e+00 +3.8965e+00 -4.4003e-01 +1.0236e+00 +4.8973e+00 +4.9371e+00 +1.7418e+00 -4.8832e+00 -3.0262e+00 -1.3249e+00
15 0 +6.636558446e+00 +5.925865584e+02 +5.925865584e+02 +2.9104e+00 +2.6945e+00 +2.3880e-01 -2.3652e-01 +6.2439e+00 +3.1045e+00 +2.0205e+00 -4.6218e+00 -5.1839e-01 -1.2933e+00
73 0 +6.495809275e+00 +5.924458093e+02 +5.924458093e+02 -1.2429e+00 +2.8000e+00 -8.0698e-01 +2.8344e+00 +2.4304e+00 +8.6289e-01 +4.4243e+00 -2.7581e-01 +1.5281e-01 -1.5160e-02
184 0 +6.092258612e+00 +5.920422586e+02 +5.920422586e+02 +4.8051e+00 +9.2834e-01 -1.0630e+00 +1.0632e+00 +3.0411e+00 -4.5269e-01 -2.8902e+00 +1.1323e+00 +4.1196e+00 +1.2285e+00
205 0 +5.308656618e+00 +5.912586566e+02 +5.912586566e+02 -1.6273e+00 +6.9542e-02 +6.9316e-02 +4.3062e+00 +2.1478e+00 +2.4053e+00 -2.4748e+00 -1.6924e-01 +2.6821e+00 -5.8074e-01
210 0 +4.441883883e+00 +5.903918839e+02 +5.903918839e+02 +4.8954e+00 +2.5869e+00 -4.4592e+00 +4.2952e+00 -1.8301e+00 -1.5527e+00 -5.7021e+00 +5.2918e+00 +2.3535e+00 +3.5275e+00
485 0 +3.626308987e+00 +5.895763090e+02 +5.895763090e+02 -1.4320e+00 -1.1854e+00 +3.5963e-01 -2.3653e+00 +1.8159e+00 -1.3768e+00 -1.9704e+00 -1.4049e+00 +2.7716e-01 -3.8079e+00
592 0 +2.672090508e+00 +5.886220905e+02 +5.886220905e+02 -2.4089e+00 -7.2620e-01 +6.1879e-03 -1.6908e+00 -5.2912e-01 +1.5443e+00 +3.6231e+00 +6.4178e-01 -2.7001e+00 -1.7452e+00
996 0 +2.447617149e+00 +5.883976171e+02 +5.883976171e+02 +9.8201e-02 +1.5205e-01 +8.9996e-01 -1.3173e+00 +3.7527e-01 +7.5063e-01 -1.4302e+00 -2.0198e+00 -8.3582e-01 +1.9041e+00
1449 0 +2.373334795e+00 +5.883233348e+02 +5.883233348e+02 +3.8379e+00 +2.4915e+00 -7.4064e-02 -1.6974e+00 -1.7376e+00 -1.5737e+00 -8.2353e-01 +1.9979e+00 -4.1947e-01 +3.9809e+00
5260 0 +2.308584960e+00 +5.882585850e+02 +5.882585850e+02 +2.3713e+00 +1.3182e+00 +5.6416e-01 +1.9929e+00 -3.0782e+00 -1.8270e+00 -2.5199e+00 +1.0373e+00 -8.6381e-01 -1.1920e+00
11498 0 +1.581156495e+00 +5.875311565e+02 +5.875311565e+02 -3.2342e+00 -1.8765e+00 +1.5110e+00 +1.1333e+00 -4.1631e-01 +3.3967e+00 -3.1709e+00 -3.3084e+00 -2.1606e-01 +1.5541e+00
75212 0 +1.462451223e+00 +5.874124512e+02 +5.874124512e+02 -1.9439e+00 -3.0648e+00 -1.7399e+00 +3.1648e+00 +2.9900e+00 +7.8292e-02 -1.0464e+00 -3.1449e+00 +1.6162e+00 +2.5493e-02
100001 0 +1.462451223e+00 +5.874124512e+02 +5.874124512e+02 -1.9439e+00 -3.0648e+00 -1.7399e+00 +3.1648e+00 +2.9900e+00 +7.8292e-02 -1.0464e+00 -3.1449e+00 +1.6162e+00 +2.5493e-02
% f evaluations | g evaluations | best noise-free fitness - Fopt (2.871600000000e+02) + sum g_i+ | measured fitness | best measured fitness or single-digit g-values | x1 | x2...
1 0 +1.418167891e+01 +3.013416789e+02 +3.013416789e+02 +0.0000e+00 +0.0000e+00 +0.0000e+00 +0.0000e+00 +0.0000e+00 +0.0000e+00 +0.0000e+00 +0.0000e+00 +0.0000e+00 +0.0000e+00
3 0 +6.801419014e+00 +2.939614190e+02 +2.939614190e+02 +3.7128e+00 -4.7387e+00 -4.4829e+00 +1.8133e+00 -2.8541e+00 -3.8632e-01 +6.0170e-01 -4.5126e+00 +3.4348e+00 -2.6342e+00
5 0 +5.024189800e+00 +2.921841898e+02 +2.921841898e+02 -3.4588e+00 -1.8193e+00 +3.5942e+00 +2.7877e+00 -1.0340e+00 -1.4178e+00 -4.5433e+00 -2.0670e+00 -3.6743e+00 +4.9505e+00
278 0 +4.346800936e+00 +2.915068009e+02 +2.915068009e+02 +3.6378e-01 -4.7315e+00 -1.2562e+00 +1.3583e+00 -1.5036e+00 +2.8807e-01 +2.4901e+00 -1.0511e+00 +1.8243e+00 -3.9075e+00
681 0 +3.334642426e+00 +2.904946424e+02 +2.904946424e+02 +2.0166e+00 +1.3220e+00 -4.2953e+00 -2.8898e-01 +2.7258e+00 +2.7442e+00 -1.2836e+00 +1.9883e+00 +1.2948e+00 +7.3692e-01
2215 0 +3.237098905e+00 +2.903970989e+02 +2.903970989e+02 -8.3650e-01 -1.9287e+00 +4.6860e+00 -2.7006e+00 -3.1902e+00 -2.0192e+00 +1.7515e+00 -9.5193e-01 -2.4685e+00 +1.6697e+00
2253 0 +3.019023635e+00 +2.901790236e+02 +2.901790236e+02 -1.1333e+00 -2.4599e+00 +3.2008e+00 -3.0799e-01 -3.3839e+00 -3.3578e+00 +2.1505e+00 -1.3293e+00 -2.4375e+00 +1.1418e+00
2676 0 +2.636656803e+00 +2.897966568e+02 +2.897966568e+02 -4.2080e-01 -3.8069e+00 -1.8081e+00 -1.9899e+00 +9.4974e-01 -9.4522e-01 +3.6041e-01 -1.7940e+00 -8.8746e-01 +3.7794e+00
5041 0 +2.265858682e+00 +2.894258587e+02 +2.894258587e+02 +2.2366e-01 +4.6042e-01 -8.4677e-01 -2.8024e+00 +3.8126e-01 +1.1212e-01 -2.8244e+00 +3.9637e+00 +3.2272e+00 +3.2374e-01
5067 0 +1.812107164e+00 +2.889721072e+02 +2.889721072e+02 +1.1651e+00 -5.5523e-01 +3.3407e+00 +2.0955e+00 +1.0909e+00 +4.9677e+00 -4.5281e+00 +3.9551e+00 +3.2072e+00 +2.1950e+00
8882 0 +1.216484930e+00 +2.883764849e+02 +2.883764849e+02 -1.2377e-03 +3.9706e+00 -3.7065e-02 +4.2410e+00 -2.3096e+00 +9.4178e-01 +3.9806e+00 -2.9866e+00 +2.2207e+00 +1.8004e+00
100001 0 +1.216484930e+00 +2.883764849e+02 +2.883764849e+02 -1.2377e-03 +3.9706e+00 -3.7065e-02 +4.2410e+00 -2.3096e+00 +9.4178e-01 +3.9806e+00 -2.9866e+00 +2.2207e+00 +1.8004e+00
% f evaluations | g evaluations | best noise-free fitness - Fopt (-3.943800000000e+02) + sum g_i+ | measured fitness | best measured fitness or single-digit g-values | x1 | x2...
1 0 +3.742343468e+01 -3.569565653e+02 -3.569565653e+02 +0.0000e+00 +0.0000e+00 +0.0000e+00 +0.0000e+00 +0.0000e+00 +0.0000e+00 +0.0000e+00 +0.0000e+00 +0.0000e+00 +0.0000e+00
2 0 +1.491401764e+01 -3.794659824e+02 -3.794659824e+02 +2.2205e+00 +4.2847e-01 +2.2343e-01 -5.6145e-01 -1.5117e-01 -3.1931e+00 +3.3299e+00 +3.3432e+00 -2.5085e+00 +1.6446e-01
4 0 +1.314628636e+01 -3.812337136e+02 -3.812337136e+02 -3.0329e+00 +3.7274e-01 +4.4033e+00 +1.5966e+00 +2.4160e-01 -1.4320e+00 -3.9379e+00 +1.3487e+00 +2.8391e+00 +5.0076e-02
10 0 +5.496342421e+00 -3.888836576e+02 -3.888836576e+02 +3.2725e+00 +2.9257e+00 -1.3680e+00 -4.8129e+00 -3.2560e+00 +3.0037e+00 +4.0564e+00 -4.1950e+00 -3.9800e-01 +2.5363e+00
81 0 +4.984021356e+00 -3.893959786e+02 -3.893959786e+02 +2.3159e+00 +7.3003e-01 +1.5810e+00 -4.6578e+00 -1.8938e+00 -1.0803e-01 -3.3803e+00 +9.8256e-01 -1.9196e-01 +1.1219e+00
174 0 +2.542870519e+00 -3.918371295e+02 -3.918371295e+02 -2.6457e+00 -6.9753e-01 +1.2864e+00 +2.9559e-01 -1.4171e+00 -3.0997e+00 -1.8640e-01 +1.2723e+00 -2.0839e+00 +2.3602e+00
2892 0 +2.421544267e+00 -3.919584557e+02 -3.919584557e+02 +7.0358e-01 +3.9882e+00 -6.1801e-01 -9.7625e-01 +1.6374e+00 -1.3556e-01 +4.3884e+00 -7.2437e-01 -1.8445e+00 -3.8016e+00
3456 0 +1.821874735e+00 -3.925581253e+02 -3.925581253e+02 -2.0313e+00 +5.5492e-01 -1.8764e+00 -9.9516e-01 +1.0559e+00 +3.4128e+00 +2.4146e+00 +1.9554e+00 -2.1969e+00 -1.6593e+00
9079 0 +1.687832872e+00 -3.926921671e+02 -3.926921671e+02 +1.9927e+00 -4.8830e+00 +7.7830e-01 -1.0780e+00 -3.6646e+00 -1.9429e+00 -1.1915e+00 -3.2349e+00 +3.1189e+00 +3.8561e-01
20231 0 +8.143699319e-01 -3.935656301e+02 -3.935656301e+02 -7.9482e-01 +1.0282e+00 +3.9040e+00 +2.9655e+00 +9.2227e-01 -2.9095e+00 -9.7140e-01 +1.4775e+00 +8.6126e-01 -2.9768e+00
100001 0 +8.143699319e-01 -3.935656301e+02 -3.935656301e+02 -7.9482e-01 +1.0282e+00 +3.9040e+00 +2.9655e+00 +9.2227e-01 -2.9095e+00 -9.7140e-01 +1.4775e+00 +8.6126e-01 -2.9768e+00
% f evaluations | g evaluations | best noise-free fitness - Fopt (5.443000000000e+01) + sum g_i+ | measured fitness | best measured fitness or single-digit g-values | x1 | x2...
1 0 +1.626782493e+01 +7.069782493e+01 +7.069782493e+01 +0.0000e+00 +0.0000e+00 +0.0000e+00 +0.0000e+00 +0.0000e+00 +0.0000e+00 +0.0000e+00 +0.0000e+00 +0.0000e+00 +0.0000e+00
2 0 +1.221902291e+01 +6.664902291e+01 +6.664902291e+01 +1.1695e+00 -3.6730e+00 +9.9942e-01 -1.9531e+00 -2.8980e+00 +9.5863e-02 +3.3174e+00 +2.0851e+00 -2.8082e+00 +2.6963e+00
5 0 +9.734782404e+00 +6.416478240e+01 +6.416478240e+01 -4.8179e+00 +1.7826e+00 +1.0183e+00 +2.5343e+00 -1.8197e+00 +3.8643e+00 +4.9167e+00 -4.7217e+00 -3.5884e+00 +4.5166e+00
6 0 +4.525196734e+00 +5.895519673e+01 +5.895519673e+01 -1.8625e+00 -1.0869e+00 -3.1387e-02 -1.6834e+00 +3.8691e+00 +4.5979e+00 +8.3246e-01 -2.0838e+00 +3.6292e+00 +1.6012e+00
138 0 +4.414119460e+00 +5.884411946e+01 +5.884411946e+01 -3.5038e+00 +3.5098e+00 +9.9461e-01 +6.4276e-01 +3.2029e+00 -2.2822e+00 -1.9415e+00 +1.7740e+00 -1.2453e-02 -4.7944e+00
200 0 +2.394584350e+00 +5.682458435e+01 +5.682458435e+01 -1.7736e+00 +3.6905e+00 +1.3591e+00 +5.8943e-01 +1.8086e-01 -3.1317e+00 -2.9297e-01 -9.1479e-01 +6.8389e-01 -1.0785e+00
2412 0 +2.159524415e+00 +5.658952442e+01 +5.658952442e+01 +1.6401e+00 -1.0594e+00 -2.1599e+00 +1.3173e+00 -4.1611e-01 -9.9938e-01 +1.7710e+00 -1.9109e+00 -2.8845e+00 -9.9790e-01
3044 0 +1.611701022e+00 +5.604170102e+01 +5.604170102e+01 +5.7012e-01 +3.5595e-01 +1.7667e-01 +2.0470e+00 +3.7491e-02 +5.9309e-01 -1.6067e+00 +7.5694e-01 +3.2713e+00 -1.1756e+00
16145 0 +1.553370120e+00 +5.598337012e+01 +5.598337012e+01 -6.1882e-02 -5.8377e-02 -6.0649e-01 +1.3461e+00 +4.2624e-01 -2.5714e+00 +4.8015e+00 -3.8836e-02 -7.4163e-01 -3.3263e+00
41591 0 +1.213458138e+00 +5.564345814e+01 +5.564345814e+01 +1.9571e+00 +8.4199e-01 -2.8855e+00 -2.9030e+00 -1.0752e+00 -3.7951e+00 +2.7256e-01 +2.4269e+00 -1.9088e+00 -2.4687e+00
55343 0 +1.080463639e+00 +5.551046364e+01 +5.551046364e+01 -3.1784e+00 -1.2007e+00 -1.6197e+00 +2.9771e+00 -3.4608e+00 +1.8293e+00 -2.8005e+00 +1.2188e+00 -3.9166e+00 +3.1932e+00
91291 0 +9.527251472e-01 +5.538272515e+01 +5.538272515e+01 +2.3148e+00 +3.2350e+00 +3.2306e+00 +3.8233e+00 +4.3686e+00 +2.5752e+00 +1.0577e-01 -1.2760e+00 +1.7076e-01 -4.3490e+00
100001 0 +9.527251472e-01 +5.538272515e+01 +5.538272515e+01 +2.3148e+00 +3.2350e+00 +3.2306e+00 +3.8233e+00 +4.3686e+00 +2.5752e+00 +1.0577e-01 -1.2760e+00 +1.7076e-01 -4.3490e+00
% f evaluations | g evaluations | best noise-free fitness - Fopt (1.396900000000e+02) + sum g_i+ | measured fitness | best measured fitness or single-digit g-values | x1 | x2...
1 0 +2.266168168e+01 +1.623516817e+02 +1.623516817e+02 +0.0000e+00 +0.0000e+00 +0.0000e+00 +0.0000e+00 +0.0000e+00 +0.0000e+00 +0.0000e+00 +0.0000e+00 +0.0000e+00 +0.0000e+00
2 0 +1.684077725e+01 +1.565307772e+02 +1.565307772e+02 -4.5539e+00 +1.9587e+00 -9.3396e-01 -2.9084e+00 +4.4269e-01 -1.6711e+00 -4.3332e+00 +3.1164e+00 -1.3489e+00 -3.3971e-01
4 0 +1.469389159e+01 +1.543838916e+02 +1.543838916e+02 +4.3651e+00 -3.9642e+00 +3.2415e+00 +2.5080e+00 +4.1575e+00 +6.4889e-01 +1.1599e+00 -1.5970e-01 +2.8301e+00 -3.6857e+00
5 0 +1.444401124e+01 +1.541340112e+02 +1.541340112e+02 +2.0495e-01 -1.2229e+00 -4.1047e+00 +1.3372e+00 +1.0245e+00 -4.9831e-03 +1.8335e+00 +3.8120e+00 +2.7658e-01 -1.9143e-01
6 0 +1.180726827e+01 +1.514972683e+02 +1.514972683e+02 -4.3128e+00 -3.5279e+00 -1.9533e+00 -1.6339e+00 -4.2633e+00 +3.8274e+00 -4.0213e-01 +3.4636e-01 +4.9642e+00 -3.4471e+00
10 0 +1.124155426e+01 +1.509315543e+02 +1.509315543e+02 +2.2966e+00 +2.0994e-01 +2.6638e+00 +4.7057e+00 -3.9282e+00 +4.4596e+00 -3.1349e+00 -3.2153e+00 +1.1034e+00 +3.3026e+00
12 0 +1.068685040e+01 +1.503768504e+02 +1.503768504e+02 -2.5181e+00 -3.7441e+00 -1.6683e+00 +1.7377e+00 -4.8850e+00 +3.8009e+00 +6.2466e-01 +1.2529e+00 +4.1517e+00 -4.7678e+00
37 0 +9.167684384e+00 +1.488576844e+02 +1.488576844e+02 -2.7542e+00 -2.3258e+00 -1.0924e+00 -2.6956e-01 -1.4669e+00 +2.1556e+00 +2.4680e+00 +2.8746e-01 +3.8663e+00 -1.2338e+00
44 0 +6.383931173e+00 +1.460739312e+02 +1.460739312e+02 +6.8193e-01 -8.2372e-01 -2.8719e+00 -5.9174e+00 -3.0591e+00 +1.3793e+00 +2.1116e-01 +1.2778e+00 +2.2415e+00 +1.6647e+00
89 0 +4.929488067e+00 +1.446194881e+02 +1.446194881e+02 -3.2204e+00 -2.8245e+00 -4.7385e-01 +3.0540e+00 +4.4745e-01 -5.4002e-01 -8.6688e-01 -3.7918e+00 +2.7167e+00 +3.4895e-01
224 0 +2.093198575e+00 +1.417831986e+02 +1.417831986e+02 -3.1947e+00 -4.3801e-02 +1.5677e+00 -1.5975e-01 +3.9318e+00 -9.0092e-01 -1.0830e-01 -3.3089e+00 -3.1733e-03 -6.7004e-01
8965 0 +1.771554528e+00 +1.414615545e+02 +1.414615545e+02 +4.8229e-01 +4.3326e+00 +2.9393e+00 +7.4787e-01 -2.0076e+00 -1.1556e-01 +2.6323e+00 -1.2763e-02 +1.6433e+00 +2.7177e+00
35778 0 +1.338446095e+00 +1.410284461e+02 +1.410284461e+02 +1.0392e-01 -1.2036e-01 -4.5313e+00 +2.5889e+00 -5.6011e-02 +1.7494e+00 +7.7977e-01 +2.3978e+00 -2.3119e+00 -1.0407e+00
100001 0 +1.338446095e+00 +1.410284461e+02 +1.410284461e+02 +1.0392e-01 -1.2036e-01 -4.5313e+00 +2.5889e+00 -5.6011e-02 +1.7494e+00 +7.7977e-01 +2.3978e+00 -2.3119e+00 -1.0407e+00
% f evaluations | g evaluations | best noise-free fitness - Fopt (-5.794000000000e+01) + sum g_i+ | measured fitness | best measured fitness or single-digit g-values | x1 | x2...
1 0 +1.147678309e+01 -4.646321691e+01 -4.646321691e+01 +0.0000e+00 +0.0000e+00 +0.0000e+00 +0.0000e+00 +0.0000e+00 +0.0000e+00 +0.0000e+00 +0.0000e+00 +0.0000e+00 +0.0000e+00
4 0 +6.435477716e+00 -5.150452228e+01 -5.150452228e+01 +4.6912e+00 -4.0914e+00 +4.9323e+00 +6.5198e-01 +2.5227e+00 -3.2070e+00 -4.0173e+00 +7.6472e-01 -4.5671e+00 +2.6621e+00
11 0 +3.278349565e+00 -5.466165043e+01 -5.466165043e+01 +4.1733e+00 -4.8952e+00 -6.0932e-01 +1.4147e+00 +4.4297e+00 -3.3973e+00 +2.1552e+00 +4.1485e+00 +4.2808e+00 -5.8466e-01
118 0 +2.825557634e+00 -5.511444237e+01 -5.511444237e+01 +2.7817e+00 -3.7739e+00 -9.1840e-01 -1.3353e+00 +4.6458e+00 +7.8009e-01 +1.6771e-01 +7.8144e-01 +6.4769e-01 -4.4520e-02
1143 0 +2.585527759e+00 -5.535447224e+01 -5.535447224e+01 -1.7667e+00 -3.2024e+00 +6.8419e-02 +2.4473e+00 -1.1963e+00 -3.3047e+00 +3.9594e+00 -3.8502e+00 -1.8532e+00 -2.0435e+00
4430 0 +2.282788925e+00 -5.565721108e+01 -5.565721108e+01 -9.2778e-01 -5.6970e-01 -1.1985e+00 -1.8532e+00 -4.2547e+00 -5.0167e+00 +1.4986e+00 +4.4199e+00 -2.0093e+00 +6.2109e-01
6273 0 +1.826786603e+00 -5.611321340e+01 -5.611321340e+01 +1.9348e-01 +1.5985e+00 -1.7696e+00 +7.9504e-02 +2.4331e-01 +2.9997e-01 +3.1416e-02 +3.9815e+00 +1.5422e+00 +2.2020e+00
9212 0 +1.406164300e+00 -5.653383570e+01 -5.653383570e+01 -1.5548e+00 +2.4582e+00 -1.7920e+00 -1.1119e+00 +4.1730e+00 +2.4712e+00 +2.8353e+00 +1.4317e+00 +8.1704e-01 +3.3400e+00
16898 0 +1.198592758e+00 -5.674140724e+01 -5.674140724e+01 +8.6220e-01 +2.1817e+00 -8.9427e-01 -2.1006e+00 +4.0152e-02 -2.4649e+00 +3.2966e+00 +2.4623e+00 -4.8492e-02 -2.3320e-01
100001 0 +1.198592758e+00 -5.674140724e+01 -5.674140724e+01 +8.6220e-01 +2.1817e+00 -8.9427e-01 -2.1006e+00 +4.0152e-02 -2.4649e+00 +3.2966e+00 +2.4623e+00 -4.8492e-02 -2.3320e-01
% f evaluations | g evaluations | best noise-free fitness - Fopt (1.253900000000e+02) + sum g_i+ | measured fitness | best measured fitness or single-digit g-values | x1 | x2...
1 0 +1.698073339e+01 +1.423707334e+02 +1.423707334e+02 +0.0000e+00 +0.0000e+00 +0.0000e+00 +0.0000e+00 +0.0000e+00 +0.0000e+00 +0.0000e+00 +0.0000e+00 +0.0000e+00 +0.0000e+00
2 0 +1.501558257e+01 +1.404055826e+02 +1.404055826e+02 -6.4558e-01 +2.4220e+00 +1.7644e+00 -4.9137e+00 +4.4675e+00 -5.0446e-01 +1.4479e+00 +2.3338e+00 +4.8109e+00 +1.9321e+00
4 0 +1.063900848e+01 +1.360290085e+02 +1.360290085e+02 -1.3960e-01 +4.8761e+00 -4.5022e+00 -1.0388e+00 +4.8893e+00 +4.9691e+00 +9.7639e-01 -1.1690e+00 +3.4116e+00 +6.5631e-01
10 0 +8.391161830e+00 +1.337811618e+02 +1.337811618e+02 -2.3399e+00 -4.7310e+00 +5.6326e-01 -2.1424e+00 -1.6658e+00 -3.1540e+00 -7.1403e-01 +9.2947e-01 -4.2324e+00 +7.1026e-01
11 0 +7.900577335e+00 +1.332905773e+02 +1.332905773e+02 +1.7917e+00 -2.2158e+00 +4.1743e+00 -1.5395e+00 -4.6904e+00 -4.8938e+00 +2.1384e+00 -4.6269e+00 +1.9690e-01 +1.7278e+00
37 0 +3.767700065e+00 +1.291577001e+02 +1.291577001e+02 -2.2557e+00 +8.9543e-01 -1.0954e+00 -8.0411e-01 -3.9660e-02 -2.8939e+00 +1.1729e+00 +1.8797e-01 -3.2696e-01 +2.5582e-01
443 0 +3.012933666e+00 +1.284029337e+02 +1.284029337e+02 +1.4313e+00 -1.9316e+00 +2.6460e+00 +3.0791e+00 -2.8103e+00 +1.8930e+00 +2.4811e+00 +4.4737e-02 -1.7675e+00 +3.9164e-01
780 0 +2.398495319e+00 +1.277884953e+02 +1.277884953e+02 -4.6980e-01 +7.9559e-01 +9.8147e-01 +2.8401e+00 -3.9922e-01 +4.0247e+00 +3.2210e+00 -1.2591e+00 +3.3888e+00 -2.8090e-01
2392 0 +2.285114676e+00 +1.276751147e+02 +1.276751147e+02 +2.1827e+00 +1.5618e+00 -3.2770e+00 +2.3842e+00 -1.5444e+00 -2.2792e+00 -2.8464e+00 -3.0283e+00 +1.1351e+00 -1.0828e+00
2616 0 +1.828840861e+00 +1.272188409e+02 +1.272188409e+02 +3.5416e+00 -4.3103e+00 -3.1107e+00 +2.3182e+00 -3.3446e+00 -3.0518e+00 -4.7260e-01 -4.7085e+00 -2.9186e+00 -7.0662e-01
7176 0 +1.418302297e+00 +1.268083023e+02 +1.268083023e+02 +8.9791e-01 +1.5170e+00 +8.3219e-01 -1.8630e+00 +3.9195e+00 -1.8692e+00 -8.1055e-01 +3.7146e-01 +2.2627e+00 +9.5028e-01
36806 0 +1.395032324e+00 +1.267850323e+02 +1.267850323e+02 -3.2632e-02 -4.1383e-01 -1.8454e+00 -1.9159e+00 +2.1248e+00 -6.2379e-02 -4.8887e+00 +2.7751e+00 +2.6793e+00 -3.5813e+00
79679 0 +1.303521040e+00 +1.266935210e+02 +1.266935210e+02 -1.4558e+00 -2.0584e+00 +3.7398e+00 +3.8511e+00 -5.9897e-01 -1.0143e+00 +3.1218e+00 -2.5684e+00 -5.1385e+00 +1.5994e-01
86594 0 +1.004201848e+00 +1.263942018e+02 +1.263942018e+02 +3.7418e+00 +3.3559e-01 +3.9502e+00 +3.5525e-01 -3.4339e+00 -6.1703e-02 -6.7254e-01 -2.5705e+00 +1.5544e-01 -5.2271e+00
100001 0 +1.004201848e+00 +1.263942018e+02 +1.263942018e+02 +3.7418e+00 +3.3559e-01 +3.9502e+00 +3.5525e-01 -3.4339e+00 -6.1703e-02 -6.7254e-01 -2.5705e+00 +1.5544e-01 -5.2271e+00
