% f evaluations | g evaluations | best noise-free fitness - Fopt (-5.235000000000e+01) + sum g_i+ | measured fitness | best measured fitness or single-digit g-values | x1 | x2...
1 0 +8.543530517e+00 -4.380646948e+01 -4.380646948e+01 +0.0000e+00 +0.0000e+00 +0.0000e+00
2 0 +1.640198007e+00 -5.070980199e+01 -5.070980199e+01 -2.3931e+00 -1.5526e+00 +2.8091e+00
8 0 +8.416445961e-01 -5.150835540e+01 -5.150835540e+01 -2.8419e-01 -1.6739e+00 +2.9790e+00
20 0 +7.340164765e-01 -5.161598352e+01 -5.161598352e+01 -2.4300e-01 -1.6403e+00 +2.6907e+00
44 0 +4.423763453e-01 -5.190762365e+01 -5.190762365e+01 -1.4824e+00 -1.3794e+00 +2.6216e+00
81 0 +2.235446803e-01 -5.212645532e+01 -5.212645532e+01 -8.7860e-01 -1.5057e+00 +2.7772e+00
153 0 +1.546881087e-01 -5.219531189e+01 -5.219531189e+01 -8.0029e-01 -1.3710e+00 +2.6380e+00
178 0 +1.168070083e-01 -5.223319299e+01 -5.223319299e+01 -6.4443e-01 -1.0153e+00 +2.4783e+00
221 0 +5.919554394e-02 -5.229080446e+01 -5.229080446e+01 -8.2124e-01 -1.0641e+00 +2.5168e+00
228 0 +4.216905735e-02 -5.230783094e+01 -5.230783094e+01 -9.8414e-01 -1.1839e+00 +2.7098e+00
270 0 +2.776500067e-02 -5.232223500e+01 -5.232223500e+01 -8.4164e-01 -1.1385e+00 +2.6552e+00
278 0 +1.682524801e-02 -5.233317475e+01 -5.233317475e+01 -8.0599e-01 -1.1355e+00 +2.5233e+00
340 0 +1.224842639e-02 -5.233775157e+01 -5.233775157e+01 -9.1487e-01 -1.2271e+00 +2.6633e+00
352 0 +8.880619616e-03 -5.234111938e+01 -5.234111938e+01 -8.7520e-01 -1.1068e+00 +2.6840e+00
355 0 +3.892352334e-03 -5.234610765e+01 -5.234610765e+01 -8.6106e-01 -1.2074e+00 +2.5497e+00
512 0 +3.788779673e-03 -5.234621122e+01 -5.234621122e+01 -9.1963e-01 -1.2374e+00 +2.6411e+00
518 0 +2.179645152e-03 -5.234782035e+01 -5.234782035e+01 -9.0038e-01 -1.2412e+00 +2.5902e+00
592 0 +1.527324426e-03 -5.234847268e+01 -5.234847268e+01 -9.1436e-01 -1.2338e+00 +2.6295e+00
603 0 +9.281833893e-04 -5.234907182e+01 -5.234907182e+01 -8.9165e-01 -1.2280e+00 +2.5905e+00
606 0 +5.835647754e-04 -5.234941644e+01 -5.234941644e+01 -8.7262e-01 -1.2173e+00 +2.5679e+00
965 0 +5.015040980e-04 -5.234949850e+01 -5.234949850e+01 -8.8994e-01 -1.2371e+00 +2.5792e+00
973 0 +3.924790714e-04 -5.234960752e+01 -5.234960752e+01 -8.8571e-01 -1.2370e+00 +2.5719e+00
1004 0 +2.709693232e-04 -5.234972903e+01 -5.234972903e+01 -8.9216e-01 -1.2403e+00 +2.5810e+00
1634 0 +2.214513652e-04 -5.234977855e+01 -5.234977855e+01 -8.8540e-01 -1.2211e+00 +2.5887e+00
1737 0 +2.150424914e-04 -5.234978496e+01 -5.234978496e+01 -8.8932e-01 -1.2253e+00 +2.5910e+00
1800 0 +1.803608433e-04 -5.234981964e+01 -5.234981964e+01 -8.8714e-01 -1.2253e+00 +2.5870e+00
1803 0 +1.396192188e-04 -5.234986038e+01 -5.234986038e+01 -8.8485e-01 -1.2284e+00 +2.5797e+00
1882 0 +9.782345550e-05 -5.234990218e+01 -5.234990218e+01 -8.8502e-01 -1.2352e+00 +2.5735e+00
1959 0 +8.043201899e-05 -5.234991957e+01 -5.234991957e+01 -8.7902e-01 -1.2360e+00 +2.5618e+00
1972 0 +7.339433924e-05 -5.234992661e+01 -5.234992661e+01 -8.8103e-01 -1.2394e+00 +2.5620e+00
2060 0 +6.759066203e-05 -5.234993241e+01 -5.234993241e+01 -8.8535e-01 -1.2351e+00 +2.5740e+00
2213 0 +4.913333088e-05 -5.234995087e+01 -5.234995087e+01 -8.8355e-01 -1.2371e+00 +2.5688e+00
2298 0 +1.907690515e-05 -5.234998092e+01 -5.234998092e+01 -8.7901e-01 -1.2410e+00 +2.5565e+00
2433 0 +5.530989995e-06 -5.234999447e+01 -5.234999447e+01 -8.6970e-01 -1.2448e+00 +2.5358e+00
10853 0 +5.530989995e-06 -5.234999447e+01 -5.234999447e+01 -8.6970e-01 -1.2448e+00 +2.5358e+00
% f evaluations | g evaluations | best noise-free fitness - Fopt (-1.795400000000e+02) + sum g_i+ | measured fitness | best measured fitness or single-digit g-values | x1 | x2...
1 0 +1.242671208e+01 -1.671132879e+02 -1.671132879e+02 +0.0000e+00 +0.0000e+00 +0.0000e+00
2 0 +9.737200805e+00 -1.698027992e+02 -1.698027992e+02 -1.2439e+00 +1.1933e+00 -9.8337e-01
7 0 +1.341133425e+00 -1.781988666e+02 -1.781988666e+02 +1.6783e+00 -5.2957e-01 -3.7298e+00
14 0 +6.001156066e-01 -1.789398844e+02 -1.789398844e+02 +8.2841e-01 -9.4442e-02 -3.4680e+00
92 0 +2.501887981e-01 -1.792898112e+02 -1.792898112e+02 +7.4868e-01 +6.7225e-01 -3.0249e+00
170 0 +2.136683292e-01 -1.793263317e+02 -1.793263317e+02 +2.7068e-01 +5.8600e-01 -3.0716e+00
177 0 +9.559473437e-02 -1.794444053e+02 -1.794444053e+02 +5.4346e-01 +6.3395e-01 -3.4056e+00
205 0 +6.163988227e-02 -1.794783601e+02 -1.794783601e+02 +5.6690e-01 +4.7269e-01 -3.3385e+00
214 0 +4.529609738e-02 -1.794947039e+02 -1.794947039e+02 +7.1331e-01 +4.8134e-01 -3.2678e+00
288 0 +4.292305334e-02 -1.794970769e+02 -1.794970769e+02 +6.4831e-01 +5.4664e-01 -3.2769e+00
295 0 +3.626059074e-02 -1.795037394e+02 -1.795037394e+02 +8.0277e-01 +4.7414e-01 -3.4218e+00
323 0 +3.180435216e-02 -1.795081956e+02 -1.795081956e+02 +6.0025e-01 +5.6782e-01 -3.4633e+00
324 0 +2.725629518e-02 -1.795127437e+02 -1.795127437e+02 +5.9607e-01 +5.2179e-01 -3.3004e+00
333 0 +7.453173552e-03 -1.795325468e+02 -1.795325468e+02 +7.8545e-01 +5.0980e-01 -3.4859e+00
357 0 +5.239121176e-03 -1.795347609e+02 -1.795347609e+02 +9.5109e-01 +4.9890e-01 -3.4449e+00
430 0 +1.997829548e-03 -1.795380022e+02 -1.795380022e+02 +6.9680e-01 +5.2531e-01 -3.4327e+00
628 0 +1.622011303e-03 -1.795383780e+02 -1.795383780e+02 +8.3288e-01 +5.1129e-01 -3.4556e+00
641 0 +1.564624833e-03 -1.795384354e+02 -1.795384354e+02 +8.2919e-01 +5.0602e-01 -3.4083e+00
645 0 +5.197863933e-04 -1.795394802e+02 -1.795394802e+02 +8.2268e-01 +5.0841e-01 -3.4263e+00
657 0 +1.121879184e-04 -1.795398878e+02 -1.795398878e+02 +8.1512e-01 +5.1154e-01 -3.4549e+00
1761 0 +6.160513769e-05 -1.795399384e+02 -1.795399384e+02 +8.2325e-01 +5.0957e-01 -3.4393e+00
1780 0 +5.605593176e-05 -1.795399439e+02 -1.795399439e+02 +8.1525e-01 +5.1062e-01 -3.4414e+00
1830 0 +2.011418647e-05 -1.795399799e+02 -1.795399799e+02 +8.1627e-01 +5.1067e-01 -3.4433e+00
8522 0 +1.995218295e-05 -1.795399800e+02 -1.795399800e+02 +8.2016e-01 +5.1030e-01 -3.4442e+00
9431 0 +1.943467510e-05 -1.795399806e+02 -1.795399806e+02 +8.1991e-01 +5.1033e-01 -3.4442e+00
9823 0 +1.904341977e-05 -1.795399810e+02 -1.795399810e+02 +8.1968e-01 +5.1035e-01 -3.4441e+00
10653 0 +1.861881708e-05 -1.795399814e+02 -1.795399814e+02 +8.1955e-01 +5.1038e-01 -3.4443e+00
11161 0 +1.819375288e-05 -1.795399818e+02 -1.795399818e+02 +8.1949e-01 +5.1042e-01 -3.4448e+00
12464 0 +1.777844383e-05 -1.795399822e+02 -1.795399822e+02 +8.1933e-01 +5.1045e-01 -3.4450e+00
13497 0 +1.737001926e-05 -1.795399826e+02 -1.795399826e+02 +8.1912e-01 +5.1047e-01 -3.4449e+00
14306 0 +1.696556927e-05 -1.795399830e+02 -1.795399830e+02 +8.1887e-01 +5.1049e-01 -3.4448e+00
15178 0 +1.659410967e-05 -1.795399834e+02 -1.795399834e+02 +8.1867e-01 +5.1051e-01 -3.4447e+00
16012 0 +1.621614484e-05 -1.795399838e+02 -1.795399838e+02 +8.1847e-01 +5.1053e-01 -3.4447e+00
16801 0 +1.579525195e-05 -1.795399842e+02 -1.795399842e+02 +8.1825e-01 +5.1056e-01 -3.4447e+00
17500 0 +1.548502843e-05 -1.795399845e+02 -1.795399845e+02 +8.1808e-01 +5.1058e-01 -3.4447e+00
18458 0 +1.512406322e-05 -1.795399849e+02 -1.795399849e+02 +8.1786e-01 +5.1060e-01 -3.4447e+00
19636 0 +1.481156124e-05 -1.795399852e+02 -1.795399852e+02 +8.1770e-01 +5.1062e-01 -3.4447e+00
% f evaluations | g evaluations | best noise-free fitness - Fopt (7.731000000000e+01) + sum g_i+ | measured fitness | best measured fitness or single-digit g-values | x1 | x2...
1 0 +5.551087869e+00 +8.286108787e+01 +8.286108787e+01 +0.0000e+00 +0.0000e+00 +0.0000e+00
7 0 +5.009633908e+00 +8.231963391e+01 +8.231963391e+01 -1.9346e+00 +2.6667e+00 -4.6389e+00
10 0 +4.135951402e+00 +8.144595140e+01 +8.144595140e+01 +2.8413e+00 -1.4142e-01 -2.8395e+00
23 0 +3.335006411e+00 +8.064500641e+01 +8.064500641e+01 +1.6449e+00 +5.0115e-01 -1.2122e+00
34 0 +3.175437917e+00 +8.048543792e+01 +8.048543792e+01 +1.4738e+00 +1.4893e+00 -4.0040e+00
35 0 +1.748547711e+00 +7.905854771e+01 +7.905854771e+01 +1.1175e+00 +5.5563e-01 -1.1754e+00
45 0 +4.754247177e-01 +7.778542472e+01 +7.778542472e+01 +6.9099e-01 -1.1034e+00 -1.7842e+00
84 0 +3.749564129e-01 +7.768495641e+01 +7.768495641e+01 +8.1662e-01 -1.2458e+00 -2.4245e+00
158 0 +3.379043226e-01 +7.764790432e+01 +7.764790432e+01 +9.8923e-01 -2.0197e-01 -2.2480e+00
170 0 +1.202205186e-01 +7.743022052e+01 +7.743022052e+01 +8.7076e-01 -3.6816e-01 -1.9447e+00
205 0 +7.901508809e-02 +7.738901509e+01 +7.738901509e+01 +7.7850e-01 -7.7228e-01 -2.4200e+00
260 0 +1.078453221e-02 +7.732078453e+01 +7.732078453e+01 +9.0795e-01 -5.7155e-01 -2.1001e+00
410 0 +7.204968701e-03 +7.731720497e+01 +7.731720497e+01 +8.9378e-01 -5.7869e-01 -2.0922e+00
500 0 +9.963951340e-04 +7.731099640e+01 +7.731099640e+01 +8.6015e-01 -6.4509e-01 -2.1594e+00
948 0 +7.299331103e-04 +7.731072993e+01 +7.731072993e+01 +9.3070e-01 -5.8803e-01 -2.1222e+00
955 0 +5.705800504e-04 +7.731057058e+01 +7.731057058e+01 +9.1120e-01 -6.0813e-01 -2.1391e+00
961 0 +2.660133033e-04 +7.731026601e+01 +7.731026601e+01 +8.5819e-01 -6.2673e-01 -2.1256e+00
1080 0 +1.208070254e-04 +7.731012081e+01 +7.731012081e+01 +9.2527e-01 -5.9144e-01 -2.1248e+00
1327 0 +3.918298999e-05 +7.731003918e+01 +7.731003918e+01 +9.0526e-01 -5.9815e-01 -2.1189e+00
2803 0 +3.489349433e-05 +7.731003489e+01 +7.731003489e+01 +9.1232e-01 -5.9183e-01 -2.1144e+00
3017 0 +2.554893415e-05 +7.731002555e+01 +7.731002555e+01 +9.1543e-01 -5.9075e-01 -2.1152e+00
3104 0 +2.268885237e-05 +7.731002269e+01 +7.731002269e+01 +9.1421e-01 -5.9145e-01 -2.1154e+00
13910 0 +2.268885237e-05 +7.731002269e+01 +7.731002269e+01 +9.1421e-01 -5.9145e-01 -2.1154e+00
% f evaluations | g evaluations | best noise-free fitness - Fopt (3.992000000000e+01) + sum g_i+ | measured fitness | best measured fitness or single-digit g-values | x1 | x2...
1 0 +4.677874282e+00 +4.459787428e+01 +4.459787428e+01 +0.0000e+00 +0.0000e+00 +0.0000e+00
4 0 +3.970485236e+00 +4.389048524e+01 +4.389048524e+01 +2.9091e-01 +2.2724e-01 +1.4939e+00
14 0 +2.253109395e+00 +4.217310940e+01 +4.217310940e+01 +1.7920e+00 -5.6746e-01 +1.8537e+00
23 0 +1.775455064e+00 +4.169545506e+01 +4.169545506e+01 +2.6916e+00 +1.8051e-01 +2.7165e+00
42 0 +1.619192203e+00 +4.153919220e+01 +4.153919220e+01 +2.9940e+00 -2.5540e-01 +1.2617e+00
57 0 +1.070800472e+00 +4.099080047e+01 +4.099080047e+01 +3.1058e+00 -4.4885e-01 +2.0366e+00
60 0 +9.118472928e-01 +4.083184729e+01 +4.083184729e+01 +3.3254e+00 -2.2185e-01 +2.8243e+00
68 0 +2.974681555e-01 +4.021746816e+01 +4.021746816e+01 +4.3477e+00 -9.7940e-01 +2.2531e+00
123 0 +2.517661840e-01 +4.017176618e+01 +4.017176618e+01 +3.7664e+00 -6.3764e-01 +2.8024e+00
171 0 +1.495280194e-01 +4.006952802e+01 +4.006952802e+01 +3.7575e+00 -9.6167e-01 +2.6226e+00
245 0 +1.401439338e-01 +4.006014393e+01 +4.006014393e+01 +3.7774e+00 -1.1092e+00 +2.3857e+00
251 0 +6.984811644e-02 +3.998984812e+01 +3.998984812e+01 +4.0196e+00 -1.1784e+00 +2.2877e+00
262 0 +3.954390963e-02 +3.995954391e+01 +3.995954391e+01 +3.9973e+00 -1.0414e+00 +2.4110e+00
588 0 +6.709053097e-03 +3.992670905e+01 +3.992670905e+01 +3.9116e+00 -1.1742e+00 +2.3583e+00
783 0 +4.761013512e-03 +3.992476101e+01 +3.992476101e+01 +3.9846e+00 -9.6014e-01 +2.4252e+00
998 0 +3.940208302e-03 +3.992394021e+01 +3.992394021e+01 +3.9560e+00 -1.0902e+00 +2.3335e+00
1006 0 +3.269731893e-03 +3.992326973e+01 +3.992326973e+01 +3.9126e+00 -1.1912e+00 +2.3645e+00
1056 0 +1.322895208e-03 +3.992132290e+01 +3.992132290e+01 +3.9453e+00 -1.0348e+00 +2.4388e+00
1315 0 +1.131528512e-03 +3.992113153e+01 +3.992113153e+01 +3.9576e+00 -1.0797e+00 +2.3561e+00
1330 0 +9.308346508e-04 +3.992093083e+01 +3.992093083e+01 +3.9504e+00 -1.0602e+00 +2.3934e+00
1391 0 +3.063426082e-04 +3.992030634e+01 +3.992030634e+01 +3.9494e+00 -1.0518e+00 +2.4082e+00
1855 0 +2.577854874e-04 +3.992025779e+01 +3.992025779e+01 +3.9549e+00 -1.0282e+00 +2.4193e+00
2374 0 +1.822296408e-04 +3.992018223e+01 +3.992018223e+01 +3.9463e+00 -1.0676e+00 +2.3997e+00
2420 0 +1.629501916e-04 +3.992016295e+01 +3.992016295e+01 +3.9468e+00 -1.0658e+00 +2.4005e+00
2720 0 +1.594157755e-04 +3.992015942e+01 +3.992015942e+01 +3.9468e+00 -1.0662e+00 +2.4002e+00
2730 0 +1.540520829e-04 +3.992015405e+01 +3.992015405e+01 +3.9462e+00 -1.0699e+00 +2.3978e+00
2742 0 +1.346422005e-04 +3.992013464e+01 +3.992013464e+01 +3.9459e+00 -1.0723e+00 +2.3957e+00
3112 0 +1.303540962e-04 +3.992013035e+01 +3.992013035e+01 +3.9479e+00 -1.0663e+00 +2.3971e+00
3120 0 +1.056200888e-04 +3.992010562e+01 +3.992010562e+01 +3.9481e+00 -1.0651e+00 +2.3978e+00
3129 0 +7.616298913e-05 +3.992007616e+01 +3.992007616e+01 +3.9481e+00 -1.0668e+00 +2.3954e+00
3140 0 +6.523475191e-05 +3.992006523e+01 +3.992006523e+01 +3.9484e+00 -1.0671e+00 +2.3943e+00
3171 0 +5.293327166e-05 +3.992005293e+01 +3.992005293e+01 +3.9480e+00 -1.0692e+00 +2.3932e+00
3196 0 +3.244233084e-05 +3.992003244e+01 +3.992003244e+01 +3.9487e+00 -1.0683e+00 +2.3920e+00
4861 0 +3.140126918e-05 +3.992003140e+01 +3.992003140e+01 +3.9500e+00 -1.0623e+00 +2.3950e+00
4914 0 +2.865025667e-05 +3.992002865e+01 +3.992002865e+01 +3.9501e+00 -1.0623e+00 +2.3948e+00
5595 0 +2.817193307e-05 +3.992002817e+01 +3.992002817e+01 +3.9502e+00 -1.0622e+00 +2.3948e+00
5771 0 +2.733776295e-05 +3.992002734e+01 +3.992002734e+01 +3.9502e+00 -1.0622e+00 +2.3947e+00
5774 0 +2.685087927e-05 +3.992002685e+01 +3.992002685e+01 +3.9502e+00 -1.0622e+00 +2.3947e+00
6053 0 +2.629475298e-05 +3.992002629e+01 +3.992002629e+01 +3.9502e+00 -1.0622e+00 +2.3946e+00
6203 0 +2.569476596e-05 +3.992002569e+01 +3.992002569e+01 +3.9502e+00 -1.0622e+00 +2.3946e+00
6485 0 +2.507386567e-05 +3.992002507e+01 +3.992002507e+01 +3.9503e+00 -1.0621e+00 +2.3946e+00
6804 0 +2.452638002e-05 +3.992002453e+01 +3.992002453e+01 +3.9503e+00 -1.0620e+00 +2.3945e+00
7151 0 +2.397901270e-05 +3.992002398e+01 +3.992002398e+01 +3.9503e+00 -1.0620e+00 +2.3945e+00
7376 0 +2.341918496e-05 +3.992002342e+01 +3.992002342e+01 +3.9504e+00 -1.0620e+00 +2.3944e+00
7724 0 +2.289870246e-05 +3.992002290e+01 +3.992002290e+01 +3.9504e+00 -1.0620e+00 +2.3944e+00
7881 0 +2.236201319e-05 +3.992002236e+01 +3.992002236e+01 +3.9504e+00 -1.0620e+00 +2.3943e+00
8119 0 +2.184946817e-05 +3.992002185e+01 +3.992002185e+01 +3.9504e+00 -1.0620e+00 +2.3943e+00
8361 0 +2.127046529e-05 +3.992002127e+01 +3.992002127e+01 +3.9504e+00 -1.0620e+00 +2.3942e+00
8595 0 +2.088712930e-05 +3.992002089e+01 +3.992002089e+01 +3.9504e+00 -1.0620e+00 +2.3941e+00
8753 0 +2.037593085e-05 +3.992002038e+01 +3.992002038e+01 +3.9505e+00 -1.0621e+00 +2.3941e+00
8947 0 +1.987868868e-05 +3.992001988e+01 +3.992001988e+01 +3.9505e+00 -1.0621e+00 +2.3940e+00
9183 0 +1.947442446e-05 +3.992001947e+01 +3.992001947e+01 +3.9505e+00 -1.0621e+00 +2.3940e+00
9474 0 +1.905353628e-05 +3.992001905e+01 +3.992001905e+01 +3.9505e+00 -1.0621e+00 +2.3939e+00
9693 0 +1.891664854e-05 +3.992001892e+01 +3.992001892e+01 +3.9505e+00 -1.0621e+00 +2.3939e+00
% f evaluations | g evaluations | best noise-free fitness - Fopt (-5.661000000000e+01) + sum g_i+ | measured fitness | best measured fitness or single-digit g-values | x1 | x2...
1 0 +2.005712615e+01 -3.655287385e+01 -3.655287385e+01 +0.0000e+00 +0.0000e+00 +0.0000e+00
6 0 +3.668422330e+00 -5.294157767e+01 -5.294157767e+01 +1.8457e+00 +3.6708e+00 +1.8561e+00
8 0 +2.828731158e+00 -5.378126884e+01 -5.378126884e+01 +4.6697e+00 +2.3878e+00 +2.5431e+00
14 0 +2.147857542e+00 -5.446214246e+01 -5.446214246e+01 +4.0798e+00 +3.6216e+00 +2.9011e+00
22 0 +1.217078286e+00 -5.539292171e+01 -5.539292171e+01 +3.0794e+00 +2.2554e+00 +3.0821e+00
31 0 +3.687344893e-01 -5.624126551e+01 -5.624126551e+01 +1.9115e+00 +2.3543e+00 +3.6894e+00
172 0 +3.495592517e-01 -5.626044075e+01 -5.626044075e+01 +2.2833e+00 +3.2380e+00 +2.8654e+00
189 0 +3.177896169e-01 -5.629221038e+01 -5.629221038e+01 +1.7378e+00 +3.4697e+00 +3.1906e+00
194 0 +1.289006510e-01 -5.648109935e+01 -5.648109935e+01 +1.8639e+00 +3.3233e+00 +2.9735e+00
220 0 +1.222683488e-01 -5.648773165e+01 -5.648773165e+01 +1.8276e+00 +2.8774e+00 +3.2533e+00
244 0 +1.036788463e-01 -5.650632115e+01 -5.650632115e+01 +2.0752e+00 +3.1117e+00 +3.2579e+00
262 0 +7.968601342e-03 -5.660203140e+01 -5.660203140e+01 +1.9399e+00 +2.8656e+00 +3.1438e+00
473 0 +2.688179578e-03 -5.660731182e+01 -5.660731182e+01 +1.9501e+00 +2.8966e+00 +3.2453e+00
720 0 +1.498075304e-03 -5.660850192e+01 -5.660850192e+01 +1.9609e+00 +2.8872e+00 +3.3107e+00
761 0 +1.244230717e-03 -5.660875577e+01 -5.660875577e+01 +1.9484e+00 +2.8537e+00 +3.2470e+00
826 0 +8.738252456e-04 -5.660912617e+01 -5.660912617e+01 +1.9517e+00 +2.8815e+00 +3.2556e+00
855 0 +6.470935499e-04 -5.660935291e+01 -5.660935291e+01 +1.9475e+00 +2.8911e+00 +3.2088e+00
889 0 +5.899951219e-04 -5.660941000e+01 -5.660941000e+01 +1.9481e+00 +2.8819e+00 +3.2230e+00
944 0 +4.257093265e-04 -5.660957429e+01 -5.660957429e+01 +1.9529e+00 +2.8848e+00 +3.2575e+00
1031 0 +2.367499916e-04 -5.660976325e+01 -5.660976325e+01 +1.9478e+00 +2.9091e+00 +3.1978e+00
1242 0 +1.197738626e-04 -5.660988023e+01 -5.660988023e+01 +1.9487e+00 +2.9518e+00 +3.1695e+00
1334 0 +9.312447882e-05 -5.660990688e+01 -5.660990688e+01 +1.9472e+00 +2.9367e+00 +3.1703e+00
1744 0 +7.517866577e-05 -5.660992482e+01 -5.660992482e+01 +1.9509e+00 +2.9382e+00 +3.1963e+00
1758 0 +5.475518626e-05 -5.660994524e+01 -5.660994524e+01 +1.9492e+00 +2.9449e+00 +3.1781e+00
2595 0 +4.107727305e-05 -5.660995892e+01 -5.660995892e+01 +1.9480e+00 +2.9332e+00 +3.1790e+00
2596 0 +3.528283693e-05 -5.660996472e+01 -5.660996472e+01 +1.9483e+00 +2.9363e+00 +3.1786e+00
2602 0 +3.129908817e-05 -5.660996870e+01 -5.660996870e+01 +1.9486e+00 +2.9350e+00 +3.1825e+00
2743 0 +1.055166115e-05 -5.660998945e+01 -5.660998945e+01 +1.9490e+00 +2.9310e+00 +3.1884e+00
3047 0 +8.123349495e-06 -5.660999188e+01 -5.660999188e+01 +1.9498e+00 +2.9217e+00 +3.2022e+00
3376 0 +7.881630260e-06 -5.660999212e+01 -5.660999212e+01 +1.9492e+00 +2.9270e+00 +3.1934e+00
3644 0 +7.304199926e-06 -5.660999270e+01 -5.660999270e+01 +1.9507e+00 +2.9218e+00 +3.2082e+00
3737 0 +2.132359398e-06 -5.660999787e+01 -5.660999787e+01 +1.9507e+00 +2.9194e+00 +3.2101e+00
4627 0 +8.985382252e-07 -5.660999910e+01 -5.660999910e+01 +1.9509e+00 +2.9167e+00 +3.2143e+00
9793 0 +8.985382252e-07 -5.660999910e+01 -5.660999910e+01 +1.9509e+00 +2.9167e+00 +3.2143e+00
% f evaluations | g evaluations | best noise-free fitness - Fopt (3.270000000000e+01) + sum g_i+ | measured fitness | best measured fitness or single-digit g-values | x1 | x2...
1 0 +5.514137183e+00 +3.821413718e+01 +3.821413718e+01 +0.0000e+00 +0.0000e+00 +0.0000e+00
16 0 +2.299252154e+00 +3.499925215e+01 +3.499925215e+01 -9.3302e-01 -3.4973e-01 -2.8046e-01
21 0 +6.631536023e-01 +3.336315360e+01 +3.336315360e+01 -2.8866e+00 -9.6745e-01 +1.7026e-01
123 0 +6.529784998e-01 +3.335297850e+01 +3.335297850e+01 -2.5956e+00 -1.9177e+00 +8.6761e-01
124 0 +5.448893405e-01 +3.324488934e+01 +3.324488934e+01 -1.5828e+00 -8.7319e-01 +5.0460e-01
148 0 +4.932565816e-01 +3.319325658e+01 +3.319325658e+01 -1.7093e+00 -9.2723e-01 -1.2433e-01
149 0 +4.688949812e-01 +3.316889498e+01 +3.316889498e+01 -1.7965e+00 -1.3684e+00 -2.0201e-01
152 0 +4.384791776e-01 +3.313847918e+01 +3.313847918e+01 -2.6082e+00 -1.2022e+00 +4.4919e-01
160 0 +1.890296470e-01 +3.288902965e+01 +3.288902965e+01 -2.4566e+00 -1.6160e+00 +3.1194e-01
203 0 +9.504384459e-02 +3.279504384e+01 +3.279504384e+01 -2.3969e+00 -1.3029e+00 +1.1652e-01
220 0 +9.033833520e-02 +3.279033834e+01 +3.279033834e+01 -1.7874e+00 -1.7267e+00 +3.2927e-01
224 0 +5.706661884e-02 +3.275706662e+01 +3.275706662e+01 -1.9220e+00 -1.5102e+00 +3.4656e-01
227 0 +4.505968243e-02 +3.274505968e+01 +3.274505968e+01 -2.0378e+00 -1.3480e+00 +2.6603e-01
275 0 +2.632375037e-02 +3.272632375e+01 +3.272632375e+01 -2.1654e+00 -1.3517e+00 +2.0120e-01
339 0 +1.893133107e-02 +3.271893133e+01 +3.271893133e+01 -2.1807e+00 -1.7376e+00 +2.6564e-01
458 0 +1.531969482e-02 +3.271531969e+01 +3.271531969e+01 -2.1180e+00 -1.6115e+00 +2.4620e-01
460 0 +9.860072348e-03 +3.270986007e+01 +3.270986007e+01 -2.0725e+00 -1.5175e+00 +2.4210e-01
495 0 +9.613283033e-03 +3.270961328e+01 +3.270961328e+01 -2.0520e+00 -1.7639e+00 +3.1210e-01
501 0 +5.706667760e-03 +3.270570667e+01 +3.270570667e+01 -2.0067e+00 -1.6803e+00 +3.0894e-01
523 0 +5.268125517e-03 +3.270526813e+01 +3.270526813e+01 -2.0219e+00 -1.5198e+00 +2.6563e-01
539 0 +1.534341021e-03 +3.270153434e+01 +3.270153434e+01 -2.1032e+00 -1.5815e+00 +2.6098e-01
690 0 +7.469642011e-04 +3.270074696e+01 +3.270074696e+01 -2.0502e+00 -1.6418e+00 +2.9015e-01
730 0 +7.174574070e-04 +3.270071746e+01 +3.270071746e+01 -2.0597e+00 -1.5738e+00 +2.7136e-01
1126 0 +6.615440108e-04 +3.270066154e+01 +3.270066154e+01 -2.0926e+00 -1.5199e+00 +2.4713e-01
1491 0 +5.804108724e-04 +3.270058041e+01 +3.270058041e+01 -2.0904e+00 -1.5231e+00 +2.4869e-01
1518 0 +4.889194364e-04 +3.270048892e+01 +3.270048892e+01 -2.0907e+00 -1.5307e+00 +2.5070e-01
1531 0 +3.099728865e-04 +3.270030997e+01 +3.270030997e+01 -2.0904e+00 -1.5401e+00 +2.5303e-01
1533 0 +2.014561032e-04 +3.270020146e+01 +3.270020146e+01 -2.0843e+00 -1.5461e+00 +2.5629e-01
1554 0 +1.383936417e-04 +3.270013839e+01 +3.270013839e+01 -2.0825e+00 -1.5523e+00 +2.5840e-01
1585 0 +1.111999154e-04 +3.270011120e+01 +3.270011120e+01 -2.0843e+00 -1.5627e+00 +2.6053e-01
9112 0 +1.096316025e-04 +3.270010963e+01 +3.270010963e+01 -2.0873e+00 -1.5576e+00 +2.5828e-01
9344 0 +1.067549576e-04 +3.270010675e+01 +3.270010675e+01 -2.0870e+00 -1.5579e+00 +2.5844e-01
9779 0 +1.045477840e-04 +3.270010455e+01 +3.270010455e+01 -2.0864e+00 -1.5580e+00 +2.5862e-01
9984 0 +1.022488413e-04 +3.270010225e+01 +3.270010225e+01 -2.0862e+00 -1.5582e+00 +2.5874e-01
10257 0 +9.996977609e-05 +3.270009997e+01 +3.270009997e+01 -2.0861e+00 -1.5585e+00 +2.5886e-01
10486 0 +9.748567554e-05 +3.270009749e+01 +3.270009749e+01 -2.0861e+00 -1.5590e+00 +2.5896e-01
10704 0 +9.520609624e-05 +3.270009521e+01 +3.270009521e+01 -2.0861e+00 -1.5593e+00 +2.5905e-01
10889 0 +9.330210641e-05 +3.270009330e+01 +3.270009330e+01 -2.0861e+00 -1.5596e+00 +2.5914e-01
10995 0 +9.117936371e-05 +3.270009118e+01 +3.270009118e+01 -2.0861e+00 -1.5600e+00 +2.5923e-01
11418 0 +8.909869153e-05 +3.270008910e+01 +3.270008910e+01 -2.0860e+00 -1.5603e+00 +2.5934e-01
11808 0 +8.703206366e-05 +3.270008703e+01 +3.270008703e+01 -2.0860e+00 -1.5608e+00 +2.5945e-01
12061 0 +8.502306640e-05 +3.270008502e+01 +3.270008502e+01 -2.0862e+00 -1.5612e+00 +2.5949e-01
12455 0 +8.312688166e-05 +3.270008313e+01 +3.270008313e+01 -2.0864e+00 -1.5617e+00 +2.5956e-01
12912 0 +8.127441962e-05 +3.270008127e+01 +3.270008127e+01 -2.0862e+00 -1.5619e+00 +2.5968e-01
13615 0 +7.941416231e-05 +3.270007941e+01 +3.270007941e+01 -2.0861e+00 -1.5622e+00 +2.5979e-01
14246 0 +7.759731686e-05 +3.270007760e+01 +3.270007760e+01 -2.0860e+00 -1.5625e+00 +2.5989e-01
15272 0 +7.580483630e-05 +3.270007580e+01 +3.270007580e+01 -2.0859e+00 -1.5627e+00 +2.6000e-01
16207 0 +7.412587306e-05 +3.270007413e+01 +3.270007413e+01 -2.0858e+00 -1.5631e+00 +2.6009e-01
16863 0 +7.239908283e-05 +3.270007240e+01 +3.270007240e+01 -2.0856e+00 -1.5633e+00 +2.6021e-01
17268 0 +7.069211826e-05 +3.270007069e+01 +3.270007069e+01 -2.0854e+00 -1.5635e+00 +2.6033e-01
17630 0 +6.915947846e-05 +3.270006916e+01 +3.270006916e+01 -2.0854e+00 -1.5638e+00 +2.6041e-01
18149 0 +6.760795353e-05 +3.270006761e+01 +3.270006761e+01 -2.0851e+00 -1.5640e+00 +2.6055e-01
19084 0 +6.599586115e-05 +3.270006600e+01 +3.270006600e+01 -2.0850e+00 -1.5643e+00 +2.6064e-01
19593 0 +6.456486729e-05 +3.270006456e+01 +3.270006456e+01 -2.0851e+00 -1.5646e+00 +2.6071e-01
20187 0 +6.289719539e-05 +3.270006290e+01 +3.270006290e+01 -2.0850e+00 -1.5650e+00 +2.6081e-01
20681 0 +6.160954319e-05 +3.270006161e+01 +3.270006161e+01 -2.0850e+00 -1.5653e+00 +2.6089e-01
21307 0 +6.023336135e-05 +3.270006023e+01 +3.270006023e+01 -2.0850e+00 -1.5656e+00 +2.6097e-01
22218 0 +5.887932656e-05 +3.270005888e+01 +3.270005888e+01 -2.0850e+00 -1.5659e+00 +2.6106e-01
23540 0 +5.753719049e-05 +3.270005754e+01 +3.270005754e+01 -2.0847e+00 -1.5660e+00 +2.6118e-01
24451 0 +5.623362761e-05 +3.270005623e+01 +3.270005623e+01 -2.0844e+00 -1.5662e+00 +2.6130e-01
25175 0 +5.492204031e-05 +3.270005492e+01 +3.270005492e+01 -2.0845e+00 -1.5665e+00 +2.6137e-01
26936 0 +5.368115647e-05 +3.270005368e+01 +3.270005368e+01 -2.0846e+00 -1.5670e+00 +2.6143e-01
28302 0 +5.247981220e-05 +3.270005248e+01 +3.270005248e+01 -2.0846e+00 -1.5672e+00 +2.6152e-01
29337 0 +5.128500089e-05 +3.270005129e+01 +3.270005129e+01 -2.0846e+00 -1.5676e+00 +2.6160e-01
30001 0 +5.043442317e-05 +3.270005043e+01 +3.270005043e+01 -2.0846e+00 -1.5678e+00 +2.6166e-01
% f evaluations | g evaluations | best noise-free fitness - Fopt (-3.943000000000e+01) + sum g_i+ | measured fitness | best measured fitness or single-digit g-values | x1 | x2...
1 0 +3.946627112e+01 +3.627111596e-02 +3.627111596e-02 +0.0000e+00 +0.0000e+00 +0.0000e+00
5 0 +2.812537550e+01 -1.130462450e+01 -1.130462450e+01 +4.0291e+00 +2.8818e+00 -4.7855e+00
6 0 +7.571760072e+00 -3.185823993e+01 -3.185823993e+01 +4.6229e+00 -1.1245e+00 -2.7595e+00
7 0 +6.579756860e+00 -3.285024314e+01 -3.285024314e+01 +2.2294e+00 -1.8843e+00 -3.9939e-01
35 0 +5.199249457e+00 -3.423075054e+01 -3.423075054e+01 +2.8519e+00 -5.8791e-01 -3.9840e-01
39 0 +5.014334847e+00 -3.441566515e+01 -3.441566515e+01 +3.9539e+00 -8.8640e-01 +2.0057e-01
50 0 +4.807930535e+00 -3.462206946e+01 -3.462206946e+01 +3.0932e+00 +5.8888e-03 -4.9910e-01
59 0 +4.742071406e+00 -3.468792859e+01 -3.468792859e+01 +2.7835e+00 +2.1679e+00 -2.2711e-01
71 0 +3.833474514e+00 -3.559652549e+01 -3.559652549e+01 +4.6868e+00 +6.5150e-01 +2.6843e-01
84 0 +1.500068792e+00 -3.792993121e+01 -3.792993121e+01 +3.8886e+00 +3.9374e+00 +1.7283e+00
136 0 +1.377743210e+00 -3.805225679e+01 -3.805225679e+01 +3.8728e+00 +2.1153e+00 +2.2738e+00
149 0 +3.040038814e-01 -3.912599612e+01 -3.912599612e+01 +3.6731e+00 +3.3782e+00 +2.4695e+00
165 0 +1.226350697e-01 -3.930736493e+01 -3.930736493e+01 +4.0354e+00 +3.1941e+00 +3.2620e+00
227 0 +4.592270406e-02 -3.938407730e+01 -3.938407730e+01 +3.5659e+00 +3.4302e+00 +2.9306e+00
411 0 +4.191682819e-02 -3.938808317e+01 -3.938808317e+01 +3.8044e+00 +3.4837e+00 +2.7610e+00
421 0 +2.402544849e-02 -3.940597455e+01 -3.940597455e+01 +4.0544e+00 +3.3449e+00 +2.9419e+00
442 0 +3.997742659e-03 -3.942600226e+01 -3.942600226e+01 +3.6323e+00 +3.4252e+00 +2.8696e+00
926 0 +1.245557093e-03 -3.942875444e+01 -3.942875444e+01 +3.7678e+00 +3.3711e+00 +2.9287e+00
975 0 +1.027042746e-03 -3.942897296e+01 -3.942897296e+01 +3.8037e+00 +3.3806e+00 +2.9139e+00
1102 0 +4.774953027e-04 -3.942952250e+01 -3.942952250e+01 +3.8219e+00 +3.3691e+00 +2.9289e+00
1180 0 +2.916927478e-04 -3.942970831e+01 -3.942970831e+01 +3.7823e+00 +3.3617e+00 +2.9373e+00
1215 0 +1.511791602e-04 -3.942984882e+01 -3.942984882e+01 +3.7712e+00 +3.3854e+00 +2.9102e+00
9072 0 +1.475871624e-04 -3.942985241e+01 -3.942985241e+01 +3.8056e+00 +3.3594e+00 +2.9398e+00
9353 0 +1.443622387e-04 -3.942985564e+01 -3.942985564e+01 +3.8060e+00 +3.3595e+00 +2.9397e+00
9616 0 +1.409476204e-04 -3.942985905e+01 -3.942985905e+01 +3.8053e+00 +3.3597e+00 +2.9395e+00
10112 0 +1.380180041e-04 -3.942986198e+01 -3.942986198e+01 +3.8053e+00 +3.3598e+00 +2.9393e+00
10494 0 +1.348885688e-04 -3.942986511e+01 -3.942986511e+01 +3.8048e+00 +3.3600e+00 +2.9391e+00
10753 0 +1.317741200e-04 -3.942986823e+01 -3.942986823e+01 +3.8042e+00 +3.3602e+00 +2.9389e+00
11108 0 +1.286414639e-04 -3.942987136e+01 -3.942987136e+01 +3.8042e+00 +3.3603e+00 +2.9387e+00
11583 0 +1.257973297e-04 -3.942987420e+01 -3.942987420e+01 +3.8045e+00 +3.3605e+00 +2.9386e+00
11935 0 +1.229704210e-04 -3.942987703e+01 -3.942987703e+01 +3.8041e+00 +3.3606e+00 +2.9384e+00
12203 0 +1.201108682e-04 -3.942987989e+01 -3.942987989e+01 +3.8037e+00 +3.3608e+00 +2.9382e+00
12470 0 +1.174189286e-04 -3.942988258e+01 -3.942988258e+01 +3.8035e+00 +3.3609e+00 +2.9380e+00
13255 0 +1.147489069e-04 -3.942988525e+01 -3.942988525e+01 +3.8030e+00 +3.3611e+00 +2.9379e+00
13874 0 +1.121679473e-04 -3.942988783e+01 -3.942988783e+01 +3.8026e+00 +3.3612e+00 +2.9377e+00
14781 0 +1.096018995e-04 -3.942989040e+01 -3.942989040e+01 +3.8027e+00 +3.3614e+00 +2.9375e+00
15118 0 +1.071212402e-04 -3.942989288e+01 -3.942989288e+01 +3.8023e+00 +3.3615e+00 +2.9374e+00
15664 0 +1.047054715e-04 -3.942989529e+01 -3.942989529e+01 +3.8022e+00 +3.3617e+00 +2.9372e+00
16175 0 +1.023130421e-04 -3.942989769e+01 -3.942989769e+01 +3.8019e+00 +3.3618e+00 +2.9370e+00
16854 0 +9.985057836e-05 -3.942990015e+01 -3.942990015e+01 +3.8015e+00 +3.3620e+00 +2.9369e+00
17174 0 +9.770430594e-05 -3.942990230e+01 -3.942990230e+01 +3.8014e+00 +3.3621e+00 +2.9367e+00
17496 0 +9.543943568e-05 -3.942990456e+01 -3.942990456e+01 +3.8013e+00 +3.3623e+00 +2.9365e+00
18617 0 +9.330743323e-05 -3.942990669e+01 -3.942990669e+01 +3.8007e+00 +3.3624e+00 +2.9364e+00
19695 0 +9.118364191e-05 -3.942990882e+01 -3.942990882e+01 +3.8009e+00 +3.3625e+00 +2.9362e+00
20546 0 +8.911839051e-05 -3.942991088e+01 -3.942991088e+01 +3.8003e+00 +3.3627e+00 +2.9361e+00
21254 0 +8.709606028e-05 -3.942991290e+01 -3.942991290e+01 +3.8002e+00 +3.3628e+00 +2.9359e+00
21769 0 +8.507652088e-05 -3.942991492e+01 -3.942991492e+01 +3.7996e+00 +3.3630e+00 +2.9358e+00
22347 0 +8.317537528e-05 -3.942991682e+01 -3.942991682e+01 +3.7997e+00 +3.3631e+00 +2.9356e+00
23318 0 +8.128138954e-05 -3.942991872e+01 -3.942991872e+01 +3.7993e+00 +3.3632e+00 +2.9355e+00
23882 0 +7.940376538e-05 -3.942992060e+01 -3.942992060e+01 +3.7990e+00 +3.3634e+00 +2.9353e+00
24530 0 +7.761124645e-05 -3.942992239e+01 -3.942992239e+01 +3.7992e+00 +3.3635e+00 +2.9352e+00
25328 0 +7.585406791e-05 -3.942992415e+01 -3.942992415e+01 +3.7986e+00 +3.3636e+00 +2.9350e+00
26126 0 +7.408622125e-05 -3.942992591e+01 -3.942992591e+01 +3.7985e+00 +3.3637e+00 +2.9349e+00
26720 0 +7.242185442e-05 -3.942992758e+01 -3.942992758e+01 +3.7984e+00 +3.3639e+00 +2.9347e+00
27546 0 +7.076517969e-05 -3.942992923e+01 -3.942992923e+01 +3.7979e+00 +3.3640e+00 +2.9346e+00
28713 0 +6.917508196e-05 -3.942993082e+01 -3.942993082e+01 +3.7978e+00 +3.3641e+00 +2.9344e+00
29433 0 +6.760683754e-05 -3.942993239e+01 -3.942993239e+01 +3.7977e+00 +3.3642e+00 +2.9343e+00
30001 0 +6.655771081e-05 -3.942993344e+01 -3.942993344e+01 +3.7974e+00 +3.3643e+00 +2.9342e+00
% f evaluations | g evaluations | best noise-free fitness - Fopt (4.197200000000e+02) + sum g_i+ | measured fitness | best measured fitness or single-digit g-values | x1 | x2...
1 0 +9.089863808e+00 +4.288098638e+02 +4.288098638e+02 +0.0000e+00 +0.0000e+00 +0.0000e+00
8 0 +2.192409971e+00 +4.219124100e+02 +4.219124100e+02 -1.3137e+00 +3.7208e+00 +6.6135e-01
10 0 +1.230512897e+00 +4.209505129e+02 +4.209505129e+02 -8.9452e-01 +3.4620e+00 -2.8313e-01
97 0 +6.094141592e-01 +4.203294142e+02 +4.203294142e+02 -8.6984e-01 +3.1997e+00 -8.4738e-01
148 0 +1.330090174e-01 +4.198530090e+02 +4.198530090e+02 -1.1209e+00 +2.3120e+00 -1.1232e+00
213 0 +1.247514896e-01 +4.198447515e+02 +4.198447515e+02 -1.4901e+00 +2.6875e+00 -1.3998e+00
274 0 +8.505472927e-02 +4.198050547e+02 +4.198050547e+02 -7.4681e-01 +2.9362e+00 -1.4073e+00
289 0 +5.020242694e-02 +4.197702024e+02 +4.197702024e+02 -1.2035e+00 +2.7832e+00 -1.2663e+00
297 0 +2.926090691e-02 +4.197492609e+02 +4.197492609e+02 -1.2552e+00 +2.6714e+00 -1.3016e+00
360 0 +1.415614742e-02 +4.197341561e+02 +4.197341561e+02 -1.1582e+00 +2.7871e+00 -1.3394e+00
416 0 +9.055329677e-03 +4.197290553e+02 +4.197290553e+02 -1.2625e+00 +2.6629e+00 -1.2749e+00
428 0 +3.790354087e-03 +4.197237904e+02 +4.197237904e+02 -1.2147e+00 +2.7847e+00 -1.3245e+00
567 0 +2.028755886e-03 +4.197220288e+02 +4.197220288e+02 -1.1355e+00 +2.7805e+00 -1.3232e+00
580 0 +1.277206243e-03 +4.197212772e+02 +4.197212772e+02 -1.1009e+00 +2.8385e+00 -1.3484e+00
718 0 +8.995887413e-04 +4.197208996e+02 +4.197208996e+02 -1.1997e+00 +2.7340e+00 -1.2979e+00
752 0 +4.513459760e-04 +4.197204513e+02 +4.197204513e+02 -1.2047e+00 +2.7067e+00 -1.2859e+00
1309 0 +3.229695152e-04 +4.197203230e+02 +4.197203230e+02 -1.1905e+00 +2.7154e+00 -1.2906e+00
1310 0 +3.105297542e-04 +4.197203105e+02 +4.197203105e+02 -1.1884e+00 +2.7166e+00 -1.2912e+00
1327 0 +2.538274520e-04 +4.197202538e+02 +4.197202538e+02 -1.1975e+00 +2.7178e+00 -1.2912e+00
1631 0 +2.379561371e-04 +4.197202380e+02 +4.197202380e+02 -1.2034e+00 +2.7161e+00 -1.2905e+00
1680 0 +2.144206557e-04 +4.197202144e+02 +4.197202144e+02 -1.1901e+00 +2.7173e+00 -1.2912e+00
1859 0 +2.014259324e-04 +4.197202014e+02 +4.197202014e+02 -1.1969e+00 +2.7169e+00 -1.2909e+00
1890 0 +1.727515339e-04 +4.197201728e+02 +4.197201728e+02 -1.1925e+00 +2.7190e+00 -1.2919e+00
2141 0 +1.689035606e-04 +4.197201689e+02 +4.197201689e+02 -1.1935e+00 +2.7188e+00 -1.2919e+00
2148 0 +1.646303811e-04 +4.197201646e+02 +4.197201646e+02 -1.1947e+00 +2.7196e+00 -1.2922e+00
2157 0 +1.610554529e-04 +4.197201611e+02 +4.197201611e+02 -1.1939e+00 +2.7195e+00 -1.2922e+00
2175 0 +1.493355135e-04 +4.197201493e+02 +4.197201493e+02 -1.1957e+00 +2.7212e+00 -1.2930e+00
2249 0 +1.406078419e-04 +4.197201406e+02 +4.197201406e+02 -1.1916e+00 +2.7219e+00 -1.2934e+00
2459 0 +1.378752917e-04 +4.197201379e+02 +4.197201379e+02 -1.1937e+00 +2.7218e+00 -1.2933e+00
2748 0 +1.330184349e-04 +4.197201330e+02 +4.197201330e+02 -1.1916e+00 +2.7222e+00 -1.2935e+00
2771 0 +1.318217676e-04 +4.197201318e+02 +4.197201318e+02 -1.1935e+00 +2.7224e+00 -1.2935e+00
2831 0 +1.270503271e-04 +4.197201271e+02 +4.197201271e+02 -1.1926e+00 +2.7228e+00 -1.2938e+00
3184 0 +1.258020969e-04 +4.197201258e+02 +4.197201258e+02 -1.1916e+00 +2.7228e+00 -1.2938e+00
3657 0 +1.228613410e-04 +4.197201229e+02 +4.197201229e+02 -1.1918e+00 +2.7231e+00 -1.2939e+00
4316 0 +1.202223509e-04 +4.197201202e+02 +4.197201202e+02 -1.1916e+00 +2.7234e+00 -1.2940e+00
4912 0 +1.174759777e-04 +4.197201175e+02 +4.197201175e+02 -1.1913e+00 +2.7237e+00 -1.2942e+00
5515 0 +1.147902337e-04 +4.197201148e+02 +4.197201148e+02 -1.1912e+00 +2.7240e+00 -1.2943e+00
5915 0 +1.121550093e-04 +4.197201122e+02 +4.197201122e+02 -1.1907e+00 +2.7243e+00 -1.2945e+00
6509 0 +1.096387073e-04 +4.197201096e+02 +4.197201096e+02 -1.1908e+00 +2.7246e+00 -1.2946e+00
7046 0 +1.070170286e-04 +4.197201070e+02 +4.197201070e+02 -1.1907e+00 +2.7249e+00 -1.2947e+00
7664 0 +1.047052035e-04 +4.197201047e+02 +4.197201047e+02 -1.1905e+00 +2.7252e+00 -1.2949e+00
8195 0 +1.023238696e-04 +4.197201023e+02 +4.197201023e+02 -1.1906e+00 +2.7254e+00 -1.2950e+00
8564 0 +9.993251825e-05 +4.197200999e+02 +4.197200999e+02 -1.1901e+00 +2.7257e+00 -1.2951e+00
9277 0 +9.769368307e-05 +4.197200977e+02 +4.197200977e+02 -1.1902e+00 +2.7260e+00 -1.2953e+00
9969 0 +9.548015470e-05 +4.197200955e+02 +4.197200955e+02 -1.1898e+00 +2.7263e+00 -1.2954e+00
10938 0 +9.332022495e-05 +4.197200933e+02 +4.197200933e+02 -1.1898e+00 +2.7265e+00 -1.2955e+00
11999 0 +9.119235756e-05 +4.197200912e+02 +4.197200912e+02 -1.1896e+00 +2.7268e+00 -1.2956e+00
12707 0 +8.909170759e-05 +4.197200891e+02 +4.197200891e+02 -1.1894e+00 +2.7271e+00 -1.2958e+00
13636 0 +8.707466122e-05 +4.197200871e+02 +4.197200871e+02 -1.1894e+00 +2.7273e+00 -1.2959e+00
14283 0 +8.509777444e-05 +4.197200851e+02 +4.197200851e+02 -1.1888e+00 +2.7276e+00 -1.2960e+00
15013 0 +8.316565157e-05 +4.197200832e+02 +4.197200832e+02 -1.1885e+00 +2.7279e+00 -1.2961e+00
15481 0 +8.123448686e-05 +4.197200812e+02 +4.197200812e+02 -1.1886e+00 +2.7281e+00 -1.2963e+00
16619 0 +7.943139411e-05 +4.197200794e+02 +4.197200794e+02 -1.1885e+00 +2.7284e+00 -1.2964e+00
17468 0 +7.758937062e-05 +4.197200776e+02 +4.197200776e+02 -1.1883e+00 +2.7286e+00 -1.2965e+00
18495 0 +7.581129921e-05 +4.197200758e+02 +4.197200758e+02 -1.1881e+00 +2.7289e+00 -1.2966e+00
19247 0 +7.410213072e-05 +4.197200741e+02 +4.197200741e+02 -1.1880e+00 +2.7291e+00 -1.2967e+00
19584 0 +7.221750252e-05 +4.197200722e+02 +4.197200722e+02 -1.1880e+00 +2.7294e+00 -1.2969e+00
19945 0 +7.078085872e-05 +4.197200708e+02 +4.197200708e+02 -1.1878e+00 +2.7296e+00 -1.2970e+00
20978 0 +6.916992800e-05 +4.197200692e+02 +4.197200692e+02 -1.1875e+00 +2.7299e+00 -1.2971e+00
21911 0 +6.760498871e-05 +4.197200676e+02 +4.197200676e+02 -1.1873e+00 +2.7301e+00 -1.2972e+00
23285 0 +6.606722701e-05 +4.197200661e+02 +4.197200661e+02 -1.1874e+00 +2.7304e+00 -1.2973e+00
24305 0 +6.455146456e-05 +4.197200646e+02 +4.197200646e+02 -1.1871e+00 +2.7306e+00 -1.2974e+00
24994 0 +6.309256713e-05 +4.197200631e+02 +4.197200631e+02 -1.1871e+00 +2.7308e+00 -1.2975e+00
26216 0 +6.162473119e-05 +4.197200616e+02 +4.197200616e+02 -1.1868e+00 +2.7311e+00 -1.2976e+00
27565 0 +6.024644216e-05 +4.197200602e+02 +4.197200602e+02 -1.1868e+00 +2.7313e+00 -1.2977e+00
28594 0 +5.884267904e-05 +4.197200588e+02 +4.197200588e+02 -1.1866e+00 +2.7315e+00 -1.2978e+00
29600 0 +5.753098026e-05 +4.197200575e+02 +4.197200575e+02 -1.1863e+00 +2.7318e+00 -1.2979e+00
30007 0 +5.718916424e-05 +4.197200572e+02 +4.197200572e+02 -1.1863e+00 +2.7318e+00 -1.2980e+00
% f evaluations | g evaluations | best noise-free fitness - Fopt (7.640000000000e+00) + sum g_i+ | measured fitness | best measured fitness or single-digit g-values | x1 | x2...
1 0 +1.153050492e+01 +1.917050492e+01 +1.917050492e+01 +0.0000e+00 +0.0000e+00 +0.0000e+00
14 0 +8.312812986e+00 +1.595281299e+01 +1.595281299e+01 -4.7554e-01 -4.0392e+00 +2.7008e+00
17 0 +5.457218138e+00 +1.309721814e+01 +1.309721814e+01 -7.4076e-01 -6.2037e-01 +1.5021e+00
23 0 +3.927150592e+00 +1.156715059e+01 +1.156715059e+01 +1.7906e+00 -7.3349e-02 +9.7224e-01
52 0 +3.850932994e+00 +1.149093299e+01 +1.149093299e+01 +2.4153e+00 -5.7498e-01 +2.1171e+00
55 0 +3.211702807e+00 +1.085170281e+01 +1.085170281e+01 +1.4866e+00 +2.1686e-01 +2.0699e+00
56 0 +1.367445894e+00 +9.007445894e+00 +9.007445894e+00 +4.6279e+00 +2.1394e+00 +2.6349e+00
68 0 +5.288515546e-01 +8.168851555e+00 +8.168851555e+00 +3.7034e+00 +2.5220e+00 +1.9302e+00
183 0 +5.066078771e-01 +8.146607877e+00 +8.146607877e+00 +2.9145e+00 +2.7104e+00 +2.2209e+00
187 0 +3.847325131e-01 +8.024732513e+00 +8.024732513e+00 +4.0117e+00 +2.2026e+00 +3.0107e+00
203 0 +3.386256412e-01 +7.978625641e+00 +7.978625641e+00 +3.0089e+00 +2.7036e+00 +3.0544e+00
207 0 +3.132928714e-01 +7.953292871e+00 +7.953292871e+00 +3.2038e+00 +2.4427e+00 +3.0791e+00
229 0 +1.199821899e-01 +7.759982190e+00 +7.759982190e+00 +3.7888e+00 +2.4700e+00 +2.8191e+00
367 0 +9.359404406e-02 +7.733594044e+00 +7.733594044e+00 +3.6749e+00 +2.6406e+00 +2.3493e+00
374 0 +7.369357806e-02 +7.713693578e+00 +7.713693578e+00 +3.5176e+00 +2.7700e+00 +2.6084e+00
405 0 +2.554998483e-02 +7.665549985e+00 +7.665549985e+00 +3.5589e+00 +2.6311e+00 +2.7530e+00
468 0 +1.945098528e-02 +7.659450985e+00 +7.659450985e+00 +3.4996e+00 +2.6447e+00 +2.9360e+00
478 0 +1.117492080e-02 +7.651174921e+00 +7.651174921e+00 +3.4715e+00 +2.7145e+00 +2.6562e+00
585 0 +9.477535863e-03 +7.649477536e+00 +7.649477536e+00 +3.5115e+00 +2.6853e+00 +2.5694e+00
594 0 +3.970312786e-03 +7.643970313e+00 +7.643970313e+00 +3.5272e+00 +2.6562e+00 +2.6211e+00
746 0 +2.551211644e-03 +7.642551212e+00 +7.642551212e+00 +3.4936e+00 +2.6809e+00 +2.6509e+00
794 0 +2.456524954e-03 +7.642456525e+00 +7.642456525e+00 +3.4889e+00 +2.6784e+00 +2.6825e+00
866 0 +1.954565398e-03 +7.641954565e+00 +7.641954565e+00 +3.5090e+00 +2.6644e+00 +2.6660e+00
889 0 +1.660789663e-03 +7.641660790e+00 +7.641660790e+00 +3.5054e+00 +2.6667e+00 +2.6699e+00
905 0 +1.110617496e-03 +7.641110617e+00 +7.641110617e+00 +3.5005e+00 +2.6503e+00 +2.7723e+00
970 0 +1.053901075e-03 +7.641053901e+00 +7.641053901e+00 +3.5095e+00 +2.6607e+00 +2.6738e+00
979 0 +5.885175927e-04 +7.640588518e+00 +7.640588518e+00 +3.5117e+00 +2.6470e+00 +2.7326e+00
984 0 +1.693491346e-04 +7.640169349e+00 +7.640169349e+00 +3.5187e+00 +2.6400e+00 +2.7271e+00
1052 0 +1.386427907e-04 +7.640138643e+00 +7.640138643e+00 +3.5249e+00 +2.6263e+00 +2.7664e+00
2665 0 +1.375156384e-04 +7.640137516e+00 +7.640137516e+00 +3.5303e+00 +2.6279e+00 +2.7297e+00
2679 0 +9.442228357e-05 +7.640094422e+00 +7.640094422e+00 +3.5289e+00 +2.6300e+00 +2.7268e+00
3132 0 +9.254182870e-05 +7.640092542e+00 +7.640092542e+00 +3.5290e+00 +2.6295e+00 +2.7286e+00
4907 0 +9.095935876e-05 +7.640090959e+00 +7.640090959e+00 +3.5293e+00 +2.6277e+00 +2.7363e+00
4960 0 +8.853421924e-05 +7.640088534e+00 +7.640088534e+00 +3.5292e+00 +2.6276e+00 +2.7372e+00
5032 0 +8.695917552e-05 +7.640086959e+00 +7.640086959e+00 +3.5292e+00 +2.6277e+00 +2.7370e+00
5115 0 +8.498068215e-05 +7.640084981e+00 +7.640084981e+00 +3.5291e+00 +2.6277e+00 +2.7375e+00
5213 0 +8.293007349e-05 +7.640082930e+00 +7.640082930e+00 +3.5290e+00 +2.6277e+00 +2.7379e+00
5352 0 +8.089520242e-05 +7.640080895e+00 +7.640080895e+00 +3.5290e+00 +2.6277e+00 +2.7383e+00
5490 0 +7.929661810e-05 +7.640079297e+00 +7.640079297e+00 +3.5289e+00 +2.6276e+00 +2.7387e+00
5622 0 +7.749995426e-05 +7.640077500e+00 +7.640077500e+00 +3.5288e+00 +2.6277e+00 +2.7390e+00
5680 0 +7.568265193e-05 +7.640075683e+00 +7.640075683e+00 +3.5287e+00 +2.6278e+00 +2.7389e+00
5969 0 +7.408345072e-05 +7.640074083e+00 +7.640074083e+00 +3.5287e+00 +2.6278e+00 +2.7390e+00
6301 0 +7.231498696e-05 +7.640072315e+00 +7.640072315e+00 +3.5286e+00 +2.6278e+00 +2.7394e+00
6736 0 +7.077437771e-05 +7.640070774e+00 +7.640070774e+00 +3.5285e+00 +2.6278e+00 +2.7397e+00
7024 0 +6.910349495e-05 +7.640069103e+00 +7.640069103e+00 +3.5285e+00 +2.6278e+00 +2.7401e+00
7230 0 +6.759542603e-05 +7.640067595e+00 +7.640067595e+00 +3.5284e+00 +2.6278e+00 +2.7403e+00
7357 0 +6.606932308e-05 +7.640066069e+00 +7.640066069e+00 +3.5283e+00 +2.6279e+00 +2.7404e+00
7613 0 +6.448278739e-05 +7.640064483e+00 +7.640064483e+00 +3.5283e+00 +2.6279e+00 +2.7404e+00
7797 0 +6.298958485e-05 +7.640062990e+00 +7.640062990e+00 +3.5282e+00 +2.6280e+00 +2.7404e+00
7871 0 +6.121013429e-05 +7.640061210e+00 +7.640061210e+00 +3.5281e+00 +2.6281e+00 +2.7404e+00
7895 0 +6.001780777e-05 +7.640060018e+00 +7.640060018e+00 +3.5281e+00 +2.6281e+00 +2.7404e+00
8034 0 +5.881665970e-05 +7.640058817e+00 +7.640058817e+00 +3.5280e+00 +2.6282e+00 +2.7404e+00
8104 0 +5.753283471e-05 +7.640057533e+00 +7.640057533e+00 +3.5279e+00 +2.6283e+00 +2.7403e+00
8183 0 +5.593002615e-05 +7.640055930e+00 +7.640055930e+00 +3.5278e+00 +2.6284e+00 +2.7403e+00
8327 0 +5.491155532e-05 +7.640054912e+00 +7.640054912e+00 +3.5278e+00 +2.6284e+00 +2.7403e+00
8442 0 +5.368997997e-05 +7.640053690e+00 +7.640053690e+00 +3.5277e+00 +2.6285e+00 +2.7403e+00
8457 0 +5.230780390e-05 +7.640052308e+00 +7.640052308e+00 +3.5277e+00 +2.6285e+00 +2.7403e+00
8713 0 +5.125895805e-05 +7.640051259e+00 +7.640051259e+00 +3.5276e+00 +2.6286e+00 +2.7404e+00
8913 0 +5.008691773e-05 +7.640050087e+00 +7.640050087e+00 +3.5275e+00 +2.6286e+00 +2.7404e+00
9078 0 +4.891199039e-05 +7.640048912e+00 +7.640048912e+00 +3.5275e+00 +2.6287e+00 +2.7406e+00
9254 0 +4.774626254e-05 +7.640047746e+00 +7.640047746e+00 +3.5274e+00 +2.6287e+00 +2.7408e+00
9427 0 +4.672979540e-05 +7.640046730e+00 +7.640046730e+00 +3.5274e+00 +2.6287e+00 +2.7409e+00
9504 0 +4.569492037e-05 +7.640045695e+00 +7.640045695e+00 +3.5273e+00 +2.6288e+00 +2.7409e+00
9600 0 +4.457670000e-05 +7.640044577e+00 +7.640044577e+00 +3.5272e+00 +2.6289e+00 +2.7409e+00
9698 0 +4.321616145e-05 +7.640043216e+00 +7.640043216e+00 +3.5272e+00 +2.6289e+00 +2.7412e+00
9922 0 +4.250408566e-05 +7.640042504e+00 +7.640042504e+00 +3.5271e+00 +2.6290e+00 +2.7410e+00
10173 0 +4.167095681e-05 +7.640041671e+00 +7.640041671e+00 +3.5271e+00 +2.6290e+00 +2.7409e+00
10260 0 +4.021588264e-05 +7.640040216e+00 +7.640040216e+00 +3.5270e+00 +2.6291e+00 +2.7411e+00
10311 0 +3.964800728e-05 +7.640039648e+00 +7.640039648e+00 +3.5269e+00 +2.6291e+00 +2.7414e+00
10323 0 +3.860340497e-05 +7.640038603e+00 +7.640038603e+00 +3.5269e+00 +2.6290e+00 +2.7419e+00
10612 0 +3.766115334e-05 +7.640037661e+00 +7.640037661e+00 +3.5268e+00 +2.6291e+00 +2.7416e+00
10726 0 +3.699851736e-05 +7.640036999e+00 +7.640036999e+00 +3.5268e+00 +2.6292e+00 +2.7414e+00
10810 0 +3.585733358e-05 +7.640035857e+00 +7.640035857e+00 +3.5267e+00 +2.6292e+00 +2.7416e+00
10881 0 +3.544377846e-05 +7.640035444e+00 +7.640035444e+00 +3.5267e+00 +2.6293e+00 +2.7416e+00
10946 0 +3.407311890e-05 +7.640034073e+00 +7.640034073e+00 +3.5266e+00 +2.6293e+00 +2.7418e+00
11186 0 +3.380295925e-05 +7.640033803e+00 +7.640033803e+00 +3.5266e+00 +2.6293e+00 +2.7419e+00
11371 0 +3.304825190e-05 +7.640033048e+00 +7.640033048e+00 +3.5265e+00 +2.6293e+00 +2.7420e+00
11582 0 +3.233265071e-05 +7.640032333e+00 +7.640032333e+00 +3.5265e+00 +2.6294e+00 +2.7422e+00
11777 0 +3.160890425e-05 +7.640031609e+00 +7.640031609e+00 +3.5264e+00 +2.6294e+00 +2.7421e+00
12243 0 +3.087667547e-05 +7.640030877e+00 +7.640030877e+00 +3.5264e+00 +2.6294e+00 +2.7424e+00
12519 0 +3.014173641e-05 +7.640030142e+00 +7.640030142e+00 +3.5264e+00 +2.6294e+00 +2.7426e+00
13081 0 +2.947994596e-05 +7.640029480e+00 +7.640029480e+00 +3.5263e+00 +2.6294e+00 +2.7427e+00
13376 0 +2.883254171e-05 +7.640028833e+00 +7.640028833e+00 +3.5263e+00 +2.6294e+00 +2.7429e+00
14014 0 +2.818342418e-05 +7.640028183e+00 +7.640028183e+00 +3.5262e+00 +2.6294e+00 +2.7431e+00
14477 0 +2.753118258e-05 +7.640027531e+00 +7.640027531e+00 +3.5262e+00 +2.6294e+00 +2.7433e+00
14763 0 +2.689148517e-05 +7.640026891e+00 +7.640026891e+00 +3.5261e+00 +2.6294e+00 +2.7435e+00
15328 0 +2.629251100e-05 +7.640026293e+00 +7.640026293e+00 +3.5261e+00 +2.6295e+00 +2.7437e+00
15673 0 +2.566335059e-05 +7.640025663e+00 +7.640025663e+00 +3.5261e+00 +2.6295e+00 +2.7439e+00
16201 0 +2.511636314e-05 +7.640025116e+00 +7.640025116e+00 +3.5260e+00 +2.6295e+00 +2.7440e+00
16546 0 +2.453886903e-05 +7.640024539e+00 +7.640024539e+00 +3.5260e+00 +2.6295e+00 +2.7442e+00
16954 0 +2.398510801e-05 +7.640023985e+00 +7.640023985e+00 +3.5259e+00 +2.6295e+00 +2.7443e+00
17470 0 +2.343073738e-05 +7.640023431e+00 +7.640023431e+00 +3.5259e+00 +2.6295e+00 +2.7445e+00
17768 0 +2.290203690e-05 +7.640022902e+00 +7.640022902e+00 +3.5259e+00 +2.6295e+00 +2.7445e+00
18793 0 +2.237000125e-05 +7.640022370e+00 +7.640022370e+00 +3.5258e+00 +2.6296e+00 +2.7446e+00
19324 0 +2.198114254e-05 +7.640021981e+00 +7.640021981e+00 +3.5258e+00 +2.6296e+00 +2.7447e+00
% f evaluations | g evaluations | best noise-free fitness - Fopt (-1.276800000000e+02) + sum g_i+ | measured fitness | best measured fitness or single-digit g-values | x1 | x2...
1 0 +9.869504027e+01 -2.898495973e+01 -2.898495973e+01 +0.0000e+00 +0.0000e+00 +0.0000e+00
3 0 +8.438285272e+00 -1.192417147e+02 -1.192417147e+02 -1.2933e+00 +4.5572e+00 +2.3947e+00
4 0 +1.058930142e+00 -1.266210699e+02 -1.266210699e+02 +1.8434e+00 +4.1925e+00 +1.4214e+00
71 0 +8.637686249e-01 -1.268162314e+02 -1.268162314e+02 +1.1948e+00 +3.7970e+00 +2.5475e+00
78 0 +4.195856741e-01 -1.272604143e+02 -1.272604143e+02 +2.8690e+00 +3.9995e+00 +2.9736e+00
110 0 +3.601048725e-01 -1.273198951e+02 -1.273198951e+02 +2.3835e+00 +4.2909e+00 +2.6925e+00
161 0 +2.952166793e-01 -1.273847833e+02 -1.273847833e+02 +2.2827e+00 +4.2263e+00 +2.9661e+00
169 0 +2.101873066e-01 -1.274698127e+02 -1.274698127e+02 +2.4212e+00 +4.0848e+00 +2.5133e+00
172 0 +1.842001994e-01 -1.274957998e+02 -1.274957998e+02 +2.4906e+00 +3.9994e+00 +2.3429e+00
173 0 +1.776470736e-01 -1.275023529e+02 -1.275023529e+02 +2.2708e+00 +3.8788e+00 +3.0930e+00
182 0 +1.409871885e-01 -1.275390128e+02 -1.275390128e+02 +2.0901e+00 +3.9535e+00 +2.8576e+00
188 0 +1.280136492e-01 -1.275519864e+02 -1.275519864e+02 +2.1192e+00 +3.9566e+00 +2.7916e+00
189 0 +8.789842375e-02 -1.275921016e+02 -1.275921016e+02 +2.1652e+00 +3.7816e+00 +2.2753e+00
191 0 +2.407060822e-02 -1.276559294e+02 -1.276559294e+02 +2.3797e+00 +3.8027e+00 +2.4644e+00
311 0 +1.736034926e-02 -1.276626397e+02 -1.276626397e+02 +2.2244e+00 +3.8118e+00 +2.6484e+00
345 0 +1.314487364e-02 -1.276668551e+02 -1.276668551e+02 +2.2386e+00 +3.7454e+00 +2.4253e+00
378 0 +1.009424611e-02 -1.276699058e+02 -1.276699058e+02 +2.3340e+00 +3.7986e+00 +2.4600e+00
432 0 +3.836574825e-03 -1.276761634e+02 -1.276761634e+02 +2.3224e+00 +3.8265e+00 +2.5518e+00
509 0 +1.753356065e-03 -1.276782466e+02 -1.276782466e+02 +2.2761e+00 +3.7856e+00 +2.4672e+00
521 0 +1.540255884e-03 -1.276784597e+02 -1.276784597e+02 +2.2376e+00 +3.7649e+00 +2.4375e+00
673 0 +1.086255982e-03 -1.276789137e+02 -1.276789137e+02 +2.2003e+00 +3.7625e+00 +2.4748e+00
706 0 +6.899648746e-04 -1.276793100e+02 -1.276793100e+02 +2.2253e+00 +3.7614e+00 +2.4445e+00
1587 0 +6.181510598e-04 -1.276793818e+02 -1.276793818e+02 +2.2128e+00 +3.7609e+00 +2.4571e+00
1652 0 +5.782459452e-04 -1.276794218e+02 -1.276794218e+02 +2.2119e+00 +3.7622e+00 +2.4618e+00
1662 0 +5.670221533e-04 -1.276794330e+02 -1.276794330e+02 +2.2119e+00 +3.7631e+00 +2.4655e+00
1685 0 +5.378430609e-04 -1.276794622e+02 -1.276794622e+02 +2.2174e+00 +3.7635e+00 +2.4607e+00
1718 0 +4.659895540e-04 -1.276795340e+02 -1.276795340e+02 +2.2165e+00 +3.7659e+00 +2.4678e+00
1757 0 +4.542037773e-04 -1.276795458e+02 -1.276795458e+02 +2.2232e+00 +3.7653e+00 +2.4597e+00
1776 0 +4.466529866e-04 -1.276795533e+02 -1.276795533e+02 +2.2159e+00 +3.7650e+00 +2.4663e+00
1826 0 +4.320504729e-04 -1.276795679e+02 -1.276795679e+02 +2.2170e+00 +3.7669e+00 +2.4716e+00
2059 0 +4.027560078e-04 -1.276795972e+02 -1.276795972e+02 +2.2183e+00 +3.7659e+00 +2.4665e+00
2068 0 +3.812268407e-04 -1.276796188e+02 -1.276796188e+02 +2.2222e+00 +3.7667e+00 +2.4645e+00
2460 0 +3.729915376e-04 -1.276796270e+02 -1.276796270e+02 +2.2206e+00 +3.7667e+00 +2.4662e+00
2500 0 +3.655099733e-04 -1.276796345e+02 -1.276796345e+02 +2.2207e+00 +3.7668e+00 +2.4668e+00
2644 0 +3.624525596e-04 -1.276796375e+02 -1.276796375e+02 +2.2201e+00 +3.7670e+00 +2.4679e+00
2741 0 +3.511775758e-04 -1.276796488e+02 -1.276796488e+02 +2.2215e+00 +3.7673e+00 +2.4672e+00
2769 0 +3.417316315e-04 -1.276796583e+02 -1.276796583e+02 +2.2221e+00 +3.7675e+00 +2.4675e+00
2788 0 +3.324133205e-04 -1.276796676e+02 -1.276796676e+02 +2.2226e+00 +3.7679e+00 +2.4679e+00
2891 0 +3.300401490e-04 -1.276796700e+02 -1.276796700e+02 +2.2220e+00 +3.7679e+00 +2.4688e+00
3440 0 +3.191392950e-04 -1.276796809e+02 -1.276796809e+02 +2.2220e+00 +3.7683e+00 +2.4701e+00
3485 0 +3.093542363e-04 -1.276796906e+02 -1.276796906e+02 +2.2230e+00 +3.7686e+00 +2.4696e+00
4356 0 +3.081769300e-04 -1.276796918e+02 -1.276796918e+02 +2.2232e+00 +3.7686e+00 +2.4695e+00
4393 0 +3.013147412e-04 -1.276796987e+02 -1.276796987e+02 +2.2234e+00 +3.7688e+00 +2.4699e+00
4437 0 +2.950884505e-04 -1.276797049e+02 -1.276797049e+02 +2.2235e+00 +3.7690e+00 +2.4705e+00
4516 0 +2.857835988e-04 -1.276797142e+02 -1.276797142e+02 +2.2237e+00 +3.7694e+00 +2.4713e+00
4643 0 +2.815510495e-04 -1.276797184e+02 -1.276797184e+02 +2.2241e+00 +3.7695e+00 +2.4711e+00
5104 0 +2.753951806e-04 -1.276797246e+02 -1.276797246e+02 +2.2242e+00 +3.7697e+00 +2.4718e+00
5268 0 +2.690859421e-04 -1.276797309e+02 -1.276797309e+02 +2.2245e+00 +3.7699e+00 +2.4722e+00
5495 0 +2.625905094e-04 -1.276797374e+02 -1.276797374e+02 +2.2249e+00 +3.7701e+00 +2.4724e+00
5673 0 +2.569370803e-04 -1.276797431e+02 -1.276797431e+02 +2.2252e+00 +3.7703e+00 +2.4727e+00
6085 0 +2.505597847e-04 -1.276797494e+02 -1.276797494e+02 +2.2257e+00 +3.7706e+00 +2.4728e+00
6446 0 +2.451191954e-04 -1.276797549e+02 -1.276797549e+02 +2.2263e+00 +3.7707e+00 +2.4728e+00
6700 0 +2.393679204e-04 -1.276797606e+02 -1.276797606e+02 +2.2265e+00 +3.7710e+00 +2.4732e+00
7074 0 +2.341877618e-04 -1.276797658e+02 -1.276797658e+02 +2.2271e+00 +3.7711e+00 +2.4730e+00
7230 0 +2.285616552e-04 -1.276797714e+02 -1.276797714e+02 +2.2278e+00 +3.7714e+00 +2.4730e+00
7380 0 +2.237592898e-04 -1.276797762e+02 -1.276797762e+02 +2.2280e+00 +3.7716e+00 +2.4735e+00
7515 0 +2.185024598e-04 -1.276797815e+02 -1.276797815e+02 +2.2284e+00 +3.7718e+00 +2.4736e+00
7741 0 +2.137405433e-04 -1.276797863e+02 -1.276797863e+02 +2.2284e+00 +3.7719e+00 +2.4741e+00
8070 0 +2.088086895e-04 -1.276797912e+02 -1.276797912e+02 +2.2286e+00 +3.7722e+00 +2.4746e+00
8472 0 +2.041469309e-04 -1.276797959e+02 -1.276797959e+02 +2.2289e+00 +3.7723e+00 +2.4748e+00
8891 0 +1.994058799e-04 -1.276798006e+02 -1.276798006e+02 +2.2294e+00 +3.7725e+00 +2.4749e+00
9240 0 +1.949553846e-04 -1.276798050e+02 -1.276798050e+02 +2.2298e+00 +3.7727e+00 +2.4750e+00
9601 0 +1.905391599e-04 -1.276798095e+02 -1.276798095e+02 +2.2302e+00 +3.7729e+00 +2.4752e+00
9820 0 +1.855847802e-04 -1.276798144e+02 -1.276798144e+02 +2.2310e+00 +3.7732e+00 +2.4751e+00
10027 0 +1.818323469e-04 -1.276798182e+02 -1.276798182e+02 +2.2315e+00 +3.7734e+00 +2.4751e+00
10183 0 +1.777623137e-04 -1.276798222e+02 -1.276798222e+02 +2.2319e+00 +3.7736e+00 +2.4753e+00
10641 0 +1.737735310e-04 -1.276798262e+02 -1.276798262e+02 +2.2318e+00 +3.7737e+00 +2.4758e+00
10962 0 +1.697537476e-04 -1.276798302e+02 -1.276798302e+02 +2.2322e+00 +3.7739e+00 +2.4760e+00
11305 0 +1.657804309e-04 -1.276798342e+02 -1.276798342e+02 +2.2323e+00 +3.7741e+00 +2.4765e+00
11726 0 +1.621738512e-04 -1.276798378e+02 -1.276798378e+02 +2.2324e+00 +3.7743e+00 +2.4769e+00
11919 0 +1.583740977e-04 -1.276798416e+02 -1.276798416e+02 +2.2325e+00 +3.7744e+00 +2.4773e+00
12317 0 +1.548335148e-04 -1.276798452e+02 -1.276798452e+02 +2.2325e+00 +3.7746e+00 +2.4778e+00
12695 0 +1.512900899e-04 -1.276798487e+02 -1.276798487e+02 +2.2326e+00 +3.7748e+00 +2.4782e+00
13113 0 +1.478848582e-04 -1.276798521e+02 -1.276798521e+02 +2.2329e+00 +3.7750e+00 +2.4784e+00
13464 0 +1.442053654e-04 -1.276798558e+02 -1.276798558e+02 +2.2334e+00 +3.7752e+00 +2.4785e+00
13901 0 +1.412320410e-04 -1.276798588e+02 -1.276798588e+02 +2.2336e+00 +3.7753e+00 +2.4788e+00
14068 0 +1.378743043e-04 -1.276798621e+02 -1.276798621e+02 +2.2337e+00 +3.7755e+00 +2.4792e+00
14278 0 +1.348774385e-04 -1.276798651e+02 -1.276798651e+02 +2.2336e+00 +3.7756e+00 +2.4798e+00
14533 0 +1.317432177e-04 -1.276798683e+02 -1.276798683e+02 +2.2338e+00 +3.7758e+00 +2.4802e+00
15056 0 +1.287980395e-04 -1.276798712e+02 -1.276798712e+02 +2.2340e+00 +3.7760e+00 +2.4805e+00
15625 0 +1.258920887e-04 -1.276798741e+02 -1.276798741e+02 +2.2339e+00 +3.7762e+00 +2.4811e+00
16067 0 +1.228263513e-04 -1.276798772e+02 -1.276798772e+02 +2.2341e+00 +3.7763e+00 +2.4814e+00
16326 0 +1.199616089e-04 -1.276798800e+02 -1.276798800e+02 +2.2346e+00 +3.7765e+00 +2.4814e+00
16861 0 +1.174877135e-04 -1.276798825e+02 -1.276798825e+02 +2.2349e+00 +3.7766e+00 +2.4815e+00
17452 0 +1.146739828e-04 -1.276798853e+02 -1.276798853e+02 +2.2352e+00 +3.7768e+00 +2.4817e+00
18081 0 +1.121755209e-04 -1.276798878e+02 -1.276798878e+02 +2.2357e+00 +3.7770e+00 +2.4816e+00
18964 0 +1.096360632e-04 -1.276798904e+02 -1.276798904e+02 +2.2360e+00 +3.7771e+00 +2.4818e+00
20229 0 +1.071508047e-04 -1.276798928e+02 -1.276798928e+02 +2.2362e+00 +3.7773e+00 +2.4820e+00
21116 0 +1.046953116e-04 -1.276798953e+02 -1.276798953e+02 +2.2363e+00 +3.7774e+00 +2.4824e+00
21591 0 +1.022700314e-04 -1.276798977e+02 -1.276798977e+02 +2.2363e+00 +3.7776e+00 +2.4828e+00
22430 0 +9.995460212e-05 -1.276799000e+02 -1.276799000e+02 +2.2364e+00 +3.7778e+00 +2.4833e+00
23885 0 +9.772120332e-05 -1.276799023e+02 -1.276799023e+02 +2.2366e+00 +3.7779e+00 +2.4835e+00
25066 0 +9.540871753e-05 -1.276799046e+02 -1.276799046e+02 +2.2367e+00 +3.7781e+00 +2.4838e+00
25888 0 +9.332094506e-05 -1.276799067e+02 -1.276799067e+02 +2.2371e+00 +3.7782e+00 +2.4839e+00
26725 0 +9.110182611e-05 -1.276799089e+02 -1.276799089e+02 +2.2375e+00 +3.7784e+00 +2.4839e+00
27395 0 +8.910945076e-05 -1.276799109e+02 -1.276799109e+02 +2.2376e+00 +3.7785e+00 +2.4842e+00
27740 0 +8.692907647e-05 -1.276799131e+02 -1.276799131e+02 +2.2377e+00 +3.7787e+00 +2.4847e+00
28013 0 +8.507845963e-05 -1.276799149e+02 -1.276799149e+02 +2.2377e+00 +3.7788e+00 +2.4851e+00
28825 0 +8.316906965e-05 -1.276799168e+02 -1.276799168e+02 +2.2377e+00 +3.7790e+00 +2.4856e+00
29685 0 +8.126041803e-05 -1.276799187e+02 -1.276799187e+02 +2.2380e+00 +3.7791e+00 +2.4857e+00
30003 0 +8.065127103e-05 -1.276799193e+02 -1.276799193e+02 +2.2381e+00 +3.7792e+00 +2.4857e+00
% f evaluations | g evaluations | best noise-free fitness - Fopt (-3.650000000000e+01) + sum g_i+ | measured fitness | best measured fitness or single-digit g-values | x1 | x2...
1 0 +1.701682776e+01 -1.948317224e+01 -1.948317224e+01 +0.0000e+00 +0.0000e+00 +0.0000e+00
3 0 +1.477982756e+01 -2.172017244e+01 -2.172017244e+01 +4.0053e+00 +1.9551e+00 -3.7918e+00
5 0 +1.206949091e+01 -2.443050909e+01 -2.443050909e+01 +4.1451e+00 -2.5199e+00 +2.7795e+00
14 0 +2.826544008e+00 -3.367345599e+01 -3.367345599e+01 +3.8053e+00 -4.4151e-01 +1.3549e+00
29 0 +2.475929109e+00 -3.402407089e+01 -3.402407089e+01 +2.5757e+00 -1.1702e+00 +2.9856e+00
53 0 +1.715343454e+00 -3.478465655e+01 -3.478465655e+01 +4.7007e-01 +8.6224e-01 +3.6675e+00
57 0 +1.395247092e+00 -3.510475291e+01 -3.510475291e+01 +6.7494e-01 +2.3456e-01 +3.4205e+00
58 0 +5.888476855e-01 -3.591115231e+01 -3.591115231e+01 +2.0365e+00 +1.1211e+00 +2.5015e+00
139 0 +3.393641568e-01 -3.616063584e+01 -3.616063584e+01 +2.1295e+00 +7.7706e-01 +3.5926e+00
146 0 +8.224117916e-02 -3.641775882e+01 -3.641775882e+01 +1.8852e+00 +5.4743e-01 +2.8739e+00
221 0 +2.898903304e-02 -3.647101097e+01 -3.647101097e+01 +2.0732e+00 +3.0043e-01 +2.9679e+00
300 0 +2.255835896e-02 -3.647744164e+01 -3.647744164e+01 +2.0960e+00 +5.1564e-01 +2.9776e+00
358 0 +2.119364448e-02 -3.647880636e+01 -3.647880636e+01 +2.1690e+00 +4.0628e-01 +3.0397e+00
415 0 +2.082824711e-02 -3.647917175e+01 -3.647917175e+01 +2.0368e+00 +6.6257e-01 +2.9785e+00
419 0 +1.499163862e-02 -3.648500836e+01 -3.648500836e+01 +2.0113e+00 +3.8059e-01 +2.8974e+00
422 0 +1.244523558e-02 -3.648755476e+01 -3.648755476e+01 +2.0194e+00 +5.2930e-01 +2.9377e+00
521 0 +9.721048928e-03 -3.649027895e+01 -3.649027895e+01 +2.1243e+00 +3.5745e-01 +2.9904e+00
526 0 +7.984788175e-03 -3.649201521e+01 -3.649201521e+01 +2.0718e+00 +3.3290e-01 +2.9257e+00
546 0 +7.335618971e-03 -3.649266438e+01 -3.649266438e+01 +2.1143e+00 +4.5247e-01 +3.0046e+00
553 0 +6.346922217e-04 -3.649936531e+01 -3.649936531e+01 +2.1086e+00 +4.7549e-01 +3.0155e+00
689 0 +5.914744748e-04 -3.649940853e+01 -3.649940853e+01 +2.0739e+00 +4.6063e-01 +2.9722e+00
812 0 +5.386493631e-04 -3.649946135e+01 -3.649946135e+01 +2.1073e+00 +5.7183e-01 +3.0421e+00
945 0 +5.080456806e-04 -3.649949195e+01 -3.649949195e+01 +2.1046e+00 +5.5798e-01 +3.0354e+00
1008 0 +3.089346557e-04 -3.649969107e+01 -3.649969107e+01 +2.1076e+00 +5.6117e-01 +3.0392e+00
1088 0 +2.755028989e-04 -3.649972450e+01 -3.649972450e+01 +2.1039e+00 +5.3045e-01 +3.0256e+00
1160 0 +1.537195089e-04 -3.649984628e+01 -3.649984628e+01 +2.1141e+00 +5.3999e-01 +3.0406e+00
1266 0 +1.161305520e-04 -3.649988387e+01 -3.649988387e+01 +2.1092e+00 +5.1892e-01 +3.0290e+00
1476 0 +9.861043065e-05 -3.649990139e+01 -3.649990139e+01 +2.0956e+00 +4.7524e-01 +3.0008e+00
1622 0 +9.745740326e-05 -3.649990254e+01 -3.649990254e+01 +2.0930e+00 +4.6547e-01 +2.9949e+00
1985 0 +8.698835443e-05 -3.649991301e+01 -3.649991301e+01 +2.0929e+00 +4.6874e-01 +2.9957e+00
2036 0 +7.436517474e-05 -3.649992563e+01 -3.649992563e+01 +2.0929e+00 +4.6843e-01 +2.9956e+00
2085 0 +6.951154201e-05 -3.649993049e+01 -3.649993049e+01 +2.0916e+00 +4.6713e-01 +2.9938e+00
2146 0 +6.760594673e-05 -3.649993239e+01 -3.649993239e+01 +2.0917e+00 +4.6879e-01 +2.9943e+00
2236 0 +5.100442544e-05 -3.649994900e+01 -3.649994900e+01 +2.0927e+00 +4.7166e-01 +2.9963e+00
3194 0 +5.004161593e-05 -3.649994996e+01 -3.649994996e+01 +2.0921e+00 +4.7100e-01 +2.9954e+00
3215 0 +4.337040677e-05 -3.649995663e+01 -3.649995663e+01 +2.0920e+00 +4.7222e-01 +2.9957e+00
3229 0 +4.256600329e-05 -3.649995743e+01 -3.649995743e+01 +2.0919e+00 +4.7240e-01 +2.9956e+00
3295 0 +3.997324354e-05 -3.649996003e+01 -3.649996003e+01 +2.0920e+00 +4.7282e-01 +2.9958e+00
4326 0 +3.977272954e-05 -3.649996023e+01 -3.649996023e+01 +2.0923e+00 +4.7325e-01 +2.9963e+00
4680 0 +3.889496577e-05 -3.649996111e+01 -3.649996111e+01 +2.0923e+00 +4.7342e-01 +2.9963e+00
4730 0 +3.798853324e-05 -3.649996201e+01 -3.649996201e+01 +2.0922e+00 +4.7358e-01 +2.9963e+00
4771 0 +3.665480637e-05 -3.649996335e+01 -3.649996335e+01 +2.0922e+00 +4.7384e-01 +2.9964e+00
4859 0 +3.627919232e-05 -3.649996372e+01 -3.649996372e+01 +2.0922e+00 +4.7393e-01 +2.9964e+00
5035 0 +3.526691444e-05 -3.649996473e+01 -3.649996473e+01 +2.0922e+00 +4.7421e-01 +2.9964e+00
5240 0 +3.464244419e-05 -3.649996536e+01 -3.649996536e+01 +2.0922e+00 +4.7425e-01 +2.9964e+00
5328 0 +3.384997509e-05 -3.649996615e+01 -3.649996615e+01 +2.0921e+00 +4.7444e-01 +2.9964e+00
5450 0 +3.298765719e-05 -3.649996701e+01 -3.649996701e+01 +2.0921e+00 +4.7459e-01 +2.9964e+00
5525 0 +3.220614504e-05 -3.649996779e+01 -3.649996779e+01 +2.0921e+00 +4.7473e-01 +2.9964e+00
5630 0 +3.154448262e-05 -3.649996846e+01 -3.649996846e+01 +2.0920e+00 +4.7487e-01 +2.9965e+00
5828 0 +3.088736897e-05 -3.649996911e+01 -3.649996911e+01 +2.0920e+00 +4.7501e-01 +2.9965e+00
6083 0 +3.016920486e-05 -3.649996983e+01 -3.649996983e+01 +2.0920e+00 +4.7518e-01 +2.9965e+00
6336 0 +2.949710971e-05 -3.649997050e+01 -3.649997050e+01 +2.0919e+00 +4.7535e-01 +2.9965e+00
6541 0 +2.883796158e-05 -3.649997116e+01 -3.649997116e+01 +2.0919e+00 +4.7552e-01 +2.9965e+00
6714 0 +2.813381897e-05 -3.649997187e+01 -3.649997187e+01 +2.0919e+00 +4.7567e-01 +2.9965e+00
7066 0 +2.752303465e-05 -3.649997248e+01 -3.649997248e+01 +2.0918e+00 +4.7583e-01 +2.9965e+00
7504 0 +2.690071963e-05 -3.649997310e+01 -3.649997310e+01 +2.0918e+00 +4.7600e-01 +2.9965e+00
8087 0 +2.629613618e-05 -3.649997370e+01 -3.649997370e+01 +2.0918e+00 +4.7618e-01 +2.9965e+00
8591 0 +2.568447591e-05 -3.649997432e+01 -3.649997432e+01 +2.0918e+00 +4.7637e-01 +2.9966e+00
9134 0 +2.510080731e-05 -3.649997490e+01 -3.649997490e+01 +2.0918e+00 +4.7654e-01 +2.9966e+00
9712 0 +2.453942214e-05 -3.649997546e+01 -3.649997546e+01 +2.0917e+00 +4.7672e-01 +2.9966e+00
10462 0 +2.397486668e-05 -3.649997603e+01 -3.649997603e+01 +2.0917e+00 +4.7691e-01 +2.9967e+00
11179 0 +2.344223424e-05 -3.649997656e+01 -3.649997656e+01 +2.0917e+00 +4.7708e-01 +2.9967e+00
11744 0 +2.289990756e-05 -3.649997710e+01 -3.649997710e+01 +2.0917e+00 +4.7727e-01 +2.9967e+00
12434 0 +2.238174596e-05 -3.649997762e+01 -3.649997762e+01 +2.0917e+00 +4.7745e-01 +2.9968e+00
13567 0 +2.200734082e-05 -3.649997799e+01 -3.649997799e+01 +2.0917e+00 +4.7759e-01 +2.9968e+00
% f evaluations | g evaluations | best noise-free fitness - Fopt (1.728700000000e+02) + sum g_i+ | measured fitness | best measured fitness or single-digit g-values | x1 | x2...
1 0 +1.012247057e+01 +1.829924706e+02 +1.829924706e+02 +0.0000e+00 +0.0000e+00 +0.0000e+00
2 0 +7.944131368e+00 +1.808141314e+02 +1.808141314e+02 +1.4034e+00 -3.0034e-01 +4.3038e+00
4 0 +3.820123415e+00 +1.766901234e+02 +1.766901234e+02 +4.1606e+00 -1.8791e+00 +3.5494e+00
8 0 +2.610723584e+00 +1.754807236e+02 +1.754807236e+02 +2.8643e+00 +9.6555e-01 +4.0339e+00
12 0 +2.229151931e+00 +1.750991519e+02 +1.750991519e+02 +3.7757e+00 +1.5337e-01 +3.9567e+00
29 0 +1.458787680e+00 +1.743287877e+02 +1.743287877e+02 +3.2889e+00 -1.1661e+00 +3.6234e+00
39 0 +8.767504407e-01 +1.737467504e+02 +1.737467504e+02 +3.2359e+00 -4.4431e-01 +2.8313e+00
106 0 +8.252989972e-01 +1.736952990e+02 +1.736952990e+02 +3.6864e+00 -6.7713e-01 +2.7454e+00
115 0 +6.325431473e-01 +1.735025431e+02 +1.735025431e+02 +3.2053e+00 -9.9172e-01 +2.8333e+00
129 0 +4.607700067e-01 +1.733307700e+02 +1.733307700e+02 +3.6593e+00 -7.9141e-01 +2.3617e+00
161 0 +3.960141906e-01 +1.732660142e+02 +1.732660142e+02 +2.5124e+00 -7.1457e-01 +1.7292e+00
165 0 +2.681031479e-01 +1.731381031e+02 +1.731381031e+02 +2.6267e+00 -4.9558e-01 +1.9021e+00
185 0 +9.445784769e-02 +1.729644578e+02 +1.729644578e+02 +2.8830e+00 -9.0617e-01 +2.2556e+00
189 0 +8.680780519e-02 +1.729568078e+02 +1.729568078e+02 +2.7362e+00 -8.5550e-01 +2.0461e+00
224 0 +8.011518754e-02 +1.729501152e+02 +1.729501152e+02 +3.3166e+00 -5.4885e-01 +1.8477e+00
242 0 +7.242209408e-02 +1.729424221e+02 +1.729424221e+02 +2.7473e+00 -8.1268e-01 +2.1954e+00
247 0 +2.071366191e-02 +1.728907137e+02 +1.728907137e+02 +2.9702e+00 -7.0735e-01 +1.9844e+00
419 0 +2.014649196e-02 +1.728901465e+02 +1.728901465e+02 +2.7889e+00 -8.7976e-01 +2.1370e+00
472 0 +1.320289317e-02 +1.728832029e+02 +1.728832029e+02 +2.8228e+00 -8.6114e-01 +2.1366e+00
527 0 +1.124795961e-02 +1.728812480e+02 +1.728812480e+02 +2.8549e+00 -8.9031e-01 +2.1460e+00
596 0 +1.104915275e-02 +1.728810492e+02 +1.728810492e+02 +3.0624e+00 -8.8218e-01 +2.0834e+00
606 0 +2.874141509e-03 +1.728728741e+02 +1.728728741e+02 +2.9482e+00 -8.7357e-01 +2.1129e+00
831 0 +1.501751833e-03 +1.728715018e+02 +1.728715018e+02 +2.9658e+00 -8.6221e-01 +2.1009e+00
990 0 +1.424892603e-03 +1.728714249e+02 +1.728714249e+02 +2.9571e+00 -8.6145e-01 +2.1018e+00
1081 0 +1.177599812e-03 +1.728711776e+02 +1.728711776e+02 +2.9787e+00 -8.6403e-01 +2.0978e+00
1395 0 +1.145218474e-03 +1.728711452e+02 +1.728711452e+02 +2.9688e+00 -8.5676e-01 +2.0966e+00
1410 0 +1.007502911e-03 +1.728710075e+02 +1.728710075e+02 +2.9724e+00 -8.5830e-01 +2.0954e+00
1427 0 +9.655332210e-04 +1.728709655e+02 +1.728709655e+02 +2.9594e+00 -8.5150e-01 +2.0944e+00
1434 0 +8.273448383e-04 +1.728708273e+02 +1.728708273e+02 +2.9669e+00 -8.5003e-01 +2.0923e+00
1470 0 +7.990991665e-04 +1.728707991e+02 +1.728707991e+02 +2.9728e+00 -8.5482e-01 +2.0938e+00
2400 0 +7.893287042e-04 +1.728707893e+02 +1.728707893e+02 +2.9764e+00 -8.5540e-01 +2.0932e+00
2439 0 +7.690621372e-04 +1.728707691e+02 +1.728707691e+02 +2.9745e+00 -8.5444e-01 +2.0931e+00
2463 0 +7.487380750e-04 +1.728707487e+02 +1.728707487e+02 +2.9757e+00 -8.5406e-01 +2.0926e+00
2522 0 +7.311152352e-04 +1.728707311e+02 +1.728707311e+02 +2.9751e+00 -8.5335e-01 +2.0923e+00
2596 0 +7.233183640e-04 +1.728707233e+02 +1.728707233e+02 +2.9743e+00 -8.5247e-01 +2.0920e+00
2600 0 +6.998028648e-04 +1.728706998e+02 +1.728706998e+02 +2.9735e+00 -8.5148e-01 +2.0915e+00
2646 0 +6.645410652e-04 +1.728706645e+02 +1.728706645e+02 +2.9747e+00 -8.5047e-01 +2.0907e+00
2707 0 +6.423791745e-04 +1.728706424e+02 +1.728706424e+02 +2.9754e+00 -8.4989e-01 +2.0902e+00
2787 0 +6.308402354e-04 +1.728706308e+02 +1.728706308e+02 +2.9767e+00 -8.4977e-01 +2.0899e+00
2804 0 +6.139520587e-04 +1.728706140e+02 +1.728706140e+02 +2.9778e+00 -8.4960e-01 +2.0895e+00
2845 0 +5.991701562e-04 +1.728705992e+02 +1.728705992e+02 +2.9770e+00 -8.4890e-01 +2.0892e+00
2935 0 +5.870975514e-04 +1.728705871e+02 +1.728705871e+02 +2.9777e+00 -8.4840e-01 +2.0888e+00
2983 0 +5.725584936e-04 +1.728705726e+02 +1.728705726e+02 +2.9788e+00 -8.4826e-01 +2.0884e+00
3088 0 +5.599076644e-04 +1.728705599e+02 +1.728705599e+02 +2.9781e+00 -8.4774e-01 +2.0882e+00
3139 0 +5.495352250e-04 +1.728705495e+02 +1.728705495e+02 +2.9783e+00 -8.4739e-01 +2.0879e+00
3274 0 +5.363336641e-04 +1.728705363e+02 +1.728705363e+02 +2.9795e+00 -8.4718e-01 +2.0876e+00
3365 0 +5.193872674e-04 +1.728705194e+02 +1.728705194e+02 +2.9815e+00 -8.4693e-01 +2.0870e+00
3418 0 +5.104145724e-04 +1.728705104e+02 +1.728705104e+02 +2.9827e+00 -8.4673e-01 +2.0866e+00
3507 0 +5.011195090e-04 +1.728705011e+02 +1.728705011e+02 +2.9817e+00 -8.4618e-01 +2.0865e+00
3574 0 +4.883026864e-04 +1.728704883e+02 +1.728704883e+02 +2.9807e+00 -8.4550e-01 +2.0862e+00
3652 0 +4.784444045e-04 +1.728704784e+02 +1.728704784e+02 +2.9811e+00 -8.4516e-01 +2.0859e+00
3737 0 +4.671368502e-04 +1.728704671e+02 +1.728704671e+02 +2.9817e+00 -8.4469e-01 +2.0856e+00
3838 0 +4.567960264e-04 +1.728704568e+02 +1.728704568e+02 +2.9819e+00 -8.4439e-01 +2.0853e+00
4132 0 +4.462110847e-04 +1.728704462e+02 +1.728704462e+02 +2.9823e+00 -8.4397e-01 +2.0850e+00
4364 0 +4.364178837e-04 +1.728704364e+02 +1.728704364e+02 +2.9825e+00 -8.4359e-01 +2.0847e+00
4535 0 +4.219506358e-04 +1.728704220e+02 +1.728704220e+02 +2.9831e+00 -8.4305e-01 +2.0842e+00
4617 0 +4.133803424e-04 +1.728704134e+02 +1.728704134e+02 +2.9832e+00 -8.4261e-01 +2.0840e+00
4727 0 +4.062778180e-04 +1.728704063e+02 +1.728704063e+02 +2.9829e+00 -8.4226e-01 +2.0838e+00
4893 0 +3.978354440e-04 +1.728703978e+02 +1.728703978e+02 +2.9832e+00 -8.4189e-01 +2.0835e+00
5027 0 +3.880775095e-04 +1.728703881e+02 +1.728703881e+02 +2.9832e+00 -8.4140e-01 +2.0832e+00
5174 0 +3.801572319e-04 +1.728703802e+02 +1.728703802e+02 +2.9836e+00 -8.4110e-01 +2.0829e+00
5242 0 +3.701832114e-04 +1.728703702e+02 +1.728703702e+02 +2.9838e+00 -8.4058e-01 +2.0826e+00
5394 0 +3.622653448e-04 +1.728703623e+02 +1.728703623e+02 +2.9838e+00 -8.4020e-01 +2.0823e+00
5460 0 +3.535247683e-04 +1.728703535e+02 +1.728703535e+02 +2.9841e+00 -8.3983e-01 +2.0820e+00
5530 0 +3.463940546e-04 +1.728703464e+02 +1.728703464e+02 +2.9837e+00 -8.3924e-01 +2.0817e+00
5547 0 +3.372753401e-04 +1.728703373e+02 +1.728703373e+02 +2.9845e+00 -8.3902e-01 +2.0814e+00
5632 0 +3.282905784e-04 +1.728703283e+02 +1.728703283e+02 +2.9848e+00 -8.3856e-01 +2.0811e+00
5868 0 +3.221472433e-04 +1.728703221e+02 +1.728703221e+02 +2.9858e+00 -8.3854e-01 +2.0809e+00
5964 0 +3.144168843e-04 +1.728703144e+02 +1.728703144e+02 +2.9855e+00 -8.3784e-01 +2.0805e+00
6034 0 +3.088744975e-04 +1.728703089e+02 +1.728703089e+02 +2.9864e+00 -8.3788e-01 +2.0804e+00
6238 0 +3.004554215e-04 +1.728703005e+02 +1.728703005e+02 +2.9860e+00 -8.3726e-01 +2.0800e+00
6372 0 +2.946930267e-04 +1.728702947e+02 +1.728702947e+02 +2.9857e+00 -8.3680e-01 +2.0798e+00
6515 0 +2.866739651e-04 +1.728702867e+02 +1.728702867e+02 +2.9857e+00 -8.3620e-01 +2.0795e+00
6758 0 +2.816212857e-04 +1.728702816e+02 +1.728702816e+02 +2.9860e+00 -8.3600e-01 +2.0793e+00
6891 0 +2.746429393e-04 +1.728702746e+02 +1.728702746e+02 +2.9866e+00 -8.3581e-01 +2.0790e+00
6965 0 +2.686044487e-04 +1.728702686e+02 +1.728702686e+02 +2.9869e+00 -8.3553e-01 +2.0788e+00
7074 0 +2.623803893e-04 +1.728702624e+02 +1.728702624e+02 +2.9875e+00 -8.3531e-01 +2.0785e+00
7149 0 +2.553659525e-04 +1.728702554e+02 +1.728702554e+02 +2.9883e+00 -8.3510e-01 +2.0782e+00
7338 0 +2.503726357e-04 +1.728702504e+02 +1.728702504e+02 +2.9893e+00 -8.3500e-01 +2.0779e+00
7673 0 +2.453635593e-04 +1.728702454e+02 +1.728702454e+02 +2.9891e+00 -8.3462e-01 +2.0778e+00
7921 0 +2.395686572e-04 +1.728702396e+02 +1.728702396e+02 +2.9895e+00 -8.3434e-01 +2.0775e+00
8183 0 +2.344224097e-04 +1.728702344e+02 +1.728702344e+02 +2.9893e+00 -8.3390e-01 +2.0772e+00
8500 0 +2.285147583e-04 +1.728702285e+02 +1.728702285e+02 +2.9896e+00 -8.3359e-01 +2.0770e+00
8812 0 +2.236830809e-04 +1.728702237e+02 +1.728702237e+02 +2.9898e+00 -8.3327e-01 +2.0768e+00
8929 0 +2.180107020e-04 +1.728702180e+02 +1.728702180e+02 +2.9901e+00 -8.3296e-01 +2.0765e+00
9870 0 +2.137814237e-04 +1.728702138e+02 +1.728702138e+02 +2.9904e+00 -8.3274e-01 +2.0763e+00
10435 0 +2.088248348e-04 +1.728702088e+02 +1.728702088e+02 +2.9909e+00 -8.3249e-01 +2.0760e+00
11074 0 +2.041434225e-04 +1.728702041e+02 +1.728702041e+02 +2.9915e+00 -8.3227e-01 +2.0758e+00
11624 0 +1.993609264e-04 +1.728701994e+02 +1.728701994e+02 +2.9916e+00 -8.3195e-01 +2.0755e+00
12123 0 +1.949226185e-04 +1.728701949e+02 +1.728701949e+02 +2.9916e+00 -8.3159e-01 +2.0753e+00
12656 0 +1.904871583e-04 +1.728701905e+02 +1.728701905e+02 +2.9918e+00 -8.3132e-01 +2.0751e+00
13061 0 +1.862068121e-04 +1.728701862e+02 +1.728701862e+02 +2.9919e+00 -8.3097e-01 +2.0749e+00
13385 0 +1.816511887e-04 +1.728701817e+02 +1.728701817e+02 +2.9919e+00 -8.3060e-01 +2.0746e+00
13872 0 +1.777966916e-04 +1.728701778e+02 +1.728701778e+02 +2.9924e+00 -8.3038e-01 +2.0744e+00
14364 0 +1.737213425e-04 +1.728701737e+02 +1.728701737e+02 +2.9930e+00 -8.3022e-01 +2.0742e+00
14882 0 +1.698064054e-04 +1.728701698e+02 +1.728701698e+02 +2.9929e+00 -8.2987e-01 +2.0740e+00
15451 0 +1.659367828e-04 +1.728701659e+02 +1.728701659e+02 +2.9932e+00 -8.2961e-01 +2.0738e+00
15930 0 +1.621341304e-04 +1.728701621e+02 +1.728701621e+02 +2.9933e+00 -8.2931e-01 +2.0736e+00
16662 0 +1.584381933e-04 +1.728701584e+02 +1.728701584e+02 +2.9938e+00 -8.2910e-01 +2.0733e+00
17344 0 +1.548680283e-04 +1.728701549e+02 +1.728701549e+02 +2.9934e+00 -8.2868e-01 +2.0731e+00
17796 0 +1.513470882e-04 +1.728701513e+02 +1.728701513e+02 +2.9935e+00 -8.2838e-01 +2.0729e+00
18430 0 +1.479034881e-04 +1.728701479e+02 +1.728701479e+02 +2.9939e+00 -8.2817e-01 +2.0727e+00
19401 0 +1.444845042e-04 +1.728701445e+02 +1.728701445e+02 +2.9939e+00 -8.2783e-01 +2.0725e+00
20139 0 +1.412246744e-04 +1.728701412e+02 +1.728701412e+02 +2.9947e+00 -8.2773e-01 +2.0723e+00
20568 0 +1.380289151e-04 +1.728701380e+02 +1.728701380e+02 +2.9951e+00 -8.2752e-01 +2.0721e+00
21075 0 +1.347546931e-04 +1.728701348e+02 +1.728701348e+02 +2.9953e+00 -8.2722e-01 +2.0719e+00
21463 0 +1.317824577e-04 +1.728701318e+02 +1.728701318e+02 +2.9953e+00 -8.2696e-01 +2.0717e+00
22144 0 +1.287024240e-04 +1.728701287e+02 +1.728701287e+02 +2.9956e+00 -8.2672e-01 +2.0715e+00
23256 0 +1.258635350e-04 +1.728701259e+02 +1.728701259e+02 +2.9959e+00 -8.2651e-01 +2.0713e+00
24432 0 +1.230062058e-04 +1.728701230e+02 +1.728701230e+02 +2.9963e+00 -8.2631e-01 +2.0711e+00
25656 0 +1.202240367e-04 +1.728701202e+02 +1.728701202e+02 +2.9964e+00 -8.2602e-01 +2.0709e+00
26002 0 +1.174836094e-04 +1.728701175e+02 +1.728701175e+02 +2.9964e+00 -8.2574e-01 +2.0707e+00
26704 0 +1.147648956e-04 +1.728701148e+02 +1.728701148e+02 +2.9964e+00 -8.2544e-01 +2.0705e+00
27221 0 +1.121564317e-04 +1.728701122e+02 +1.728701122e+02 +2.9963e+00 -8.2511e-01 +2.0703e+00
27758 0 +1.096243396e-04 +1.728701096e+02 +1.728701096e+02 +2.9966e+00 -8.2493e-01 +2.0701e+00
28553 0 +1.071125391e-04 +1.728701071e+02 +1.728701071e+02 +2.9969e+00 -8.2471e-01 +2.0699e+00
29090 0 +1.046634989e-04 +1.728701047e+02 +1.728701047e+02 +2.9970e+00 -8.2444e-01 +2.0698e+00
29772 0 +1.022661430e-04 +1.728701023e+02 +1.728701023e+02 +2.9972e+00 -8.2418e-01 +2.0696e+00
30001 0 +1.008884580e-04 +1.728701009e+02 +1.728701009e+02 +2.9972e+00 -8.2404e-01 +2.0695e+00
% f evaluations | g evaluations | best noise-free fitness - Fopt (1.577200000000e+02) + sum g_i+ | measured fitness | best measured fitness or single-digit g-values | x1 | x2...
1 0 +2.224499975e+01 +1.799649998e+02 +1.799649998e+02 +0.0000e+00 +0.0000e+00 +0.0000e+00
7 0 +3.450906646e+00 +1.611709066e+02 +1.611709066e+02 -8.2350e-02 -6.0709e-01 +3.3411e+00
39 0 +1.975193797e+00 +1.596951938e+02 +1.596951938e+02 -3.9070e+00 -3.1502e+00 +2.8786e+00
48 0 +2.192664786e-01 +1.579392665e+02 +1.579392665e+02 -2.7819e+00 -1.3649e+00 +3.4936e+00
324 0 +2.080357975e-01 +1.579280358e+02 +1.579280358e+02 -2.5865e+00 -2.0076e+00 +3.5438e+00
337 0 +1.026147882e-01 +1.578226148e+02 +1.578226148e+02 -2.9122e+00 -1.2475e+00 +3.7005e+00
338 0 +9.653323171e-02 +1.578165332e+02 +1.578165332e+02 -2.7173e+00 -1.6962e+00 +3.8590e+00
352 0 +7.920020120e-02 +1.577992002e+02 +1.577992002e+02 -2.8429e+00 -1.6107e+00 +3.6721e+00
363 0 +2.937696984e-02 +1.577493770e+02 +1.577493770e+02 -2.8522e+00 -1.5295e+00 +3.7982e+00
410 0 +1.229174985e-02 +1.577322917e+02 +1.577322917e+02 -2.8524e+00 -1.6848e+00 +3.8807e+00
435 0 +7.312427153e-03 +1.577273124e+02 +1.577273124e+02 -2.8034e+00 -1.7762e+00 +3.8760e+00
586 0 +4.584361557e-03 +1.577245844e+02 +1.577245844e+02 -2.9041e+00 -1.5511e+00 +3.9173e+00
634 0 +4.442493677e-03 +1.577244425e+02 +1.577244425e+02 -2.8746e+00 -1.6376e+00 +3.9106e+00
694 0 +3.673301637e-03 +1.577236733e+02 +1.577236733e+02 -2.8798e+00 -1.6512e+00 +3.9442e+00
737 0 +2.216881615e-03 +1.577222169e+02 +1.577222169e+02 -2.8217e+00 -1.7870e+00 +3.9580e+00
825 0 +1.383858160e-03 +1.577213839e+02 +1.577213839e+02 -2.8372e+00 -1.7130e+00 +3.9082e+00
967 0 +1.083439775e-03 +1.577210834e+02 +1.577210834e+02 -2.8532e+00 -1.6982e+00 +3.9342e+00
1090 0 +4.725062485e-04 +1.577204725e+02 +1.577204725e+02 -2.8586e+00 -1.6966e+00 +3.9524e+00
2415 0 +3.849649828e-04 +1.577203850e+02 +1.577203850e+02 -2.8421e+00 -1.7347e+00 +3.9506e+00
3919 0 +3.801199591e-04 +1.577203801e+02 +1.577203801e+02 -2.8409e+00 -1.7344e+00 +3.9470e+00
4026 0 +3.704703711e-04 +1.577203705e+02 +1.577203705e+02 -2.8409e+00 -1.7338e+00 +3.9461e+00
4204 0 +3.625108165e-04 +1.577203625e+02 +1.577203625e+02 -2.8413e+00 -1.7334e+00 +3.9466e+00
4322 0 +3.533473731e-04 +1.577203533e+02 +1.577203533e+02 -2.8415e+00 -1.7328e+00 +3.9465e+00
4417 0 +3.464475380e-04 +1.577203464e+02 +1.577203464e+02 -2.8416e+00 -1.7323e+00 +3.9464e+00
4600 0 +3.387476421e-04 +1.577203387e+02 +1.577203387e+02 -2.8418e+00 -1.7319e+00 +3.9463e+00
4672 0 +3.290529311e-04 +1.577203291e+02 +1.577203291e+02 -2.8421e+00 -1.7312e+00 +3.9463e+00
4899 0 +3.233458234e-04 +1.577203233e+02 +1.577203233e+02 -2.8422e+00 -1.7309e+00 +3.9464e+00
5137 0 +3.161810812e-04 +1.577203162e+02 +1.577203162e+02 -2.8422e+00 -1.7304e+00 +3.9457e+00
5448 0 +3.082839381e-04 +1.577203083e+02 +1.577203083e+02 -2.8422e+00 -1.7299e+00 +3.9450e+00
5610 0 +3.007192049e-04 +1.577203007e+02 +1.577203007e+02 -2.8424e+00 -1.7293e+00 +3.9449e+00
5837 0 +2.946987364e-04 +1.577202947e+02 +1.577202947e+02 -2.8425e+00 -1.7289e+00 +3.9448e+00
6028 0 +2.877742643e-04 +1.577202878e+02 +1.577202878e+02 -2.8427e+00 -1.7284e+00 +3.9446e+00
6187 0 +2.816032768e-04 +1.577202816e+02 +1.577202816e+02 -2.8428e+00 -1.7279e+00 +3.9444e+00
6437 0 +2.754105079e-04 +1.577202754e+02 +1.577202754e+02 -2.8429e+00 -1.7275e+00 +3.9442e+00
6732 0 +2.690100659e-04 +1.577202690e+02 +1.577202690e+02 -2.8431e+00 -1.7270e+00 +3.9442e+00
6877 0 +2.628957550e-04 +1.577202629e+02 +1.577202629e+02 -2.8432e+00 -1.7266e+00 +3.9440e+00
7078 0 +2.569758131e-04 +1.577202570e+02 +1.577202570e+02 -2.8433e+00 -1.7261e+00 +3.9436e+00
7281 0 +2.509339118e-04 +1.577202509e+02 +1.577202509e+02 -2.8434e+00 -1.7257e+00 +3.9432e+00
7357 0 +2.440674657e-04 +1.577202441e+02 +1.577202441e+02 -2.8433e+00 -1.7251e+00 +3.9424e+00
7498 0 +2.397318254e-04 +1.577202397e+02 +1.577202397e+02 -2.8433e+00 -1.7247e+00 +3.9420e+00
7823 0 +2.339379050e-04 +1.577202339e+02 +1.577202339e+02 -2.8433e+00 -1.7242e+00 +3.9414e+00
8004 0 +2.290369189e-04 +1.577202290e+02 +1.577202290e+02 -2.8434e+00 -1.7238e+00 +3.9409e+00
8174 0 +2.238049156e-04 +1.577202238e+02 +1.577202238e+02 -2.8434e+00 -1.7233e+00 +3.9404e+00
8365 0 +2.187623591e-04 +1.577202188e+02 +1.577202188e+02 -2.8434e+00 -1.7229e+00 +3.9399e+00
8555 0 +2.135284322e-04 +1.577202135e+02 +1.577202135e+02 -2.8435e+00 -1.7224e+00 +3.9397e+00
8797 0 +2.080631768e-04 +1.577202081e+02 +1.577202081e+02 -2.8438e+00 -1.7220e+00 +3.9399e+00
8865 0 +2.024703925e-04 +1.577202025e+02 +1.577202025e+02 -2.8440e+00 -1.7214e+00 +3.9400e+00
9087 0 +1.992951940e-04 +1.577201993e+02 +1.577201993e+02 -2.8440e+00 -1.7211e+00 +3.9396e+00
9137 0 +1.933499033e-04 +1.577201933e+02 +1.577201933e+02 -2.8441e+00 -1.7205e+00 +3.9391e+00
9195 0 +1.897464358e-04 +1.577201897e+02 +1.577201897e+02 -2.8443e+00 -1.7201e+00 +3.9389e+00
9358 0 +1.861883484e-04 +1.577201862e+02 +1.577201862e+02 -2.8443e+00 -1.7199e+00 +3.9388e+00
9597 0 +1.816051629e-04 +1.577201816e+02 +1.577201816e+02 -2.8444e+00 -1.7193e+00 +3.9383e+00
9870 0 +1.777269833e-04 +1.577201777e+02 +1.577201777e+02 -2.8445e+00 -1.7190e+00 +3.9383e+00
9997 0 +1.736664991e-04 +1.577201737e+02 +1.577201737e+02 -2.8446e+00 -1.7185e+00 +3.9381e+00
10194 0 +1.694788214e-04 +1.577201695e+02 +1.577201695e+02 -2.8446e+00 -1.7181e+00 +3.9375e+00
10499 0 +1.658352289e-04 +1.577201658e+02 +1.577201658e+02 -2.8447e+00 -1.7177e+00 +3.9372e+00
10735 0 +1.617050762e-04 +1.577201617e+02 +1.577201617e+02 -2.8448e+00 -1.7172e+00 +3.9369e+00
10878 0 +1.580996011e-04 +1.577201581e+02 +1.577201581e+02 -2.8450e+00 -1.7168e+00 +3.9370e+00
11182 0 +1.542970180e-04 +1.577201543e+02 +1.577201543e+02 -2.8451e+00 -1.7164e+00 +3.9368e+00
11619 0 +1.511699705e-04 +1.577201512e+02 +1.577201512e+02 -2.8451e+00 -1.7159e+00 +3.9363e+00
11967 0 +1.475209145e-04 +1.577201475e+02 +1.577201475e+02 -2.8453e+00 -1.7155e+00 +3.9365e+00
12185 0 +1.445061756e-04 +1.577201445e+02 +1.577201445e+02 -2.8455e+00 -1.7152e+00 +3.9365e+00
12360 0 +1.412451880e-04 +1.577201412e+02 +1.577201412e+02 -2.8457e+00 -1.7148e+00 +3.9365e+00
12567 0 +1.379921136e-04 +1.577201380e+02 +1.577201380e+02 -2.8458e+00 -1.7144e+00 +3.9365e+00
12968 0 +1.348717506e-04 +1.577201349e+02 +1.577201349e+02 -2.8459e+00 -1.7140e+00 +3.9363e+00
13807 0 +1.317993964e-04 +1.577201318e+02 +1.577201318e+02 -2.8460e+00 -1.7135e+00 +3.9359e+00
14720 0 +1.287895705e-04 +1.577201288e+02 +1.577201288e+02 -2.8462e+00 -1.7131e+00 +3.9359e+00
16038 0 +1.258644976e-04 +1.577201259e+02 +1.577201259e+02 -2.8464e+00 -1.7128e+00 +3.9360e+00
16773 0 +1.229639909e-04 +1.577201230e+02 +1.577201230e+02 -2.8465e+00 -1.7124e+00 +3.9359e+00
17347 0 +1.202045021e-04 +1.577201202e+02 +1.577201202e+02 -2.8467e+00 -1.7120e+00 +3.9359e+00
17947 0 +1.174684944e-04 +1.577201175e+02 +1.577201175e+02 -2.8469e+00 -1.7119e+00 +3.9365e+00
18632 0 +1.144101043e-04 +1.577201144e+02 +1.577201144e+02 -2.8472e+00 -1.7117e+00 +3.9370e+00
19006 0 +1.120628065e-04 +1.577201121e+02 +1.577201121e+02 -2.8474e+00 -1.7114e+00 +3.9372e+00
19215 0 +1.095005195e-04 +1.577201095e+02 +1.577201095e+02 -2.8475e+00 -1.7111e+00 +3.9372e+00
19429 0 +1.071440902e-04 +1.577201071e+02 +1.577201071e+02 -2.8477e+00 -1.7108e+00 +3.9373e+00
19908 0 +1.047036156e-04 +1.577201047e+02 +1.577201047e+02 -2.8478e+00 -1.7105e+00 +3.9374e+00
20463 0 +1.023229613e-04 +1.577201023e+02 +1.577201023e+02 -2.8479e+00 -1.7101e+00 +3.9373e+00
20979 0 +9.990481405e-05 +1.577200999e+02 +1.577200999e+02 -2.8480e+00 -1.7097e+00 +3.9370e+00
21482 0 +9.771607651e-05 +1.577200977e+02 +1.577200977e+02 -2.8482e+00 -1.7094e+00 +3.9372e+00
21997 0 +9.534059029e-05 +1.577200953e+02 +1.577200953e+02 -2.8483e+00 -1.7089e+00 +3.9368e+00
22430 0 +9.320948328e-05 +1.577200932e+02 +1.577200932e+02 -2.8483e+00 -1.7083e+00 +3.9362e+00
22703 0 +9.101123950e-05 +1.577200910e+02 +1.577200910e+02 -2.8485e+00 -1.7081e+00 +3.9364e+00
24006 0 +8.911805207e-05 +1.577200891e+02 +1.577200891e+02 -2.8486e+00 -1.7079e+00 +3.9365e+00
24603 0 +8.701557664e-05 +1.577200870e+02 +1.577200870e+02 -2.8488e+00 -1.7075e+00 +3.9364e+00
25857 0 +8.504709868e-05 +1.577200850e+02 +1.577200850e+02 -2.8489e+00 -1.7072e+00 +3.9365e+00
26543 0 +8.309906818e-05 +1.577200831e+02 +1.577200831e+02 -2.8491e+00 -1.7069e+00 +3.9366e+00
27131 0 +8.121413683e-05 +1.577200812e+02 +1.577200812e+02 -2.8492e+00 -1.7066e+00 +3.9366e+00
27511 0 +7.939280471e-05 +1.577200794e+02 +1.577200794e+02 -2.8493e+00 -1.7063e+00 +3.9366e+00
28262 0 +7.761649420e-05 +1.577200776e+02 +1.577200776e+02 -2.8495e+00 -1.7060e+00 +3.9366e+00
28858 0 +7.582111752e-05 +1.577200758e+02 +1.577200758e+02 -2.8496e+00 -1.7057e+00 +3.9367e+00
29812 0 +7.412166471e-05 +1.577200741e+02 +1.577200741e+02 -2.8497e+00 -1.7054e+00 +3.9366e+00
30004 0 +7.384391253e-05 +1.577200738e+02 +1.577200738e+02 -2.8497e+00 -1.7053e+00 +3.9366e+00
% f evaluations | g evaluations | best noise-free fitness - Fopt (2.819000000000e+01) + sum g_i+ | measured fitness | best measured fitness or single-digit g-values | x1 | x2...
1 0 +4.024145258e+00 +3.221414526e+01 +3.221414526e+01 +0.0000e+00 +0.0000e+00 +0.0000e+00
11 0 +1.624553199e+00 +2.981455320e+01 +2.981455320e+01 +2.1045e+00 +8.9400e-01 +9.3291e-01
36 0 +1.367979093e+00 +2.955797909e+01 +2.955797909e+01 +1.5243e+00 -1.7712e+00 +9.1292e-01
68 0 +8.922977387e-01 +2.908229774e+01 +2.908229774e+01 +1.6529e+00 +3.5244e-01 +4.0272e-01
88 0 +7.572213533e-02 +2.826572214e+01 +2.826572214e+01 +1.7230e+00 -7.1805e-01 +5.2667e-01
147 0 +5.844942274e-02 +2.824844942e+01 +2.824844942e+01 +1.6367e+00 -6.9716e-01 +4.4261e-01
351 0 +4.752512445e-02 +2.823752512e+01 +2.823752512e+01 +2.0638e+00 -7.4876e-01 +3.9905e-01
388 0 +4.377269290e-02 +2.823377269e+01 +2.823377269e+01 +1.8562e+00 -7.1380e-01 +3.2226e-01
395 0 +1.197956313e-02 +2.820197956e+01 +2.820197956e+01 +1.8297e+00 -6.4336e-01 +3.1895e-01
411 0 +9.345037743e-03 +2.819934504e+01 +2.819934504e+01 +1.9698e+00 -6.1928e-01 +2.6564e-01
441 0 +8.558384951e-03 +2.819855838e+01 +2.819855838e+01 +1.8362e+00 -6.4770e-01 +3.1924e-01
457 0 +3.395986846e-03 +2.819339599e+01 +2.819339599e+01 +1.8417e+00 -7.2421e-01 +4.1545e-01
502 0 +1.213081069e-03 +2.819121308e+01 +2.819121308e+01 +1.8188e+00 -7.3557e-01 +4.2650e-01
679 0 +1.156478176e-03 +2.819115648e+01 +2.819115648e+01 +1.8087e+00 -7.4853e-01 +4.4099e-01
970 0 +1.140049524e-03 +2.819114005e+01 +2.819114005e+01 +1.8209e+00 -7.2152e-01 +4.0575e-01
996 0 +1.110847218e-03 +2.819111085e+01 +2.819111085e+01 +1.8424e+00 -7.0535e-01 +3.8266e-01
1029 0 +4.912141992e-04 +2.819049121e+01 +2.819049121e+01 +1.8498e+00 -6.9766e-01 +3.7434e-01
1041 0 +3.018782253e-04 +2.819030188e+01 +2.819030188e+01 +1.8517e+00 -7.0482e-01 +3.8400e-01
1234 0 +2.222139301e-04 +2.819022221e+01 +2.819022221e+01 +1.8624e+00 -7.1015e-01 +3.9133e-01
1505 0 +2.045911353e-04 +2.819020459e+01 +2.819020459e+01 +1.8828e+00 -6.9642e-01 +3.7243e-01
1534 0 +9.620942052e-05 +2.819009621e+01 +2.819009621e+01 +1.8716e+00 -7.1217e-01 +3.9367e-01
1948 0 +1.473816281e-05 +2.819001474e+01 +2.819001474e+01 +1.8589e+00 -7.2068e-01 +4.0517e-01
2810 0 +6.504503819e-06 +2.819000650e+01 +2.819000650e+01 +1.8548e+00 -7.2878e-01 +4.1606e-01
2867 0 +4.420852470e-06 +2.819000442e+01 +2.819000442e+01 +1.8513e+00 -7.2883e-01 +4.1609e-01
3391 0 +4.212728108e-06 +2.819000421e+01 +2.819000421e+01 +1.8494e+00 -7.3125e-01 +4.1935e-01
3438 0 +3.572692687e-06 +2.819000357e+01 +2.819000357e+01 +1.8497e+00 -7.3124e-01 +4.1932e-01
3542 0 +2.498379079e-06 +2.819000250e+01 +2.819000250e+01 +1.8509e+00 -7.3151e-01 +4.1971e-01
4196 0 +2.447015699e-06 +2.819000245e+01 +2.819000245e+01 +1.8501e+00 -7.3128e-01 +4.1938e-01
4211 0 +2.350703497e-06 +2.819000235e+01 +2.819000235e+01 +1.8499e+00 -7.3120e-01 +4.1927e-01
4316 0 +2.320090189e-06 +2.819000232e+01 +2.819000232e+01 +1.8499e+00 -7.3114e-01 +4.1919e-01
4743 0 +2.185227245e-06 +2.819000219e+01 +2.819000219e+01 +1.8509e+00 -7.3108e-01 +4.1912e-01
4813 0 +2.135319850e-06 +2.819000214e+01 +2.819000214e+01 +1.8502e+00 -7.3108e-01 +4.1911e-01
4973 0 +2.033754839e-06 +2.819000203e+01 +2.819000203e+01 +1.8509e+00 -7.3108e-01 +4.1912e-01
5275 0 +1.984395212e-06 +2.819000198e+01 +2.819000198e+01 +1.8513e+00 -7.3109e-01 +4.1914e-01
6649 0 +1.979164050e-06 +2.819000198e+01 +2.819000198e+01 +1.8513e+00 -7.3109e-01 +4.1914e-01
% f evaluations | g evaluations | best noise-free fitness - Fopt (-9.925000000000e+01) + sum g_i+ | measured fitness | best measured fitness or single-digit g-values | x1 | x2...
1 0 +1.100556898e+01 -8.824443102e+01 -8.824443102e+01 +0.0000e+00 +0.0000e+00 +0.0000e+00
8 0 +9.313556450e+00 -8.993644355e+01 -8.993644355e+01 -2.1613e+00 -3.3362e-01 -1.3652e+00
14 0 +4.409086575e+00 -9.484091343e+01 -9.484091343e+01 -4.2262e-01 -1.3703e+00 -8.3863e-01
25 0 +3.649024046e+00 -9.560097595e+01 -9.560097595e+01 -3.8990e-01 -2.0133e+00 -1.5412e+00
39 0 +1.904678509e+00 -9.734532149e+01 -9.734532149e+01 +1.5401e+00 -3.1355e+00 -1.3175e+00
45 0 +1.860332434e+00 -9.738966757e+01 -9.738966757e+01 +1.9777e+00 -3.8183e+00 +2.1424e+00
51 0 +4.997986828e-01 -9.875020132e+01 -9.875020132e+01 +2.3004e+00 -3.3250e+00 -2.3021e-01
110 0 +2.590680360e-01 -9.899093196e+01 -9.899093196e+01 +1.8418e+00 -3.8031e+00 +6.4783e-01
144 0 +3.755411765e-02 -9.921244588e+01 -9.921244588e+01 +2.2218e+00 -3.6689e+00 +6.3555e-01
291 0 +3.710405197e-02 -9.921289595e+01 -9.921289595e+01 +2.2130e+00 -3.6291e+00 +6.5204e-01
358 0 +9.452141122e-03 -9.924054786e+01 -9.924054786e+01 +2.3263e+00 -3.3554e+00 +4.8271e-01
485 0 +8.949869062e-03 -9.924105013e+01 -9.924105013e+01 +2.2644e+00 -3.5154e+00 +5.5374e-01
574 0 +7.534498501e-03 -9.924246550e+01 -9.924246550e+01 +2.3306e+00 -3.5556e+00 +4.4708e-01
609 0 +3.219862766e-03 -9.924678014e+01 -9.924678014e+01 +2.3183e+00 -3.4679e+00 +4.7020e-01
776 0 +1.605531455e-03 -9.924839447e+01 -9.924839447e+01 +2.3108e+00 -3.5005e+00 +4.8261e-01
909 0 +1.386313035e-03 -9.924861369e+01 -9.924861369e+01 +2.3137e+00 -3.5156e+00 +4.7436e-01
944 0 +1.289918416e-03 -9.924871008e+01 -9.924871008e+01 +2.3129e+00 -3.5046e+00 +4.7547e-01
970 0 +1.132688622e-03 -9.924886731e+01 -9.924886731e+01 +2.3101e+00 -3.5014e+00 +4.8245e-01
999 0 +8.000257496e-04 -9.924919997e+01 -9.924919997e+01 +2.3072e+00 -3.4831e+00 +4.8727e-01
1162 0 +7.766222924e-04 -9.924922338e+01 -9.924922338e+01 +2.3081e+00 -3.5103e+00 +4.8254e-01
1177 0 +6.900261805e-04 -9.924930997e+01 -9.924930997e+01 +2.3093e+00 -3.4986e+00 +4.8235e-01
1180 0 +6.276547137e-04 -9.924937235e+01 -9.924937235e+01 +2.3045e+00 -3.4894e+00 +4.9004e-01
1204 0 +5.413309368e-04 -9.924945867e+01 -9.924945867e+01 +2.3024e+00 -3.5016e+00 +4.9053e-01
1274 0 +4.292583982e-04 -9.924957074e+01 -9.924957074e+01 +2.2929e+00 -3.4912e+00 +5.0531e-01
1287 0 +2.520442716e-04 -9.924974796e+01 -9.924974796e+01 +2.2905e+00 -3.5061e+00 +5.0628e-01
1582 0 +1.956118417e-04 -9.924980439e+01 -9.924980439e+01 +2.2891e+00 -3.5065e+00 +5.0801e-01
5739 0 +1.948386803e-04 -9.924980516e+01 -9.924980516e+01 +2.2926e+00 -3.5136e+00 +5.0227e-01
6000 0 +1.890291936e-04 -9.924981097e+01 -9.924981097e+01 +2.2923e+00 -3.5136e+00 +5.0268e-01
6231 0 +1.858607395e-04 -9.924981414e+01 -9.924981414e+01 +2.2921e+00 -3.5143e+00 +5.0280e-01
6570 0 +1.817766570e-04 -9.924981822e+01 -9.924981822e+01 +2.2919e+00 -3.5147e+00 +5.0308e-01
6849 0 +1.775105393e-04 -9.924982249e+01 -9.924982249e+01 +2.2916e+00 -3.5148e+00 +5.0334e-01
7231 0 +1.735971618e-04 -9.924982640e+01 -9.924982640e+01 +2.2914e+00 -3.5149e+00 +5.0362e-01
7744 0 +1.696601054e-04 -9.924983034e+01 -9.924983034e+01 +2.2912e+00 -3.5148e+00 +5.0394e-01
8046 0 +1.656940666e-04 -9.924983431e+01 -9.924983431e+01 +2.2909e+00 -3.5147e+00 +5.0429e-01
8439 0 +1.620667544e-04 -9.924983793e+01 -9.924983793e+01 +2.2907e+00 -3.5155e+00 +5.0444e-01
9411 0 +1.584674656e-04 -9.924984153e+01 -9.924984153e+01 +2.2905e+00 -3.5160e+00 +5.0465e-01
9979 0 +1.547724848e-04 -9.924984523e+01 -9.924984523e+01 +2.2903e+00 -3.5166e+00 +5.0489e-01
10653 0 +1.512855467e-04 -9.924984871e+01 -9.924984871e+01 +2.2901e+00 -3.5168e+00 +5.0514e-01
11092 0 +1.478609232e-04 -9.924985214e+01 -9.924985214e+01 +2.2899e+00 -3.5165e+00 +5.0547e-01
11555 0 +1.444252752e-04 -9.924985557e+01 -9.924985557e+01 +2.2896e+00 -3.5169e+00 +5.0568e-01
12037 0 +1.408813010e-04 -9.924985912e+01 -9.924985912e+01 +2.2894e+00 -3.5177e+00 +5.0594e-01
12856 0 +1.379766287e-04 -9.924986202e+01 -9.924986202e+01 +2.2892e+00 -3.5178e+00 +5.0614e-01
13350 0 +1.348961287e-04 -9.924986510e+01 -9.924986510e+01 +2.2890e+00 -3.5178e+00 +5.0640e-01
13959 0 +1.317458065e-04 -9.924986825e+01 -9.924986825e+01 +2.2888e+00 -3.5174e+00 +5.0671e-01
14618 0 +1.286619878e-04 -9.924987134e+01 -9.924987134e+01 +2.2886e+00 -3.5175e+00 +5.0698e-01
15104 0 +1.258617092e-04 -9.924987414e+01 -9.924987414e+01 +2.2884e+00 -3.5179e+00 +5.0718e-01
16028 0 +1.230061992e-04 -9.924987699e+01 -9.924987699e+01 +2.2882e+00 -3.5186e+00 +5.0737e-01
16760 0 +1.201545256e-04 -9.924987985e+01 -9.924987985e+01 +2.2880e+00 -3.5186e+00 +5.0765e-01
17220 0 +1.173779401e-04 -9.924988262e+01 -9.924988262e+01 +2.2878e+00 -3.5193e+00 +5.0784e-01
18248 0 +1.147900937e-04 -9.924988521e+01 -9.924988521e+01 +2.2876e+00 -3.5192e+00 +5.0808e-01
19404 0 +1.122013966e-04 -9.924988780e+01 -9.924988780e+01 +2.2874e+00 -3.5195e+00 +5.0830e-01
19969 0 +1.096463958e-04 -9.924989035e+01 -9.924989035e+01 +2.2872e+00 -3.5196e+00 +5.0853e-01
21168 0 +1.071295420e-04 -9.924989287e+01 -9.924989287e+01 +2.2870e+00 -3.5198e+00 +5.0877e-01
22355 0 +1.047119186e-04 -9.924989529e+01 -9.924989529e+01 +2.2868e+00 -3.5199e+00 +5.0899e-01
22788 0 +1.023107005e-04 -9.924989769e+01 -9.924989769e+01 +2.2866e+00 -3.5197e+00 +5.0926e-01
23864 0 +9.998159260e-05 -9.924990002e+01 -9.924990002e+01 +2.2864e+00 -3.5203e+00 +5.0944e-01
24784 0 +9.766529028e-05 -9.924990233e+01 -9.924990233e+01 +2.2862e+00 -3.5203e+00 +5.0968e-01
25315 0 +9.546791337e-05 -9.924990453e+01 -9.924990453e+01 +2.2861e+00 -3.5203e+00 +5.0992e-01
25745 0 +9.329613185e-05 -9.924990670e+01 -9.924990670e+01 +2.2859e+00 -3.5202e+00 +5.1018e-01
26429 0 +9.113742557e-05 -9.924990886e+01 -9.924990886e+01 +2.2857e+00 -3.5210e+00 +5.1032e-01
27539 0 +8.912110663e-05 -9.924991088e+01 -9.924991088e+01 +2.2855e+00 -3.5214e+00 +5.1050e-01
28786 0 +8.709633795e-05 -9.924991290e+01 -9.924991290e+01 +2.2853e+00 -3.5214e+00 +5.1073e-01
30005 0 +8.595323062e-05 -9.924991405e+01 -9.924991405e+01 +2.2852e+00 -3.5215e+00 +5.1084e-01
