% f evaluations | g evaluations | best noise-free fitness - Fopt (-5.235000000000e+01) + sum g_i+ | measured fitness | best measured fitness or single-digit g-values | x1 | x2...
1 0 +1.487914355e+00 -5.086208564e+01 -5.086208564e+01 +0.0000e+00 +0.0000e+00
2 0 +1.052627738e+00 -5.129737226e+01 -5.129737226e+01 -3.9115e-01 -1.7542e-01
6 0 +1.025966978e+00 -5.132403302e+01 -5.132403302e+01 -2.3993e-01 -2.0919e+00
8 0 +8.943526693e-01 -5.145564733e+01 -5.145564733e+01 -1.4264e+00 -2.1815e+00
16 0 +7.561968757e-01 -5.159380312e+01 -5.159380312e+01 -4.3854e-01 -3.6969e-01
24 0 +7.276474776e-02 -5.227723525e+01 -5.227723525e+01 -9.8870e-01 -1.0914e+00
32 0 +1.617789987e-02 -5.233382210e+01 -5.233382210e+01 -8.8973e-01 -1.2412e+00
368 0 +5.894760411e-03 -5.234410524e+01 -5.234410524e+01 -8.5656e-01 -1.3243e+00
436 0 +2.089354651e-03 -5.234791065e+01 -5.234791065e+01 -9.0263e-01 -1.1376e+00
518 0 +4.918682788e-04 -5.234950813e+01 -5.234950813e+01 -8.7980e-01 -1.2141e+00
582 0 +3.848276059e-04 -5.234961517e+01 -5.234961517e+01 -8.8275e-01 -1.2066e+00
588 0 +5.554941313e-05 -5.234994445e+01 -5.234994445e+01 -8.7637e-01 -1.2289e+00
20005 0 +5.554941313e-05 -5.234994445e+01 -5.234994445e+01 -8.7637e-01 -1.2289e+00
% f evaluations | g evaluations | best noise-free fitness - Fopt (-1.795400000000e+02) + sum g_i+ | measured fitness | best measured fitness or single-digit g-values | x1 | x2...
1 0 +7.250272884e-01 -1.788149727e+02 -1.788149727e+02 +0.0000e+00 +0.0000e+00
26 0 +4.031076675e-01 -1.791368923e+02 -1.791368923e+02 +1.1983e+00 +1.1310e+00
33 0 +4.805063210e-02 -1.794919494e+02 -1.794919494e+02 +8.9887e-01 +6.1266e-01
211 0 +1.130902248e-02 -1.795286910e+02 -1.795286910e+02 +8.3751e-01 +6.2285e-01
285 0 +6.197201653e-03 -1.795338028e+02 -1.795338028e+02 +7.5535e-01 +4.2631e-01
313 0 +5.493150485e-03 -1.795345068e+02 -1.795345068e+02 +7.1951e-01 +3.6400e-01
507 0 +2.628505472e-03 -1.795373715e+02 -1.795373715e+02 +8.1338e-01 +5.5755e-01
518 0 +4.076942867e-04 -1.795395923e+02 -1.795395923e+02 +8.0808e-01 +5.4071e-01
794 0 +4.037320710e-04 -1.795395963e+02 -1.795395963e+02 +7.6588e-01 +4.6076e-01
795 0 +3.794682555e-04 -1.795396205e+02 -1.795396205e+02 +7.6082e-01 +4.5002e-01
819 0 +2.602637305e-04 -1.795397397e+02 -1.795397397e+02 +7.6527e-01 +4.5860e-01
947 0 +2.269345038e-04 -1.795397731e+02 -1.795397731e+02 +7.7004e-01 +4.6767e-01
993 0 +1.581311659e-04 -1.795398419e+02 -1.795398419e+02 +7.7365e-01 +4.7473e-01
1020 0 +3.870044307e-05 -1.795399613e+02 -1.795399613e+02 +7.7893e-01 +4.8529e-01
1228 0 +2.183873980e-05 -1.795399782e+02 -1.795399782e+02 +7.8103e-01 +4.8931e-01
1243 0 +1.669940966e-05 -1.795399833e+02 -1.795399833e+02 +7.8219e-01 +4.9157e-01
4057 0 +1.669940966e-05 -1.795399833e+02 -1.795399833e+02 +7.8219e-01 +4.9157e-01
% f evaluations | g evaluations | best noise-free fitness - Fopt (7.731000000000e+01) + sum g_i+ | measured fitness | best measured fitness or single-digit g-values | x1 | x2...
1 0 +9.434104222e-01 +7.825341042e+01 +7.825341042e+01 +0.0000e+00 +0.0000e+00
50 0 +8.418679837e-01 +7.815186798e+01 +7.815186798e+01 +1.2568e+00 -1.5315e+00
55 0 +5.611537654e-01 +7.787115377e+01 +7.787115377e+01 +7.7786e-01 -1.4253e+00
76 0 +5.158278691e-01 +7.782582787e+01 +7.782582787e+01 +1.4187e+00 -4.8256e-01
85 0 +6.419061712e-02 +7.737419062e+01 +7.737419062e+01 +8.2326e-01 -9.3026e-01
190 0 +6.134610436e-02 +7.737134610e+01 +7.737134610e+01 +8.2241e-01 -8.3876e-01
206 0 +5.521711839e-02 +7.736521712e+01 +7.736521712e+01 +8.3294e-01 -7.3505e-01
215 0 +3.164725816e-02 +7.734164726e+01 +7.734164726e+01 +8.5802e-01 -7.0775e-01
302 0 +9.622892061e-03 +7.731962289e+01 +7.731962289e+01 +9.0686e-01 -5.7123e-01
331 0 +6.756906104e-03 +7.731675691e+01 +7.731675691e+01 +8.8817e-01 -6.1275e-01
381 0 +3.407150024e-03 +7.731340715e+01 +7.731340715e+01 +8.9084e-01 -6.2523e-01
388 0 +1.225995628e-03 +7.731122600e+01 +7.731122600e+01 +8.9405e-01 -6.0657e-01
400 0 +1.097456247e-03 +7.731109746e+01 +7.731109746e+01 +8.9993e-01 -5.4131e-01
438 0 +5.161171882e-04 +7.731051612e+01 +7.731051612e+01 +8.9274e-01 -6.6150e-01
539 0 +3.510236284e-04 +7.731035102e+01 +7.731035102e+01 +8.9149e-01 -6.7092e-01
573 0 +2.801534635e-04 +7.731028015e+01 +7.731028015e+01 +8.9167e-01 -6.7293e-01
607 0 +1.155781513e-04 +7.731011558e+01 +7.731011558e+01 +8.9415e-01 -6.2496e-01
667 0 +1.088435247e-04 +7.731010884e+01 +7.731010884e+01 +8.9774e-01 -5.6310e-01
683 0 +7.511243751e-05 +7.731007511e+01 +7.731007511e+01 +8.9712e-01 -5.7218e-01
688 0 +2.548882510e-05 +7.731002549e+01 +7.731002549e+01 +8.9553e-01 -6.0242e-01
689 0 +1.943085907e-05 +7.731001943e+01 +7.731001943e+01 +8.9624e-01 -5.8876e-01
935 0 +3.473378044e-06 +7.731000347e+01 +7.731000347e+01 +8.9574e-01 -5.9822e-01
1765 0 +1.993138525e-06 +7.731000199e+01 +7.731000199e+01 +8.9589e-01 -5.9545e-01
2006 0 +1.009276758e-06 +7.731000101e+01 +7.731000101e+01 +8.9575e-01 -5.9805e-01
2241 0 +7.718044515e-07 +7.731000077e+01 +7.731000077e+01 +8.9552e-01 -6.0212e-01
2374 0 +3.888050486e-07 +7.731000039e+01 +7.731000039e+01 +8.9555e-01 -6.0172e-01
2588 0 +3.144918708e-07 +7.731000031e+01 +7.731000031e+01 +8.9553e-01 -6.0205e-01
2607 0 +3.090137710e-07 +7.731000031e+01 +7.731000031e+01 +8.9550e-01 -6.0258e-01
2841 0 +2.962550809e-07 +7.731000030e+01 +7.731000030e+01 +8.9549e-01 -6.0281e-01
2842 0 +1.626134889e-07 +7.731000016e+01 +7.731000016e+01 +8.9550e-01 -6.0255e-01
3143 0 +1.552048019e-07 +7.731000016e+01 +7.731000016e+01 +8.9549e-01 -6.0270e-01
3163 0 +1.532210234e-07 +7.731000015e+01 +7.731000015e+01 +8.9549e-01 -6.0269e-01
4183 0 +1.532210234e-07 +7.731000015e+01 +7.731000015e+01 +8.9549e-01 -6.0269e-01
% f evaluations | g evaluations | best noise-free fitness - Fopt (3.992000000000e+01) + sum g_i+ | measured fitness | best measured fitness or single-digit g-values | x1 | x2...
1 0 +9.795359042e+00 +4.971535904e+01 +4.971535904e+01 +0.0000e+00 +0.0000e+00
4 0 +4.580572045e+00 +4.450057205e+01 +4.450057205e+01 +1.1340e+00 -2.2802e-01
6 0 +3.449040442e+00 +4.336904044e+01 +4.336904044e+01 +5.0219e-01 -1.5381e+00
9 0 +1.361465244e+00 +4.128146524e+01 +4.128146524e+01 +2.6845e+00 -1.5986e+00
15 0 +8.225734144e-01 +4.074257341e+01 +4.074257341e+01 +3.4834e+00 -1.9880e+00
33 0 +8.060689196e-01 +4.072606892e+01 +4.072606892e+01 +3.0446e+00 -7.6786e-01
38 0 +7.106569027e-01 +4.063065690e+01 +4.063065690e+01 +4.5683e+00 -6.4018e-01
61 0 +3.349630110e-01 +4.025496301e+01 +4.025496301e+01 +4.0442e+00 -4.2831e-01
64 0 +3.986839639e-02 +3.995986840e+01 +3.995986840e+01 +4.0136e+00 -1.3829e+00
93 0 +3.025950134e-02 +3.995025950e+01 +3.995025950e+01 +3.8552e+00 -8.0563e-01
204 0 +2.015160441e-02 +3.994015160e+01 +3.994015160e+01 +3.9073e+00 -8.5164e-01
223 0 +5.649603507e-03 +3.992564960e+01 +3.992564960e+01 +3.9383e+00 -1.0050e+00
281 0 +2.296668338e-04 +3.992022967e+01 +3.992022967e+01 +3.9532e+00 -1.0787e+00
950 0 +1.274190940e-05 +3.992001274e+01 +3.992001274e+01 +3.9441e+00 -1.0471e+00
6181 0 +1.274190940e-05 +3.992001274e+01 +3.992001274e+01 +3.9441e+00 -1.0471e+00
% f evaluations | g evaluations | best noise-free fitness - Fopt (-5.661000000000e+01) + sum g_i+ | measured fitness | best measured fitness or single-digit g-values | x1 | x2...
1 0 +2.106482508e+01 -3.554517492e+01 -3.554517492e+01 +0.0000e+00 +0.0000e+00
17 0 +6.348453390e+00 -5.026154661e+01 -5.026154661e+01 +1.7844e+00 -1.8955e+00
18 0 +5.795168590e-01 -5.603048314e+01 -5.603048314e+01 +1.2441e+00 +2.4642e+00
52 0 +3.594351200e-01 -5.625056488e+01 -5.625056488e+01 +1.8195e+00 +2.5017e+00
80 0 +3.475315876e-01 -5.626246841e+01 -5.626246841e+01 +2.2926e+00 +2.6676e+00
84 0 +2.061781624e-01 -5.640382184e+01 -5.640382184e+01 +2.3537e+00 +2.8412e+00
93 0 +1.268863150e-01 -5.648311368e+01 -5.648311368e+01 +1.9753e+00 +3.0631e+00
164 0 +8.820359498e-02 -5.652179641e+01 -5.652179641e+01 +1.6461e+00 +2.7409e+00
179 0 +8.616172366e-02 -5.652383828e+01 -5.652383828e+01 +2.0646e+00 +2.8681e+00
180 0 +1.023172776e-02 -5.659976827e+01 -5.659976827e+01 +1.7438e+00 +2.8550e+00
253 0 +5.663255471e-03 -5.660433674e+01 -5.660433674e+01 +1.8121e+00 +2.8818e+00
355 0 +2.856216802e-03 -5.660714378e+01 -5.660714378e+01 +2.0751e+00 +2.9602e+00
405 0 +1.926950985e-03 -5.660807305e+01 -5.660807305e+01 +1.8554e+00 +2.8925e+00
483 0 +1.249233676e-03 -5.660875077e+01 -5.660875077e+01 +1.8486e+00 +2.8889e+00
580 0 +4.273755494e-05 -5.660995726e+01 -5.660995726e+01 +1.9737e+00 +2.9291e+00
15619 0 +4.273755494e-05 -5.660995726e+01 -5.660995726e+01 +1.9737e+00 +2.9291e+00
% f evaluations | g evaluations | best noise-free fitness - Fopt (3.270000000000e+01) + sum g_i+ | measured fitness | best measured fitness or single-digit g-values | x1 | x2...
1 0 +2.865871095e+00 +3.556587110e+01 +3.556587110e+01 +0.0000e+00 +0.0000e+00
6 0 +8.101036597e-01 +3.351010366e+01 +3.351010366e+01 -2.0242e+00 -2.5190e+00
39 0 +1.182793912e-01 +3.281827939e+01 +3.281827939e+01 -2.5127e+00 -1.3790e+00
120 0 +1.057537265e-01 +3.280575373e+01 +3.280575373e+01 -2.5024e+00 -1.3970e+00
135 0 +1.038505924e-02 +3.271038506e+01 +3.271038506e+01 -2.1639e+00 -1.5482e+00
212 0 +1.009257829e-02 +3.271009258e+01 +3.271009258e+01 -1.8815e+00 -1.6922e+00
248 0 +9.784734671e-03 +3.270978473e+01 +3.270978473e+01 -2.0694e+00 -1.5939e+00
260 0 +9.616015438e-04 +3.270096160e+01 +3.270096160e+01 -2.0882e+00 -1.5947e+00
269 0 +3.493420025e-04 +3.270034934e+01 +3.270034934e+01 -2.1337e+00 -1.5738e+00
469 0 +1.101859611e-04 +3.270011019e+01 +3.270011019e+01 -2.0684e+00 -1.6054e+00
1944 0 +4.481123572e-05 +3.270004481e+01 +3.270004481e+01 -2.0482e+00 -1.6149e+00
2090 0 +1.591260570e-05 +3.270001591e+01 +3.270001591e+01 -2.0617e+00 -1.6084e+00
2270 0 +6.127567453e-06 +3.270000613e+01 +3.270000613e+01 -2.0595e+00 -1.6095e+00
2572 0 +2.929894201e-06 +3.270000293e+01 +3.270000293e+01 -2.0695e+00 -1.6047e+00
2673 0 +9.232904290e-07 +3.270000092e+01 +3.270000092e+01 -2.0681e+00 -1.6054e+00
2967 0 +1.059969037e-07 +3.270000011e+01 +3.270000011e+01 -2.0802e+00 -1.5996e+00
3421 0 +1.353564727e-08 +3.270000001e+01 +3.270000001e+01 -2.0779e+00 -1.6007e+00
4312 0 +1.233038915e-08 +3.270000001e+01 +3.270000001e+01 -2.0780e+00 -1.6006e+00
4885 0 +1.233038915e-08 +3.270000001e+01 +3.270000001e+01 -2.0780e+00 -1.6006e+00
% f evaluations | g evaluations | best noise-free fitness - Fopt (-3.943000000000e+01) + sum g_i+ | measured fitness | best measured fitness or single-digit g-values | x1 | x2...
1 0 +5.834022758e+01 +1.891022758e+01 +1.891022758e+01 +0.0000e+00 +0.0000e+00
4 0 +3.082875599e+01 -8.601244007e+00 -8.601244007e+00 +8.4968e-01 -2.6541e+00
6 0 +8.561109590e-01 -3.857388904e+01 -3.857388904e+01 +4.0936e+00 +4.2448e+00
36 0 +9.169007617e-02 -3.933830992e+01 -3.933830992e+01 +4.2046e+00 +3.4265e+00
115 0 +1.657560073e-02 -3.941342440e+01 -3.941342440e+01 +3.7683e+00 +3.3619e+00
271 0 +4.077806149e-03 -3.942592219e+01 -3.942592219e+01 +3.6316e+00 +3.3772e+00
288 0 +1.959083983e-03 -3.942804092e+01 -3.942804092e+01 +3.8813e+00 +3.3811e+00
377 0 +2.814050103e-04 -3.942971859e+01 -3.942971859e+01 +3.8077e+00 +3.3795e+00
487 0 +6.643222775e-06 -3.942999336e+01 -3.942999336e+01 +3.7765e+00 +3.3788e+00
1161 0 +5.736451719e-06 -3.942999426e+01 -3.942999426e+01 +3.7756e+00 +3.3787e+00
1284 0 +3.866014431e-06 -3.942999613e+01 -3.942999613e+01 +3.7577e+00 +3.3781e+00
1289 0 +3.581104522e-06 -3.942999642e+01 -3.942999642e+01 +3.7623e+00 +3.3783e+00
1295 0 +1.958198631e-06 -3.942999804e+01 -3.942999804e+01 +3.7553e+00 +3.3781e+00
1338 0 +1.884742581e-06 -3.942999812e+01 -3.942999812e+01 +3.7611e+00 +3.3782e+00
1377 0 +1.829777077e-06 -3.942999817e+01 -3.942999817e+01 +3.7658e+00 +3.3784e+00
1433 0 +3.683818619e-07 -3.942999963e+01 -3.942999963e+01 +3.7612e+00 +3.3783e+00
5183 0 +3.683818619e-07 -3.942999963e+01 -3.942999963e+01 +3.7612e+00 +3.3783e+00
% f evaluations | g evaluations | best noise-free fitness - Fopt (4.197200000000e+02) + sum g_i+ | measured fitness | best measured fitness or single-digit g-values | x1 | x2...
1 0 +1.799936567e+01 +4.377193657e+02 +4.377193657e+02 +0.0000e+00 +0.0000e+00
5 0 +8.584258803e+00 +4.283042588e+02 +4.283042588e+02 +3.9591e+00 +4.1283e+00
6 0 +8.500616730e-01 +4.205700617e+02 +4.205700617e+02 -2.8895e-01 +3.2983e+00
57 0 +4.873604977e-01 +4.202073605e+02 +4.202073605e+02 -1.6583e+00 +2.7300e+00
110 0 +1.602551141e-01 +4.198802551e+02 +4.198802551e+02 -1.2460e+00 +3.2237e+00
158 0 +1.088716001e-01 +4.198288716e+02 +4.198288716e+02 -1.2502e+00 +2.2976e+00
211 0 +5.421331648e-02 +4.197742133e+02 +4.197742133e+02 -1.1221e+00 +2.6513e+00
292 0 +4.313747984e-02 +4.197631375e+02 +4.197631375e+02 -1.0976e+00 +3.0117e+00
293 0 +3.929083661e-02 +4.197592908e+02 +4.197592908e+02 -1.1539e+00 +3.0766e+00
294 0 +1.203342020e-02 +4.197320334e+02 +4.197320334e+02 -1.1607e+00 +2.9057e+00
322 0 +1.575365721e-03 +4.197215754e+02 +4.197215754e+02 -1.1608e+00 +2.8116e+00
436 0 +1.351845328e-03 +4.197213518e+02 +4.197213518e+02 -1.1575e+00 +2.8149e+00
437 0 +1.204258185e-03 +4.197212043e+02 +4.197212043e+02 -1.1601e+00 +2.8140e+00
464 0 +1.044891181e-03 +4.197210449e+02 +4.197210449e+02 -1.1681e+00 +2.7393e+00
484 0 +4.149996533e-04 +4.197204150e+02 +4.197204150e+02 -1.1718e+00 +2.6992e+00
533 0 +4.064290732e-04 +4.197204064e+02 +4.197204064e+02 -1.1650e+00 +2.7615e+00
601 0 +1.054896666e-05 +4.197200105e+02 +4.197200105e+02 -1.1658e+00 +2.7503e+00
919 0 +4.870208841e-06 +4.197200049e+02 +4.197200049e+02 -1.1643e+00 +2.7641e+00
18289 0 +4.870208841e-06 +4.197200049e+02 +4.197200049e+02 -1.1643e+00 +2.7641e+00
% f evaluations | g evaluations | best noise-free fitness - Fopt (7.640000000000e+00) + sum g_i+ | measured fitness | best measured fitness or single-digit g-values | x1 | x2...
1 0 +1.676394358e+01 +2.440394358e+01 +2.440394358e+01 +0.0000e+00 +0.0000e+00
2 0 +5.818323430e+00 +1.345832343e+01 +1.345832343e+01 +2.8176e+00 -3.0997e+00
4 0 +3.844744107e+00 +1.148474411e+01 +1.148474411e+01 +4.1427e+00 -1.2370e-01
11 0 +2.456232329e+00 +1.009623233e+01 +1.009623233e+01 +3.0048e+00 +2.1453e-01
14 0 +2.009776086e+00 +9.649776086e+00 +9.649776086e+00 +3.9637e+00 +6.8836e-01
33 0 +1.150923602e+00 +8.790923602e+00 +8.790923602e+00 +3.4595e+00 +1.4396e+00
37 0 +8.284233496e-01 +8.468423350e+00 +8.468423350e+00 +4.3983e+00 +2.2873e+00
64 0 +7.672526753e-01 +8.407252675e+00 +8.407252675e+00 +3.7230e+00 +1.7635e+00
69 0 +2.664038747e-01 +7.906403875e+00 +7.906403875e+00 +3.2813e+00 +2.4270e+00
77 0 +2.234183246e-01 +7.863418325e+00 +7.863418325e+00 +4.0309e+00 +2.6716e+00
105 0 +1.389467752e-02 +7.653894678e+00 +7.653894678e+00 +3.5991e+00 +2.6185e+00
227 0 +5.037562169e-03 +7.645037562e+00 +7.645037562e+00 +3.6821e+00 +2.5753e+00
285 0 +4.337424035e-03 +7.644337424e+00 +7.644337424e+00 +3.3760e+00 +2.6787e+00
351 0 +1.085036001e-03 +7.641085036e+00 +7.641085036e+00 +3.4759e+00 +2.6450e+00
521 0 +7.860568282e-04 +7.640786057e+00 +7.640786057e+00 +3.5920e+00 +2.6055e+00
527 0 +4.559716270e-04 +7.640455972e+00 +7.640455972e+00 +3.5710e+00 +2.6126e+00
794 0 +3.746836255e-04 +7.640374684e+00 +7.640374684e+00 +3.5103e+00 +2.6323e+00
996 0 +2.633308435e-04 +7.640263331e+00 +7.640263331e+00 +3.5554e+00 +2.6184e+00
1174 0 +2.245228483e-04 +7.640224523e+00 +7.640224523e+00 +3.5282e+00 +2.6267e+00
1345 0 +6.035699827e-05 +7.640060357e+00 +7.640060357e+00 +3.5560e+00 +2.6179e+00
1521 0 +2.695665306e-06 +7.640002696e+00 +7.640002696e+00 +3.5201e+00 +2.6296e+00
4501 0 +2.695665306e-06 +7.640002696e+00 +7.640002696e+00 +3.5201e+00 +2.6296e+00
% f evaluations | g evaluations | best noise-free fitness - Fopt (-1.276800000000e+02) + sum g_i+ | measured fitness | best measured fitness or single-digit g-values | x1 | x2...
1 0 +4.381888344e+00 -1.232981117e+02 -1.232981117e+02 +0.0000e+00 +0.0000e+00
3 0 +3.580443625e-01 -1.273219556e+02 -1.273219556e+02 +1.8724e+00 +3.5722e+00
61 0 +3.277700601e-01 -1.273522299e+02 -1.273522299e+02 +1.6119e+00 +4.0246e+00
62 0 +3.111060032e-01 -1.273688940e+02 -1.273688940e+02 +1.7057e+00 +3.7140e+00
91 0 +1.385452586e-01 -1.275414547e+02 -1.275414547e+02 +2.7306e+00 +3.7045e+00
119 0 +5.302409683e-02 -1.276269759e+02 -1.276269759e+02 +1.9837e+00 +3.8610e+00
133 0 +1.305043933e-02 -1.276669496e+02 -1.276669496e+02 +2.1235e+00 +3.8414e+00
250 0 +2.585789274e-03 -1.276774142e+02 -1.276774142e+02 +2.2435e+00 +3.8082e+00
306 0 +2.392020734e-03 -1.276776080e+02 -1.276776080e+02 +2.3575e+00 +3.7559e+00
316 0 +1.529692444e-03 -1.276784703e+02 -1.276784703e+02 +2.2225e+00 +3.8158e+00
397 0 +7.261699248e-04 -1.276792738e+02 -1.276792738e+02 +2.1840e+00 +3.8305e+00
629 0 +2.475959059e-04 -1.276797524e+02 -1.276797524e+02 +2.2128e+00 +3.8179e+00
1266 0 +3.270939438e-05 -1.276799673e+02 -1.276799673e+02 +2.2917e+00 +3.7855e+00
5089 0 +3.270939438e-05 -1.276799673e+02 -1.276799673e+02 +2.2917e+00 +3.7855e+00
% f evaluations | g evaluations | best noise-free fitness - Fopt (-3.650000000000e+01) + sum g_i+ | measured fitness | best measured fitness or single-digit g-values | x1 | x2...
1 0 +8.948084713e+00 -2.755191529e+01 -2.755191529e+01 +0.0000e+00 +0.0000e+00
2 0 +3.572605663e+00 -3.292739434e+01 -3.292739434e+01 -2.9048e-01 +1.9413e+00
12 0 +2.903240255e+00 -3.359675974e+01 -3.359675974e+01 -1.1869e-01 +2.3251e+00
39 0 +2.864923192e+00 -3.363507681e+01 -3.363507681e+01 -1.0271e-01 +2.2148e+00
44 0 +2.667008447e+00 -3.383299155e+01 -3.383299155e+01 +6.0098e-03 +2.0631e+00
61 0 +2.531709384e+00 -3.396829062e+01 -3.396829062e+01 +1.8132e-01 +2.2664e+00
71 0 +2.394145052e+00 -3.410585495e+01 -3.410585495e+01 +1.5733e-01 +1.8565e+00
74 0 +2.326415039e+00 -3.417358496e+01 -3.417358496e+01 +2.2705e-01 +1.9763e+00
84 0 +2.047688428e+00 -3.445231157e+01 -3.445231157e+01 +3.5399e-01 +1.4790e+00
86 0 +2.011550893e+00 -3.448844911e+01 -3.448844911e+01 +6.7516e-01 +2.0063e+00
92 0 +1.589345662e+00 -3.491065434e+01 -3.491065434e+01 +6.5107e-01 +1.3971e+00
102 0 +1.557493960e+00 -3.494250604e+01 -3.494250604e+01 +7.1540e-01 +1.4509e+00
117 0 +1.497414543e+00 -3.500258546e+01 -3.500258546e+01 +6.8264e-01 +1.2584e+00
125 0 +1.403070457e+00 -3.509692954e+01 -3.509692954e+01 +8.6823e-01 +1.3945e+00
131 0 +1.368347384e+00 -3.513165262e+01 -3.513165262e+01 +7.8915e-01 +7.4060e-01
134 0 +1.159921876e+00 -3.534007812e+01 -3.534007812e+01 +9.0098e-01 +1.0486e+00
135 0 +7.781918655e-01 -3.572180813e+01 -3.572180813e+01 +1.3434e+00 +9.6694e-01
141 0 +7.445784482e-01 -3.575542155e+01 -3.575542155e+01 +1.3496e+00 +9.3082e-01
148 0 +4.859421555e-01 -3.601405784e+01 -3.601405784e+01 +1.3832e+00 +6.1914e-01
152 0 +4.186425667e-01 -3.608135743e+01 -3.608135743e+01 +1.5709e+00 +6.8340e-01
160 0 +2.331168478e-01 -3.626688315e+01 -3.626688315e+01 +1.6149e+00 +4.8302e-01
172 0 +1.636038689e-01 -3.633639613e+01 -3.633639613e+01 +1.9827e+00 +2.5062e-01
177 0 +1.198643284e-01 -3.638013567e+01 -3.638013567e+01 +1.8519e+00 +2.3523e-01
186 0 +3.434396981e-02 -3.646565603e+01 -3.646565603e+01 +1.9642e+00 +4.6662e-01
192 0 +2.636623030e-02 -3.647363377e+01 -3.647363377e+01 +1.8562e+00 +3.8819e-01
266 0 +1.227488477e-02 -3.648772512e+01 -3.648772512e+01 +2.0346e+00 +4.8086e-01
267 0 +5.934345435e-03 -3.649406565e+01 -3.649406565e+01 +1.9488e+00 +4.2291e-01
303 0 +4.910831683e-03 -3.649508917e+01 -3.649508917e+01 +2.1454e+00 +5.2317e-01
413 0 +1.529954481e-03 -3.649847005e+01 -3.649847005e+01 +2.1620e+00 +5.3979e-01
1066 0 +1.493334946e-03 -3.649850667e+01 -3.649850667e+01 +2.1955e+00 +5.5643e-01
1068 0 +1.454956059e-03 -3.649854504e+01 -3.649854504e+01 +2.1953e+00 +5.5646e-01
1072 0 +1.378350125e-03 -3.649862165e+01 -3.649862165e+01 +2.1939e+00 +5.5584e-01
1073 0 +1.323475054e-03 -3.649867652e+01 -3.649867652e+01 +2.1926e+00 +5.5523e-01
1090 0 +1.238395822e-03 -3.649876160e+01 -3.649876160e+01 +2.1892e+00 +5.5291e-01
1159 0 +1.108317462e-03 -3.649889168e+01 -3.649889168e+01 +2.1871e+00 +5.5214e-01
1222 0 +1.033762846e-03 -3.649896624e+01 -3.649896624e+01 +2.1848e+00 +5.5072e-01
1325 0 +1.004572399e-03 -3.649899543e+01 -3.649899543e+01 +2.1839e+00 +5.5050e-01
1353 0 +9.829633556e-04 -3.649901704e+01 -3.649901704e+01 +2.1835e+00 +5.5007e-01
2068 0 +9.702551540e-04 -3.649902974e+01 -3.649902974e+01 +2.1831e+00 +5.4998e-01
2107 0 +9.546407749e-04 -3.649904536e+01 -3.649904536e+01 +2.1825e+00 +5.4971e-01
2135 0 +9.153255024e-04 -3.649908467e+01 -3.649908467e+01 +2.1814e+00 +5.4905e-01
2161 0 +9.047764440e-04 -3.649909522e+01 -3.649909522e+01 +2.1812e+00 +5.4880e-01
2180 0 +8.828003800e-04 -3.649911720e+01 -3.649911720e+01 +2.1804e+00 +5.4832e-01
2207 0 +8.707243263e-04 -3.649912928e+01 -3.649912928e+01 +2.1801e+00 +5.4823e-01
2282 0 +8.481079728e-04 -3.649915189e+01 -3.649915189e+01 +2.1793e+00 +5.4767e-01
2288 0 +8.297751273e-04 -3.649917022e+01 -3.649917022e+01 +2.1787e+00 +5.4738e-01
2324 0 +8.052768367e-04 -3.649919472e+01 -3.649919472e+01 +2.1780e+00 +5.4703e-01
2378 0 +7.901093941e-04 -3.649920989e+01 -3.649920989e+01 +2.1773e+00 +5.4676e-01
2391 0 +7.732324641e-04 -3.649922677e+01 -3.649922677e+01 +2.1768e+00 +5.4645e-01
2487 0 +7.532729028e-04 -3.649924673e+01 -3.649924673e+01 +2.1761e+00 +5.4607e-01
2522 0 +7.403362717e-04 -3.649925966e+01 -3.649925966e+01 +2.1756e+00 +5.4579e-01
2532 0 +7.235194149e-04 -3.649927648e+01 -3.649927648e+01 +2.1751e+00 +5.4543e-01
2666 0 +7.075688664e-04 -3.649929243e+01 -3.649929243e+01 +2.1745e+00 +5.4515e-01
2782 0 +6.899935700e-04 -3.649931001e+01 -3.649931001e+01 +2.1738e+00 +5.4478e-01
2874 0 +6.748270944e-04 -3.649932517e+01 -3.649932517e+01 +2.1733e+00 +5.4446e-01
2985 0 +6.605264317e-04 -3.649933947e+01 -3.649933947e+01 +2.1728e+00 +5.4416e-01
3171 0 +6.452947295e-04 -3.649935471e+01 -3.649935471e+01 +2.1722e+00 +5.4383e-01
3462 0 +6.295373163e-04 -3.649937046e+01 -3.649937046e+01 +2.1716e+00 +5.4345e-01
3554 0 +6.164521412e-04 -3.649938355e+01 -3.649938355e+01 +2.1710e+00 +5.4319e-01
3667 0 +6.005868635e-04 -3.649939941e+01 -3.649939941e+01 +2.1704e+00 +5.4283e-01
3877 0 +5.885409988e-04 -3.649941146e+01 -3.649941146e+01 +2.1699e+00 +5.4254e-01
4008 0 +5.745815733e-04 -3.649942542e+01 -3.649942542e+01 +2.1693e+00 +5.4222e-01
4108 0 +5.616860026e-04 -3.649943831e+01 -3.649943831e+01 +2.1688e+00 +5.4188e-01
4290 0 +5.493184097e-04 -3.649945068e+01 -3.649945068e+01 +2.1682e+00 +5.4162e-01
4402 0 +5.357992279e-04 -3.649946420e+01 -3.649946420e+01 +2.1677e+00 +5.4129e-01
4529 0 +5.245646484e-04 -3.649947544e+01 -3.649947544e+01 +2.1672e+00 +5.4101e-01
4703 0 +5.121152945e-04 -3.649948788e+01 -3.649948788e+01 +2.1666e+00 +5.4069e-01
4805 0 +5.004844064e-04 -3.649949952e+01 -3.649949952e+01 +2.1661e+00 +5.4038e-01
4917 0 +4.890163541e-04 -3.649951098e+01 -3.649951098e+01 +2.1655e+00 +5.4010e-01
5136 0 +4.777436499e-04 -3.649952226e+01 -3.649952226e+01 +2.1649e+00 +5.3979e-01
5187 0 +4.665988661e-04 -3.649953340e+01 -3.649953340e+01 +2.1644e+00 +5.3949e-01
5316 0 +4.565402126e-04 -3.649954346e+01 -3.649954346e+01 +2.1640e+00 +5.3922e-01
5429 0 +4.460070837e-04 -3.649955399e+01 -3.649955399e+01 +2.1634e+00 +5.3893e-01
5599 0 +4.363546027e-04 -3.649956365e+01 -3.649956365e+01 +2.1630e+00 +5.3865e-01
5745 0 +4.264634520e-04 -3.649957354e+01 -3.649957354e+01 +2.1625e+00 +5.3838e-01
5868 0 +4.165977457e-04 -3.649958340e+01 -3.649958340e+01 +2.1620e+00 +5.3809e-01
6001 0 +4.065951900e-04 -3.649959340e+01 -3.649959340e+01 +2.1614e+00 +5.3780e-01
6144 0 +3.967257367e-04 -3.649960327e+01 -3.649960327e+01 +2.1609e+00 +5.3748e-01
6226 0 +3.866792968e-04 -3.649961332e+01 -3.649961332e+01 +2.1604e+00 +5.3720e-01
6467 0 +3.796386178e-04 -3.649962036e+01 -3.649962036e+01 +2.1600e+00 +5.3698e-01
6621 0 +3.711373811e-04 -3.649962886e+01 -3.649962886e+01 +2.1595e+00 +5.3671e-01
6914 0 +3.624485327e-04 -3.649963755e+01 -3.649963755e+01 +2.1590e+00 +5.3643e-01
7137 0 +3.547881668e-04 -3.649964521e+01 -3.649964521e+01 +2.1586e+00 +5.3618e-01
7300 0 +3.459064001e-04 -3.649965409e+01 -3.649965409e+01 +2.1580e+00 +5.3590e-01
7415 0 +3.384818171e-04 -3.649966152e+01 -3.649966152e+01 +2.1576e+00 +5.3565e-01
7498 0 +3.306419917e-04 -3.649966936e+01 -3.649966936e+01 +2.1568e+00 +5.3527e-01
7691 0 +3.233828058e-04 -3.649967662e+01 -3.649967662e+01 +2.1567e+00 +5.3513e-01
8208 0 +3.158519890e-04 -3.649968415e+01 -3.649968415e+01 +2.1562e+00 +5.3488e-01
8407 0 +3.086053641e-04 -3.649969139e+01 -3.649969139e+01 +2.1557e+00 +5.3461e-01
8623 0 +3.013803103e-04 -3.649969862e+01 -3.649969862e+01 +2.1553e+00 +5.3435e-01
8742 0 +2.942161496e-04 -3.649970578e+01 -3.649970578e+01 +2.1548e+00 +5.3403e-01
8823 0 +2.884027371e-04 -3.649971160e+01 -3.649971160e+01 +2.1544e+00 +5.3387e-01
9006 0 +2.804459428e-04 -3.649971955e+01 -3.649971955e+01 +2.1539e+00 +5.3358e-01
9399 0 +2.754147280e-04 -3.649972459e+01 -3.649972459e+01 +2.1536e+00 +5.3339e-01
9890 0 +2.691504263e-04 -3.649973085e+01 -3.649973085e+01 +2.1531e+00 +5.3315e-01
10547 0 +2.630155851e-04 -3.649973698e+01 -3.649973698e+01 +2.1527e+00 +5.3290e-01
10822 0 +2.568911386e-04 -3.649974311e+01 -3.649974311e+01 +2.1523e+00 +5.3266e-01
11024 0 +2.510731350e-04 -3.649974893e+01 -3.649974893e+01 +2.1518e+00 +5.3242e-01
11390 0 +2.453757341e-04 -3.649975462e+01 -3.649975462e+01 +2.1514e+00 +5.3218e-01
11737 0 +2.398740182e-04 -3.649976013e+01 -3.649976013e+01 +2.1510e+00 +5.3195e-01
12297 0 +2.341717144e-04 -3.649976583e+01 -3.649976583e+01 +2.1506e+00 +5.3171e-01
12969 0 +2.290483319e-04 -3.649977095e+01 -3.649977095e+01 +2.1502e+00 +5.3149e-01
13589 0 +2.238421131e-04 -3.649977616e+01 -3.649977616e+01 +2.1498e+00 +5.3126e-01
13943 0 +2.187047601e-04 -3.649978130e+01 -3.649978130e+01 +2.1494e+00 +5.3104e-01
14593 0 +2.137885587e-04 -3.649978621e+01 -3.649978621e+01 +2.1490e+00 +5.3081e-01
14822 0 +2.089288966e-04 -3.649979107e+01 -3.649979107e+01 +2.1486e+00 +5.3058e-01
15103 0 +2.034439775e-04 -3.649979656e+01 -3.649979656e+01 +2.1481e+00 +5.3033e-01
15589 0 +1.993160721e-04 -3.649980068e+01 -3.649980068e+01 +2.1478e+00 +5.3014e-01
16333 0 +1.949706357e-04 -3.649980503e+01 -3.649980503e+01 +2.1474e+00 +5.2993e-01
17618 0 +1.905258870e-04 -3.649980947e+01 -3.649980947e+01 +2.1470e+00 +5.2971e-01
18017 0 +1.859798270e-04 -3.649981402e+01 -3.649981402e+01 +2.1466e+00 +5.2948e-01
18840 0 +1.819623208e-04 -3.649981804e+01 -3.649981804e+01 +2.1462e+00 +5.2929e-01
20003 0 +1.785326945e-04 -3.649982147e+01 -3.649982147e+01 +2.1459e+00 +5.2911e-01
% f evaluations | g evaluations | best noise-free fitness - Fopt (1.728700000000e+02) + sum g_i+ | measured fitness | best measured fitness or single-digit g-values | x1 | x2...
1 0 +2.515275279e+01 +1.980227528e+02 +1.980227528e+02 +0.0000e+00 +0.0000e+00
3 0 +1.700027398e+00 +1.745700274e+02 +1.745700274e+02 +3.9520e+00 -2.3519e+00
11 0 +7.384441163e-01 +1.736084441e+02 +1.736084441e+02 +2.7487e+00 -1.5663e+00
16 0 +8.852891283e-02 +1.729585289e+02 +1.729585289e+02 +3.3446e+00 -8.4774e-01
49 0 +5.150424340e-02 +1.729215042e+02 +1.729215042e+02 +2.8307e+00 -7.6563e-01
179 0 +3.762184883e-02 +1.729076218e+02 +1.729076218e+02 +2.7569e+00 -8.5615e-01
274 0 +3.114130565e-02 +1.729011413e+02 +1.729011413e+02 +2.7263e+00 -8.1210e-01
283 0 +1.950986523e-02 +1.728895099e+02 +1.728895099e+02 +3.0596e+00 -7.7377e-01
286 0 +1.197440460e-02 +1.728819744e+02 +1.728819744e+02 +3.2501e+00 -7.7778e-01
306 0 +1.321627997e-03 +1.728713216e+02 +1.728713216e+02 +3.0470e+00 -7.9602e-01
542 0 +8.158045350e-04 +1.728708158e+02 +1.728708158e+02 +3.1189e+00 -7.8715e-01
589 0 +4.717357896e-04 +1.728704717e+02 +1.728704717e+02 +3.1029e+00 -7.8881e-01
616 0 +3.779609946e-05 +1.728700378e+02 +1.728700378e+02 +3.0597e+00 -7.9337e-01
783 0 +3.443637439e-05 +1.728700344e+02 +1.728700344e+02 +3.0463e+00 -7.9479e-01
1343 0 +1.397584597e-05 +1.728700140e+02 +1.728700140e+02 +3.0276e+00 -7.9667e-01
1378 0 +6.619472799e-06 +1.728700066e+02 +1.728700066e+02 +3.0250e+00 -7.9694e-01
1512 0 +1.692464025e-06 +1.728700017e+02 +1.728700017e+02 +3.0246e+00 -7.9699e-01
1940 0 +1.385277130e-06 +1.728700014e+02 +1.728700014e+02 +3.0374e+00 -7.9567e-01
2053 0 +1.340486392e-06 +1.728700013e+02 +1.728700013e+02 +3.0374e+00 -7.9567e-01
4309 0 +1.340486392e-06 +1.728700013e+02 +1.728700013e+02 +3.0374e+00 -7.9567e-01
% f evaluations | g evaluations | best noise-free fitness - Fopt (1.577200000000e+02) + sum g_i+ | measured fitness | best measured fitness or single-digit g-values | x1 | x2...
1 0 +1.029104317e+01 +1.680110432e+02 +1.680110432e+02 +0.0000e+00 +0.0000e+00
6 0 +4.216962489e+00 +1.619369625e+02 +1.619369625e+02 -2.0633e+00 +2.5124e+00
7 0 +3.956975233e+00 +1.616769752e+02 +1.616769752e+02 -5.8028e-01 +1.4354e+00
12 0 +3.056684056e+00 +1.607766841e+02 +1.607766841e+02 -2.4208e+00 +1.4079e+00
28 0 +2.684551205e+00 +1.604045512e+02 +1.604045512e+02 -1.2111e+00 +5.2943e-01
36 0 +2.607278045e+00 +1.603272780e+02 +1.603272780e+02 -1.9322e+00 +7.6812e-01
37 0 +1.142517883e+00 +1.588625179e+02 +1.588625179e+02 -2.1159e+00 -7.2150e-01
40 0 +9.813840436e-01 +1.587013840e+02 +1.587013840e+02 -2.4917e+00 -7.5863e-01
74 0 +2.472211421e-01 +1.579672211e+02 +1.579672211e+02 -2.7063e+00 -1.4614e+00
90 0 +2.427328510e-01 +1.579627329e+02 +1.579627329e+02 -2.7857e+00 -1.9527e+00
104 0 +1.136953167e-01 +1.578336953e+02 +1.578336953e+02 -2.8081e+00 -1.5672e+00
110 0 +3.446488884e-02 +1.577544649e+02 +1.577544649e+02 -2.7002e+00 -1.7614e+00
134 0 +2.257593548e-02 +1.577425759e+02 +1.577425759e+02 -3.0563e+00 -1.6232e+00
176 0 +1.382457844e-02 +1.577338246e+02 +1.577338246e+02 -2.9670e+00 -1.6173e+00
194 0 +8.960141034e-03 +1.577289601e+02 +1.577289601e+02 -2.9043e+00 -1.6444e+00
245 0 +2.229042254e-03 +1.577222290e+02 +1.577222290e+02 -2.8526e+00 -1.6744e+00
323 0 +1.119163452e-03 +1.577211192e+02 +1.577211192e+02 -2.8119e+00 -1.6875e+00
454 0 +7.956958569e-04 +1.577207957e+02 +1.577207957e+02 -2.8971e+00 -1.6573e+00
468 0 +4.958005153e-04 +1.577204958e+02 +1.577204958e+02 -2.9094e+00 -1.6516e+00
502 0 +2.227513174e-04 +1.577202228e+02 +1.577202228e+02 -2.8975e+00 -1.6565e+00
577 0 +1.678927797e-04 +1.577201679e+02 +1.577201679e+02 -2.8305e+00 -1.6796e+00
660 0 +7.195993959e-05 +1.577200720e+02 +1.577200720e+02 -2.8957e+00 -1.6570e+00
1176 0 +5.051897796e-05 +1.577200505e+02 +1.577200505e+02 -2.8315e+00 -1.6794e+00
1191 0 +2.483250898e-05 +1.577200248e+02 +1.577200248e+02 -2.8399e+00 -1.6765e+00
1393 0 +1.459742063e-05 +1.577200146e+02 +1.577200146e+02 -2.8476e+00 -1.6738e+00
1476 0 +1.123631986e-05 +1.577200112e+02 +1.577200112e+02 -2.8484e+00 -1.6735e+00
1484 0 +7.095706167e-06 +1.577200071e+02 +1.577200071e+02 -2.8491e+00 -1.6733e+00
3589 0 +7.095706167e-06 +1.577200071e+02 +1.577200071e+02 -2.8491e+00 -1.6733e+00
% f evaluations | g evaluations | best noise-free fitness - Fopt (2.819000000000e+01) + sum g_i+ | measured fitness | best measured fitness or single-digit g-values | x1 | x2...
1 0 +5.825869750e+00 +3.401586975e+01 +3.401586975e+01 +0.0000e+00 +0.0000e+00
3 0 +2.391997399e+00 +3.058199740e+01 +3.058199740e+01 +2.1392e+00 -3.1010e+00
25 0 +1.937120315e+00 +3.012712031e+01 +3.012712031e+01 +1.6908e+00 +1.2062e+00
28 0 +1.367410819e+00 +2.955741082e+01 +2.955741082e+01 +2.9568e+00 -1.3874e+00
36 0 +6.852806168e-01 +2.887528062e+01 +2.887528062e+01 +1.7603e+00 -4.4070e-02
53 0 +3.827940979e-01 +2.857279410e+01 +2.857279410e+01 +2.2186e+00 -1.0775e+00
66 0 +1.942344483e-01 +2.838423445e+01 +2.838423445e+01 +2.0732e+00 -5.1242e-01
149 0 +1.341406972e-01 +2.832414070e+01 +2.832414070e+01 +2.3224e+00 -6.0629e-01
170 0 +1.023497802e-01 +2.829234978e+01 +2.829234978e+01 +1.5227e+00 -6.5356e-01
220 0 +7.004656159e-02 +2.826004656e+01 +2.826004656e+01 +1.5468e+00 -6.8395e-01
231 0 +3.779719854e-02 +2.822779720e+01 +2.822779720e+01 +1.5208e+00 -7.4727e-01
234 0 +1.850190797e-02 +2.820850191e+01 +2.820850191e+01 +2.0854e+00 -6.9218e-01
266 0 +6.666596105e-03 +2.819666660e+01 +2.819666660e+01 +1.8684e+00 -7.2965e-01
282 0 +5.652358076e-03 +2.819565236e+01 +2.819565236e+01 +1.6780e+00 -7.3726e-01
297 0 +5.005242244e-03 +2.819500524e+01 +2.819500524e+01 +2.0231e+00 -7.0932e-01
331 0 +3.164863201e-03 +2.819316486e+01 +2.819316486e+01 +1.8860e+00 -7.1840e-01
338 0 +2.812987866e-03 +2.819281299e+01 +2.819281299e+01 +1.7372e+00 -7.3556e-01
347 0 +1.483396909e-03 +2.819148340e+01 +2.819148340e+01 +1.7941e+00 -7.2734e-01
428 0 +8.214838818e-04 +2.819082148e+01 +2.819082148e+01 +1.8406e+00 -7.2432e-01
441 0 +6.246138226e-04 +2.819062461e+01 +2.819062461e+01 +1.8539e+00 -7.2347e-01
466 0 +4.283299698e-04 +2.819042833e+01 +2.819042833e+01 +1.9064e+00 -7.1956e-01
496 0 +3.242265753e-04 +2.819032423e+01 +2.819032423e+01 +1.7868e+00 -7.2935e-01
497 0 +3.200781998e-04 +2.819032008e+01 +2.819032008e+01 +1.7894e+00 -7.2932e-01
575 0 +1.223585417e-04 +2.819012236e+01 +2.819012236e+01 +1.8270e+00 -7.2610e-01
592 0 +1.388850822e-05 +2.819001389e+01 +2.819001389e+01 +1.8641e+00 -7.2329e-01
1342 0 +5.660153878e-06 +2.819000566e+01 +2.819000566e+01 +1.8685e+00 -7.2294e-01
5779 0 +5.660153878e-06 +2.819000566e+01 +2.819000566e+01 +1.8685e+00 -7.2294e-01
% f evaluations | g evaluations | best noise-free fitness - Fopt (-9.925000000000e+01) + sum g_i+ | measured fitness | best measured fitness or single-digit g-values | x1 | x2...
1 0 +7.355124039e+01 -2.569875961e+01 -2.569875961e+01 +0.0000e+00 +0.0000e+00
2 0 +1.035767441e+01 -8.889232559e+01 -8.889232559e+01 +2.5270e+00 -5.9414e-01
7 0 +9.062273192e-01 -9.834377268e+01 -9.834377268e+01 +2.0449e+00 -4.6211e+00
39 0 +5.701040458e-01 -9.867989595e+01 -9.867989595e+01 +1.8361e+00 -3.9282e+00
72 0 +1.900384945e-01 -9.905996151e+01 -9.905996151e+01 +2.2745e+00 -3.8705e+00
108 0 +1.017379718e-01 -9.914826203e+01 -9.914826203e+01 +2.3139e+00 -3.7782e+00
142 0 +5.339804840e-02 -9.919660195e+01 -9.919660195e+01 +2.3638e+00 -3.7619e+00
198 0 +3.632998703e-02 -9.921367001e+01 -9.921367001e+01 +2.1098e+00 -3.3070e+00
209 0 +2.381075591e-02 -9.922618924e+01 -9.922618924e+01 +2.4347e+00 -3.7413e+00
287 0 +2.229274989e-02 -9.922770725e+01 -9.922770725e+01 +2.2722e+00 -3.5241e+00
381 0 +1.900009986e-03 -9.924809999e+01 -9.924809999e+01 +2.2163e+00 -3.4858e+00
471 0 +1.565394111e-03 -9.924843461e+01 -9.924843461e+01 +2.1920e+00 -3.4582e+00
487 0 +1.310566528e-03 -9.924868943e+01 -9.924868943e+01 +2.1963e+00 -3.4637e+00
492 0 +7.418791533e-04 -9.924925812e+01 -9.924925812e+01 +2.3060e+00 -3.6046e+00
607 0 +5.381428310e-04 -9.924946186e+01 -9.924946186e+01 +2.2712e+00 -3.5599e+00
658 0 +4.220337461e-04 -9.924957797e+01 -9.924957797e+01 +2.2936e+00 -3.5883e+00
901 0 +2.957792577e-04 -9.924970422e+01 -9.924970422e+01 +2.3013e+00 -3.5978e+00
1034 0 +2.482704732e-04 -9.924975173e+01 -9.924975173e+01 +2.2777e+00 -3.5669e+00
1067 0 +1.428818826e-04 -9.924985712e+01 -9.924985712e+01 +2.2825e+00 -3.5737e+00
1158 0 +6.327066149e-05 -9.924993673e+01 -9.924993673e+01 +2.2741e+00 -3.5629e+00
1582 0 +1.012291879e-05 -9.924998988e+01 -9.924998988e+01 +2.2500e+00 -3.5319e+00
5407 0 +1.012291879e-05 -9.924998988e+01 -9.924998988e+01 +2.2500e+00 -3.5319e+00
