% f evaluations | g evaluations | best noise-free fitness - Fopt (-1.694000000000e+01) + sum g_i+ | measured fitness | best measured fitness or single-digit g-values | x1 | x2...
1 0 +9.470123986e+01 +7.776123986e+01 +7.776123986e+01 +0.0000e+00 +0.0000e+00 +0.0000e+00 +0.0000e+00 +0.0000e+00
6 0 +8.457043866e+01 +6.763043866e+01 +6.763043866e+01 +1.7132e+00 +4.7938e+00 +3.1383e+00 -2.7086e-01 -2.6805e+00
10 0 +5.601406306e+01 +3.907406306e+01 +3.907406306e+01 +5.8876e+00 -4.7031e-02 +3.0105e+00 +1.3786e+00 +3.9070e+00
17 0 +5.208648477e+01 +3.514648477e+01 +3.514648477e+01 +1.8492e+00 +4.3450e+00 +1.9403e+00 -2.2310e+00 -2.7285e+00
35 0 +4.453714216e+01 +2.759714216e+01 +2.759714216e+01 +2.3260e+00 +2.2765e+00 -6.7855e-01 +6.8772e-02 -2.8324e+00
55 0 +3.519742227e+01 +1.825742227e+01 +1.825742227e+01 +3.2366e+00 +3.8609e+00 -2.8265e-01 -2.9604e+00 +2.0854e+00
58 0 +3.212121852e+01 +1.518121852e+01 +1.518121852e+01 +5.4292e+00 +3.2852e+00 -1.2496e-01 -5.0811e+00 +3.0589e-01
74 0 +2.609659233e+01 +9.156592329e+00 +9.156592329e+00 +3.1781e+00 +1.4589e+00 -1.7903e+00 -2.8103e-01 +2.3589e+00
81 0 +1.040496317e+01 -6.535036833e+00 -6.535036833e+00 +2.2996e+00 +2.5206e+00 -2.1053e+00 +1.1411e+00 +5.0264e-01
319 0 +6.452397143e+00 -1.048760286e+01 -1.048760286e+01 +3.2758e+00 +2.1212e+00 -1.1510e+00 +1.4173e+00 +1.4717e+00
330 0 +4.880257992e+00 -1.205974201e+01 -1.205974201e+01 +2.9651e+00 +2.2750e+00 -1.6684e+00 +1.3023e+00 +1.1332e+00
619 0 +4.169605849e+00 -1.277039415e+01 -1.277039415e+01 +2.8909e+00 +2.2454e+00 -2.5877e+00 +1.5630e+00 +1.6101e+00
633 0 +3.613052077e+00 -1.332694792e+01 -1.332694792e+01 +2.9107e+00 +1.0708e+00 -2.1536e+00 +2.4115e+00 +1.1559e+00
663 0 +3.435183605e+00 -1.350481640e+01 -1.350481640e+01 +2.9232e+00 +1.5589e+00 -2.0851e+00 +2.1484e+00 +1.3255e+00
801 0 +2.602647805e+00 -1.433735220e+01 -1.433735220e+01 +3.0435e+00 +2.0916e+00 -1.8144e+00 +1.9775e+00 +1.2596e+00
938 0 +1.865199280e+00 -1.507480072e+01 -1.507480072e+01 +3.1371e+00 +2.0544e+00 -1.9107e+00 +1.7835e+00 +1.5010e+00
978 0 +1.577404791e+00 -1.536259521e+01 -1.536259521e+01 +3.9499e+00 +3.0678e+00 -1.3012e+00 +1.1194e+00 +1.4340e+00
1198 0 +1.091963567e+00 -1.584803643e+01 -1.584803643e+01 +3.8667e+00 +2.5993e+00 -1.4707e+00 +1.4852e+00 +1.5278e+00
1894 0 +9.604317934e-01 -1.597956821e+01 -1.597956821e+01 +3.8259e+00 +3.0285e+00 -1.4540e+00 +1.1644e+00 +1.5793e+00
2035 0 +9.275236175e-01 -1.601247638e+01 -1.601247638e+01 +4.1309e+00 +2.7426e+00 -1.2689e+00 +1.2949e+00 +1.4741e+00
2140 0 +8.438264441e-01 -1.609617356e+01 -1.609617356e+01 +3.6150e+00 +2.6489e+00 -1.4565e+00 +1.4695e+00 +1.5143e+00
2231 0 +7.880077563e-01 -1.615199224e+01 -1.615199224e+01 +3.7280e+00 +2.5048e+00 -1.5581e+00 +1.5444e+00 +1.4623e+00
2242 0 +6.021206853e-01 -1.633787931e+01 -1.633787931e+01 +3.7195e+00 +2.5500e+00 -1.5110e+00 +1.5015e+00 +1.4268e+00
2285 0 +5.529440010e-01 -1.638705600e+01 -1.638705600e+01 +3.8184e+00 +2.5738e+00 -1.4547e+00 +1.3939e+00 +1.4414e+00
2291 0 +4.592250266e-01 -1.648077497e+01 -1.648077497e+01 +3.7394e+00 +2.5458e+00 -1.4873e+00 +1.4098e+00 +1.3991e+00
2301 0 +3.935229527e-01 -1.654647705e+01 -1.654647705e+01 +3.7639e+00 +2.5955e+00 -1.4676e+00 +1.4011e+00 +1.4177e+00
2354 0 +3.116243929e-01 -1.662837561e+01 -1.662837561e+01 +3.6616e+00 +2.5438e+00 -1.5132e+00 +1.4403e+00 +1.3858e+00
2360 0 +2.788048397e-01 -1.666119516e+01 -1.666119516e+01 +3.6692e+00 +2.5802e+00 -1.5292e+00 +1.5198e+00 +1.4296e+00
2412 0 +2.524111378e-01 -1.668758886e+01 -1.668758886e+01 +3.6531e+00 +2.5495e+00 -1.5050e+00 +1.4765e+00 +1.3861e+00
2431 0 +1.379599985e-01 -1.680204000e+01 -1.680204000e+01 +3.6465e+00 +2.5658e+00 -1.5270e+00 +1.4502e+00 +1.3928e+00
2562 0 +1.104236517e-01 -1.682957635e+01 -1.682957635e+01 +3.6792e+00 +2.5743e+00 -1.5355e+00 +1.4414e+00 +1.4265e+00
2646 0 +9.261055774e-02 -1.684738944e+01 -1.684738944e+01 +3.6396e+00 +2.5555e+00 -1.5275e+00 +1.4697e+00 +1.3894e+00
3863 0 +7.659243691e-02 -1.686340756e+01 -1.686340756e+01 +3.6912e+00 +2.5752e+00 -1.5147e+00 +1.4515e+00 +1.4094e+00
4006 0 +5.252833505e-02 -1.688747166e+01 -1.688747166e+01 +3.6662e+00 +2.5602e+00 -1.5283e+00 +1.4610e+00 +1.4055e+00
4178 0 +3.455223327e-02 -1.690544777e+01 -1.690544777e+01 +3.6785e+00 +2.5717e+00 -1.5199e+00 +1.4527e+00 +1.4067e+00
4395 0 +1.252147290e-02 -1.692747853e+01 -1.692747853e+01 +3.6569e+00 +2.5504e+00 -1.5273e+00 +1.4695e+00 +1.3962e+00
4620 0 +7.117643750e-03 -1.693288236e+01 -1.693288236e+01 +3.6560e+00 +2.5456e+00 -1.5312e+00 +1.4724e+00 +1.3959e+00
5451 0 +6.907843648e-03 -1.693309216e+01 -1.693309216e+01 +3.6651e+00 +2.5587e+00 -1.5238e+00 +1.4627e+00 +1.3991e+00
5608 0 +5.911436636e-03 -1.693408856e+01 -1.693408856e+01 +3.6661e+00 +2.5578e+00 -1.5240e+00 +1.4630e+00 +1.3993e+00
6382 0 +4.841690019e-03 -1.693515831e+01 -1.693515831e+01 +3.6645e+00 +2.5582e+00 -1.5247e+00 +1.4630e+00 +1.3993e+00
6497 0 +4.461184324e-03 -1.693553882e+01 -1.693553882e+01 +3.6659e+00 +2.5588e+00 -1.5240e+00 +1.4622e+00 +1.3996e+00
6789 0 +3.604303926e-03 -1.693639570e+01 -1.693639570e+01 +3.6658e+00 +2.5588e+00 -1.5239e+00 +1.4623e+00 +1.3994e+00
7191 0 +3.489582451e-03 -1.693651042e+01 -1.693651042e+01 +3.6657e+00 +2.5596e+00 -1.5239e+00 +1.4619e+00 +1.3996e+00
8086 0 +2.498413511e-03 -1.693750159e+01 -1.693750159e+01 +3.6651e+00 +2.5591e+00 -1.5242e+00 +1.4623e+00 +1.3993e+00
8894 0 +2.442659775e-03 -1.693755734e+01 -1.693755734e+01 +3.6661e+00 +2.5596e+00 -1.5237e+00 +1.4618e+00 +1.3997e+00
9777 0 +2.112278586e-03 -1.693788772e+01 -1.693788772e+01 +3.6660e+00 +2.5595e+00 -1.5237e+00 +1.4619e+00 +1.3996e+00
9787 0 +1.795794129e-03 -1.693820421e+01 -1.693820421e+01 +3.6659e+00 +2.5595e+00 -1.5238e+00 +1.4619e+00 +1.3996e+00
10448 0 +1.729421883e-03 -1.693827058e+01 -1.693827058e+01 +3.6660e+00 +2.5595e+00 -1.5237e+00 +1.4619e+00 +1.3996e+00
10462 0 +1.531080351e-03 -1.693846892e+01 -1.693846892e+01 +3.6660e+00 +2.5595e+00 -1.5237e+00 +1.4619e+00 +1.3996e+00
12404 0 +1.481019985e-03 -1.693851898e+01 -1.693851898e+01 +3.6659e+00 +2.5596e+00 -1.5237e+00 +1.4619e+00 +1.3996e+00
12826 0 +1.460951098e-03 -1.693853905e+01 -1.693853905e+01 +3.6660e+00 +2.5596e+00 -1.5237e+00 +1.4619e+00 +1.3996e+00
13341 0 +1.425282909e-03 -1.693857472e+01 -1.693857472e+01 +3.6659e+00 +2.5596e+00 -1.5238e+00 +1.4619e+00 +1.3996e+00
13641 0 +1.398473833e-03 -1.693860153e+01 -1.693860153e+01 +3.6659e+00 +2.5596e+00 -1.5237e+00 +1.4619e+00 +1.3996e+00
13787 0 +1.398473833e-03 -1.693860153e+01 -1.693860153e+01 +3.6659e+00 +2.5596e+00 -1.5237e+00 +1.4619e+00 +1.3996e+00
% f evaluations | g evaluations | best noise-free fitness - Fopt (1.881000000000e+01) + sum g_i+ | measured fitness | best measured fitness or single-digit g-values | x1 | x2...
1 0 +3.169183622e+01 +5.050183622e+01 +5.050183622e+01 +0.0000e+00 +0.0000e+00 +0.0000e+00 +0.0000e+00 +0.0000e+00
12 0 +2.360226903e+01 +4.241226903e+01 +4.241226903e+01 -3.7209e+00 -2.8900e+00 -2.2581e+00 +2.4332e+00 -1.1317e+00
19 0 +1.669702054e+01 +3.550702054e+01 +3.550702054e+01 -6.1891e-01 +1.3390e+00 -1.2073e+00 -9.5271e-01 +2.9304e+00
22 0 +3.478440791e+00 +2.228844079e+01 +2.228844079e+01 +1.5225e-01 +1.1651e+00 -3.0488e-01 -1.0615e+00 +2.7760e+00
649 0 +2.645456370e+00 +2.145545637e+01 +2.145545637e+01 -1.8484e-01 +2.2067e+00 -8.2924e-01 +3.9638e-01 +1.1335e+00
1121 0 +2.629941312e+00 +2.143994131e+01 +2.143994131e+01 -4.3139e-01 +1.6796e+00 -1.1636e+00 +6.3293e-01 +6.8033e-01
1248 0 +2.340825440e+00 +2.115082544e+01 +2.115082544e+01 -6.2112e-01 +2.2433e+00 -1.2025e+00 +9.3890e-01 +5.2414e-01
1423 0 +1.988191153e+00 +2.079819115e+01 +2.079819115e+01 -9.8309e-01 +2.6421e+00 -1.2738e+00 +1.7487e+00 -1.9792e-01
1943 0 +1.269390694e+00 +2.007939069e+01 +2.007939069e+01 -6.6744e-01 +2.9767e+00 -1.0892e+00 +1.3460e+00 +2.0162e-01
1972 0 +1.084162979e+00 +1.989416298e+01 +1.989416298e+01 -6.7625e-01 +3.0917e+00 -1.1224e+00 +1.3572e+00 +3.3649e-01
2045 0 +9.927556215e-01 +1.980275562e+01 +1.980275562e+01 -7.1501e-01 +3.1035e+00 -1.1089e+00 +1.4418e+00 +3.2750e-01
2248 0 +9.295038517e-01 +1.973950385e+01 +1.973950385e+01 -6.2681e-01 +2.7223e+00 -1.0402e+00 +1.1281e+00 +6.1294e-01
2751 0 +8.616254378e-01 +1.967162544e+01 +1.967162544e+01 -6.1023e-01 +2.7153e+00 -1.1474e+00 +9.9102e-01 +5.9544e-01
2926 0 +8.035429433e-01 +1.961354294e+01 +1.961354294e+01 -6.6753e-01 +2.3231e+00 -1.1041e+00 +9.7796e-01 +6.0493e-01
3086 0 +7.651334476e-01 +1.957513345e+01 +1.957513345e+01 -6.5830e-01 +2.6465e+00 -1.1093e+00 +1.0697e+00 +5.8789e-01
3117 0 +7.455307366e-01 +1.955553074e+01 +1.955553074e+01 -6.6626e-01 +2.5228e+00 -1.1030e+00 +1.0487e+00 +5.6184e-01
3195 0 +4.963196270e-01 +1.930631963e+01 +1.930631963e+01 -6.1086e-01 +2.6113e+00 -1.0818e+00 +1.0262e+00 +6.0789e-01
3280 0 +4.580061680e-01 +1.926800617e+01 +1.926800617e+01 -6.4538e-01 +2.5479e+00 -1.1000e+00 +1.0622e+00 +5.6058e-01
3360 0 +4.327974366e-01 +1.924279744e+01 +1.924279744e+01 -6.0890e-01 +2.6365e+00 -1.0796e+00 +1.0279e+00 +6.1197e-01
3400 0 +4.027137280e-01 +1.921271373e+01 +1.921271373e+01 -6.1005e-01 +2.6781e+00 -1.0704e+00 +1.0471e+00 +5.6128e-01
3676 0 +3.768530127e-01 +1.918685301e+01 +1.918685301e+01 -6.1524e-01 +2.7349e+00 -1.0742e+00 +1.0650e+00 +5.9681e-01
3927 0 +2.869344371e-01 +1.909693444e+01 +1.909693444e+01 -6.0385e-01 +2.6749e+00 -1.0728e+00 +1.0379e+00 +6.0746e-01
4285 0 +2.545967291e-01 +1.906459673e+01 +1.906459673e+01 -6.0740e-01 +2.7126e+00 -1.0694e+00 +1.0527e+00 +5.9634e-01
4569 0 +2.315743581e-01 +1.904157436e+01 +1.904157436e+01 -6.1694e-01 +2.6939e+00 -1.0748e+00 +1.0623e+00 +5.8830e-01
4688 0 +2.255991978e-01 +1.903559920e+01 +1.903559920e+01 -6.1273e-01 +2.7112e+00 -1.0729e+00 +1.0597e+00 +5.9836e-01
4746 0 +1.958621327e-01 +1.900586213e+01 +1.900586213e+01 -6.1411e-01 +2.6948e+00 -1.0751e+00 +1.0562e+00 +5.9006e-01
4764 0 +1.686921739e-01 +1.897869217e+01 +1.897869217e+01 -6.1619e-01 +2.6947e+00 -1.0747e+00 +1.0592e+00 +5.8701e-01
6337 0 +1.659064715e-01 +1.897590647e+01 +1.897590647e+01 -6.2572e-01 +2.7142e+00 -1.0796e+00 +1.0853e+00 +5.6280e-01
6466 0 +1.618696207e-01 +1.897186962e+01 +1.897186962e+01 -6.2432e-01 +2.7127e+00 -1.0791e+00 +1.0822e+00 +5.6596e-01
6470 0 +1.583143368e-01 +1.896831434e+01 +1.896831434e+01 -6.2524e-01 +2.7112e+00 -1.0801e+00 +1.0830e+00 +5.6487e-01
6820 0 +1.410021259e-01 +1.895100213e+01 +1.895100213e+01 -6.2561e-01 +2.7133e+00 -1.0799e+00 +1.0845e+00 +5.6391e-01
10282 0 +1.365290266e-01 +1.894652903e+01 +1.894652903e+01 -6.2349e-01 +2.7052e+00 -1.0790e+00 +1.0774e+00 +5.6965e-01
11879 0 +1.345653155e-01 +1.894456532e+01 +1.894456532e+01 -6.2345e-01 +2.7051e+00 -1.0790e+00 +1.0773e+00 +5.6970e-01
19808 0 +1.345653155e-01 +1.894456532e+01 +1.894456532e+01 -6.2345e-01 +2.7051e+00 -1.0790e+00 +1.0773e+00 +5.6970e-01
% f evaluations | g evaluations | best noise-free fitness - Fopt (2.731500000000e+02) + sum g_i+ | measured fitness | best measured fitness or single-digit g-values | x1 | x2...
1 0 +8.700664503e+01 +3.601566450e+02 +3.601566450e+02 +0.0000e+00 +0.0000e+00 +0.0000e+00 +0.0000e+00 +0.0000e+00
6 0 +6.389432311e+01 +3.370443231e+02 +3.370443231e+02 -8.1640e-02 -5.6773e-01 -4.9637e+00 +2.3463e+00 +4.9256e+00
7 0 +3.337470082e+01 +3.065247008e+02 +3.065247008e+02 -7.9896e-01 +1.3366e+00 +7.1806e-01 +4.2643e+00 +4.5618e+00
15 0 +2.256156441e+01 +2.957115644e+02 +2.957115644e+02 +5.2093e-01 +1.7667e+00 -6.7169e-02 +2.2840e+00 +1.6696e+00
29 0 +1.956000292e+01 +2.927100029e+02 +2.927100029e+02 +9.2175e-01 +3.0035e+00 +1.1670e+00 +2.1144e+00 +1.5148e+00
32 0 +1.931003059e+01 +2.924600306e+02 +2.924600306e+02 +3.0965e-01 +4.2611e+00 -7.5564e-01 +1.9347e+00 -2.3179e-01
118 0 +1.548494267e+01 +2.886349427e+02 +2.886349427e+02 +2.2757e+00 +3.2818e+00 +1.2695e+00 +2.3429e-01 +8.9730e-01
138 0 +1.121779571e+01 +2.843677957e+02 +2.843677957e+02 +7.2878e-01 +2.8845e+00 +1.1528e-01 +1.8371e+00 -2.7115e-01
286 0 +5.150580161e+00 +2.783005802e+02 +2.783005802e+02 +1.3861e+00 +4.1692e+00 +3.4425e-01 +1.7800e+00 +8.5606e-01
520 0 +4.535849541e+00 +2.776858495e+02 +2.776858495e+02 +1.3761e+00 +3.7794e+00 +8.6631e-01 +2.1148e+00 +1.1992e+00
557 0 +4.455846484e+00 +2.776058465e+02 +2.776058465e+02 +1.0723e+00 +3.5989e+00 +4.8358e-01 +1.9839e+00 +1.2255e+00
574 0 +2.905296707e+00 +2.760552967e+02 +2.760552967e+02 +1.0502e+00 +3.8602e+00 +6.8397e-01 +2.1438e+00 +1.0673e+00
1009 0 +2.070826599e+00 +2.752208266e+02 +2.752208266e+02 -2.4736e+00 +3.8358e+00 -1.6258e-01 +2.3643e+00 +1.7092e+00
1281 0 +1.992908180e+00 +2.751429082e+02 +2.751429082e+02 -2.8722e+00 +3.8353e+00 +5.2506e-02 +2.6619e+00 +1.7983e+00
1295 0 +1.875352802e+00 +2.750253528e+02 +2.750253528e+02 -3.6854e+00 +3.7419e+00 -2.5226e-01 +2.5854e+00 +2.0118e+00
1301 0 +1.091126757e+00 +2.742411268e+02 +2.742411268e+02 -4.0717e+00 +3.7511e+00 -4.3965e-01 +2.7170e+00 +2.0414e+00
1393 0 +6.394145906e-01 +2.737894146e+02 +2.737894146e+02 -3.8703e+00 +3.7931e+00 -5.8078e-01 +2.4912e+00 +1.9986e+00
1677 0 +5.578596414e-01 +2.737078596e+02 +2.737078596e+02 -3.7512e+00 +3.8377e+00 -5.6940e-01 +2.5103e+00 +2.0256e+00
1705 0 +4.377228122e-01 +2.735877228e+02 +2.735877228e+02 -3.6180e+00 +3.7490e+00 -4.8684e-01 +2.5415e+00 +2.0227e+00
1710 0 +3.659829592e-01 +2.735159830e+02 +2.735159830e+02 -3.6168e+00 +3.7900e+00 -5.9154e-01 +2.5315e+00 +1.9918e+00
1906 0 +1.513727201e-01 +2.733013727e+02 +2.733013727e+02 -3.6464e+00 +3.7802e+00 -4.7501e-01 +2.5620e+00 +2.0043e+00
2138 0 +1.240535878e-01 +2.732740536e+02 +2.732740536e+02 -3.6312e+00 +3.7485e+00 -4.4679e-01 +2.5889e+00 +2.0245e+00
2158 0 +7.048494952e-02 +2.732204849e+02 +2.732204849e+02 -3.6033e+00 +3.7572e+00 -4.7546e-01 +2.5725e+00 +2.0183e+00
2668 0 +6.790362011e-02 +2.732179036e+02 +2.732179036e+02 -3.5430e+00 +3.7542e+00 -4.8458e-01 +2.5565e+00 +2.0013e+00
2816 0 +5.458848127e-02 +2.732045885e+02 +2.732045885e+02 -3.5807e+00 +3.7516e+00 -4.8036e-01 +2.5715e+00 +1.9998e+00
2986 0 +4.640476937e-02 +2.731964048e+02 +2.731964048e+02 -3.6091e+00 +3.7557e+00 -4.7200e-01 +2.5725e+00 +2.0106e+00
3012 0 +3.768877063e-02 +2.731876888e+02 +2.731876888e+02 -3.5776e+00 +3.7508e+00 -4.8146e-01 +2.5668e+00 +2.0081e+00
3109 0 +3.618485889e-02 +2.731861849e+02 +2.731861849e+02 -3.5915e+00 +3.7512e+00 -4.8345e-01 +2.5703e+00 +2.0096e+00
3123 0 +2.800426265e-02 +2.731780043e+02 +2.731780043e+02 -3.5848e+00 +3.7540e+00 -4.8489e-01 +2.5661e+00 +2.0104e+00
3264 0 +2.107219270e-02 +2.731710722e+02 +2.731710722e+02 -3.5601e+00 +3.7537e+00 -4.7855e-01 +2.5653e+00 +2.0050e+00
3325 0 +1.670435484e-02 +2.731667044e+02 +2.731667044e+02 -3.5634e+00 +3.7543e+00 -4.7549e-01 +2.5654e+00 +2.0061e+00
4214 0 +1.599793019e-02 +2.731659979e+02 +2.731659979e+02 -3.5527e+00 +3.7557e+00 -4.7994e-01 +2.5621e+00 +2.0024e+00
4416 0 +1.206732374e-02 +2.731620673e+02 +2.731620673e+02 -3.5541e+00 +3.7552e+00 -4.8180e-01 +2.5618e+00 +2.0030e+00
4458 0 +1.115590871e-02 +2.731611559e+02 +2.731611559e+02 -3.5507e+00 +3.7551e+00 -4.7831e-01 +2.5627e+00 +2.0024e+00
4696 0 +1.095234098e-02 +2.731609523e+02 +2.731609523e+02 -3.5468e+00 +3.7547e+00 -4.7561e-01 +2.5629e+00 +2.0019e+00
4698 0 +8.662888990e-03 +2.731586629e+02 +2.731586629e+02 -3.5472e+00 +3.7550e+00 -4.7515e-01 +2.5633e+00 +2.0018e+00
4770 0 +5.897406541e-03 +2.731558974e+02 +2.731558974e+02 -3.5472e+00 +3.7547e+00 -4.7546e-01 +2.5633e+00 +2.0021e+00
5409 0 +5.813963911e-03 +2.731558140e+02 +2.731558140e+02 -3.5473e+00 +3.7547e+00 -4.7494e-01 +2.5636e+00 +2.0021e+00
5453 0 +5.712338676e-03 +2.731557123e+02 +2.731557123e+02 -3.5479e+00 +3.7546e+00 -4.7487e-01 +2.5636e+00 +2.0023e+00
5575 0 +4.796844670e-03 +2.731547968e+02 +2.731547968e+02 -3.5486e+00 +3.7546e+00 -4.7517e-01 +2.5637e+00 +2.0024e+00
5627 0 +3.967349002e-03 +2.731539673e+02 +2.731539673e+02 -3.5484e+00 +3.7545e+00 -4.7475e-01 +2.5639e+00 +2.0025e+00
5817 0 +3.811820840e-03 +2.731538118e+02 +2.731538118e+02 -3.5482e+00 +3.7545e+00 -4.7473e-01 +2.5638e+00 +2.0024e+00
6158 0 +3.636186220e-03 +2.731536362e+02 +2.731536362e+02 -3.5486e+00 +3.7545e+00 -4.7459e-01 +2.5640e+00 +2.0024e+00
7042 0 +3.581559179e-03 +2.731535816e+02 +2.731535816e+02 -3.5487e+00 +3.7545e+00 -4.7479e-01 +2.5639e+00 +2.0025e+00
7138 0 +3.338357808e-03 +2.731533384e+02 +2.731533384e+02 -3.5483e+00 +3.7545e+00 -4.7461e-01 +2.5639e+00 +2.0024e+00
7562 0 +3.218824088e-03 +2.731532188e+02 +2.731532188e+02 -3.5485e+00 +3.7545e+00 -4.7460e-01 +2.5640e+00 +2.0024e+00
7585 0 +2.996858932e-03 +2.731529969e+02 +2.731529969e+02 -3.5486e+00 +3.7545e+00 -4.7460e-01 +2.5640e+00 +2.0025e+00
8096 0 +2.936107362e-03 +2.731529361e+02 +2.731529361e+02 -3.5486e+00 +3.7545e+00 -4.7475e-01 +2.5639e+00 +2.0025e+00
8339 0 +2.844638095e-03 +2.731528446e+02 +2.731528446e+02 -3.5487e+00 +3.7545e+00 -4.7469e-01 +2.5639e+00 +2.0025e+00
8524 0 +2.469951381e-03 +2.731524700e+02 +2.731524700e+02 -3.5486e+00 +3.7545e+00 -4.7467e-01 +2.5639e+00 +2.0025e+00
9088 0 +2.448804601e-03 +2.731524488e+02 +2.731524488e+02 -3.5492e+00 +3.7545e+00 -4.7472e-01 +2.5640e+00 +2.0026e+00
13271 0 +2.448804601e-03 +2.731524488e+02 +2.731524488e+02 -3.5492e+00 +3.7545e+00 -4.7472e-01 +2.5640e+00 +2.0026e+00
% f evaluations | g evaluations | best noise-free fitness - Fopt (3.718000000000e+01) + sum g_i+ | measured fitness | best measured fitness or single-digit g-values | x1 | x2...
1 0 +1.334312491e+02 +1.706112491e+02 +1.706112491e+02 +0.0000e+00 +0.0000e+00 +0.0000e+00 +0.0000e+00 +0.0000e+00
5 0 +1.019259666e+02 +1.391059666e+02 +1.391059666e+02 -3.6954e+00 +3.2062e+00 -1.1691e+00 +2.1761e+00 -1.2694e+00
6 0 +4.062899618e+01 +7.780899618e+01 +7.780899618e+01 -1.3422e+00 -1.5978e+00 +3.8662e+00 +4.9704e+00 -1.4598e+00
8 0 +2.525142680e+01 +6.243142680e+01 +6.243142680e+01 -4.3906e+00 +3.3678e-02 +1.3992e+00 +1.2425e+00 -1.5981e+00
18 0 +1.213521863e+01 +4.931521863e+01 +4.931521863e+01 -3.1625e+00 +1.4463e+00 +4.0426e+00 +1.8143e+00 -2.1897e+00
147 0 +1.041639717e+01 +4.759639717e+01 +4.759639717e+01 -1.5638e+00 +5.9326e-01 +3.5744e+00 +1.5171e+00 -3.8953e+00
166 0 +9.873249409e+00 +4.705324941e+01 +4.705324941e+01 -1.3002e+00 -6.5244e-01 +3.1176e+00 +1.6127e+00 -1.9617e+00
215 0 +8.767101093e+00 +4.594710109e+01 +4.594710109e+01 -2.7409e+00 -3.4086e-01 +1.7722e+00 +1.2307e+00 -2.7945e+00
357 0 +1.931126392e+00 +3.911112639e+01 +3.911112639e+01 -2.9243e+00 +1.6892e+00 +3.3111e+00 +1.1310e+00 -3.0185e+00
532 0 +1.728114863e+00 +3.890811486e+01 +3.890811486e+01 -3.4587e+00 +1.7132e+00 +2.3381e+00 +1.5587e+00 -3.2340e+00
1099 0 +1.545986890e+00 +3.872598689e+01 +3.872598689e+01 -3.2647e+00 +2.0896e+00 +3.0993e+00 +1.3199e+00 -3.1565e+00
1451 0 +1.134228195e+00 +3.831422819e+01 +3.831422819e+01 -2.9499e+00 +1.9914e+00 +3.4498e+00 +1.1357e+00 -3.0145e+00
1997 0 +9.400416737e-01 +3.812004167e+01 +3.812004167e+01 -3.1161e+00 +2.1901e+00 +3.4356e+00 +1.2205e+00 -3.2442e+00
2090 0 +9.276115943e-01 +3.810761159e+01 +3.810761159e+01 -2.8974e+00 +1.9896e+00 +3.4074e+00 +1.2168e+00 -3.0707e+00
2105 0 +8.335517225e-01 +3.801355172e+01 +3.801355172e+01 -2.9311e+00 +1.8879e+00 +3.3275e+00 +1.1933e+00 -3.0448e+00
2116 0 +8.089629472e-01 +3.798896295e+01 +3.798896295e+01 -2.9350e+00 +1.9013e+00 +3.3611e+00 +1.2042e+00 -3.0533e+00
2161 0 +7.724080679e-01 +3.795240807e+01 +3.795240807e+01 -2.8944e+00 +1.9067e+00 +3.3937e+00 +1.2013e+00 -3.0531e+00
2267 0 +5.922386900e-01 +3.777223869e+01 +3.777223869e+01 -2.9856e+00 +2.0529e+00 +3.4584e+00 +1.1527e+00 -3.0490e+00
2331 0 +3.959069516e-01 +3.757590695e+01 +3.757590695e+01 -2.9379e+00 +1.9707e+00 +3.4340e+00 +1.1745e+00 -3.0669e+00
2927 0 +3.364035417e-01 +3.751640354e+01 +3.751640354e+01 -2.9037e+00 +1.9162e+00 +3.4213e+00 +1.1729e+00 -3.0329e+00
3158 0 +2.883648786e-01 +3.746836488e+01 +3.746836488e+01 -2.8970e+00 +1.9213e+00 +3.4475e+00 +1.1620e+00 -3.0260e+00
3205 0 +2.808783278e-01 +3.746087833e+01 +3.746087833e+01 -2.8852e+00 +1.9113e+00 +3.4567e+00 +1.1655e+00 -3.0239e+00
3223 0 +2.739524716e-01 +3.745395247e+01 +3.745395247e+01 -2.8945e+00 +1.9268e+00 +3.4476e+00 +1.1665e+00 -3.0266e+00
3277 0 +2.317923107e-01 +3.741179231e+01 +3.741179231e+01 -2.8858e+00 +1.9146e+00 +3.4542e+00 +1.1647e+00 -3.0272e+00
3450 0 +2.268513970e-01 +3.740685140e+01 +3.740685140e+01 -2.8716e+00 +1.9080e+00 +3.4674e+00 +1.1607e+00 -3.0203e+00
4029 0 +2.219779303e-01 +3.740197793e+01 +3.740197793e+01 -2.8647e+00 +1.9186e+00 +3.4880e+00 +1.1530e+00 -3.0145e+00
4102 0 +2.123653081e-01 +3.739236531e+01 +3.739236531e+01 -2.8648e+00 +1.9122e+00 +3.4848e+00 +1.1540e+00 -3.0171e+00
4291 0 +1.797008197e-01 +3.735970082e+01 +3.735970082e+01 -2.8707e+00 +1.9133e+00 +3.4753e+00 +1.1578e+00 -3.0204e+00
4623 0 +1.775963933e-01 +3.735759639e+01 +3.735759639e+01 -2.8700e+00 +1.9156e+00 +3.4781e+00 +1.1572e+00 -3.0212e+00
4711 0 +1.716853593e-01 +3.735168536e+01 +3.735168536e+01 -2.8689e+00 +1.9137e+00 +3.4778e+00 +1.1574e+00 -3.0194e+00
5000 0 +1.674578093e-01 +3.734745781e+01 +3.734745781e+01 -2.8740e+00 +1.9119e+00 +3.4676e+00 +1.1598e+00 -3.0206e+00
5144 0 +1.656589304e-01 +3.734565893e+01 +3.734565893e+01 -2.8774e+00 +1.9195e+00 +3.4709e+00 +1.1590e+00 -3.0228e+00
5300 0 +1.520680613e-01 +3.733206806e+01 +3.733206806e+01 -2.8794e+00 +1.9174e+00 +3.4658e+00 +1.1607e+00 -3.0248e+00
5923 0 +1.389201576e-01 +3.731892016e+01 +3.731892016e+01 -2.8819e+00 +1.9181e+00 +3.4625e+00 +1.1614e+00 -3.0255e+00
7539 0 +1.355578381e-01 +3.731555784e+01 +3.731555784e+01 -2.8795e+00 +1.9179e+00 +3.4658e+00 +1.1605e+00 -3.0244e+00
9259 0 +1.340317498e-01 +3.731403175e+01 +3.731403175e+01 -2.8798e+00 +1.9165e+00 +3.4638e+00 +1.1610e+00 -3.0247e+00
10971 0 +1.309979725e-01 +3.731099797e+01 +3.731099797e+01 -2.8796e+00 +1.9164e+00 +3.4641e+00 +1.1610e+00 -3.0245e+00
13739 0 +1.292844441e-01 +3.730928444e+01 +3.730928444e+01 -2.8798e+00 +1.9164e+00 +3.4637e+00 +1.1611e+00 -3.0246e+00
% f evaluations | g evaluations | best noise-free fitness - Fopt (-1.479000000000e+02) + sum g_i+ | measured fitness | best measured fitness or single-digit g-values | x1 | x2...
1 0 +6.898756762e+01 -7.891243238e+01 -7.891243238e+01 +0.0000e+00 +0.0000e+00 +0.0000e+00 +0.0000e+00 +0.0000e+00
4 0 +2.794086097e+01 -1.199591390e+02 -1.199591390e+02 -2.6963e+00 +6.5520e-01 +2.2756e+00 -3.1616e+00 -1.8316e+00
15 0 +1.578801621e+01 -1.321119838e+02 -1.321119838e+02 -2.0977e+00 +5.5099e-02 +2.3037e+00 -2.6768e+00 -8.8489e-01
19 0 +5.424899005e+00 -1.424751010e+02 -1.424751010e+02 -1.4114e+00 -4.1754e-01 +1.3110e+00 -2.1209e+00 -2.7731e+00
141 0 +4.906259682e+00 -1.429937403e+02 -1.429937403e+02 -1.3597e+00 -8.9770e-01 +2.1426e+00 -2.4900e+00 -2.7838e+00
274 0 +3.021816887e+00 -1.448781831e+02 -1.448781831e+02 -1.6488e+00 +1.1556e-01 +6.5558e-01 -2.1974e+00 -3.6516e+00
348 0 +2.572212389e+00 -1.453277876e+02 -1.453277876e+02 -1.4674e+00 +1.6369e-01 +1.0134e+00 -1.9695e+00 -3.2499e+00
627 0 +1.697359899e+00 -1.462026401e+02 -1.462026401e+02 -1.8215e+00 +1.2155e-01 +1.3221e+00 -1.8693e+00 -2.8576e+00
1236 0 +1.587042234e+00 -1.463129578e+02 -1.463129578e+02 -1.5831e+00 +5.6984e-01 +3.7080e-01 -2.4767e+00 -3.5941e+00
1237 0 +9.806768776e-01 -1.469193231e+02 -1.469193231e+02 -1.4450e+00 +6.0151e-01 +4.1136e-01 -2.5125e+00 -3.8296e+00
1613 0 +9.711713829e-01 -1.469288286e+02 -1.469288286e+02 -1.5991e+00 +2.9605e-01 +6.9075e-01 -2.4047e+00 -3.4563e+00
1792 0 +5.524239477e-01 -1.473475761e+02 -1.473475761e+02 -1.6355e+00 +2.5139e-01 +1.0780e+00 -2.0157e+00 -3.2189e+00
1845 0 +3.334082813e-01 -1.475665917e+02 -1.475665917e+02 -1.7119e+00 +1.3922e-02 +1.2921e+00 -1.9017e+00 -2.9935e+00
2211 0 +2.041395161e-01 -1.476958605e+02 -1.476958605e+02 -1.6626e+00 +3.2268e-02 +1.2835e+00 -1.9692e+00 -3.0402e+00
2493 0 +1.860412079e-01 -1.477139588e+02 -1.477139588e+02 -1.6729e+00 +5.6558e-02 +1.2611e+00 -1.9642e+00 -3.0356e+00
2504 0 +1.668676352e-01 -1.477331324e+02 -1.477331324e+02 -1.6688e+00 +5.3041e-02 +1.2717e+00 -1.9552e+00 -3.0381e+00
2511 0 +1.469820955e-01 -1.477530179e+02 -1.477530179e+02 -1.6798e+00 +5.5342e-02 +1.2659e+00 -1.9563e+00 -3.0226e+00
2639 0 +1.185900219e-01 -1.477814100e+02 -1.477814100e+02 -1.6842e+00 +9.4571e-02 +1.2013e+00 -1.9782e+00 -3.0588e+00
2810 0 +1.115526794e-01 -1.477884473e+02 -1.477884473e+02 -1.6701e+00 +1.2823e-01 +1.1458e+00 -2.0252e+00 -3.1014e+00
2812 0 +6.979411497e-02 -1.478302059e+02 -1.478302059e+02 -1.6804e+00 +1.5044e-01 +1.1186e+00 -2.0079e+00 -3.1111e+00
2832 0 +4.182120711e-02 -1.478581788e+02 -1.478581788e+02 -1.6670e+00 +1.3079e-01 +1.1437e+00 -2.0112e+00 -3.1041e+00
3148 0 +2.549622119e-02 -1.478745038e+02 -1.478745038e+02 -1.6731e+00 +1.3925e-01 +1.1352e+00 -2.0143e+00 -3.1113e+00
4079 0 +2.305722833e-02 -1.478769428e+02 -1.478769428e+02 -1.6739e+00 +1.5747e-01 +1.0944e+00 -2.0317e+00 -3.1302e+00
4142 0 +1.799953358e-02 -1.478820005e+02 -1.478820005e+02 -1.6706e+00 +1.5636e-01 +1.0952e+00 -2.0356e+00 -3.1337e+00
4451 0 +1.770343466e-02 -1.478822966e+02 -1.478822966e+02 -1.6698e+00 +1.5552e-01 +1.0963e+00 -2.0361e+00 -3.1334e+00
4620 0 +1.660529468e-02 -1.478833947e+02 -1.478833947e+02 -1.6717e+00 +1.5626e-01 +1.0925e+00 -2.0365e+00 -3.1339e+00
4734 0 +1.434527482e-02 -1.478856547e+02 -1.478856547e+02 -1.6704e+00 +1.5601e-01 +1.0947e+00 -2.0357e+00 -3.1340e+00
4791 0 +1.166292208e-02 -1.478883371e+02 -1.478883371e+02 -1.6706e+00 +1.5660e-01 +1.0940e+00 -2.0360e+00 -3.1348e+00
5180 0 +1.041459465e-02 -1.478895854e+02 -1.478895854e+02 -1.6700e+00 +1.5616e-01 +1.0944e+00 -2.0365e+00 -3.1344e+00
5471 0 +9.881197769e-03 -1.478901188e+02 -1.478901188e+02 -1.6705e+00 +1.5661e-01 +1.0940e+00 -2.0358e+00 -3.1345e+00
5578 0 +9.438124432e-03 -1.478905619e+02 -1.478905619e+02 -1.6704e+00 +1.5694e-01 +1.0933e+00 -2.0366e+00 -3.1352e+00
5688 0 +8.549522615e-03 -1.478914505e+02 -1.478914505e+02 -1.6704e+00 +1.5689e-01 +1.0935e+00 -2.0364e+00 -3.1347e+00
6266 0 +8.328518585e-03 -1.478916715e+02 -1.478916715e+02 -1.6705e+00 +1.5724e-01 +1.0928e+00 -2.0368e+00 -3.1351e+00
6320 0 +7.839549013e-03 -1.478921605e+02 -1.478921605e+02 -1.6701e+00 +1.5678e-01 +1.0938e+00 -2.0365e+00 -3.1350e+00
6436 0 +6.788443495e-03 -1.478932116e+02 -1.478932116e+02 -1.6704e+00 +1.5720e-01 +1.0929e+00 -2.0367e+00 -3.1353e+00
6634 0 +6.666334847e-03 -1.478933337e+02 -1.478933337e+02 -1.6703e+00 +1.5718e-01 +1.0931e+00 -2.0366e+00 -3.1353e+00
6900 0 +6.058774387e-03 -1.478939412e+02 -1.478939412e+02 -1.6703e+00 +1.5743e-01 +1.0924e+00 -2.0370e+00 -3.1357e+00
7933 0 +5.420203942e-03 -1.478945798e+02 -1.478945798e+02 -1.6702e+00 +1.5696e-01 +1.0935e+00 -2.0366e+00 -3.1352e+00
8640 0 +4.907197341e-03 -1.478950928e+02 -1.478950928e+02 -1.6704e+00 +1.5712e-01 +1.0931e+00 -2.0364e+00 -3.1350e+00
10161 0 +4.867074574e-03 -1.478951329e+02 -1.478951329e+02 -1.6705e+00 +1.5700e-01 +1.0933e+00 -2.0364e+00 -3.1349e+00
10631 0 +4.785061296e-03 -1.478952149e+02 -1.478952149e+02 -1.6705e+00 +1.5707e-01 +1.0933e+00 -2.0364e+00 -3.1350e+00
10761 0 +4.503099932e-03 -1.478954969e+02 -1.478954969e+02 -1.6705e+00 +1.5705e-01 +1.0933e+00 -2.0363e+00 -3.1349e+00
10798 0 +4.238188039e-03 -1.478957618e+02 -1.478957618e+02 -1.6704e+00 +1.5704e-01 +1.0933e+00 -2.0364e+00 -3.1350e+00
15507 0 +4.238188039e-03 -1.478957618e+02 -1.478957618e+02 -1.6704e+00 +1.5704e-01 +1.0933e+00 -2.0364e+00 -3.1350e+00
% f evaluations | g evaluations | best noise-free fitness - Fopt (4.817100000000e+02) + sum g_i+ | measured fitness | best measured fitness or single-digit g-values | x1 | x2...
1 0 +1.098420059e+02 +5.915520059e+02 +5.915520059e+02 +0.0000e+00 +0.0000e+00 +0.0000e+00 +0.0000e+00 +0.0000e+00
7 0 +6.789300628e+01 +5.496030063e+02 +5.496030063e+02 +8.0667e-01 +9.6141e-01 -3.0068e+00 +3.9825e+00 +2.0116e+00
13 0 +3.440391165e+01 +5.161139116e+02 +5.161139116e+02 +8.4498e-01 -8.6079e-01 -4.0763e+00 +1.8925e+00 +6.2607e-01
17 0 +2.691258959e+01 +5.086225896e+02 +5.086225896e+02 -3.2318e-01 -8.9962e-01 -4.2463e+00 +1.8331e+00 +4.7744e-01
47 0 +2.597248733e+01 +5.076824873e+02 +5.076824873e+02 -2.4887e-01 -1.0061e+00 -2.6621e+00 +2.1148e+00 -1.4536e+00
51 0 +2.324500080e+01 +5.049550008e+02 +5.049550008e+02 +8.0391e-01 -1.2508e+00 -2.4460e+00 +1.6076e+00 -1.2182e+00
58 0 +1.588195886e+01 +4.975919589e+02 +4.975919589e+02 +1.7867e+00 -1.0372e+00 -3.0352e+00 +2.2645e+00 -9.6219e-01
192 0 +1.376063028e+01 +4.954706303e+02 +4.954706303e+02 -6.4014e-01 -1.6184e+00 -2.9020e+00 +2.3428e+00 -6.6472e-01
205 0 +1.025613128e+01 +4.919661313e+02 +4.919661313e+02 +7.8407e-01 -1.1411e+00 -3.4077e+00 +3.2804e+00 +1.6796e-01
236 0 +9.788457069e+00 +4.914984571e+02 +4.914984571e+02 +9.2934e-01 -1.5660e+00 -3.2878e+00 +4.1097e+00 +5.4225e-01
338 0 +6.722450795e+00 +4.884324508e+02 +4.884324508e+02 +1.4060e+00 -2.0599e+00 -3.7747e+00 +3.5627e+00 -6.2696e-02
377 0 +4.784528254e+00 +4.864945283e+02 +4.864945283e+02 +8.7351e-01 -2.6222e+00 -3.0006e+00 +2.8107e+00 -7.1986e-01
421 0 +3.421581583e+00 +4.851315816e+02 +4.851315816e+02 +7.2002e-01 -2.9594e+00 -2.8208e+00 +2.8321e+00 -1.5679e-01
457 0 +2.416425843e+00 +4.841264258e+02 +4.841264258e+02 +3.8302e+00 -3.3416e+00 -2.8670e+00 +3.4708e+00 +1.0068e+00
837 0 +2.023299490e+00 +4.837332995e+02 +4.837332995e+02 +2.5370e+00 -3.4346e+00 -2.6690e+00 +3.0583e+00 +2.4600e-01
980 0 +1.820918705e+00 +4.835309187e+02 +4.835309187e+02 +8.6906e-01 -2.4804e+00 -3.2215e+00 +3.0541e+00 -3.0400e-01
983 0 +1.301370183e+00 +4.830113702e+02 +4.830113702e+02 +8.5246e-01 -2.6991e+00 -3.0596e+00 +3.0867e+00 -4.4352e-01
1060 0 +1.143892074e+00 +4.828538921e+02 +4.828538921e+02 +3.6435e-01 -2.5754e+00 -3.0276e+00 +3.0100e+00 -6.0510e-01
1124 0 +8.993637626e-01 +4.826093638e+02 +4.826093638e+02 +6.7149e-01 -2.9565e+00 -2.9200e+00 +2.9751e+00 -4.8186e-01
1141 0 +5.513459383e-01 +4.822613459e+02 +4.822613459e+02 +9.1139e-01 -2.9180e+00 -2.8107e+00 +3.1322e+00 -3.6112e-01
1180 0 +3.902339908e-01 +4.821002340e+02 +4.821002340e+02 +1.0898e+00 -3.0473e+00 -2.8635e+00 +3.0592e+00 -3.8574e-01
1245 0 +1.802140818e-01 +4.818902141e+02 +4.818902141e+02 +1.0826e+00 -2.9989e+00 -2.8669e+00 +3.0740e+00 -3.2638e-01
1912 0 +1.531268437e-01 +4.818631268e+02 +4.818631268e+02 +7.8759e-01 -2.9288e+00 -2.8922e+00 +3.0370e+00 -4.8328e-01
2408 0 +1.492643619e-01 +4.818592644e+02 +4.818592644e+02 +6.2858e-01 -2.8809e+00 -2.8976e+00 +3.0222e+00 -5.5115e-01
2615 0 +1.447757430e-01 +4.818547757e+02 +4.818547757e+02 +6.1854e-01 -2.9070e+00 -2.8865e+00 +3.0156e+00 -5.7180e-01
2767 0 +1.420383417e-01 +4.818520383e+02 +4.818520383e+02 +6.4432e-01 -2.8937e+00 -2.8899e+00 +3.0206e+00 -5.5367e-01
2768 0 +8.178323208e-02 +4.817917832e+02 +4.817917832e+02 +6.4349e-01 -2.8944e+00 -2.8962e+00 +3.0229e+00 -5.5492e-01
3442 0 +8.102016415e-02 +4.817910202e+02 +4.817910202e+02 +6.2774e-01 -2.8967e+00 -2.8851e+00 +3.0244e+00 -5.6542e-01
3743 0 +7.320621013e-02 +4.817832062e+02 +4.817832062e+02 +6.3121e-01 -2.9038e+00 -2.8866e+00 +3.0191e+00 -5.6598e-01
3776 0 +6.460771073e-02 +4.817746077e+02 +4.817746077e+02 +6.3282e-01 -2.9039e+00 -2.8843e+00 +3.0215e+00 -5.6571e-01
3810 0 +5.667133643e-02 +4.817666713e+02 +4.817666713e+02 +6.3804e-01 -2.9004e+00 -2.8903e+00 +3.0222e+00 -5.6096e-01
3818 0 +5.231777058e-02 +4.817623178e+02 +4.817623178e+02 +6.3473e-01 -2.9046e+00 -2.8874e+00 +3.0197e+00 -5.6567e-01
3921 0 +5.003733224e-02 +4.817600373e+02 +4.817600373e+02 +6.3327e-01 -2.9033e+00 -2.8875e+00 +3.0193e+00 -5.6710e-01
5138 0 +4.878060903e-02 +4.817587806e+02 +4.817587806e+02 +6.3053e-01 -2.9058e+00 -2.8854e+00 +3.0188e+00 -5.6910e-01
5181 0 +4.581842319e-02 +4.817558184e+02 +4.817558184e+02 +6.3108e-01 -2.9027e+00 -2.8880e+00 +3.0189e+00 -5.6772e-01
5289 0 +3.848009564e-02 +4.817484801e+02 +4.817484801e+02 +6.3165e-01 -2.9042e+00 -2.8861e+00 +3.0197e+00 -5.6758e-01
18241 0 +3.848009564e-02 +4.817484801e+02 +4.817484801e+02 +6.3165e-01 -2.9042e+00 -2.8861e+00 +3.0197e+00 -5.6758e-01
% f evaluations | g evaluations | best noise-free fitness - Fopt (-3.646000000000e+01) + sum g_i+ | measured fitness | best measured fitness or single-digit g-values | x1 | x2...
1 0 +2.575512727e+01 -1.070487273e+01 -1.070487273e+01 +0.0000e+00 +0.0000e+00 +0.0000e+00 +0.0000e+00 +0.0000e+00
6 0 +2.092556122e+01 -1.553443878e+01 -1.553443878e+01 +3.7080e-01 -3.1685e+00 -2.7800e+00 +4.9830e-01 +2.9672e+00
14 0 +1.886102755e+01 -1.759897245e+01 -1.759897245e+01 +7.9563e-01 -4.0586e+00 -1.5591e+00 +1.3169e+00 +3.8973e+00
18 0 +9.009580143e+00 -2.745041986e+01 -2.745041986e+01 +7.8879e-01 -3.3008e+00 -7.6063e-01 +2.3870e+00 +1.3038e+00
165 0 +7.611127588e+00 -2.884887241e+01 -2.884887241e+01 -1.3897e+00 -2.5726e+00 +4.7706e-01 +1.8949e+00 -7.1735e-01
254 0 +7.033330085e+00 -2.942666991e+01 -2.942666991e+01 +4.0205e-01 -3.2104e+00 -4.7898e-01 +1.8172e+00 +1.0213e+00
267 0 +5.555982551e+00 -3.090401745e+01 -3.090401745e+01 +7.6207e-01 -3.1934e+00 -1.8257e+00 +1.7729e+00 +2.7126e+00
481 0 +1.932333563e+00 -3.452766644e+01 -3.452766644e+01 +1.5061e+00 -3.0571e+00 -2.0823e+00 +1.5877e+00 +3.2176e+00
1961 0 +1.684940809e+00 -3.477505919e+01 -3.477505919e+01 +5.6041e-01 -2.9155e+00 -1.0668e+00 +1.8288e+00 +1.5559e+00
2164 0 +1.638561990e+00 -3.482143801e+01 -3.482143801e+01 +2.4493e-01 -3.1239e+00 -1.0888e+00 +2.3750e+00 +1.2201e+00
2449 0 +1.557877450e+00 -3.490212255e+01 -3.490212255e+01 +2.3267e-01 -3.2542e+00 -1.1955e+00 +2.5188e+00 +1.2948e+00
2478 0 +1.376253426e+00 -3.508374657e+01 -3.508374657e+01 +2.8719e-01 -3.3312e+00 -1.2549e+00 +2.7285e+00 +1.2446e+00
2600 0 +1.334758948e+00 -3.512524105e+01 -3.512524105e+01 +3.3533e-01 -3.3618e+00 -1.2813e+00 +2.7435e+00 +1.2305e+00
2614 0 +1.015475050e+00 -3.544452495e+01 -3.544452495e+01 +2.0788e-01 -3.4404e+00 -1.3734e+00 +2.9408e+00 +1.2798e+00
2636 0 +9.832482063e-01 -3.547675179e+01 -3.547675179e+01 +2.4328e-01 -3.4175e+00 -1.4021e+00 +2.9350e+00 +1.2935e+00
2725 0 +9.508270988e-01 -3.550917290e+01 -3.550917290e+01 +2.0578e-01 -3.5041e+00 -1.4457e+00 +3.0509e+00 +1.3047e+00
2789 0 +8.495144211e-01 -3.561048558e+01 -3.561048558e+01 +2.0884e-01 -3.4319e+00 -1.4024e+00 +2.9603e+00 +1.2644e+00
2802 0 +8.312917863e-01 -3.562870821e+01 -3.562870821e+01 +2.3540e-01 -3.4053e+00 -1.3594e+00 +2.9079e+00 +1.2486e+00
2874 0 +7.748226056e-01 -3.568517739e+01 -3.568517739e+01 +2.1771e-01 -3.3979e+00 -1.4058e+00 +2.9129e+00 +1.3107e+00
3128 0 +5.960510911e-01 -3.586394891e+01 -3.586394891e+01 +2.0079e-01 -3.4590e+00 -1.4302e+00 +3.0124e+00 +1.2947e+00
3185 0 +5.880564724e-01 -3.587194353e+01 -3.587194353e+01 +2.2326e-01 -3.4703e+00 -1.4887e+00 +3.0199e+00 +1.3663e+00
3232 0 +4.664158166e-01 -3.599358418e+01 -3.599358418e+01 +2.3015e-01 -3.4701e+00 -1.4866e+00 +3.0200e+00 +1.3703e+00
3715 0 +4.470105079e-01 -3.601298949e+01 -3.601298949e+01 +2.1381e-01 -3.4785e+00 -1.4755e+00 +3.0374e+00 +1.3368e+00
3829 0 +4.224158284e-01 -3.603758417e+01 -3.603758417e+01 +2.1245e-01 -3.4793e+00 -1.4726e+00 +3.0443e+00 +1.3311e+00
3883 0 +3.849245491e-01 -3.607507545e+01 -3.607507545e+01 +2.0827e-01 -3.4762e+00 -1.4719e+00 +3.0432e+00 +1.3324e+00
4300 0 +3.724485135e-01 -3.608755149e+01 -3.608755149e+01 +2.1016e-01 -3.4786e+00 -1.4703e+00 +3.0475e+00 +1.3292e+00
4305 0 +3.678507103e-01 -3.609214929e+01 -3.609214929e+01 +2.0691e-01 -3.4801e+00 -1.4713e+00 +3.0510e+00 +1.3278e+00
4418 0 +3.620709331e-01 -3.609792907e+01 -3.609792907e+01 +2.1292e-01 -3.4798e+00 -1.4743e+00 +3.0482e+00 +1.3332e+00
4458 0 +3.341634085e-01 -3.612583659e+01 -3.612583659e+01 +2.0934e-01 -3.4814e+00 -1.4741e+00 +3.0500e+00 +1.3339e+00
4958 0 +3.284630438e-01 -3.613153696e+01 -3.613153696e+01 +2.1437e-01 -3.4795e+00 -1.4771e+00 +3.0456e+00 +1.3402e+00
5183 0 +3.144415544e-01 -3.614555845e+01 -3.614555845e+01 +2.1465e-01 -3.4776e+00 -1.4754e+00 +3.0413e+00 +1.3405e+00
5410 0 +2.882023240e-01 -3.617179768e+01 -3.617179768e+01 +2.1573e-01 -3.4776e+00 -1.4760e+00 +3.0415e+00 +1.3416e+00
6046 0 +2.769040463e-01 -3.618309595e+01 -3.618309595e+01 +2.1632e-01 -3.4770e+00 -1.4759e+00 +3.0401e+00 +1.3423e+00
6673 0 +2.726236682e-01 -3.618737633e+01 -3.618737633e+01 +2.1627e-01 -3.4766e+00 -1.4754e+00 +3.0393e+00 +1.3420e+00
8698 0 +2.681814439e-01 -3.619181856e+01 -3.619181856e+01 +2.1615e-01 -3.4767e+00 -1.4754e+00 +3.0394e+00 +1.3419e+00
14148 0 +2.652872864e-01 -3.619471271e+01 -3.619471271e+01 +2.1614e-01 -3.4766e+00 -1.4753e+00 +3.0394e+00 +1.3419e+00
% f evaluations | g evaluations | best noise-free fitness - Fopt (3.920000000000e+01) + sum g_i+ | measured fitness | best measured fitness or single-digit g-values | x1 | x2...
1 0 +1.031206292e+02 +1.423206292e+02 +1.423206292e+02 +0.0000e+00 +0.0000e+00 +0.0000e+00 +0.0000e+00 +0.0000e+00
9 0 +6.817794832e+01 +1.073779483e+02 +1.073779483e+02 -8.3759e-01 +3.6624e+00 +2.6904e+00 -4.7530e+00 +4.3601e+00
43 0 +3.403396473e+01 +7.323396473e+01 +7.323396473e+01 +2.9566e-01 +3.8098e+00 +5.0152e+00 -4.3667e+00 +3.0469e+00
97 0 +2.759647618e+01 +6.679647618e+01 +6.679647618e+01 +2.6030e+00 +2.9485e+00 +4.8521e+00 -3.7579e+00 +1.8981e+00
308 0 +1.630171411e+01 +5.550171411e+01 +5.550171411e+01 +6.2912e-01 +2.7393e+00 +1.4165e+00 +1.8136e+00 +2.7725e+00
358 0 +1.447905141e+01 +5.367905141e+01 +5.367905141e+01 -7.2939e-01 +2.7414e+00 +1.2384e+00 +2.4932e+00 +4.1599e+00
368 0 +1.009670404e+01 +4.929670404e+01 +4.929670404e+01 +1.8493e+00 +2.8839e+00 +1.3641e+00 +1.6507e+00 +2.9995e+00
546 0 +7.258578260e+00 +4.645857826e+01 +4.645857826e+01 +2.6505e+00 +2.4228e+00 +3.4296e+00 +1.2574e+00 +3.1095e+00
547 0 +6.752208362e+00 +4.595220836e+01 +4.595220836e+01 +4.3184e+00 +1.1880e+00 +3.2957e+00 +3.7874e+00 +2.1783e+00
557 0 +5.666803782e+00 +4.486680378e+01 +4.486680378e+01 +4.8704e+00 +1.0785e+00 +3.2029e+00 +2.5774e+00 +2.2984e+00
571 0 +4.711998844e+00 +4.391199884e+01 +4.391199884e+01 +1.6622e+00 +2.2250e+00 +1.9839e+00 +2.2342e+00 +3.4539e+00
666 0 +3.074810244e+00 +4.227481024e+01 +4.227481024e+01 +2.1624e+00 +2.1921e+00 +1.8590e+00 +3.1273e+00 +2.7795e+00
878 0 +2.413157679e+00 +4.161315768e+01 +4.161315768e+01 +4.0214e+00 +1.6260e+00 +2.6537e+00 +3.4019e+00 +2.1476e+00
928 0 +2.371347426e+00 +4.157134743e+01 +4.157134743e+01 +3.8598e+00 +1.3322e+00 +2.5638e+00 +3.0453e+00 +2.4050e+00
1172 0 +9.612761310e-01 +4.016127613e+01 +4.016127613e+01 +3.7441e+00 +1.6772e+00 +2.3133e+00 +3.2847e+00 +2.3273e+00
1461 0 +9.446477985e-01 +4.014464780e+01 +4.014464780e+01 +4.3032e+00 +1.3766e+00 +2.6486e+00 +3.3569e+00 +1.9547e+00
1555 0 +8.855513925e-01 +4.008555139e+01 +4.008555139e+01 +3.8584e+00 +1.5955e+00 +2.5234e+00 +3.3813e+00 +2.2229e+00
1593 0 +6.500924848e-01 +3.985009248e+01 +3.985009248e+01 +4.5720e+00 +1.3532e+00 +2.6789e+00 +3.5080e+00 +1.8664e+00
1633 0 +4.404534898e-01 +3.964045349e+01 +3.964045349e+01 +4.3698e+00 +1.4026e+00 +2.6571e+00 +3.3784e+00 +1.9552e+00
3155 0 +3.552035067e-01 +3.955520351e+01 +3.955520351e+01 +3.9749e+00 +1.5135e+00 +2.4876e+00 +3.3953e+00 +2.1100e+00
3225 0 +3.267138314e-01 +3.952671383e+01 +3.952671383e+01 +3.8694e+00 +1.5355e+00 +2.4681e+00 +3.3267e+00 +2.1729e+00
3345 0 +2.702145470e-01 +3.947021455e+01 +3.947021455e+01 +3.7555e+00 +1.6065e+00 +2.4674e+00 +3.2740e+00 +2.2224e+00
3394 0 +2.603267556e-01 +3.946032676e+01 +3.946032676e+01 +3.8627e+00 +1.5626e+00 +2.4813e+00 +3.2972e+00 +2.1790e+00
3426 0 +2.494117137e-01 +3.944941171e+01 +3.944941171e+01 +3.8441e+00 +1.5567e+00 +2.4429e+00 +3.3400e+00 +2.1811e+00
3605 0 +8.894598527e-02 +3.928894599e+01 +3.928894599e+01 +3.8570e+00 +1.5740e+00 +2.4899e+00 +3.2808e+00 +2.1887e+00
4087 0 +5.503463716e-02 +3.925503464e+01 +3.925503464e+01 +3.8661e+00 +1.5704e+00 +2.4948e+00 +3.2626e+00 +2.1908e+00
4193 0 +5.088598820e-02 +3.925088599e+01 +3.925088599e+01 +3.8558e+00 +1.5740e+00 +2.4991e+00 +3.2444e+00 +2.2000e+00
4649 0 +4.408208522e-02 +3.924408209e+01 +3.924408209e+01 +3.8623e+00 +1.5747e+00 +2.4977e+00 +3.2578e+00 +2.1924e+00
4757 0 +4.086239567e-02 +3.924086240e+01 +3.924086240e+01 +3.8563e+00 +1.5764e+00 +2.4978e+00 +3.2505e+00 +2.1964e+00
5558 0 +3.706136553e-02 +3.923706137e+01 +3.923706137e+01 +3.8588e+00 +1.5732e+00 +2.4955e+00 +3.2553e+00 +2.1946e+00
5700 0 +3.577009830e-02 +3.923577010e+01 +3.923577010e+01 +3.8593e+00 +1.5736e+00 +2.4947e+00 +3.2596e+00 +2.1946e+00
5775 0 +3.140955537e-02 +3.923140956e+01 +3.923140956e+01 +3.8549e+00 +1.5749e+00 +2.4953e+00 +3.2511e+00 +2.1987e+00
5893 0 +2.925151101e-02 +3.922925151e+01 +3.922925151e+01 +3.8548e+00 +1.5752e+00 +2.4961e+00 +3.2523e+00 +2.1978e+00
6087 0 +2.676760882e-02 +3.922676761e+01 +3.922676761e+01 +3.8603e+00 +1.5735e+00 +2.4970e+00 +3.2524e+00 +2.1959e+00
6094 0 +2.353597053e-02 +3.922353597e+01 +3.922353597e+01 +3.8592e+00 +1.5734e+00 +2.4972e+00 +3.2526e+00 +2.1963e+00
6301 0 +2.194272792e-02 +3.922194273e+01 +3.922194273e+01 +3.8613e+00 +1.5728e+00 +2.4989e+00 +3.2497e+00 +2.1965e+00
6459 0 +2.104749525e-02 +3.922104750e+01 +3.922104750e+01 +3.8608e+00 +1.5725e+00 +2.4969e+00 +3.2536e+00 +2.1956e+00
6639 0 +1.797793915e-02 +3.921797794e+01 +3.921797794e+01 +3.8617e+00 +1.5723e+00 +2.4980e+00 +3.2523e+00 +2.1958e+00
6958 0 +1.501349378e-02 +3.921501349e+01 +3.921501349e+01 +3.8635e+00 +1.5712e+00 +2.4976e+00 +3.2554e+00 +2.1942e+00
8047 0 +1.464383575e-02 +3.921464384e+01 +3.921464384e+01 +3.8588e+00 +1.5735e+00 +2.4967e+00 +3.2528e+00 +2.1965e+00
8775 0 +1.403838445e-02 +3.921403838e+01 +3.921403838e+01 +3.8583e+00 +1.5736e+00 +2.4965e+00 +3.2525e+00 +2.1969e+00
9025 0 +1.292049170e-02 +3.921292049e+01 +3.921292049e+01 +3.8582e+00 +1.5736e+00 +2.4964e+00 +3.2528e+00 +2.1968e+00
11341 0 +1.278696659e-02 +3.921278697e+01 +3.921278697e+01 +3.8585e+00 +1.5735e+00 +2.4967e+00 +3.2522e+00 +2.1969e+00
11676 0 +1.255218870e-02 +3.921255219e+01 +3.921255219e+01 +3.8586e+00 +1.5734e+00 +2.4967e+00 +3.2523e+00 +2.1968e+00
16383 0 +1.255218870e-02 +3.921255219e+01 +3.921255219e+01 +3.8586e+00 +1.5734e+00 +2.4967e+00 +3.2523e+00 +2.1968e+00
% f evaluations | g evaluations | best noise-free fitness - Fopt (-3.225000000000e+01) + sum g_i+ | measured fitness | best measured fitness or single-digit g-values | x1 | x2...
1 0 +1.456730525e+02 +1.134230525e+02 +1.134230525e+02 +0.0000e+00 +0.0000e+00 +0.0000e+00 +0.0000e+00 +0.0000e+00
2 0 +9.197306770e+01 +5.972306770e+01 +5.972306770e+01 -7.2169e-01 -4.9341e+00 +1.3075e+00 -1.7308e+00 -4.1999e+00
3 0 +6.926307283e+01 +3.701307283e+01 +3.701307283e+01 +2.0079e+00 -3.9947e+00 -1.9653e+00 +1.2651e+00 -3.5104e+00
8 0 +6.186143509e+01 +2.961143509e+01 +2.961143509e+01 +3.0361e+00 -2.2746e+00 -3.9009e+00 -2.8169e+00 -2.7055e+00
10 0 +5.520782906e+01 +2.295782906e+01 +2.295782906e+01 +3.3860e+00 -4.4838e+00 -1.1372e+00 -3.2560e+00 -3.7874e+00
15 0 +2.431307962e+01 -7.936920380e+00 -7.936920380e+00 +4.7398e+00 -2.3408e+00 -2.8200e+00 -3.8846e+00 -2.5204e+00
204 0 +2.171573780e+01 -1.053426220e+01 -1.053426220e+01 +3.1401e+00 -2.9732e+00 -7.5465e-01 -5.3147e+00 -2.2286e+00
247 0 +2.089224174e+01 -1.135775826e+01 -1.135775826e+01 +2.2272e+00 -2.5196e+00 +7.3593e-02 -4.2240e+00 -1.5751e+00
287 0 +1.130515128e+01 -2.094484872e+01 -2.094484872e+01 +3.4668e+00 -2.4872e+00 -1.8578e+00 -5.0166e+00 -1.1636e+00
342 0 +9.640991128e+00 -2.260900887e+01 -2.260900887e+01 +3.9965e+00 -6.0249e-01 -5.0848e-01 -2.3679e+00 +4.5641e-01
396 0 +8.182567830e+00 -2.406743217e+01 -2.406743217e+01 +3.7217e+00 -9.4344e-01 -4.3625e-02 -3.7066e+00 +5.3856e-01
507 0 +7.152497022e+00 -2.509750298e+01 -2.509750298e+01 +3.4939e+00 -6.2936e-01 -1.4689e+00 -4.1254e+00 +4.9357e-01
527 0 +5.923200641e+00 -2.632679936e+01 -2.632679936e+01 +3.7911e+00 -1.2000e+00 -1.6251e+00 -4.4792e+00 +5.5669e-01
553 0 +5.634868045e+00 -2.661513196e+01 -2.661513196e+01 +3.2114e+00 -9.8748e-01 -6.3393e-01 -4.4282e+00 +1.5723e+00
567 0 +4.489622723e+00 -2.776037728e+01 -2.776037728e+01 +3.5669e+00 -1.4387e+00 -6.1420e-01 -4.4812e+00 +2.9291e-01
800 0 +2.384645799e+00 -2.986535420e+01 -2.986535420e+01 +3.8011e+00 -2.4483e-01 -1.1199e+00 -3.9196e+00 +1.6552e+00
823 0 +1.914742771e+00 -3.033525723e+01 -3.033525723e+01 +3.7904e+00 +1.1756e-02 -1.2091e+00 -3.5289e+00 +2.1055e+00
939 0 +1.618351492e+00 -3.063164851e+01 -3.063164851e+01 +3.8529e+00 +3.1147e-01 -1.4264e+00 -3.4818e+00 +2.2126e+00
949 0 +1.058098906e+00 -3.119190109e+01 -3.119190109e+01 +3.8473e+00 -7.1334e-02 -1.3491e+00 -3.6736e+00 +1.7972e+00
1057 0 +8.678817919e-01 -3.138211821e+01 -3.138211821e+01 +3.6821e+00 +3.3352e-01 -1.0442e+00 -3.3997e+00 +2.4016e+00
1499 0 +5.484209666e-01 -3.170157903e+01 -3.170157903e+01 +3.7002e+00 +2.8949e-01 -1.0815e+00 -3.3616e+00 +2.3335e+00
1578 0 +4.626193803e-01 -3.178738062e+01 -3.178738062e+01 +3.6396e+00 +4.7880e-01 -9.9580e-01 -3.2561e+00 +2.6035e+00
1915 0 +4.284037753e-01 -3.182159622e+01 -3.182159622e+01 +3.7211e+00 +5.3450e-01 -1.0907e+00 -3.1969e+00 +2.5931e+00
1997 0 +3.261694685e-01 -3.192383053e+01 -3.192383053e+01 +3.7021e+00 +4.9130e-01 -1.0561e+00 -3.2500e+00 +2.5553e+00
2172 0 +3.196029713e-01 -3.193039703e+01 -3.193039703e+01 +3.7043e+00 +5.0194e-01 -1.0569e+00 -3.2436e+00 +2.5720e+00
2296 0 +2.862500255e-01 -3.196374997e+01 -3.196374997e+01 +3.6538e+00 +4.7949e-01 -9.9270e-01 -3.2572e+00 +2.5775e+00
2553 0 +2.633826583e-01 -3.198661734e+01 -3.198661734e+01 +3.6508e+00 +4.6655e-01 -9.7782e-01 -3.2754e+00 +2.5678e+00
2556 0 +2.432612421e-01 -3.200673876e+01 -3.200673876e+01 +3.6599e+00 +4.7693e-01 -9.9278e-01 -3.2507e+00 +2.5771e+00
2613 0 +2.079399174e-01 -3.204206008e+01 -3.204206008e+01 +3.6664e+00 +4.6989e-01 -1.0084e+00 -3.2636e+00 +2.5617e+00
2870 0 +1.832995103e-01 -3.206670049e+01 -3.206670049e+01 +3.6788e+00 +4.6782e-01 -1.0398e+00 -3.2570e+00 +2.5513e+00
3245 0 +1.783070386e-01 -3.207169296e+01 -3.207169296e+01 +3.6732e+00 +4.7646e-01 -1.0281e+00 -3.2500e+00 +2.5645e+00
3317 0 +1.658945153e-01 -3.208410548e+01 -3.208410548e+01 +3.6779e+00 +4.6926e-01 -1.0293e+00 -3.2606e+00 +2.5524e+00
3409 0 +1.463908501e-01 -3.210360915e+01 -3.210360915e+01 +3.6804e+00 +4.7259e-01 -1.0309e+00 -3.2584e+00 +2.5553e+00
3583 0 +1.445140845e-01 -3.210548592e+01 -3.210548592e+01 +3.6747e+00 +4.7336e-01 -1.0280e+00 -3.2549e+00 +2.5569e+00
3724 0 +1.396462810e-01 -3.211035372e+01 -3.211035372e+01 +3.6775e+00 +4.7998e-01 -1.0288e+00 -3.2479e+00 +2.5655e+00
3860 0 +1.281012366e-01 -3.212189876e+01 -3.212189876e+01 +3.6809e+00 +4.7366e-01 -1.0375e+00 -3.2584e+00 +2.5538e+00
4085 0 +1.258022874e-01 -3.212419771e+01 -3.212419771e+01 +3.6812e+00 +4.8416e-01 -1.0352e+00 -3.2490e+00 +2.5660e+00
4235 0 +1.187914556e-01 -3.213120854e+01 -3.213120854e+01 +3.6811e+00 +4.8293e-01 -1.0357e+00 -3.2476e+00 +2.5645e+00
4347 0 +1.170805684e-01 -3.213291943e+01 -3.213291943e+01 +3.6805e+00 +4.8293e-01 -1.0361e+00 -3.2484e+00 +2.5645e+00
5606 0 +1.095112709e-01 -3.214048873e+01 -3.214048873e+01 +3.6842e+00 +4.8300e-01 -1.0419e+00 -3.2478e+00 +2.5625e+00
6187 0 +1.069054546e-01 -3.214309455e+01 -3.214309455e+01 +3.6839e+00 +4.8361e-01 -1.0411e+00 -3.2471e+00 +2.5633e+00
6409 0 +1.040583752e-01 -3.214594162e+01 -3.214594162e+01 +3.6839e+00 +4.8378e-01 -1.0411e+00 -3.2476e+00 +2.5637e+00
6982 0 +1.002631123e-01 -3.214973689e+01 -3.214973689e+01 +3.6841e+00 +4.8375e-01 -1.0416e+00 -3.2473e+00 +2.5634e+00
7605 0 +9.988948421e-02 -3.215011052e+01 -3.215011052e+01 +3.6843e+00 +4.8336e-01 -1.0418e+00 -3.2476e+00 +2.5628e+00
8215 0 +9.682557301e-02 -3.215317443e+01 -3.215317443e+01 +3.6842e+00 +4.8367e-01 -1.0418e+00 -3.2475e+00 +2.5632e+00
46012 0 +9.682557301e-02 -3.215317443e+01 -3.215317443e+01 +3.6842e+00 +4.8367e-01 -1.0418e+00 -3.2475e+00 +2.5632e+00
% f evaluations | g evaluations | best noise-free fitness - Fopt (3.681200000000e+02) + sum g_i+ | measured fitness | best measured fitness or single-digit g-values | x1 | x2...
1 0 +4.418984040e+01 +4.123098404e+02 +4.123098404e+02 +0.0000e+00 +0.0000e+00 +0.0000e+00 +0.0000e+00 +0.0000e+00
12 0 +3.617665815e+01 +4.042966582e+02 +4.042966582e+02 -1.0177e+00 +6.6779e-01 -1.1421e+00 -1.6438e+00 +1.9629e+00
18 0 +2.350728548e+01 +3.916272855e+02 +3.916272855e+02 -6.9077e-01 +2.1847e-01 +1.0479e+00 +1.1965e-01 -1.3772e+00
80 0 +2.107992990e+01 +3.891999299e+02 +3.891999299e+02 -8.3872e-01 +3.1082e-01 +2.2163e+00 +3.3217e-01 -1.3415e+00
94 0 +2.071753110e+01 +3.888375311e+02 +3.888375311e+02 -9.0700e-01 -6.4668e-01 +2.2794e+00 +9.4597e-01 -3.1234e-02
219 0 +1.953114745e+01 +3.876511475e+02 +3.876511475e+02 -1.4918e+00 -1.9766e+00 -4.8271e-01 -3.9256e+00 -1.0102e+00
221 0 +1.753325343e+01 +3.856532534e+02 +3.856532534e+02 -1.0338e+00 -2.9664e+00 -6.8086e-01 -2.3189e+00 -3.7302e-01
242 0 +9.311032422e+00 +3.774310324e+02 +3.774310324e+02 -2.6378e+00 -4.8728e-01 -2.9052e-01 -2.6892e+00 +4.1006e-01
255 0 +7.472619364e+00 +3.755926194e+02 +3.755926194e+02 -2.4520e+00 +4.4363e-01 +1.5744e+00 -1.8023e+00 +8.2271e-02
356 0 +6.711946195e+00 +3.748319462e+02 +3.748319462e+02 -2.0838e+00 -7.1526e-01 +7.9251e-01 -1.7227e+00 +1.8223e-01
377 0 +6.544422752e+00 +3.746644228e+02 +3.746644228e+02 -3.0800e+00 -5.9772e-01 +1.2333e+00 -1.4921e+00 +1.2007e-01
381 0 +6.261488105e+00 +3.743814881e+02 +3.743814881e+02 -3.0117e+00 -5.7556e-01 +5.4862e-01 -2.5808e+00 -5.8163e-01
429 0 +5.187154776e+00 +3.733071548e+02 +3.733071548e+02 -2.2460e+00 -1.0129e+00 -2.8683e-02 -2.2085e+00 -2.6060e-01
430 0 +3.759327422e+00 +3.718793274e+02 +3.718793274e+02 -2.5824e+00 +5.9714e-01 +1.3394e+00 -2.1367e+00 -2.4205e-01
802 0 +3.064401398e+00 +3.711844014e+02 +3.711844014e+02 -2.4221e+00 -8.7541e-01 +7.5443e-01 -2.1909e+00 -1.1966e-02
1005 0 +2.192256811e+00 +3.703122568e+02 +3.703122568e+02 -2.4526e+00 -1.4134e+00 +5.4511e-01 -2.3930e+00 -4.3678e-01
1035 0 +1.585805168e+00 +3.697058052e+02 +3.697058052e+02 -2.4955e+00 -8.8227e-01 +9.3861e-01 -2.2896e+00 -8.0378e-01
1280 0 +1.559814476e+00 +3.696798145e+02 +3.696798145e+02 -2.5357e+00 -2.1761e-01 +9.7758e-01 -2.0609e+00 -2.5759e-01
1371 0 +1.501134240e+00 +3.696211342e+02 +3.696211342e+02 -2.4818e+00 -8.0812e-01 +6.8790e-01 -2.2412e+00 -6.6739e-01
1530 0 +1.475474781e+00 +3.695954748e+02 +3.695954748e+02 -2.2062e+00 -2.0702e+00 +5.4825e-01 -2.5165e+00 -8.0753e-01
1597 0 +7.673245838e-01 +3.688873246e+02 +3.688873246e+02 -2.4192e+00 -1.0645e+00 +6.0764e-01 -2.3450e+00 -6.8630e-01
2059 0 +7.357688368e-01 +3.688557688e+02 +3.688557688e+02 -2.5200e+00 -8.6421e-01 +7.0888e-01 -2.2155e+00 -6.0594e-01
2077 0 +7.203898352e-01 +3.688403898e+02 +3.688403898e+02 -2.5082e+00 -1.0259e+00 +6.6239e-01 -2.3254e+00 -7.2082e-01
2081 0 +3.680477939e-01 +3.684880478e+02 +3.684880478e+02 -2.4310e+00 -1.1272e+00 +7.3374e-01 -2.3096e+00 -6.4613e-01
2108 0 +9.950156177e-02 +3.682195016e+02 +3.682195016e+02 -2.4575e+00 -1.0754e+00 +7.2393e-01 -2.3082e+00 -6.5389e-01
2371 0 +8.736233950e-02 +3.682073623e+02 +3.682073623e+02 -2.4673e+00 -1.1152e+00 +7.0896e-01 -2.3280e+00 -6.6582e-01
2859 0 +8.505809492e-02 +3.682050581e+02 +3.682050581e+02 -2.4796e+00 -1.0013e+00 +7.3052e-01 -2.2850e+00 -6.2193e-01
3139 0 +6.603829217e-02 +3.681860383e+02 +3.681860383e+02 -2.4674e+00 -1.0888e+00 +7.1398e-01 -2.3270e+00 -6.6648e-01
3233 0 +6.084561166e-02 +3.681808456e+02 +3.681808456e+02 -2.4586e+00 -1.1057e+00 +7.0992e-01 -2.3273e+00 -6.6216e-01
3758 0 +5.781160475e-02 +3.681778116e+02 +3.681778116e+02 -2.4597e+00 -1.1104e+00 +7.1248e-01 -2.3292e+00 -6.6023e-01
3759 0 +5.277735266e-02 +3.681727774e+02 +3.681727774e+02 -2.4628e+00 -1.1001e+00 +7.1604e-01 -2.3297e+00 -6.7100e-01
3916 0 +2.999774635e-02 +3.681499977e+02 +3.681499977e+02 -2.4651e+00 -1.0730e+00 +7.2453e-01 -2.3158e+00 -6.5322e-01
3985 0 +2.822585765e-02 +3.681482259e+02 +3.681482259e+02 -2.4608e+00 -1.0871e+00 +7.2223e-01 -2.3179e+00 -6.4476e-01
4160 0 +2.202015446e-02 +3.681420202e+02 +3.681420202e+02 -2.4647e+00 -1.0754e+00 +7.2180e-01 -2.3183e+00 -6.5369e-01
4397 0 +1.776308321e-02 +3.681377631e+02 +3.681377631e+02 -2.4635e+00 -1.0907e+00 +7.1483e-01 -2.3258e+00 -6.5944e-01
4842 0 +1.646501648e-02 +3.681364650e+02 +3.681364650e+02 -2.4653e+00 -1.0874e+00 +7.1844e-01 -2.3229e+00 -6.5479e-01
4858 0 +9.645631472e-03 +3.681296456e+02 +3.681296456e+02 -2.4645e+00 -1.0809e+00 +7.1937e-01 -2.3214e+00 -6.5412e-01
4926 0 +8.214577714e-03 +3.681282146e+02 +3.681282146e+02 -2.4647e+00 -1.0823e+00 +7.1892e-01 -2.3218e+00 -6.5385e-01
5270 0 +5.958697456e-03 +3.681259587e+02 +3.681259587e+02 -2.4644e+00 -1.0892e+00 +7.1480e-01 -2.3268e+00 -6.5812e-01
8499 0 +5.710047230e-03 +3.681257100e+02 +3.681257100e+02 -2.4615e+00 -1.0870e+00 +7.2077e-01 -2.3201e+00 -6.5083e-01
9073 0 +5.461187353e-03 +3.681254612e+02 +3.681254612e+02 -2.4615e+00 -1.0869e+00 +7.2081e-01 -2.3200e+00 -6.5070e-01
9180 0 +5.347310300e-03 +3.681253473e+02 +3.681253473e+02 -2.4614e+00 -1.0871e+00 +7.2082e-01 -2.3200e+00 -6.5071e-01
9596 0 +5.211205963e-03 +3.681252112e+02 +3.681252112e+02 -2.4614e+00 -1.0871e+00 +7.2083e-01 -2.3200e+00 -6.5073e-01
9802 0 +5.068724780e-03 +3.681250687e+02 +3.681250687e+02 -2.4615e+00 -1.0869e+00 +7.2085e-01 -2.3200e+00 -6.5068e-01
9807 0 +5.006872078e-03 +3.681250069e+02 +3.681250069e+02 -2.4615e+00 -1.0869e+00 +7.2085e-01 -2.3200e+00 -6.5065e-01
10284 0 +4.713013198e-03 +3.681247130e+02 +3.681247130e+02 -2.4614e+00 -1.0873e+00 +7.2083e-01 -2.3201e+00 -6.5074e-01
10796 0 +4.637970138e-03 +3.681246380e+02 +3.681246380e+02 -2.4614e+00 -1.0874e+00 +7.2078e-01 -2.3201e+00 -6.5080e-01
15324 0 +4.587735100e-03 +3.681245877e+02 +3.681245877e+02 -2.4614e+00 -1.0873e+00 +7.2082e-01 -2.3201e+00 -6.5075e-01
% f evaluations | g evaluations | best noise-free fitness - Fopt (4.739000000000e+01) + sum g_i+ | measured fitness | best measured fitness or single-digit g-values | x1 | x2...
1 0 +4.522224235e+01 +9.261224235e+01 +9.261224235e+01 +0.0000e+00 +0.0000e+00 +0.0000e+00 +0.0000e+00 +0.0000e+00
13 0 +3.661098803e+01 +8.400098803e+01 +8.400098803e+01 -2.6960e+00 +5.2169e+00 +1.0807e+00 -4.4458e-01 -2.1358e+00
18 0 +3.411865539e+01 +8.150865539e+01 +8.150865539e+01 -2.9742e+00 +2.9712e+00 -2.3489e+00 +3.0783e+00 -4.7918e-01
23 0 +2.330317493e+01 +7.069317493e+01 +7.069317493e+01 +2.5310e-01 +1.9368e+00 -2.1944e+00 -1.4507e+00 +1.2170e+00
62 0 +1.862217529e+01 +6.601217529e+01 +6.601217529e+01 -3.9344e-01 +3.3465e+00 -3.6689e+00 -3.8987e-01 +3.1438e-01
64 0 +1.105293956e+01 +5.844293956e+01 +5.844293956e+01 -8.9450e-01 -3.6086e-01 -2.3663e+00 +1.0485e-01 -1.1242e-02
247 0 +1.016781535e+01 +5.755781535e+01 +5.755781535e+01 -7.8286e-01 +1.7980e-01 -1.3218e+00 +1.1379e+00 +1.6323e+00
262 0 +2.614582101e+00 +5.000458210e+01 +5.000458210e+01 -4.3908e-01 +1.1191e+00 -1.3114e+00 +9.3360e-01 +1.0049e+00
866 0 +2.417116916e+00 +4.980711692e+01 +4.980711692e+01 +1.3343e-01 +3.7486e+00 +1.4941e-01 +2.1926e-01 +3.1103e-01
1152 0 +1.787329526e+00 +4.917732953e+01 +4.917732953e+01 +4.0564e-01 +3.1936e+00 +1.1617e-01 +5.3877e-01 +3.6329e-01
1299 0 +1.656792595e+00 +4.904679259e+01 +4.904679259e+01 +3.9612e-01 +3.0695e+00 +1.4762e-01 +6.4108e-01 +5.7708e-01
1432 0 +1.342682400e+00 +4.873268240e+01 +4.873268240e+01 -4.8113e-01 +3.0895e+00 -6.4981e-01 +1.3340e-01 +2.5213e-01
1627 0 +1.245050327e+00 +4.863505033e+01 +4.863505033e+01 -1.7649e-01 +2.4705e+00 -4.6758e-01 +5.0773e-01 +6.1291e-01
1638 0 +1.101618430e+00 +4.849161843e+01 +4.849161843e+01 -1.3433e-01 +2.7478e+00 -4.2035e-01 +4.8917e-01 +6.1333e-01
1655 0 +1.093059818e+00 +4.848305982e+01 +4.848305982e+01 -2.7818e-01 +2.5271e+00 -6.0260e-01 +3.9555e-01 +6.0000e-01
1730 0 +8.814662699e-01 +4.827146627e+01 +4.827146627e+01 -9.0165e-02 +2.7180e+00 -4.1892e-01 +4.4973e-01 +5.4317e-01
1794 0 +6.530797186e-01 +4.804307972e+01 +4.804307972e+01 -1.1265e-01 +2.8721e+00 -4.2819e-01 +3.9535e-01 +5.0336e-01
1915 0 +6.257950415e-01 +4.801579504e+01 +4.801579504e+01 -4.1142e-01 +2.4861e+00 -7.6170e-01 +3.7185e-01 +5.1060e-01
2031 0 +5.909064783e-01 +4.798090648e+01 +4.798090648e+01 -4.4637e-01 +2.6700e+00 -9.6185e-01 +2.9901e-01 +4.2220e-01
2222 0 +5.292805627e-01 +4.791928056e+01 +4.791928056e+01 -5.2191e-01 +2.6094e+00 -8.2143e-01 +2.0572e-01 +4.0915e-01
2246 0 +4.619601868e-01 +4.785196019e+01 +4.785196019e+01 -7.7584e-01 +2.5147e+00 -1.1198e+00 +9.7419e-02 +4.1073e-01
2836 0 +1.415006768e-01 +4.753150068e+01 +4.753150068e+01 -4.5051e-01 +2.6622e+00 -7.9313e-01 +2.6257e-01 +4.4391e-01
3148 0 +1.407584869e-01 +4.753075849e+01 +4.753075849e+01 -4.5052e-01 +2.6515e+00 -8.1348e-01 +2.6058e-01 +4.4705e-01
3273 0 +1.371980407e-01 +4.752719804e+01 +4.752719804e+01 -4.0982e-01 +2.6810e+00 -7.4397e-01 +2.6205e-01 +4.5717e-01
3411 0 +1.066942420e-01 +4.749669424e+01 +4.749669424e+01 -4.6747e-01 +2.6460e+00 -8.3178e-01 +2.4194e-01 +4.3634e-01
3520 0 +8.380023128e-02 +4.747380023e+01 +4.747380023e+01 -4.6079e-01 +2.6591e+00 -8.2091e-01 +2.4184e-01 +4.3461e-01
3522 0 +7.338468168e-02 +4.746338468e+01 +4.746338468e+01 -4.3639e-01 +2.6625e+00 -7.9154e-01 +2.4930e-01 +4.3892e-01
3902 0 +6.518909968e-02 +4.745518910e+01 +4.745518910e+01 -4.4665e-01 +2.6756e+00 -8.0136e-01 +2.4618e-01 +4.3500e-01
4238 0 +5.444072391e-02 +4.744444072e+01 +4.744444072e+01 -4.3673e-01 +2.6748e+00 -7.8646e-01 +2.5094e-01 +4.3800e-01
4786 0 +5.106764949e-02 +4.744106765e+01 +4.744106765e+01 -4.6129e-01 +2.6537e+00 -8.2243e-01 +2.3363e-01 +4.3539e-01
4810 0 +4.003007424e-02 +4.743003007e+01 +4.743003007e+01 -4.5926e-01 +2.6556e+00 -8.1848e-01 +2.3875e-01 +4.3574e-01
4824 0 +3.150620833e-02 +4.742150621e+01 +4.742150621e+01 -4.6562e-01 +2.6583e+00 -8.2746e-01 +2.3584e-01 +4.3105e-01
5523 0 +2.765752178e-02 +4.741765752e+01 +4.741765752e+01 -4.7638e-01 +2.6374e+00 -8.4121e-01 +2.3419e-01 +4.3291e-01
5527 0 +2.730255166e-02 +4.741730255e+01 +4.741730255e+01 -4.8093e-01 +2.6426e+00 -8.4666e-01 +2.2877e-01 +4.3040e-01
5553 0 +2.632769843e-02 +4.741632770e+01 +4.741632770e+01 -4.7768e-01 +2.6421e+00 -8.4423e-01 +2.3144e-01 +4.2847e-01
5566 0 +2.439991887e-02 +4.741439992e+01 +4.741439992e+01 -4.7811e-01 +2.6452e+00 -8.4146e-01 +2.3061e-01 +4.2840e-01
6174 0 +1.891836910e-02 +4.740891837e+01 +4.740891837e+01 -5.0179e-01 +2.6263e+00 -8.6877e-01 +2.2072e-01 +4.2638e-01
6367 0 +1.673464107e-02 +4.740673464e+01 +4.740673464e+01 -4.9462e-01 +2.6295e+00 -8.6199e-01 +2.2522e-01 +4.2883e-01
6379 0 +1.571181317e-02 +4.740571181e+01 +4.740571181e+01 -4.9634e-01 +2.6308e+00 -8.6498e-01 +2.2485e-01 +4.2676e-01
7190 0 +1.031090692e-02 +4.740031091e+01 +4.740031091e+01 -4.9320e-01 +2.6337e+00 -8.6124e-01 +2.2519e-01 +4.2701e-01
7564 0 +9.168831285e-03 +4.739916883e+01 +4.739916883e+01 -4.8901e-01 +2.6378e+00 -8.5662e-01 +2.2696e-01 +4.2757e-01
7675 0 +9.027103792e-03 +4.739902710e+01 +4.739902710e+01 -4.8830e-01 +2.6399e+00 -8.5389e-01 +2.2586e-01 +4.2744e-01
7852 0 +6.947689022e-03 +4.739694769e+01 +4.739694769e+01 -4.9139e-01 +2.6380e+00 -8.5761e-01 +2.2428e-01 +4.2663e-01
8270 0 +5.088330384e-03 +4.739508833e+01 +4.739508833e+01 -4.8985e-01 +2.6386e+00 -8.5589e-01 +2.2524e-01 +4.2715e-01
8403 0 +4.660678886e-03 +4.739466068e+01 +4.739466068e+01 -4.8979e-01 +2.6388e+00 -8.5539e-01 +2.2517e-01 +4.2715e-01
8607 0 +3.968901254e-03 +4.739396890e+01 +4.739396890e+01 -4.8953e-01 +2.6361e+00 -8.5625e-01 +2.2648e-01 +4.2807e-01
8840 0 +3.456079146e-03 +4.739345608e+01 +4.739345608e+01 -4.8886e-01 +2.6371e+00 -8.5528e-01 +2.2654e-01 +4.2798e-01
8938 0 +2.875068759e-03 +4.739287507e+01 +4.739287507e+01 -4.8861e-01 +2.6367e+00 -8.5507e-01 +2.2683e-01 +4.2819e-01
9255 0 +2.728869246e-03 +4.739272887e+01 +4.739272887e+01 -4.8853e-01 +2.6363e+00 -8.5527e-01 +2.2706e-01 +4.2835e-01
9279 0 +2.253166474e-03 +4.739225317e+01 +4.739225317e+01 -4.8844e-01 +2.6365e+00 -8.5509e-01 +2.2706e-01 +4.2832e-01
10289 0 +2.133525004e-03 +4.739213353e+01 +4.739213353e+01 -4.8854e-01 +2.6366e+00 -8.5515e-01 +2.2699e-01 +4.2825e-01
10380 0 +1.950304545e-03 +4.739195030e+01 +4.739195030e+01 -4.8859e-01 +2.6364e+00 -8.5524e-01 +2.2701e-01 +4.2828e-01
10553 0 +1.825233011e-03 +4.739182523e+01 +4.739182523e+01 -4.8853e-01 +2.6366e+00 -8.5513e-01 +2.2698e-01 +4.2827e-01
10819 0 +1.714462843e-03 +4.739171446e+01 +4.739171446e+01 -4.8856e-01 +2.6365e+00 -8.5522e-01 +2.2700e-01 +4.2829e-01
11016 0 +1.518619376e-03 +4.739151862e+01 +4.739151862e+01 -4.8857e-01 +2.6365e+00 -8.5521e-01 +2.2699e-01 +4.2829e-01
12218 0 +1.513279883e-03 +4.739151328e+01 +4.739151328e+01 -4.8850e-01 +2.6365e+00 -8.5514e-01 +2.2703e-01 +4.2829e-01
12462 0 +1.453936032e-03 +4.739145394e+01 +4.739145394e+01 -4.8851e-01 +2.6365e+00 -8.5515e-01 +2.2702e-01 +4.2829e-01
12467 0 +1.416247891e-03 +4.739141625e+01 +4.739141625e+01 -4.8851e-01 +2.6365e+00 -8.5514e-01 +2.2701e-01 +4.2829e-01
12649 0 +1.394485714e-03 +4.739139449e+01 +4.739139449e+01 -4.8851e-01 +2.6365e+00 -8.5514e-01 +2.2701e-01 +4.2829e-01
12852 0 +1.332645948e-03 +4.739133265e+01 +4.739133265e+01 -4.8853e-01 +2.6365e+00 -8.5516e-01 +2.2700e-01 +4.2828e-01
13032 0 +1.255357371e-03 +4.739125536e+01 +4.739125536e+01 -4.8852e-01 +2.6365e+00 -8.5515e-01 +2.2701e-01 +4.2829e-01
13841 0 +1.197581411e-03 +4.739119758e+01 +4.739119758e+01 -4.8850e-01 +2.6365e+00 -8.5513e-01 +2.2702e-01 +4.2829e-01
14408 0 +1.197581411e-03 +4.739119758e+01 +4.739119758e+01 -4.8850e-01 +2.6365e+00 -8.5513e-01 +2.2702e-01 +4.2829e-01
% f evaluations | g evaluations | best noise-free fitness - Fopt (-3.428900000000e+02) + sum g_i+ | measured fitness | best measured fitness or single-digit g-values | x1 | x2...
1 0 +9.490063186e+01 -2.479893681e+02 -2.479893681e+02 +0.0000e+00 +0.0000e+00 +0.0000e+00 +0.0000e+00 +0.0000e+00
3 0 +5.405408927e+01 -2.888359107e+02 -2.888359107e+02 +3.9677e+00 -3.5019e+00 +4.5264e+00 -3.2542e+00 +3.1580e+00
8 0 +4.556278938e+01 -2.973272106e+02 -2.973272106e+02 +1.5387e+00 -2.3493e+00 +1.7585e+00 -2.2281e+00 +2.2035e+00
12 0 +2.436952166e+01 -3.185204783e+02 -3.185204783e+02 +3.5247e+00 -2.7225e+00 +4.5204e+00 -2.1050e+00 +9.9670e-01
28 0 +1.706206619e+01 -3.258279338e+02 -3.258279338e+02 +7.4677e-01 -3.5792e+00 +2.0517e+00 -3.4038e+00 +3.1880e+00
57 0 +8.432919832e+00 -3.344570802e+02 -3.344570802e+02 +1.0522e+00 -2.4147e+00 +2.7138e+00 -3.5298e+00 +2.8650e-01
72 0 +5.037835178e+00 -3.378521648e+02 -3.378521648e+02 +2.3599e+00 -1.9882e+00 +3.4401e+00 -2.3806e+00 -1.0223e+00
110 0 +4.947490036e+00 -3.379425100e+02 -3.379425100e+02 +2.4681e+00 -2.2886e+00 +3.5701e+00 -3.5102e+00 -6.6318e-01
374 0 +4.184985665e+00 -3.387050143e+02 -3.387050143e+02 +2.0349e+00 -2.5253e+00 +2.7584e+00 -2.6994e+00 -5.0933e-01
484 0 +3.277750614e+00 -3.396122494e+02 -3.396122494e+02 +2.2364e+00 -2.1907e+00 +2.9738e+00 -2.3213e+00 -1.0816e+00
1262 0 +2.763185493e+00 -3.401268145e+02 -3.401268145e+02 +1.8702e+00 -2.2594e+00 +2.6080e+00 -1.2761e+00 -1.8901e+00
1293 0 +2.241962656e+00 -3.406480373e+02 -3.406480373e+02 +2.1532e+00 -2.2583e+00 +2.9115e+00 -1.3401e+00 -2.0067e+00
1327 0 +1.898878784e+00 -3.409911212e+02 -3.409911212e+02 +1.9523e+00 -2.3434e+00 +2.6542e+00 -1.2668e+00 -1.8473e+00
1556 0 +1.565546337e+00 -3.413244537e+02 -3.413244537e+02 +1.9548e+00 -2.3861e+00 +3.0767e+00 -1.6831e+00 -1.4881e+00
1592 0 +1.473798917e+00 -3.414162011e+02 -3.414162011e+02 +1.8996e+00 -2.4220e+00 +2.8865e+00 -1.4377e+00 -1.8208e+00
1636 0 +1.239819845e+00 -3.416501802e+02 -3.416501802e+02 +1.8867e+00 -2.4306e+00 +2.7891e+00 -1.3563e+00 -1.7997e+00
1723 0 +1.094966762e+00 -3.417950332e+02 -3.417950332e+02 +2.0939e+00 -2.3714e+00 +3.1310e+00 -1.7420e+00 -1.5524e+00
2627 0 +9.799163925e-01 -3.419100836e+02 -3.419100836e+02 +2.2270e+00 -2.4126e+00 +3.2995e+00 -2.1518e+00 -1.2250e+00
2726 0 +8.380975905e-01 -3.420519024e+02 -3.420519024e+02 +2.2231e+00 -2.5949e+00 +3.3833e+00 -2.5351e+00 -8.5799e-01
2744 0 +6.999628247e-01 -3.421900372e+02 -3.421900372e+02 +2.1728e+00 -2.4911e+00 +3.3532e+00 -2.3259e+00 -1.0358e+00
2964 0 +5.739448330e-01 -3.423160552e+02 -3.423160552e+02 +2.1542e+00 -2.5910e+00 +3.2683e+00 -2.5270e+00 -8.1377e-01
2987 0 +4.023497487e-01 -3.424876503e+02 -3.424876503e+02 +2.1536e+00 -2.6036e+00 +3.3224e+00 -2.5421e+00 -8.0647e-01
3099 0 +3.497592507e-01 -3.425402407e+02 -3.425402407e+02 +2.2154e+00 -2.6527e+00 +3.4264e+00 -2.7584e+00 -6.5413e-01
3741 0 +3.438185410e-01 -3.425461815e+02 -3.425461815e+02 +2.1831e+00 -2.6238e+00 +3.3371e+00 -2.6331e+00 -7.3406e-01
3787 0 +2.214308758e-01 -3.426685691e+02 -3.426685691e+02 +2.1688e+00 -2.6382e+00 +3.3377e+00 -2.6435e+00 -7.2051e-01
3853 0 +2.026289152e-01 -3.426873711e+02 -3.426873711e+02 +2.1806e+00 -2.6346e+00 +3.3666e+00 -2.6691e+00 -7.1597e-01
3887 0 +1.975338189e-01 -3.426924662e+02 -3.426924662e+02 +2.1644e+00 -2.6347e+00 +3.3392e+00 -2.6604e+00 -7.0761e-01
4048 0 +1.814222498e-01 -3.427085778e+02 -3.427085778e+02 +2.1762e+00 -2.6241e+00 +3.3465e+00 -2.6529e+00 -7.2955e-01
4156 0 +1.438430876e-01 -3.427461569e+02 -3.427461569e+02 +2.1810e+00 -2.6261e+00 +3.3626e+00 -2.6590e+00 -7.2217e-01
4354 0 +1.391230364e-01 -3.427508770e+02 -3.427508770e+02 +2.1822e+00 -2.6268e+00 +3.3597e+00 -2.6545e+00 -7.2662e-01
4820 0 +1.119828100e-01 -3.427780172e+02 -3.427780172e+02 +2.1815e+00 -2.6305e+00 +3.3609e+00 -2.6634e+00 -7.1948e-01
5172 0 +1.074142530e-01 -3.427825857e+02 -3.427825857e+02 +2.1790e+00 -2.6396e+00 +3.3565e+00 -2.6732e+00 -7.0583e-01
5315 0 +9.766961087e-02 -3.427923304e+02 -3.427923304e+02 +2.1829e+00 -2.6339e+00 +3.3639e+00 -2.6697e+00 -7.1400e-01
5610 0 +8.821177587e-02 -3.428017882e+02 -3.428017882e+02 +2.1809e+00 -2.6375e+00 +3.3577e+00 -2.6804e+00 -7.0049e-01
5890 0 +7.478923115e-02 -3.428152108e+02 -3.428152108e+02 +2.1754e+00 -2.6398e+00 +3.3499e+00 -2.6752e+00 -7.0107e-01
6218 0 +6.938448924e-02 -3.428206155e+02 -3.428206155e+02 +2.1730e+00 -2.6405e+00 +3.3481e+00 -2.6705e+00 -7.0389e-01
6257 0 +6.720095740e-02 -3.428227990e+02 -3.428227990e+02 +2.1733e+00 -2.6404e+00 +3.3479e+00 -2.6722e+00 -7.0334e-01
6278 0 +6.438118261e-02 -3.428256188e+02 -3.428256188e+02 +2.1732e+00 -2.6395e+00 +3.3475e+00 -2.6721e+00 -7.0304e-01
6467 0 +4.719678482e-02 -3.428428032e+02 -3.428428032e+02 +2.1720e+00 -2.6386e+00 +3.3457e+00 -2.6670e+00 -7.0684e-01
7565 0 +4.666146839e-02 -3.428433385e+02 -3.428433385e+02 +2.1724e+00 -2.6374e+00 +3.3458e+00 -2.6656e+00 -7.0865e-01
7925 0 +4.478238142e-02 -3.428452176e+02 -3.428452176e+02 +2.1717e+00 -2.6384e+00 +3.3453e+00 -2.6663e+00 -7.0751e-01
8104 0 +4.434301468e-02 -3.428456570e+02 -3.428456570e+02 +2.1719e+00 -2.6383e+00 +3.3454e+00 -2.6667e+00 -7.0717e-01
8130 0 +4.323113254e-02 -3.428467689e+02 -3.428467689e+02 +2.1719e+00 -2.6384e+00 +3.3454e+00 -2.6668e+00 -7.0697e-01
8166 0 +4.160840698e-02 -3.428483916e+02 -3.428483916e+02 +2.1719e+00 -2.6383e+00 +3.3455e+00 -2.6667e+00 -7.0720e-01
8253 0 +3.913667078e-02 -3.428508633e+02 -3.428508633e+02 +2.1718e+00 -2.6383e+00 +3.3453e+00 -2.6664e+00 -7.0735e-01
10750 0 +3.866744388e-02 -3.428513326e+02 -3.428513326e+02 +2.1720e+00 -2.6380e+00 +3.3456e+00 -2.6661e+00 -7.0780e-01
15607 0 +3.768651852e-02 -3.428523135e+02 -3.428523135e+02 +2.1720e+00 -2.6380e+00 +3.3455e+00 -2.6660e+00 -7.0790e-01
21456 0 +3.768651852e-02 -3.428523135e+02 -3.428523135e+02 +2.1720e+00 -2.6380e+00 +3.3455e+00 -2.6660e+00 -7.0790e-01
% f evaluations | g evaluations | best noise-free fitness - Fopt (9.102000000000e+01) + sum g_i+ | measured fitness | best measured fitness or single-digit g-values | x1 | x2...
1 0 +5.653923391e+01 +1.475592339e+02 +1.475592339e+02 +0.0000e+00 +0.0000e+00 +0.0000e+00 +0.0000e+00 +0.0000e+00
6 0 +4.016488942e+01 +1.311848894e+02 +1.311848894e+02 +3.6182e+00 +1.4742e+00 +1.9984e+00 -1.7515e+00 -2.8599e+00
11 0 +2.529617004e+01 +1.163161700e+02 +1.163161700e+02 +3.4892e+00 +1.0814e+00 +2.1105e+00 -9.1569e-01 -1.7093e+00
32 0 +2.297088603e+01 +1.139908860e+02 +1.139908860e+02 -1.2325e+00 -1.4595e+00 +2.3810e+00 -3.1432e+00 -1.3064e+00
34 0 +2.098006998e+01 +1.120000700e+02 +1.120000700e+02 +8.1852e-01 +1.0869e+00 +4.5936e+00 -2.1484e+00 +1.1139e-01
72 0 +1.526420420e+01 +1.062842042e+02 +1.062842042e+02 -7.0243e-01 +1.6861e-01 +2.2579e+00 -1.2122e+00 +7.0222e-01
136 0 +1.127964704e+01 +1.022996470e+02 +1.022996470e+02 +2.6283e-01 -9.6577e-01 +2.7510e+00 -3.1514e+00 -1.0111e+00
270 0 +1.113336831e+01 +1.021533683e+02 +1.021533683e+02 +1.1319e+00 -4.0393e-01 +2.4741e+00 -3.9630e+00 -9.3003e-01
312 0 +6.816287904e+00 +9.783628790e+01 +9.783628790e+01 +4.8100e-01 -6.3349e-01 +3.0744e+00 -3.6121e+00 -1.1181e+00
407 0 +5.371520767e+00 +9.639152077e+01 +9.639152077e+01 -3.9007e-01 -2.2100e+00 +4.4871e+00 -2.4785e+00 -1.9492e+00
436 0 +4.613315268e+00 +9.563331527e+01 +9.563331527e+01 -2.4906e-03 -1.4745e+00 +3.7079e+00 -2.6144e+00 -2.4150e+00
611 0 +4.213384527e+00 +9.523338453e+01 +9.523338453e+01 -2.2158e-01 -6.0339e-01 +3.4822e+00 -3.3069e+00 -1.8952e+00
636 0 +3.418156324e+00 +9.443815632e+01 +9.443815632e+01 +4.8336e-01 +7.6622e-02 +2.6744e+00 -3.3129e+00 -1.9386e+00
850 0 +3.355807118e+00 +9.437580712e+01 +9.437580712e+01 +1.5685e-01 -1.3422e+00 +3.8412e+00 -2.5468e+00 -1.8864e+00
907 0 +3.201455585e+00 +9.422145559e+01 +9.422145559e+01 +5.0667e-01 -1.3238e+00 +3.6396e+00 -2.6698e+00 -1.7721e+00
948 0 +1.380609000e+00 +9.240060900e+01 +9.240060900e+01 +3.0885e-01 -1.2342e+00 +3.6620e+00 -2.7248e+00 -1.8427e+00
1059 0 +1.264749326e+00 +9.228474933e+01 +9.228474933e+01 +6.6030e-01 -9.2924e-01 +3.1098e+00 -2.8083e+00 -1.8083e+00
1518 0 +1.240933765e+00 +9.226093377e+01 +9.226093377e+01 +3.3303e-01 -8.4491e-01 +3.4085e+00 -2.9498e+00 -1.8604e+00
1745 0 +1.206977244e+00 +9.222697724e+01 +9.222697724e+01 +2.7980e-01 -1.0350e+00 +3.1567e+00 -3.2095e+00 -1.7027e+00
1786 0 +3.902209295e-01 +9.141022093e+01 +9.141022093e+01 +5.7943e-01 -9.1979e-01 +3.2689e+00 -2.8512e+00 -1.8105e+00
2139 0 +3.720146484e-01 +9.139201465e+01 +9.139201465e+01 +5.3823e-01 -9.0231e-01 +3.2688e+00 -2.9469e+00 -1.7691e+00
2180 0 +1.772713866e-01 +9.119727139e+01 +9.119727139e+01 +6.0648e-01 -8.6293e-01 +3.1634e+00 -2.9036e+00 -1.7596e+00
2612 0 +1.060355144e-01 +9.112603551e+01 +9.112603551e+01 +5.8124e-01 -8.5919e-01 +3.2349e+00 -2.8725e+00 -1.7990e+00
2890 0 +9.983635302e-02 +9.111983635e+01 +9.111983635e+01 +5.8603e-01 -8.6070e-01 +3.2133e+00 -2.8871e+00 -1.7778e+00
3192 0 +7.675768476e-02 +9.109675768e+01 +9.109675768e+01 +5.8758e-01 -8.5380e-01 +3.2002e+00 -2.8972e+00 -1.7687e+00
3357 0 +7.130895501e-02 +9.109130896e+01 +9.109130896e+01 +6.1205e-01 -8.4663e-01 +3.1763e+00 -2.9061e+00 -1.7657e+00
3565 0 +4.879307391e-02 +9.106879307e+01 +9.106879307e+01 +5.9066e-01 -8.5713e-01 +3.2044e+00 -2.8962e+00 -1.7732e+00
3687 0 +4.584294583e-02 +9.106584295e+01 +9.106584295e+01 +5.9961e-01 -8.6260e-01 +3.2014e+00 -2.8974e+00 -1.7738e+00
3728 0 +4.340620486e-02 +9.106340620e+01 +9.106340620e+01 +5.9226e-01 -8.5847e-01 +3.2062e+00 -2.8990e+00 -1.7719e+00
3874 0 +3.934913444e-02 +9.105934913e+01 +9.105934913e+01 +5.8726e-01 -8.6645e-01 +3.2092e+00 -2.9043e+00 -1.7721e+00
3907 0 +3.259985947e-02 +9.105259986e+01 +9.105259986e+01 +5.9149e-01 -8.5993e-01 +3.2128e+00 -2.8940e+00 -1.7784e+00
4306 0 +3.052400698e-02 +9.105052401e+01 +9.105052401e+01 +5.7538e-01 -8.6700e-01 +3.2284e+00 -2.8961e+00 -1.7796e+00
4331 0 +2.730635410e-02 +9.104730635e+01 +9.104730635e+01 +5.7981e-01 -8.6670e-01 +3.2270e+00 -2.8909e+00 -1.7815e+00
4429 0 +2.451393076e-02 +9.104451393e+01 +9.104451393e+01 +5.7109e-01 -8.6775e-01 +3.2437e+00 -2.8868e+00 -1.7845e+00
4608 0 +2.295318021e-02 +9.104295318e+01 +9.104295318e+01 +5.6824e-01 -8.7301e-01 +3.2459e+00 -2.8890e+00 -1.7827e+00
4650 0 +2.124852080e-02 +9.104124852e+01 +9.104124852e+01 +5.7101e-01 -8.6891e-01 +3.2414e+00 -2.8837e+00 -1.7828e+00
4655 0 +1.163541370e-02 +9.103163541e+01 +9.103163541e+01 +5.7259e-01 -8.6881e-01 +3.2423e+00 -2.8850e+00 -1.7855e+00
5895 0 +9.742981445e-03 +9.102974298e+01 +9.102974298e+01 +5.7678e-01 -8.6683e-01 +3.2307e+00 -2.8921e+00 -1.7811e+00
7061 0 +9.268049601e-03 +9.102926805e+01 +9.102926805e+01 +5.7988e-01 -8.6463e-01 +3.2274e+00 -2.8916e+00 -1.7811e+00
7131 0 +8.372777278e-03 +9.102837278e+01 +9.102837278e+01 +5.7993e-01 -8.6436e-01 +3.2276e+00 -2.8915e+00 -1.7811e+00
7347 0 +7.809937391e-03 +9.102780994e+01 +9.102780994e+01 +5.8103e-01 -8.6469e-01 +3.2286e+00 -2.8895e+00 -1.7820e+00
7351 0 +7.759848988e-03 +9.102775985e+01 +9.102775985e+01 +5.8094e-01 -8.6437e-01 +3.2294e+00 -2.8893e+00 -1.7820e+00
7365 0 +5.315578314e-03 +9.102531558e+01 +9.102531558e+01 +5.8000e-01 -8.6468e-01 +3.2295e+00 -2.8898e+00 -1.7820e+00
7594 0 +5.170267087e-03 +9.102517027e+01 +9.102517027e+01 +5.8039e-01 -8.6471e-01 +3.2287e+00 -2.8904e+00 -1.7816e+00
7862 0 +4.987329244e-03 +9.102498733e+01 +9.102498733e+01 +5.7995e-01 -8.6505e-01 +3.2280e+00 -2.8915e+00 -1.7809e+00
8111 0 +4.158648929e-03 +9.102415865e+01 +9.102415865e+01 +5.8011e-01 -8.6482e-01 +3.2290e+00 -2.8903e+00 -1.7816e+00
8332 0 +4.009228524e-03 +9.102400923e+01 +9.102400923e+01 +5.7967e-01 -8.6505e-01 +3.2298e+00 -2.8900e+00 -1.7819e+00
8349 0 +3.511600065e-03 +9.102351160e+01 +9.102351160e+01 +5.7974e-01 -8.6505e-01 +3.2296e+00 -2.8901e+00 -1.7818e+00
8446 0 +3.347345391e-03 +9.102334735e+01 +9.102334735e+01 +5.7998e-01 -8.6491e-01 +3.2294e+00 -2.8900e+00 -1.7818e+00
8447 0 +3.231104944e-03 +9.102323110e+01 +9.102323110e+01 +5.8000e-01 -8.6488e-01 +3.2292e+00 -2.8901e+00 -1.7817e+00
19482 0 +3.181053089e-03 +9.102318105e+01 +9.102318105e+01 +5.7992e-01 -8.6489e-01 +3.2293e+00 -2.8902e+00 -1.7817e+00
% f evaluations | g evaluations | best noise-free fitness - Fopt (7.324200000000e+02) + sum g_i+ | measured fitness | best measured fitness or single-digit g-values | x1 | x2...
1 0 +8.848403910e+01 +8.209040391e+02 +8.209040391e+02 +0.0000e+00 +0.0000e+00 +0.0000e+00 +0.0000e+00 +0.0000e+00
3 0 +5.356822268e+01 +7.859882227e+02 +7.859882227e+02 +3.5091e+00 +4.3879e+00 +1.7266e+00 -4.8017e+00 -2.5336e+00
20 0 +3.417687018e+01 +7.665968702e+02 +7.665968702e+02 -1.6800e+00 -1.0820e+00 -5.6150e-01 +5.0803e+00 -1.0333e+00
30 0 +3.331422728e+01 +7.657342273e+02 +7.657342273e+02 -2.5332e-01 +1.6850e-01 +2.9866e-01 +1.7714e+00 -2.4797e+00
41 0 +2.437617402e+01 +7.567961740e+02 +7.567961740e+02 -6.2740e-01 -2.8615e-01 -3.0262e-01 +2.6766e+00 -2.9668e+00
76 0 +2.134915930e+01 +7.537691593e+02 +7.537691593e+02 -9.9111e-01 +9.2947e-01 -3.1651e-02 +4.8315e-01 -3.4782e+00
87 0 +1.382856901e+01 +7.462485690e+02 +7.462485690e+02 -2.4545e+00 +1.0869e+00 -6.5030e-01 +2.7062e-01 -5.2478e+00
119 0 +1.335000519e+01 +7.457700052e+02 +7.457700052e+02 -3.2578e+00 -2.6723e+00 +1.1749e+00 +2.1352e+00 -3.2564e+00
178 0 +1.315601054e+01 +7.455760105e+02 +7.455760105e+02 -2.1383e+00 +1.2119e-01 -2.8611e-01 +3.2614e+00 -4.1661e+00
191 0 +7.978407135e+00 +7.403984071e+02 +7.403984071e+02 -8.0437e-01 -6.0642e-01 +2.4514e-01 +3.6952e+00 -4.3586e+00
346 0 +5.219473737e+00 +7.376394737e+02 +7.376394737e+02 -1.9229e+00 -1.0862e+00 +1.3768e+00 +3.4220e+00 -3.9329e+00
471 0 +4.362098186e+00 +7.367820982e+02 +7.367820982e+02 -1.6796e+00 -8.3533e-01 +3.4127e-01 +3.2460e+00 -4.0845e+00
472 0 +3.391422812e+00 +7.358114228e+02 +7.358114228e+02 -1.6550e+00 -6.4696e-01 +3.6840e-01 +3.3420e+00 -4.1486e+00
627 0 +3.277138831e+00 +7.356971388e+02 +7.356971388e+02 -2.2021e+00 -1.7316e+00 +1.2633e+00 +3.6806e+00 -3.5355e+00
673 0 +3.172194161e+00 +7.355921942e+02 +7.355921942e+02 -2.1965e+00 -2.1743e+00 +1.4712e+00 +3.7792e+00 -3.4884e+00
691 0 +2.602016084e+00 +7.350220161e+02 +7.350220161e+02 -2.4914e+00 -2.2755e+00 +1.9839e+00 +3.6498e+00 -2.8806e+00
737 0 +2.461195864e+00 +7.348811959e+02 +7.348811959e+02 -2.4576e+00 -2.3874e+00 +2.2443e+00 +3.0903e+00 -2.1823e+00
742 0 +2.114771973e+00 +7.345347720e+02 +7.345347720e+02 -2.8082e+00 -1.9307e+00 +1.8800e+00 +3.4651e+00 -3.3898e+00
765 0 +1.358945500e+00 +7.337789455e+02 +7.337789455e+02 -2.4283e+00 -2.2929e+00 +2.0760e+00 +3.2157e+00 -2.5565e+00
1027 0 +9.793645507e-01 +7.333993646e+02 +7.333993646e+02 -2.9331e+00 -2.6570e+00 +2.3925e+00 +3.2732e+00 -2.5108e+00
1172 0 +9.584019047e-01 +7.333784019e+02 +7.333784019e+02 -3.0044e+00 -2.5966e+00 +2.4824e+00 +3.2010e+00 -2.4764e+00
1175 0 +9.168968900e-01 +7.333368969e+02 +7.333368969e+02 -2.7452e+00 -2.5552e+00 +2.3766e+00 +3.2434e+00 -2.4489e+00
1206 0 +5.941122897e-01 +7.330141123e+02 +7.330141123e+02 -2.8757e+00 -2.5420e+00 +2.4169e+00 +3.2034e+00 -2.4546e+00
1240 0 +4.017710109e-01 +7.328217710e+02 +7.328217710e+02 -2.7926e+00 -2.5935e+00 +2.3369e+00 +3.3924e+00 -2.5359e+00
1376 0 +2.793973630e-01 +7.326993974e+02 +7.326993974e+02 -2.8777e+00 -2.6262e+00 +2.4189e+00 +3.3100e+00 -2.4718e+00
1653 0 +2.310684277e-01 +7.326510684e+02 +7.326510684e+02 -2.9048e+00 -2.6258e+00 +2.4010e+00 +3.3598e+00 -2.5007e+00
1720 0 +1.560249067e-01 +7.325760249e+02 +7.325760249e+02 -2.8469e+00 -2.6476e+00 +2.3863e+00 +3.4111e+00 -2.5054e+00
2327 0 +1.535269397e-01 +7.325735269e+02 +7.325735269e+02 -2.8388e+00 -2.5494e+00 +2.3413e+00 +3.3566e+00 -2.5699e+00
2451 0 +1.386432550e-01 +7.325586433e+02 +7.325586433e+02 -2.8539e+00 -2.5422e+00 +2.3442e+00 +3.3300e+00 -2.5520e+00
2468 0 +9.826565178e-02 +7.325182657e+02 +7.325182657e+02 -2.8408e+00 -2.5466e+00 +2.3303e+00 +3.3479e+00 -2.5668e+00
2685 0 +8.608095328e-02 +7.325060810e+02 +7.325060810e+02 -2.8461e+00 -2.5503e+00 +2.3324e+00 +3.3446e+00 -2.5607e+00
2893 0 +6.778244503e-02 +7.324877824e+02 +7.324877824e+02 -2.8342e+00 -2.5499e+00 +2.3303e+00 +3.3517e+00 -2.5712e+00
4352 0 +6.351670068e-02 +7.324835167e+02 +7.324835167e+02 -2.8522e+00 -2.5264e+00 +2.3330e+00 +3.3178e+00 -2.5679e+00
4626 0 +6.164012066e-02 +7.324816401e+02 +7.324816401e+02 -2.8507e+00 -2.5215e+00 +2.3286e+00 +3.3166e+00 -2.5717e+00
4638 0 +5.657290549e-02 +7.324765729e+02 +7.324765729e+02 -2.8495e+00 -2.5215e+00 +2.3285e+00 +3.3179e+00 -2.5723e+00
4704 0 +5.621536945e-02 +7.324762154e+02 +7.324762154e+02 -2.8507e+00 -2.5215e+00 +2.3290e+00 +3.3172e+00 -2.5726e+00
5014 0 +5.426668286e-02 +7.324742667e+02 +7.324742667e+02 -2.8500e+00 -2.5231e+00 +2.3295e+00 +3.3188e+00 -2.5719e+00
5435 0 +5.326349037e-02 +7.324732635e+02 +7.324732635e+02 -2.8487e+00 -2.5218e+00 +2.3289e+00 +3.3168e+00 -2.5713e+00
5557 0 +5.145037757e-02 +7.324714504e+02 +7.324714504e+02 -2.8499e+00 -2.5205e+00 +2.3286e+00 +3.3160e+00 -2.5725e+00
6087 0 +4.817670357e-02 +7.324681767e+02 +7.324681767e+02 -2.8505e+00 -2.5217e+00 +2.3292e+00 +3.3168e+00 -2.5720e+00
6136 0 +4.687559848e-02 +7.324668756e+02 +7.324668756e+02 -2.8504e+00 -2.5204e+00 +2.3286e+00 +3.3157e+00 -2.5725e+00
7885 0 +4.541124403e-02 +7.324654112e+02 +7.324654112e+02 -2.8476e+00 -2.5183e+00 +2.3257e+00 +3.3175e+00 -2.5754e+00
8753 0 +4.464335011e-02 +7.324646434e+02 +7.324646434e+02 -2.8479e+00 -2.5182e+00 +2.3259e+00 +3.3170e+00 -2.5752e+00
9782 0 +4.325019518e-02 +7.324632502e+02 +7.324632502e+02 -2.8483e+00 -2.5186e+00 +2.3263e+00 +3.3169e+00 -2.5748e+00
10021 0 +4.256752706e-02 +7.324625675e+02 +7.324625675e+02 -2.8482e+00 -2.5186e+00 +2.3263e+00 +3.3170e+00 -2.5748e+00
20391 0 +4.212937724e-02 +7.324621294e+02 +7.324621294e+02 -2.8484e+00 -2.5188e+00 +2.3265e+00 +3.3170e+00 -2.5746e+00
% f evaluations | g evaluations | best noise-free fitness - Fopt (3.542000000000e+01) + sum g_i+ | measured fitness | best measured fitness or single-digit g-values | x1 | x2...
1 0 +7.129604431e+01 +1.067160443e+02 +1.067160443e+02 +0.0000e+00 +0.0000e+00 +0.0000e+00 +0.0000e+00 +0.0000e+00
5 0 +5.702239574e+01 +9.244239574e+01 +9.244239574e+01 +3.3632e+00 -4.2890e+00 -2.9871e+00 -2.9268e+00 +8.1314e-01
10 0 +5.552356094e+01 +9.094356094e+01 +9.094356094e+01 +9.8881e-01 -4.2320e+00 +1.0162e-01 -3.5971e+00 +3.3898e+00
12 0 +2.742667331e+01 +6.284667331e+01 +6.284667331e+01 +2.8679e+00 +5.5159e-01 -4.4505e+00 -3.9959e-01 +1.5636e+00
15 0 +2.361619609e+01 +5.903619609e+01 +5.903619609e+01 +2.0876e+00 +5.1288e-01 -4.2223e+00 -8.5646e-01 +1.4665e+00
29 0 +1.917355465e+01 +5.459355465e+01 +5.459355465e+01 +3.8144e+00 +1.5324e+00 -4.9963e+00 +2.5466e+00 -7.0251e-01
34 0 +1.637571860e+01 +5.179571860e+01 +5.179571860e+01 +2.4273e+00 +1.0947e+00 -3.6278e+00 +1.0342e+00 +1.1119e+00
35 0 +1.212598831e+01 +4.754598831e+01 +4.754598831e+01 +4.4206e+00 -1.1200e+00 -2.8694e+00 +1.7912e-01 +2.2456e-01
176 0 +5.517330328e+00 +4.093733033e+01 +4.093733033e+01 +3.2960e+00 -2.5971e+00 -2.9259e-01 -9.9999e-03 +2.4367e+00
330 0 +3.703897988e+00 +3.912389799e+01 +3.912389799e+01 +2.9342e+00 -1.9494e+00 -8.1337e-01 -3.3963e-01 +2.8485e+00
843 0 +1.284053174e+00 +3.670405317e+01 +3.670405317e+01 +2.5004e+00 -4.9326e-01 -2.6061e+00 +7.1696e-01 +6.2180e-01
2878 0 +1.230522528e+00 +3.665052253e+01 +3.665052253e+01 +2.6384e+00 -2.1196e-01 -3.1293e+00 +8.9895e-01 +1.2183e-01
2999 0 +1.228055265e+00 +3.664805527e+01 +3.664805527e+01 +2.6309e+00 -2.0199e-01 -3.1261e+00 +9.0470e-01 +1.1586e-01
3046 0 +1.189914567e+00 +3.660991457e+01 +3.660991457e+01 +2.6506e+00 -2.0867e-01 -3.1285e+00 +8.9472e-01 +1.2159e-01
3086 0 +1.033502809e+00 +3.645350281e+01 +3.645350281e+01 +2.6523e+00 -2.0951e-01 -3.1296e+00 +9.0668e-01 +1.3191e-01
3615 0 +9.610054785e-01 +3.638100548e+01 +3.638100548e+01 +2.6379e+00 -2.0575e-01 -3.1312e+00 +9.0810e-01 +1.2681e-01
4429 0 +9.156526383e-01 +3.633565264e+01 +3.633565264e+01 +2.6386e+00 -2.0220e-01 -3.1361e+00 +9.0829e-01 +1.2065e-01
5076 0 +8.861385067e-01 +3.630613851e+01 +3.630613851e+01 +2.6440e+00 -1.9598e-01 -3.1485e+00 +9.1198e-01 +1.0790e-01
6824 0 +8.688977499e-01 +3.628889775e+01 +3.628889775e+01 +2.6372e+00 -2.0186e-01 -3.1363e+00 +9.0846e-01 +1.1941e-01
8083 0 +8.505627455e-01 +3.627056275e+01 +3.627056275e+01 +2.6389e+00 -2.0150e-01 -3.1373e+00 +9.0849e-01 +1.1829e-01
10685 0 +8.316358063e-01 +3.625163581e+01 +3.625163581e+01 +2.6358e+00 -2.0122e-01 -3.1360e+00 +9.0840e-01 +1.1874e-01
18355 0 +8.246143111e-01 +3.624461431e+01 +3.624461431e+01 +2.6359e+00 -2.0132e-01 -3.1359e+00 +9.0840e-01 +1.1890e-01
