% f evaluations | g evaluations | best noise-free fitness - Fopt (-1.694000000000e+01) + sum g_i+ | measured fitness | best measured fitness or single-digit g-values | x1 | x2...
1 0 +9.470123986e+01 +7.776123986e+01 +7.776123986e+01 +0.0000e+00 +0.0000e+00 +0.0000e+00 +0.0000e+00 +0.0000e+00
5 0 +2.781951452e+01 +1.087951452e+01 +1.087951452e+01 +4.4823e+00 -1.3568e+00 -1.8949e+00 +8.7801e-01 +6.1859e-01
33 0 +2.624397624e+01 +9.303976244e+00 +9.303976244e+00 +2.0906e+00 -9.9935e-01 -2.7577e+00 +2.5310e+00 +7.8047e-01
34 0 +2.142033305e+01 +4.480333052e+00 +4.480333052e+00 +3.5552e+00 -5.3605e-01 -2.1779e+00 +2.6238e+00 +2.6561e+00
152 0 +1.357280362e+01 -3.367196378e+00 -3.367196378e+00 +4.7950e+00 -1.2004e+00 -1.8897e+00 +3.2917e+00 +1.7237e+00
342 0 +1.300522146e+01 -3.934778544e+00 -3.934778544e+00 +1.9283e+00 +1.4267e+00 -1.0524e+00 +2.1415e+00 +1.9543e+00
368 0 +7.057833724e+00 -9.882166276e+00 -9.882166276e+00 +3.2173e+00 +2.3517e+00 -1.4967e+00 +2.0168e+00 +6.6926e-01
466 0 +4.464692928e+00 -1.247530707e+01 -1.247530707e+01 +2.3600e+00 +3.6055e-01 -2.2719e+00 +3.0274e+00 +7.5356e-01
699 0 +3.936693976e+00 -1.300330602e+01 -1.300330602e+01 +2.3545e+00 +1.2680e+00 -2.3729e+00 +2.2853e+00 +1.1521e+00
716 0 +3.642379235e+00 -1.329762076e+01 -1.329762076e+01 +2.4835e+00 +1.2075e+00 -2.6913e+00 +2.2659e+00 +1.5741e+00
846 0 +3.590873993e+00 -1.334912601e+01 -1.334912601e+01 +3.4016e+00 +1.6357e+00 -2.0144e+00 +2.0163e+00 +1.6220e+00
866 0 +1.089380555e+00 -1.585061945e+01 -1.585061945e+01 +3.7635e+00 +2.0929e+00 -1.6972e+00 +1.7097e+00 +1.3989e+00
1899 0 +1.051164603e+00 -1.588883540e+01 -1.588883540e+01 +4.0806e+00 +2.5668e+00 -1.4332e+00 +1.3807e+00 +1.5232e+00
2107 0 +1.044315012e+00 -1.589568499e+01 -1.589568499e+01 +3.4615e+00 +2.3057e+00 -1.6587e+00 +1.5389e+00 +1.3349e+00
2210 0 +9.001317327e-01 -1.603986827e+01 -1.603986827e+01 +3.6455e+00 +2.5974e+00 -1.4244e+00 +1.4717e+00 +1.3437e+00
2313 0 +8.455467525e-01 -1.609445325e+01 -1.609445325e+01 +3.9052e+00 +2.8459e+00 -1.3874e+00 +1.2773e+00 +1.4870e+00
2377 0 +7.605622985e-01 -1.617943770e+01 -1.617943770e+01 +4.1699e+00 +2.7646e+00 -1.3602e+00 +1.2187e+00 +1.6002e+00
2741 0 +7.238463804e-01 -1.621615362e+01 -1.621615362e+01 +3.8966e+00 +2.9171e+00 -1.4134e+00 +1.2109e+00 +1.4884e+00
2827 0 +6.727969309e-01 -1.626720307e+01 -1.626720307e+01 +3.8224e+00 +2.7124e+00 -1.4441e+00 +1.3584e+00 +1.4992e+00
2921 0 +6.089912358e-01 -1.633100876e+01 -1.633100876e+01 +3.4721e+00 +2.5475e+00 -1.5937e+00 +1.5237e+00 +1.4064e+00
2933 0 +5.194342944e-01 -1.642056571e+01 -1.642056571e+01 +3.6700e+00 +2.7536e+00 -1.4993e+00 +1.3144e+00 +1.4579e+00
2934 0 +3.184795905e-01 -1.662152041e+01 -1.662152041e+01 +3.8417e+00 +2.8024e+00 -1.4311e+00 +1.2841e+00 +1.4811e+00
3397 0 +2.056678196e-01 -1.673433218e+01 -1.673433218e+01 +4.1387e+00 +2.8893e+00 -1.2802e+00 +1.1870e+00 +1.5514e+00
3788 0 +1.601526553e-01 -1.677984734e+01 -1.677984734e+01 +3.8269e+00 +2.7867e+00 -1.4277e+00 +1.3066e+00 +1.4704e+00
4069 0 +1.573034507e-01 -1.678269655e+01 -1.678269655e+01 +3.8751e+00 +2.7801e+00 -1.4066e+00 +1.3013e+00 +1.4786e+00
4117 0 +1.373426364e-01 -1.680265736e+01 -1.680265736e+01 +3.8680e+00 +2.8037e+00 -1.4132e+00 +1.2853e+00 +1.4881e+00
4176 0 +1.090858996e-01 -1.683091410e+01 -1.683091410e+01 +3.8565e+00 +2.7982e+00 -1.4188e+00 +1.2911e+00 +1.4823e+00
4518 0 +1.054248320e-01 -1.683457517e+01 -1.683457517e+01 +3.8790e+00 +2.7833e+00 -1.4032e+00 +1.3007e+00 +1.4776e+00
4564 0 +1.042126983e-01 -1.683578730e+01 -1.683578730e+01 +3.8793e+00 +2.7792e+00 -1.4147e+00 +1.3040e+00 +1.4852e+00
4570 0 +7.235962954e-02 -1.686764037e+01 -1.686764037e+01 +3.8805e+00 +2.7825e+00 -1.4122e+00 +1.2987e+00 +1.4844e+00
4752 0 +5.958506843e-02 -1.688041493e+01 -1.688041493e+01 +3.8769e+00 +2.7746e+00 -1.4140e+00 +1.3021e+00 +1.4825e+00
5035 0 +5.410156937e-02 -1.688589843e+01 -1.688589843e+01 +3.8779e+00 +2.7781e+00 -1.4126e+00 +1.3006e+00 +1.4834e+00
5177 0 +5.257297646e-02 -1.688742702e+01 -1.688742702e+01 +3.8806e+00 +2.7719e+00 -1.4124e+00 +1.3023e+00 +1.4830e+00
5325 0 +5.210290639e-02 -1.688789709e+01 -1.688789709e+01 +3.8837e+00 +2.7856e+00 -1.4086e+00 +1.2943e+00 +1.4856e+00
5577 0 +5.102724156e-02 -1.688897276e+01 -1.688897276e+01 +3.8856e+00 +2.7851e+00 -1.4085e+00 +1.2933e+00 +1.4860e+00
5715 0 +4.720157267e-02 -1.689279843e+01 -1.689279843e+01 +3.8857e+00 +2.7857e+00 -1.4082e+00 +1.2933e+00 +1.4861e+00
5760 0 +3.472492331e-02 -1.690527508e+01 -1.690527508e+01 +3.8867e+00 +2.7880e+00 -1.4075e+00 +1.2923e+00 +1.4864e+00
7512 0 +3.180284145e-02 -1.690819716e+01 -1.690819716e+01 +3.8866e+00 +2.7877e+00 -1.4077e+00 +1.2924e+00 +1.4864e+00
8412 0 +2.957525828e-02 -1.691042474e+01 -1.691042474e+01 +3.8866e+00 +2.7877e+00 -1.4077e+00 +1.2925e+00 +1.4863e+00
12372 0 +2.923202238e-02 -1.691076798e+01 -1.691076798e+01 +3.8875e+00 +2.7886e+00 -1.4071e+00 +1.2917e+00 +1.4867e+00
13054 0 +2.834846160e-02 -1.691165154e+01 -1.691165154e+01 +3.8875e+00 +2.7886e+00 -1.4071e+00 +1.2917e+00 +1.4867e+00
14403 0 +2.834846160e-02 -1.691165154e+01 -1.691165154e+01 +3.8875e+00 +2.7886e+00 -1.4071e+00 +1.2917e+00 +1.4867e+00
% f evaluations | g evaluations | best noise-free fitness - Fopt (1.881000000000e+01) + sum g_i+ | measured fitness | best measured fitness or single-digit g-values | x1 | x2...
1 0 +3.169183622e+01 +5.050183622e+01 +5.050183622e+01 +0.0000e+00 +0.0000e+00 +0.0000e+00 +0.0000e+00 +0.0000e+00
10 0 +2.221581819e+01 +4.102581819e+01 +4.102581819e+01 -3.4388e-01 +1.5440e+00 -1.5869e+00 +1.4524e+00 +3.6751e+00
32 0 +2.128486290e+01 +4.009486290e+01 +4.009486290e+01 +1.5107e+00 +3.0558e+00 -2.2735e+00 +1.6888e-01 +1.8204e+00
79 0 +1.577659142e+01 +3.458659142e+01 +3.458659142e+01 +8.6256e-01 +9.4432e-01 -1.1114e+00 +1.6163e+00 +2.5235e+00
111 0 +9.092411425e+00 +2.790241142e+01 +2.790241142e+01 +1.5432e-01 +2.4008e+00 -1.4961e-01 +3.0481e-01 +2.1867e+00
235 0 +7.754844243e+00 +2.656484424e+01 +2.656484424e+01 +4.2719e-02 +9.3440e-01 -5.9542e-01 -2.7924e-01 +1.8487e+00
282 0 +5.293310236e+00 +2.410331024e+01 +2.410331024e+01 -3.2530e-01 +1.4446e+00 -4.9561e-01 -6.6114e-01 +1.9265e+00
603 0 +4.520637598e+00 +2.333063760e+01 +2.333063760e+01 +5.2613e-02 +7.6826e-01 -1.0093e+00 -7.9023e-02 +1.8697e+00
723 0 +2.794635174e+00 +2.160463517e+01 +2.160463517e+01 +2.5351e-01 +1.8791e+00 -4.6391e-01 -9.7972e-01 +2.6549e+00
936 0 +2.331677903e+00 +2.114167790e+01 +2.114167790e+01 -1.4709e-02 +7.5306e-01 -8.9213e-01 -1.1476e+00 +2.3998e+00
1037 0 +4.356051265e-01 +1.924560513e+01 +1.924560513e+01 -1.4318e-01 +1.8483e+00 -7.9219e-01 -1.2532e-01 +1.6394e+00
1810 0 +3.818243006e-01 +1.919182430e+01 +1.919182430e+01 -9.3272e-02 +1.5948e+00 -7.5731e-01 -4.0212e-01 +2.0237e+00
1902 0 +3.673294104e-01 +1.917732941e+01 +1.917732941e+01 -1.3711e-01 +1.5769e+00 -7.4371e-01 -4.1265e-01 +2.0324e+00
1913 0 +2.259303239e-01 +1.903593032e+01 +1.903593032e+01 -1.2100e-01 +1.5086e+00 -7.6713e-01 -4.1646e-01 +2.0130e+00
1967 0 +2.103294580e-01 +1.902032946e+01 +1.902032946e+01 -1.1253e-01 +1.6518e+00 -7.7089e-01 -2.9905e-01 +1.8892e+00
2334 0 +1.157139543e-01 +1.892571395e+01 +1.892571395e+01 -1.3369e-01 +1.6387e+00 -7.7377e-01 -2.9546e-01 +1.9226e+00
3178 0 +9.880908588e-02 +1.890880909e+01 +1.890880909e+01 -1.0885e-01 +1.5319e+00 -7.5871e-01 -4.1200e-01 +1.9911e+00
3387 0 +8.146831180e-02 +1.889146831e+01 +1.889146831e+01 -1.1174e-01 +1.5163e+00 -7.6037e-01 -4.2044e-01 +2.0057e+00
3499 0 +5.224163259e-02 +1.886224163e+01 +1.886224163e+01 -1.0922e-01 +1.5300e+00 -7.5805e-01 -4.1669e-01 +2.0028e+00
6295 0 +5.047369089e-02 +1.886047369e+01 +1.886047369e+01 -1.1235e-01 +1.5354e+00 -7.5996e-01 -4.0687e-01 +1.9937e+00
6486 0 +4.610803319e-02 +1.885610803e+01 +1.885610803e+01 -1.1210e-01 +1.5372e+00 -7.5968e-01 -4.0613e-01 +1.9935e+00
6719 0 +4.524300080e-02 +1.885524300e+01 +1.885524300e+01 -1.1200e-01 +1.5374e+00 -7.5967e-01 -4.0637e-01 +1.9937e+00
7016 0 +4.450125330e-02 +1.885450125e+01 +1.885450125e+01 -1.1212e-01 +1.5367e+00 -7.5968e-01 -4.0676e-01 +1.9939e+00
7545 0 +4.277777800e-02 +1.885277778e+01 +1.885277778e+01 -1.1234e-01 +1.5369e+00 -7.5994e-01 -4.0587e-01 +1.9931e+00
8046 0 +4.251477079e-02 +1.885251477e+01 +1.885251477e+01 -1.1214e-01 +1.5372e+00 -7.5979e-01 -4.0612e-01 +1.9935e+00
9582 0 +4.119935568e-02 +1.885119936e+01 +1.885119936e+01 -1.1210e-01 +1.5376e+00 -7.5973e-01 -4.0600e-01 +1.9935e+00
16074 0 +4.078100923e-02 +1.885078101e+01 +1.885078101e+01 -1.1207e-01 +1.5376e+00 -7.5972e-01 -4.0607e-01 +1.9936e+00
% f evaluations | g evaluations | best noise-free fitness - Fopt (2.731500000000e+02) + sum g_i+ | measured fitness | best measured fitness or single-digit g-values | x1 | x2...
1 0 +8.700664503e+01 +3.601566450e+02 +3.601566450e+02 +0.0000e+00 +0.0000e+00 +0.0000e+00 +0.0000e+00 +0.0000e+00
2 0 +7.053865781e+01 +3.436886578e+02 +3.436886578e+02 +2.5218e+00 -3.2391e+00 -4.8408e+00 +1.7931e+00 +3.9445e+00
11 0 +6.523366502e+01 +3.383836650e+02 +3.383836650e+02 +5.4416e+00 -1.2846e+00 +1.2968e+00 +2.9634e+00 -1.0695e+00
14 0 +5.327433022e+01 +3.264243302e+02 +3.264243302e+02 +3.1845e+00 -2.2533e-01 +5.6364e-01 +2.9880e+00 -1.5295e+00
36 0 +4.598483639e+01 +3.191348364e+02 +3.191348364e+02 +3.8359e+00 -3.2483e+00 -4.6835e+00 +1.9338e+00 +3.9129e+00
94 0 +3.649184536e+01 +3.096418454e+02 +3.096418454e+02 +1.4430e+00 -1.2877e-01 -1.1566e+00 +2.3408e+00 +2.2792e+00
96 0 +3.486486620e+01 +3.080148662e+02 +3.080148662e+02 +4.8593e+00 -2.2062e+00 -2.6957e+00 +1.6346e+00 +4.4474e+00
113 0 +3.109259153e+01 +3.042425915e+02 +3.042425915e+02 +6.0230e+00 +3.2346e+00 -9.9244e-01 +1.3030e+00 +7.9812e-01
125 0 +2.801388535e+01 +3.011638854e+02 +3.011638854e+02 +1.9955e+00 +2.2178e+00 +1.8218e+00 +1.1570e+00 +1.6202e+00
130 0 +1.935696072e+01 +2.925069607e+02 +2.925069607e+02 +1.9533e+00 +2.0549e+00 +1.6068e+00 +2.8259e+00 +3.7404e-01
131 0 +1.815701227e+01 +2.913070123e+02 +2.913070123e+02 +8.4890e-01 +4.4953e+00 +1.3303e+00 +1.4699e+00 +6.9343e-02
136 0 +1.628500936e+01 +2.894350094e+02 +2.894350094e+02 +2.9227e+00 +3.8778e+00 +1.5425e+00 +2.5086e+00 +1.2969e+00
160 0 +1.551184068e+01 +2.886618407e+02 +2.886618407e+02 +3.6626e+00 +4.2738e+00 +5.6764e-01 +9.9069e-01 -6.3992e-01
161 0 +7.817411000e+00 +2.809674110e+02 +2.809674110e+02 +1.9180e+00 +2.4950e+00 +8.9429e-01 +2.5148e+00 +1.5325e+00
253 0 +7.119446900e+00 +2.802694469e+02 +2.802694469e+02 -3.4510e+00 +3.9717e+00 +3.0212e-01 +1.6785e+00 +1.6569e+00
332 0 +4.942466316e+00 +2.780924663e+02 +2.780924663e+02 -3.6492e+00 +3.6311e+00 +6.4470e-02 +2.3789e+00 +2.0854e+00
393 0 +4.075868050e+00 +2.772258680e+02 +2.772258680e+02 -3.3888e+00 +3.7200e+00 -3.0497e-01 +2.6029e+00 +1.7489e+00
675 0 +3.302475732e+00 +2.764524757e+02 +2.764524757e+02 -3.7917e+00 +3.8228e+00 -5.9061e-02 +2.7297e+00 +1.8699e+00
697 0 +2.617562038e+00 +2.757675620e+02 +2.757675620e+02 -3.5107e+00 +3.6181e+00 -5.5745e-01 +2.5202e+00 +1.8249e+00
834 0 +1.736446824e+00 +2.748864468e+02 +2.748864468e+02 -1.1988e+00 +3.6477e+00 -1.3141e-01 +2.2721e+00 +1.6804e+00
1446 0 +1.577956015e+00 +2.747279560e+02 +2.747279560e+02 -3.6192e+00 +3.8610e+00 -5.7239e-01 +2.3831e+00 +2.0674e+00
1468 0 +1.462061922e+00 +2.746120619e+02 +2.746120619e+02 -3.5071e+00 +3.7141e+00 -2.2587e-01 +2.4134e+00 +1.9468e+00
1513 0 +1.369422454e+00 +2.745194225e+02 +2.745194225e+02 -2.8668e+00 +3.9953e+00 -2.9523e-01 +2.4474e+00 +1.7761e+00
1554 0 +1.230073392e+00 +2.743800734e+02 +2.743800734e+02 -2.9066e+00 +3.7917e+00 -4.0721e-01 +2.5362e+00 +1.9134e+00
1568 0 +1.023518849e+00 +2.741735188e+02 +2.741735188e+02 -3.2959e+00 +3.8958e+00 -5.6179e-01 +2.4060e+00 +1.9066e+00
1717 0 +9.810563812e-01 +2.741310564e+02 +2.741310564e+02 -3.4692e+00 +3.8433e+00 -5.6057e-01 +2.5700e+00 +1.8753e+00
1755 0 +8.435304645e-01 +2.739935305e+02 +2.739935305e+02 -3.5818e+00 +3.7717e+00 -4.9880e-01 +2.5664e+00 +1.9267e+00
2014 0 +4.082038535e-01 +2.735582039e+02 +2.735582039e+02 -3.3927e+00 +3.7859e+00 -5.5213e-01 +2.4736e+00 +1.9597e+00
2116 0 +3.106137143e-01 +2.734606137e+02 +2.734606137e+02 -3.9617e+00 +3.7438e+00 -5.4677e-01 +2.5706e+00 +2.0535e+00
2157 0 +2.705461833e-01 +2.734205462e+02 +2.734205462e+02 -3.9093e+00 +3.7812e+00 -5.8918e-01 +2.5684e+00 +2.0607e+00
2621 0 +2.351768105e-01 +2.733851768e+02 +2.733851768e+02 -3.3815e+00 +3.7777e+00 -4.8776e-01 +2.5206e+00 +1.9656e+00
2629 0 +1.869232327e-01 +2.733369232e+02 +2.733369232e+02 -3.4883e+00 +3.7613e+00 -4.7880e-01 +2.5498e+00 +2.0005e+00
2653 0 +9.791879234e-02 +2.732479188e+02 +2.732479188e+02 -3.5602e+00 +3.7545e+00 -4.8747e-01 +2.5641e+00 +1.9945e+00
2777 0 +9.206055114e-02 +2.732420606e+02 +2.732420606e+02 -3.7461e+00 +3.7700e+00 -4.8826e-01 +2.5796e+00 +2.0278e+00
2924 0 +7.203185361e-02 +2.732220319e+02 +2.732220319e+02 -3.6383e+00 +3.7647e+00 -4.7973e-01 +2.5714e+00 +2.0096e+00
3150 0 +4.406649325e-02 +2.731940665e+02 +2.731940665e+02 -3.6433e+00 +3.7575e+00 -4.9434e-01 +2.5714e+00 +2.0180e+00
3370 0 +3.332372083e-02 +2.731833237e+02 +2.731833237e+02 -3.5922e+00 +3.7542e+00 -4.7837e-01 +2.5702e+00 +2.0110e+00
3665 0 +3.237252993e-02 +2.731823725e+02 +2.731823725e+02 -3.5860e+00 +3.7481e+00 -4.8157e-01 +2.5687e+00 +2.0098e+00
3795 0 +1.533709154e-02 +2.731653371e+02 +2.731653371e+02 -3.5826e+00 +3.7554e+00 -4.8089e-01 +2.5682e+00 +2.0076e+00
4752 0 +1.495834615e-02 +2.731649583e+02 +2.731649583e+02 -3.6110e+00 +3.7551e+00 -4.8420e-01 +2.5717e+00 +2.0123e+00
4761 0 +8.966377989e-03 +2.731589664e+02 +2.731589664e+02 -3.6109e+00 +3.7553e+00 -4.8527e-01 +2.5706e+00 +2.0125e+00
4991 0 +7.688751842e-03 +2.731576888e+02 +2.731576888e+02 -3.6117e+00 +3.7543e+00 -4.8169e-01 +2.5724e+00 +2.0126e+00
5482 0 +7.274446477e-03 +2.731572744e+02 +2.731572744e+02 -3.6120e+00 +3.7543e+00 -4.8214e-01 +2.5720e+00 +2.0128e+00
5642 0 +6.756347318e-03 +2.731567563e+02 +2.731567563e+02 -3.6124e+00 +3.7541e+00 -4.8166e-01 +2.5727e+00 +2.0129e+00
5824 0 +6.294822399e-03 +2.731562948e+02 +2.731562948e+02 -3.6119e+00 +3.7544e+00 -4.8227e-01 +2.5719e+00 +2.0127e+00
5895 0 +5.040531130e-03 +2.731550405e+02 +2.731550405e+02 -3.6111e+00 +3.7545e+00 -4.8279e-01 +2.5719e+00 +2.0126e+00
6606 0 +4.370794547e-03 +2.731543708e+02 +2.731543708e+02 -3.6125e+00 +3.7545e+00 -4.8254e-01 +2.5722e+00 +2.0129e+00
6817 0 +4.290951057e-03 +2.731542910e+02 +2.731542910e+02 -3.6134e+00 +3.7544e+00 -4.8245e-01 +2.5723e+00 +2.0130e+00
6825 0 +4.259530302e-03 +2.731542595e+02 +2.731542595e+02 -3.6126e+00 +3.7544e+00 -4.8260e-01 +2.5722e+00 +2.0128e+00
6838 0 +3.954868958e-03 +2.731539549e+02 +2.731539549e+02 -3.6124e+00 +3.7544e+00 -4.8239e-01 +2.5722e+00 +2.0128e+00
7091 0 +3.874833311e-03 +2.731538748e+02 +2.731538748e+02 -3.6141e+00 +3.7546e+00 -4.8292e-01 +2.5722e+00 +2.0130e+00
8133 0 +3.669723941e-03 +2.731536697e+02 +2.731536697e+02 -3.6142e+00 +3.7546e+00 -4.8278e-01 +2.5723e+00 +2.0130e+00
8138 0 +3.270620005e-03 +2.731532706e+02 +2.731532706e+02 -3.6140e+00 +3.7545e+00 -4.8280e-01 +2.5723e+00 +2.0130e+00
8423 0 +3.165094822e-03 +2.731531651e+02 +2.731531651e+02 -3.6135e+00 +3.7545e+00 -4.8277e-01 +2.5722e+00 +2.0130e+00
8527 0 +3.111876273e-03 +2.731531119e+02 +2.731531119e+02 -3.6139e+00 +3.7546e+00 -4.8280e-01 +2.5722e+00 +2.0130e+00
8587 0 +2.961044169e-03 +2.731529610e+02 +2.731529610e+02 -3.6138e+00 +3.7545e+00 -4.8277e-01 +2.5722e+00 +2.0130e+00
9094 0 +2.836982573e-03 +2.731528370e+02 +2.731528370e+02 -3.6129e+00 +3.7545e+00 -4.8264e-01 +2.5722e+00 +2.0129e+00
9112 0 +2.667821433e-03 +2.731526678e+02 +2.731526678e+02 -3.6129e+00 +3.7545e+00 -4.8269e-01 +2.5722e+00 +2.0129e+00
9116 0 +2.559097231e-03 +2.731525591e+02 +2.731525591e+02 -3.6131e+00 +3.7545e+00 -4.8269e-01 +2.5722e+00 +2.0129e+00
9459 0 +2.455100094e-03 +2.731524551e+02 +2.731524551e+02 -3.6129e+00 +3.7545e+00 -4.8265e-01 +2.5722e+00 +2.0129e+00
9494 0 +2.435230381e-03 +2.731524352e+02 +2.731524352e+02 -3.6128e+00 +3.7545e+00 -4.8264e-01 +2.5722e+00 +2.0129e+00
9897 0 +2.366636717e-03 +2.731523666e+02 +2.731523666e+02 -3.6129e+00 +3.7545e+00 -4.8266e-01 +2.5722e+00 +2.0129e+00
10624 0 +2.336254661e-03 +2.731523363e+02 +2.731523363e+02 -3.6128e+00 +3.7545e+00 -4.8266e-01 +2.5722e+00 +2.0129e+00
11363 0 +2.336254661e-03 +2.731523363e+02 +2.731523363e+02 -3.6128e+00 +3.7545e+00 -4.8266e-01 +2.5722e+00 +2.0129e+00
% f evaluations | g evaluations | best noise-free fitness - Fopt (3.718000000000e+01) + sum g_i+ | measured fitness | best measured fitness or single-digit g-values | x1 | x2...
1 0 +1.334312491e+02 +1.706112491e+02 +1.706112491e+02 +0.0000e+00 +0.0000e+00 +0.0000e+00 +0.0000e+00 +0.0000e+00
4 0 +6.589570733e+01 +1.030757073e+02 +1.030757073e+02 -7.3839e-01 -4.6989e-01 +1.0447e+00 +3.0159e+00 -1.2719e-01
8 0 +5.073807585e+01 +8.791807585e+01 +8.791807585e+01 -1.5150e+00 +4.3241e+00 +2.2588e+00 +7.7232e-01 -3.4972e+00
11 0 +4.796670087e+01 +8.514670087e+01 +8.514670087e+01 -3.7517e+00 +3.6342e-01 +4.3761e+00 +3.6366e+00 +2.2865e-01
13 0 +4.185336112e+01 +7.903336112e+01 +7.903336112e+01 -7.6407e-01 +1.6005e-01 +2.7989e+00 +3.5555e+00 +2.6638e-01
33 0 +3.175398314e+01 +6.893398314e+01 +6.893398314e+01 -1.5222e+00 -1.0206e+00 +2.0508e+00 +3.0842e+00 -1.6677e+00
45 0 +3.069249631e+01 +6.787249631e+01 +6.787249631e+01 -1.6817e+00 +1.4442e+00 +7.4082e-01 +1.9205e+00 -3.2513e+00
53 0 +1.529404985e+01 +5.247404985e+01 +5.247404985e+01 -3.4176e+00 +2.0511e+00 +2.8725e+00 +2.7246e+00 -3.2194e+00
156 0 +1.074833729e+01 +4.792833729e+01 +4.792833729e+01 +4.3477e-01 -2.8511e+00 +3.0825e+00 +1.4960e+00 -1.5865e+00
307 0 +9.680346715e+00 +4.686034672e+01 +4.686034672e+01 -2.8101e+00 +1.8807e+00 +2.0692e+00 +1.8339e+00 -3.5034e+00
316 0 +9.076341606e+00 +4.625634161e+01 +4.625634161e+01 -3.2920e+00 +1.6669e+00 +1.4682e+00 +1.3634e+00 -2.9071e+00
337 0 +7.795907766e+00 +4.497590777e+01 +4.497590777e+01 -2.7846e+00 +1.4490e+00 +2.3585e+00 +1.3397e+00 -4.4003e+00
373 0 +6.712148684e+00 +4.389214868e+01 +4.389214868e+01 -2.4558e+00 +1.6577e+00 +3.5272e+00 +1.3360e+00 -3.3695e+00
400 0 +4.783906909e+00 +4.196390691e+01 +4.196390691e+01 -2.0478e+00 +1.4120e+00 +4.2434e+00 +1.1286e+00 -2.9774e+00
488 0 +3.055492415e+00 +4.023549241e+01 +4.023549241e+01 -2.9231e+00 +1.6548e+00 +3.3890e+00 +1.1471e+00 -2.8945e+00
522 0 +2.534071484e+00 +3.971407148e+01 +3.971407148e+01 -3.0910e+00 +1.7544e+00 +3.0574e+00 +1.2298e+00 -3.0281e+00
675 0 +2.243886838e+00 +3.942388684e+01 +3.942388684e+01 -3.6035e+00 +2.2475e+00 +2.3559e+00 +1.5596e+00 -3.4464e+00
687 0 +2.096066277e+00 +3.927606628e+01 +3.927606628e+01 -3.4362e+00 +2.2106e+00 +3.0769e+00 +1.2285e+00 -3.0567e+00
781 0 +1.610382574e+00 +3.879038257e+01 +3.879038257e+01 -3.9090e+00 +2.1648e+00 +2.3468e+00 +1.3707e+00 -3.2659e+00
982 0 +1.314097052e+00 +3.849409705e+01 +3.849409705e+01 -4.3440e+00 +2.2384e+00 +1.5996e+00 +1.7366e+00 -3.5847e+00
989 0 +8.723509340e-01 +3.805235093e+01 +3.805235093e+01 -4.0063e+00 +2.2188e+00 +2.1004e+00 +1.5984e+00 -3.5254e+00
1153 0 +6.342696360e-01 +3.781426964e+01 +3.781426964e+01 -3.9342e+00 +2.1394e+00 +2.1410e+00 +1.5591e+00 -3.4857e+00
1356 0 +4.523559997e-01 +3.763235600e+01 +3.763235600e+01 -3.9642e+00 +2.1772e+00 +2.0911e+00 +1.5765e+00 -3.4356e+00
1441 0 +4.074380455e-01 +3.758743805e+01 +3.758743805e+01 -3.7773e+00 +2.1341e+00 +2.2942e+00 +1.5606e+00 -3.4781e+00
1523 0 +1.757017138e-01 +3.735570171e+01 +3.735570171e+01 -3.8181e+00 +2.0578e+00 +2.1447e+00 +1.5566e+00 -3.4978e+00
1649 0 +1.596158103e-01 +3.733961581e+01 +3.733961581e+01 -3.9533e+00 +2.0986e+00 +2.0252e+00 +1.6205e+00 -3.5368e+00
1862 0 +1.168325194e-01 +3.729683252e+01 +3.729683252e+01 -3.8801e+00 +2.0637e+00 +2.0752e+00 +1.5948e+00 -3.5204e+00
2001 0 +9.985078147e-02 +3.727985078e+01 +3.727985078e+01 -3.9023e+00 +2.0678e+00 +2.0375e+00 +1.6133e+00 -3.5396e+00
2038 0 +9.754964024e-02 +3.727754964e+01 +3.727754964e+01 -3.9211e+00 +2.0630e+00 +2.0063e+00 +1.6073e+00 -3.5327e+00
2221 0 +9.120227920e-02 +3.727120228e+01 +3.727120228e+01 -3.8914e+00 +2.0806e+00 +2.0628e+00 +1.5969e+00 -3.5314e+00
2270 0 +7.760526117e-02 +3.725760526e+01 +3.725760526e+01 -3.8954e+00 +2.0758e+00 +2.0709e+00 +1.6018e+00 -3.5209e+00
2293 0 +5.716302882e-02 +3.723716303e+01 +3.723716303e+01 -3.8923e+00 +2.0649e+00 +2.0484e+00 +1.6081e+00 -3.5352e+00
2401 0 +4.825791976e-02 +3.722825792e+01 +3.722825792e+01 -3.8988e+00 +2.0578e+00 +2.0410e+00 +1.6143e+00 -3.5378e+00
2572 0 +3.601901620e-02 +3.721601902e+01 +3.721601902e+01 -3.9013e+00 +2.0676e+00 +2.0464e+00 +1.6063e+00 -3.5269e+00
2942 0 +3.179464150e-02 +3.721179464e+01 +3.721179464e+01 -3.9119e+00 +2.0602e+00 +2.0271e+00 +1.6122e+00 -3.5384e+00
2959 0 +2.805260129e-02 +3.720805260e+01 +3.720805260e+01 -3.9176e+00 +2.0595e+00 +2.0124e+00 +1.6153e+00 -3.5408e+00
3249 0 +2.176107256e-02 +3.720176107e+01 +3.720176107e+01 -3.9058e+00 +2.0593e+00 +2.0260e+00 +1.6122e+00 -3.5345e+00
3365 0 +1.367819611e-02 +3.719367820e+01 +3.719367820e+01 -3.8989e+00 +2.0611e+00 +2.0426e+00 +1.6088e+00 -3.5344e+00
3486 0 +1.316128599e-02 +3.719316129e+01 +3.719316129e+01 -3.8986e+00 +2.0605e+00 +2.0384e+00 +1.6077e+00 -3.5337e+00
3569 0 +8.935074245e-03 +3.718893507e+01 +3.718893507e+01 -3.9030e+00 +2.0629e+00 +2.0378e+00 +1.6103e+00 -3.5340e+00
3666 0 +7.911251550e-03 +3.718791125e+01 +3.718791125e+01 -3.9034e+00 +2.0632e+00 +2.0374e+00 +1.6101e+00 -3.5344e+00
3916 0 +6.201550223e-03 +3.718620155e+01 +3.718620155e+01 -3.8974e+00 +2.0586e+00 +2.0412e+00 +1.6092e+00 -3.5326e+00
3969 0 +3.941071409e-03 +3.718394107e+01 +3.718394107e+01 -3.8981e+00 +2.0596e+00 +2.0410e+00 +1.6094e+00 -3.5333e+00
4019 0 +3.277211366e-03 +3.718327721e+01 +3.718327721e+01 -3.8987e+00 +2.0597e+00 +2.0401e+00 +1.6097e+00 -3.5334e+00
4165 0 +1.856595658e-03 +3.718185660e+01 +3.718185660e+01 -3.8992e+00 +2.0603e+00 +2.0404e+00 +1.6096e+00 -3.5338e+00
4396 0 +1.752327405e-03 +3.718175233e+01 +3.718175233e+01 -3.8990e+00 +2.0596e+00 +2.0400e+00 +1.6096e+00 -3.5335e+00
4412 0 +7.859478947e-04 +3.718078595e+01 +3.718078595e+01 -3.8985e+00 +2.0599e+00 +2.0409e+00 +1.6094e+00 -3.5333e+00
5523 0 +7.743662668e-04 +3.718077437e+01 +3.718077437e+01 -3.8998e+00 +2.0602e+00 +2.0393e+00 +1.6098e+00 -3.5339e+00
5617 0 +4.930199080e-04 +3.718049302e+01 +3.718049302e+01 -3.8997e+00 +2.0600e+00 +2.0393e+00 +1.6098e+00 -3.5338e+00
6198 0 +4.727925425e-04 +3.718047279e+01 +3.718047279e+01 -3.8996e+00 +2.0601e+00 +2.0394e+00 +1.6097e+00 -3.5338e+00
6480 0 +3.777336617e-04 +3.718037773e+01 +3.718037773e+01 -3.8993e+00 +2.0599e+00 +2.0399e+00 +1.6096e+00 -3.5336e+00
6512 0 +2.898060676e-04 +3.718028981e+01 +3.718028981e+01 -3.8992e+00 +2.0599e+00 +2.0400e+00 +1.6096e+00 -3.5336e+00
6522 0 +2.761474486e-04 +3.718027615e+01 +3.718027615e+01 -3.8992e+00 +2.0600e+00 +2.0400e+00 +1.6096e+00 -3.5336e+00
6630 0 +2.481028002e-04 +3.718024810e+01 +3.718024810e+01 -3.8991e+00 +2.0600e+00 +2.0401e+00 +1.6096e+00 -3.5335e+00
6807 0 +1.627870055e-04 +3.718016279e+01 +3.718016279e+01 -3.8992e+00 +2.0600e+00 +2.0400e+00 +1.6096e+00 -3.5336e+00
7194 0 +1.266715607e-04 +3.718012667e+01 +3.718012667e+01 -3.8991e+00 +2.0600e+00 +2.0401e+00 +1.6096e+00 -3.5336e+00
7264 0 +9.322009150e-05 +3.718009322e+01 +3.718009322e+01 -3.8991e+00 +2.0600e+00 +2.0401e+00 +1.6096e+00 -3.5336e+00
7298 0 +6.704574690e-05 +3.718006705e+01 +3.718006705e+01 -3.8991e+00 +2.0600e+00 +2.0401e+00 +1.6096e+00 -3.5336e+00
12388 0 +6.704574690e-05 +3.718006705e+01 +3.718006705e+01 -3.8991e+00 +2.0600e+00 +2.0401e+00 +1.6096e+00 -3.5336e+00
% f evaluations | g evaluations | best noise-free fitness - Fopt (-1.479000000000e+02) + sum g_i+ | measured fitness | best measured fitness or single-digit g-values | x1 | x2...
1 0 +6.898756762e+01 -7.891243238e+01 -7.891243238e+01 +0.0000e+00 +0.0000e+00 +0.0000e+00 +0.0000e+00 +0.0000e+00
11 0 +3.162423782e+01 -1.162757622e+02 -1.162757622e+02 -1.6676e+00 -3.1025e+00 +1.6245e+00 -9.6060e-01 -3.7981e+00
36 0 +1.318668128e+01 -1.347133187e+02 -1.347133187e+02 -3.3188e+00 +3.2359e-01 +2.2920e+00 -9.3915e-01 -2.0973e+00
172 0 +8.418882361e+00 -1.394811176e+02 -1.394811176e+02 -1.8768e+00 +3.4855e-01 +4.5989e-01 -2.8783e+00 -2.8626e+00
251 0 +5.962838257e+00 -1.419371617e+02 -1.419371617e+02 -9.5035e-01 -5.8902e-01 +2.8001e+00 -2.0715e+00 -2.7009e+00
317 0 +2.511563066e+00 -1.453884369e+02 -1.453884369e+02 -2.2574e+00 +1.3375e-01 +1.0180e+00 -1.7275e+00 -2.6810e+00
736 0 +1.236999452e+00 -1.466630005e+02 -1.466630005e+02 -1.5967e+00 +3.8355e-01 +6.3556e-01 -2.2045e+00 -3.3881e+00
1375 0 +1.010377644e+00 -1.468896224e+02 -1.468896224e+02 -1.7008e+00 +2.8372e-01 +1.1150e+00 -1.9281e+00 -3.0964e+00
1454 0 +9.291587709e-01 -1.469708412e+02 -1.469708412e+02 -1.7831e+00 -4.0390e-02 +1.2339e+00 -1.9633e+00 -2.9916e+00
1494 0 +8.922213438e-01 -1.470077787e+02 -1.470077787e+02 -1.5892e+00 +1.0143e-02 +1.2650e+00 -2.0932e+00 -3.1865e+00
1513 0 +6.873933903e-01 -1.472126066e+02 -1.472126066e+02 -1.6665e+00 -2.1587e-02 +1.2150e+00 -2.0708e+00 -3.0003e+00
1531 0 +6.573419486e-01 -1.472426581e+02 -1.472426581e+02 -1.7262e+00 +1.8384e-02 +1.2304e+00 -1.9965e+00 -3.0744e+00
2034 0 +5.206177830e-01 -1.473793822e+02 -1.473793822e+02 -1.7122e+00 +2.5139e-01 +8.1763e-01 -2.1889e+00 -3.2158e+00
2082 0 +4.374765947e-01 -1.474625234e+02 -1.474625234e+02 -1.6658e+00 +2.4577e-01 +9.0846e-01 -2.1819e+00 -3.2412e+00
2114 0 +3.500952698e-01 -1.475499047e+02 -1.475499047e+02 -1.6360e+00 +2.7362e-01 +9.0642e-01 -2.1448e+00 -3.2750e+00
2133 0 +3.414378367e-01 -1.475585622e+02 -1.475585622e+02 -1.6415e+00 +2.3399e-01 +8.8801e-01 -2.1728e+00 -3.3055e+00
2214 0 +2.906257815e-01 -1.476093742e+02 -1.476093742e+02 -1.6252e+00 +2.2904e-01 +9.7699e-01 -2.1656e+00 -3.2983e+00
2244 0 +2.472036398e-01 -1.476527964e+02 -1.476527964e+02 -1.6619e+00 +2.3987e-01 +9.2497e-01 -2.1307e+00 -3.2539e+00
2572 0 +2.445627793e-01 -1.476554372e+02 -1.476554372e+02 -1.6155e+00 +2.0831e-01 +9.6700e-01 -2.1675e+00 -3.2650e+00
2715 0 +2.325880963e-01 -1.476674119e+02 -1.476674119e+02 -1.6311e+00 +2.1395e-01 +1.0090e+00 -2.1118e+00 -3.2355e+00
2743 0 +2.060710073e-01 -1.476939290e+02 -1.476939290e+02 -1.6485e+00 +2.1305e-01 +9.9262e-01 -2.1198e+00 -3.2220e+00
2760 0 +2.015940290e-01 -1.476984060e+02 -1.476984060e+02 -1.6629e+00 +2.1630e-01 +9.4533e-01 -2.1171e+00 -3.2136e+00
2779 0 +1.641384355e-01 -1.477358616e+02 -1.477358616e+02 -1.6695e+00 +2.1751e-01 +9.4455e-01 -2.1173e+00 -3.2176e+00
2792 0 +1.452869964e-01 -1.477547130e+02 -1.477547130e+02 -1.6563e+00 +2.1343e-01 +9.7699e-01 -2.1117e+00 -3.2147e+00
2879 0 +1.155798341e-01 -1.477844202e+02 -1.477844202e+02 -1.6643e+00 +2.2592e-01 +9.6196e-01 -2.1160e+00 -3.2155e+00
3002 0 +1.001223524e-01 -1.477998776e+02 -1.477998776e+02 -1.6720e+00 +2.3943e-01 +9.5505e-01 -2.0925e+00 -3.2236e+00
3037 0 +7.761700305e-02 -1.478223830e+02 -1.478223830e+02 -1.6723e+00 +2.3062e-01 +9.5196e-01 -2.1091e+00 -3.2184e+00
3168 0 +7.508641529e-02 -1.478249136e+02 -1.478249136e+02 -1.6746e+00 +2.2864e-01 +9.4629e-01 -2.1098e+00 -3.2187e+00
3176 0 +6.062188111e-02 -1.478393781e+02 -1.478393781e+02 -1.6700e+00 +2.2352e-01 +9.5276e-01 -2.1130e+00 -3.2200e+00
3632 0 +5.993347972e-02 -1.478400665e+02 -1.478400665e+02 -1.6780e+00 +2.2621e-01 +9.5254e-01 -2.1022e+00 -3.2117e+00
3677 0 +4.829662107e-02 -1.478517034e+02 -1.478517034e+02 -1.6817e+00 +2.2870e-01 +9.4852e-01 -2.1013e+00 -3.2112e+00
4145 0 +4.746373055e-02 -1.478525363e+02 -1.478525363e+02 -1.6754e+00 +2.2694e-01 +9.5241e-01 -2.1062e+00 -3.2163e+00
4192 0 +4.622059465e-02 -1.478537794e+02 -1.478537794e+02 -1.6781e+00 +2.2547e-01 +9.5108e-01 -2.1052e+00 -3.2138e+00
4198 0 +4.502311795e-02 -1.478549769e+02 -1.478549769e+02 -1.6764e+00 +2.2563e-01 +9.5373e-01 -2.1050e+00 -3.2137e+00
4204 0 +3.459231516e-02 -1.478654077e+02 -1.478654077e+02 -1.6757e+00 +2.2492e-01 +9.5421e-01 -2.1050e+00 -3.2145e+00
4527 0 +2.996833544e-02 -1.478700317e+02 -1.478700317e+02 -1.6732e+00 +2.2417e-01 +9.5534e-01 -2.1078e+00 -3.2169e+00
5068 0 +2.691802068e-02 -1.478730820e+02 -1.478730820e+02 -1.6740e+00 +2.2551e-01 +9.5362e-01 -2.1078e+00 -3.2170e+00
5379 0 +2.617518355e-02 -1.478738248e+02 -1.478738248e+02 -1.6742e+00 +2.2613e-01 +9.5146e-01 -2.1089e+00 -3.2184e+00
6079 0 +2.409966584e-02 -1.478759003e+02 -1.478759003e+02 -1.6743e+00 +2.2472e-01 +9.5446e-01 -2.1070e+00 -3.2162e+00
6808 0 +2.219529973e-02 -1.478778047e+02 -1.478778047e+02 -1.6743e+00 +2.2558e-01 +9.5284e-01 -2.1080e+00 -3.2173e+00
7675 0 +2.007158627e-02 -1.478799284e+02 -1.478799284e+02 -1.6742e+00 +2.2518e-01 +9.5355e-01 -2.1076e+00 -3.2169e+00
7809 0 +1.990858286e-02 -1.478800914e+02 -1.478800914e+02 -1.6742e+00 +2.2535e-01 +9.5339e-01 -2.1077e+00 -3.2170e+00
8887 0 +1.850306785e-02 -1.478814969e+02 -1.478814969e+02 -1.6742e+00 +2.2560e-01 +9.5286e-01 -2.1080e+00 -3.2174e+00
8960 0 +1.772733367e-02 -1.478822727e+02 -1.478822727e+02 -1.6742e+00 +2.2559e-01 +9.5288e-01 -2.1079e+00 -3.2174e+00
9450 0 +1.712705530e-02 -1.478828729e+02 -1.478828729e+02 -1.6742e+00 +2.2541e-01 +9.5319e-01 -2.1078e+00 -3.2172e+00
9666 0 +1.625579650e-02 -1.478837442e+02 -1.478837442e+02 -1.6742e+00 +2.2530e-01 +9.5340e-01 -2.1077e+00 -3.2171e+00
10526 0 +1.620598799e-02 -1.478837940e+02 -1.478837940e+02 -1.6742e+00 +2.2534e-01 +9.5333e-01 -2.1078e+00 -3.2171e+00
12012 0 +1.577335137e-02 -1.478842266e+02 -1.478842266e+02 -1.6742e+00 +2.2535e-01 +9.5330e-01 -2.1078e+00 -3.2171e+00
12400 0 +1.577335137e-02 -1.478842266e+02 -1.478842266e+02 -1.6742e+00 +2.2535e-01 +9.5330e-01 -2.1078e+00 -3.2171e+00
% f evaluations | g evaluations | best noise-free fitness - Fopt (4.817100000000e+02) + sum g_i+ | measured fitness | best measured fitness or single-digit g-values | x1 | x2...
1 0 +1.098420059e+02 +5.915520059e+02 +5.915520059e+02 +0.0000e+00 +0.0000e+00 +0.0000e+00 +0.0000e+00 +0.0000e+00
13 0 +1.045384992e+02 +5.862484992e+02 +5.862484992e+02 +4.1876e-01 +2.5312e+00 -2.1051e+00 -1.3153e+00 -1.9456e+00
14 0 +9.093634134e+01 +5.726463413e+02 +5.726463413e+02 -2.3870e+00 -6.2737e-01 -2.9057e+00 +3.8000e+00 -1.1802e+00
19 0 +5.318303789e+01 +5.348930379e+02 +5.348930379e+02 -6.5995e-01 -1.6791e+00 -1.6037e+00 +3.0790e-01 +1.0240e+00
30 0 +4.024213580e+01 +5.219521358e+02 +5.219521358e+02 -2.5635e+00 -9.8063e-01 -5.3966e+00 +3.0540e+00 -7.8956e-01
35 0 +3.049402754e+01 +5.122040275e+02 +5.122040275e+02 -2.0130e+00 -4.0393e+00 -4.6679e+00 +4.1922e+00 -2.2510e+00
37 0 +1.486249180e+01 +4.965724918e+02 +4.965724918e+02 -1.5039e+00 -1.9765e+00 -2.6603e+00 +9.7715e-01 -1.0453e+00
183 0 +1.243720750e+01 +4.941472075e+02 +4.941472075e+02 -1.3195e+00 -3.3383e+00 -2.8091e+00 +1.5797e+00 -9.9752e-01
188 0 +1.135742665e+01 +4.930674267e+02 +4.930674267e+02 +7.9438e-02 -4.9196e+00 -2.0324e+00 +1.8561e+00 -2.0104e+00
285 0 +1.081851230e+01 +4.925285123e+02 +4.925285123e+02 -6.3256e-01 -3.5118e+00 -3.0998e+00 +2.3355e+00 -1.9108e+00
299 0 +8.304856684e+00 +4.900148567e+02 +4.900148567e+02 -9.2010e-01 -3.9504e+00 -2.3400e+00 +2.1026e+00 -1.2481e+00
373 0 +3.525609406e+00 +4.852356094e+02 +4.852356094e+02 -6.3890e-01 -3.3625e+00 -2.6321e+00 +2.6240e+00 -1.3420e+00
451 0 +3.214570381e+00 +4.849245704e+02 +4.849245704e+02 +9.2368e-01 -3.5546e+00 -3.5379e+00 +2.2825e+00 -8.7236e-01
655 0 +2.641637353e+00 +4.843516374e+02 +4.843516374e+02 +1.8726e-01 -2.9106e+00 -2.9766e+00 +2.8828e+00 -7.7364e-01
659 0 +2.530934915e+00 +4.842409349e+02 +4.842409349e+02 +4.1595e-01 -3.0987e+00 -2.5338e+00 +3.0926e+00 -6.5750e-01
855 0 +2.460843552e+00 +4.841708436e+02 +4.841708436e+02 +8.7942e-01 -3.1724e+00 -2.5533e+00 +2.8928e+00 -2.6938e-01
1032 0 +2.256116196e+00 +4.839661162e+02 +4.839661162e+02 +1.5536e+00 -3.1006e+00 -2.7262e+00 +3.2540e+00 +1.5197e-02
1274 0 +2.166587592e+00 +4.838765876e+02 +4.838765876e+02 +1.5675e+00 -3.2315e+00 -2.8460e+00 +3.2493e+00 -6.8455e-02
1355 0 +1.991709318e+00 +4.837017093e+02 +4.837017093e+02 +1.9676e+00 -3.5943e+00 -2.5037e+00 +3.0761e+00 -3.8893e-02
1517 0 +1.690841543e+00 +4.834008415e+02 +4.834008415e+02 +2.1326e+00 -3.3058e+00 -2.8045e+00 +3.2314e+00 +1.4018e-01
1546 0 +1.028797978e+00 +4.827387980e+02 +4.827387980e+02 +1.9635e+00 -3.1502e+00 -2.9225e+00 +3.2130e+00 -3.1087e-02
1636 0 +1.000468454e+00 +4.827104685e+02 +4.827104685e+02 +1.8442e+00 -3.2465e+00 -2.9049e+00 +3.0861e+00 -2.4254e-02
2439 0 +6.207524088e-01 +4.823307524e+02 +4.823307524e+02 +2.2457e+00 -3.1223e+00 -2.9746e+00 +3.1921e+00 +2.6455e-01
3334 0 +6.079582308e-01 +4.823179582e+02 +4.823179582e+02 +2.4968e+00 -3.0255e+00 -3.0714e+00 +3.2498e+00 +4.2587e-01
3490 0 +5.232950644e-01 +4.822332951e+02 +4.822332951e+02 +2.5158e+00 -3.0165e+00 -3.0428e+00 +3.2787e+00 +4.5149e-01
3623 0 +5.080673505e-01 +4.822180674e+02 +4.822180674e+02 +2.5387e+00 -3.0120e+00 -3.0585e+00 +3.2823e+00 +4.6327e-01
3645 0 +4.295552597e-01 +4.821395553e+02 +4.821395553e+02 +2.5250e+00 -3.0052e+00 -3.0539e+00 +3.2848e+00 +4.6004e-01
4118 0 +4.222906621e-01 +4.821322907e+02 +4.821322907e+02 +2.5186e+00 -3.0092e+00 -3.0431e+00 +3.2853e+00 +4.5749e-01
50004 0 +4.222906621e-01 +4.821322907e+02 +4.821322907e+02 +2.5186e+00 -3.0092e+00 -3.0431e+00 +3.2853e+00 +4.5749e-01
% f evaluations | g evaluations | best noise-free fitness - Fopt (-3.646000000000e+01) + sum g_i+ | measured fitness | best measured fitness or single-digit g-values | x1 | x2...
1 0 +2.575512727e+01 -1.070487273e+01 -1.070487273e+01 +0.0000e+00 +0.0000e+00 +0.0000e+00 +0.0000e+00 +0.0000e+00
59 0 +2.514624111e+01 -1.131375889e+01 -1.131375889e+01 -1.5172e+00 -5.3378e+00 +1.7797e+00 +3.8245e+00 -2.5565e+00
66 0 +2.322107770e+01 -1.323892230e+01 -1.323892230e+01 -1.7780e+00 -1.3850e+00 -2.8106e-01 -3.0450e+00 +8.0230e-01
83 0 +1.585459904e+01 -2.060540096e+01 -2.060540096e+01 -1.5026e+00 -2.2564e+00 -4.4272e-02 +1.7321e+00 +5.5069e-01
400 0 +1.271728842e+01 -2.374271158e+01 -2.374271158e+01 -7.3474e-01 -2.5357e+00 +3.0157e-02 +2.6494e+00 -1.6413e-01
495 0 +1.214123232e+01 -2.431876768e+01 -2.431876768e+01 -4.1816e-02 -3.2106e+00 -3.5148e-01 +2.2728e+00 +3.5273e-01
517 0 +7.448755648e+00 -2.901124435e+01 -2.901124435e+01 +8.0387e-01 -2.9021e+00 -1.6972e+00 +2.3902e+00 +1.8472e+00
577 0 +6.385390646e+00 -3.007460935e+01 -3.007460935e+01 +1.6047e+00 -3.2132e+00 -2.9310e+00 +2.1159e+00 +4.2121e+00
620 0 +5.444441217e+00 -3.101555878e+01 -3.101555878e+01 +7.5406e-01 -2.6566e+00 -1.2167e+00 +1.4054e+00 +2.5564e+00
737 0 +5.286145427e+00 -3.117385457e+01 -3.117385457e+01 +1.2705e+00 -3.0935e+00 -2.0788e+00 +2.0256e+00 +2.4705e+00
808 0 +3.422858348e+00 -3.303714165e+01 -3.303714165e+01 -1.4458e+00 -3.7230e+00 -9.9862e-01 +4.1607e+00 -1.2955e-01
978 0 +3.329539870e+00 -3.313046013e+01 -3.313046013e+01 +1.2293e+00 -2.8656e+00 -1.6535e+00 +1.6428e+00 +2.8589e+00
979 0 +2.482819464e+00 -3.397718054e+01 -3.397718054e+01 +9.9263e-01 -3.2173e+00 -1.8504e+00 +2.0777e+00 +2.3900e+00
1139 0 +2.040867714e+00 -3.441913229e+01 -3.441913229e+01 +1.3581e+00 -3.1530e+00 -2.0372e+00 +1.8477e+00 +3.0589e+00
1326 0 +1.336072534e+00 -3.512392747e+01 -3.512392747e+01 +1.5737e+00 -3.0854e+00 -2.1707e+00 +1.4995e+00 +3.3987e+00
1660 0 +7.925477974e-01 -3.566745220e+01 -3.566745220e+01 +1.8522e+00 -2.9845e+00 -2.1661e+00 +1.3546e+00 +3.5194e+00
1876 0 +4.960268755e-01 -3.596397312e+01 -3.596397312e+01 +1.9583e+00 -2.8259e+00 -2.2017e+00 +9.1795e-01 +3.9669e+00
1905 0 +2.524735731e-01 -3.620752643e+01 -3.620752643e+01 +2.1745e+00 -2.8023e+00 -2.2500e+00 +8.8570e-01 +4.0395e+00
2312 0 +2.336948484e-01 -3.622630515e+01 -3.622630515e+01 +2.0561e+00 -2.8399e+00 -2.1912e+00 +9.6327e-01 +3.9345e+00
2321 0 +2.221877084e-01 -3.623781229e+01 -3.623781229e+01 +2.1245e+00 -2.8196e+00 -2.2353e+00 +9.3598e-01 +3.9949e+00
2450 0 +1.494560471e-01 -3.631054395e+01 -3.631054395e+01 +2.1538e+00 -2.8468e+00 -2.2592e+00 +9.0999e-01 +4.0601e+00
2474 0 +1.142124474e-01 -3.634578755e+01 -3.634578755e+01 +2.1877e+00 -2.8094e+00 -2.2487e+00 +8.6012e-01 +4.0679e+00
2475 0 +1.016241956e-01 -3.635837580e+01 -3.635837580e+01 +2.1494e+00 -2.8226e+00 -2.2296e+00 +8.8148e-01 +4.0335e+00
2548 0 +8.843101911e-02 -3.637156898e+01 -3.637156898e+01 +2.1200e+00 -2.8292e+00 -2.2004e+00 +9.0317e-01 +3.9785e+00
3108 0 +5.173751391e-02 -3.640826249e+01 -3.640826249e+01 +2.1021e+00 -2.8540e+00 -2.2008e+00 +9.6273e-01 +3.9460e+00
3489 0 +4.175398572e-02 -3.641824601e+01 -3.641824601e+01 +2.1237e+00 -2.8512e+00 -2.2193e+00 +9.3613e-01 +3.9924e+00
3490 0 +3.500326462e-02 -3.642499674e+01 -3.642499674e+01 +2.1206e+00 -2.8498e+00 -2.2182e+00 +9.3703e-01 +3.9951e+00
3818 0 +2.501318930e-02 -3.643498681e+01 -3.643498681e+01 +2.1153e+00 -2.8468e+00 -2.2159e+00 +9.4124e-01 +3.9873e+00
4086 0 +2.296957565e-02 -3.643703042e+01 -3.643703042e+01 +2.1282e+00 -2.8483e+00 -2.2225e+00 +9.3462e-01 +4.0004e+00
4227 0 +2.205293961e-02 -3.643794706e+01 -3.643794706e+01 +2.1259e+00 -2.8461e+00 -2.2214e+00 +9.3459e-01 +3.9977e+00
4261 0 +1.960131941e-02 -3.644039868e+01 -3.644039868e+01 +2.1270e+00 -2.8490e+00 -2.2236e+00 +9.3732e-01 +3.9966e+00
4336 0 +1.643038125e-02 -3.644356962e+01 -3.644356962e+01 +2.1272e+00 -2.8448e+00 -2.2232e+00 +9.2836e-01 +4.0028e+00
4681 0 +1.572751931e-02 -3.644427248e+01 -3.644427248e+01 +2.1303e+00 -2.8437e+00 -2.2208e+00 +9.2726e-01 +3.9991e+00
4744 0 +1.194131059e-02 -3.644805869e+01 -3.644805869e+01 +2.1261e+00 -2.8451e+00 -2.2198e+00 +9.3025e-01 +3.9959e+00
5422 0 +1.131553927e-02 -3.644868446e+01 -3.644868446e+01 +2.1291e+00 -2.8429e+00 -2.2204e+00 +9.2666e-01 +3.9981e+00
5440 0 +8.971912286e-03 -3.645102809e+01 -3.645102809e+01 +2.1281e+00 -2.8430e+00 -2.2204e+00 +9.2616e-01 +3.9982e+00
5642 0 +8.723533712e-03 -3.645127647e+01 -3.645127647e+01 +2.1317e+00 -2.8426e+00 -2.2226e+00 +9.2420e-01 +4.0030e+00
5814 0 +4.300802987e-03 -3.645569920e+01 -3.645569920e+01 +2.1313e+00 -2.8433e+00 -2.2230e+00 +9.2560e-01 +4.0029e+00
7184 0 +3.184816851e-03 -3.645681518e+01 -3.645681518e+01 +2.1306e+00 -2.8431e+00 -2.2219e+00 +9.2544e-01 +4.0013e+00
7986 0 +3.079563760e-03 -3.645692044e+01 -3.645692044e+01 +2.1311e+00 -2.8429e+00 -2.2222e+00 +9.2485e-01 +4.0019e+00
8386 0 +2.985137664e-03 -3.645701486e+01 -3.645701486e+01 +2.1311e+00 -2.8428e+00 -2.2222e+00 +9.2468e-01 +4.0020e+00
8404 0 +2.929064878e-03 -3.645707094e+01 -3.645707094e+01 +2.1313e+00 -2.8428e+00 -2.2222e+00 +9.2466e-01 +4.0020e+00
8629 0 +2.466309337e-03 -3.645753369e+01 -3.645753369e+01 +2.1312e+00 -2.8428e+00 -2.2221e+00 +9.2456e-01 +4.0020e+00
9455 0 +2.451712090e-03 -3.645754829e+01 -3.645754829e+01 +2.1312e+00 -2.8428e+00 -2.2222e+00 +9.2457e-01 +4.0020e+00
12357 0 +2.449953020e-03 -3.645755005e+01 -3.645755005e+01 +2.1312e+00 -2.8428e+00 -2.2222e+00 +9.2457e-01 +4.0020e+00
% f evaluations | g evaluations | best noise-free fitness - Fopt (3.920000000000e+01) + sum g_i+ | measured fitness | best measured fitness or single-digit g-values | x1 | x2...
1 0 +1.031206292e+02 +1.423206292e+02 +1.423206292e+02 +0.0000e+00 +0.0000e+00 +0.0000e+00 +0.0000e+00 +0.0000e+00
2 0 +9.651126667e+01 +1.357112667e+02 +1.357112667e+02 -5.6061e-01 +4.8178e+00 -4.4406e+00 +1.2684e+00 +1.2235e+00
6 0 +4.134358873e+01 +8.054358873e+01 +8.054358873e+01 +1.6494e+00 +2.8604e+00 -1.3225e+00 +4.5348e+00 +2.2254e+00
8 0 +3.961837171e+01 +7.881837171e+01 +7.881837171e+01 +1.5450e+00 -1.8544e-01 +2.6072e+00 +1.7120e+00 -6.3010e-01
21 0 +3.737117936e+01 +7.657117936e+01 +7.657117936e+01 +7.5915e-01 +8.2610e-01 +2.4710e+00 +1.0962e+00 +1.8415e+00
41 0 +3.535264857e+01 +7.455264857e+01 +7.455264857e+01 -7.2565e-01 +2.4380e+00 +6.1376e-01 -1.2965e+00 +3.3906e+00
44 0 +2.561287015e+01 +6.481287015e+01 +6.481287015e+01 +2.4364e+00 +8.2204e-01 +1.0625e+00 +3.0382e+00 +1.2053e+00
67 0 +1.985869464e+01 +5.905869464e+01 +5.905869464e+01 +1.1407e+00 +1.7630e+00 +2.2661e+00 +5.3683e-01 +1.8721e+00
85 0 +1.636022260e+01 +5.556022260e+01 +5.556022260e+01 +3.3593e-01 +1.1648e+00 +2.5704e+00 +2.4778e+00 +3.6874e+00
162 0 +1.601609463e+01 +5.521609463e+01 +5.521609463e+01 +7.7999e-01 +4.2985e+00 +2.6533e+00 +1.6136e+00 +2.9933e+00
172 0 +1.374580976e+01 +5.294580976e+01 +5.294580976e+01 +5.7488e-01 +3.6816e+00 +2.7464e+00 +2.6090e+00 +2.5879e+00
324 0 +1.094948947e+01 +5.014948947e+01 +5.014948947e+01 +2.4262e+00 +1.8160e+00 +2.2930e+00 +2.5499e+00 +2.1737e+00
509 0 +7.178755300e+00 +4.637875530e+01 +4.637875530e+01 +2.1780e+00 +2.2331e+00 +2.7220e+00 +1.8490e+00 +3.5158e+00
604 0 +6.989345208e+00 +4.618934521e+01 +4.618934521e+01 +2.8195e+00 +1.9095e+00 +2.7484e+00 +2.9773e+00 +2.3981e+00
630 0 +1.362255837e+00 +4.056225584e+01 +4.056225584e+01 +3.9879e+00 +1.5076e+00 +2.2132e+00 +4.0113e+00 +1.8866e+00
1247 0 +1.330095409e+00 +4.053009541e+01 +4.053009541e+01 +4.8408e+00 +1.1711e+00 +2.8764e+00 +3.3264e+00 +1.8351e+00
1471 0 +1.143701000e+00 +4.034370100e+01 +4.034370100e+01 +3.7605e+00 +1.6082e+00 +2.3404e+00 +3.3650e+00 +2.2457e+00
1635 0 +9.853622747e-01 +4.018536227e+01 +4.018536227e+01 +3.8401e+00 +1.7805e+00 +2.4640e+00 +3.2991e+00 +2.1218e+00
1644 0 +6.867143800e-01 +3.988671438e+01 +3.988671438e+01 +3.3545e+00 +1.6580e+00 +2.2566e+00 +3.1853e+00 +2.5181e+00
1751 0 +6.635010348e-01 +3.986350103e+01 +3.986350103e+01 +3.7391e+00 +1.6277e+00 +2.3920e+00 +3.4067e+00 +2.2774e+00
1810 0 +3.846123997e-01 +3.958461240e+01 +3.958461240e+01 +3.7056e+00 +1.6184e+00 +2.4657e+00 +3.1622e+00 +2.2793e+00
2546 0 +3.654519885e-01 +3.956545199e+01 +3.956545199e+01 +4.3698e+00 +1.3880e+00 +2.7010e+00 +3.2906e+00 +2.0109e+00
2593 0 +3.263221491e-01 +3.952632215e+01 +3.952632215e+01 +4.3733e+00 +1.3740e+00 +2.6835e+00 +3.3084e+00 +2.0122e+00
2603 0 +3.194915298e-01 +3.951949153e+01 +3.951949153e+01 +4.3659e+00 +1.3603e+00 +2.6217e+00 +3.4247e+00 +1.9690e+00
2728 0 +3.044408736e-01 +3.950444087e+01 +3.950444087e+01 +4.3189e+00 +1.3827e+00 +2.6469e+00 +3.3629e+00 +2.0017e+00
2746 0 +2.989090916e-01 +3.949890909e+01 +3.949890909e+01 +4.3577e+00 +1.3677e+00 +2.6257e+00 +3.3719e+00 +1.9966e+00
3081 0 +2.781945045e-01 +3.947819450e+01 +3.947819450e+01 +4.3433e+00 +1.3890e+00 +2.6535e+00 +3.3616e+00 +1.9886e+00
3211 0 +2.746066144e-01 +3.947460661e+01 +3.947460661e+01 +4.3718e+00 +1.3619e+00 +2.6595e+00 +3.3733e+00 +1.9836e+00
3382 0 +2.429592242e-01 +3.944295922e+01 +3.944295922e+01 +4.3741e+00 +1.3606e+00 +2.6501e+00 +3.3703e+00 +1.9697e+00
3390 0 +1.968615448e-01 +3.939686154e+01 +3.939686154e+01 +4.4043e+00 +1.3545e+00 +2.6527e+00 +3.3751e+00 +1.9698e+00
3587 0 +1.762488987e-01 +3.937624890e+01 +3.937624890e+01 +4.3629e+00 +1.3707e+00 +2.6301e+00 +3.3991e+00 +1.9761e+00
3614 0 +1.467202039e-01 +3.934672020e+01 +3.934672020e+01 +4.3794e+00 +1.3617e+00 +2.6475e+00 +3.3757e+00 +1.9800e+00
3694 0 +1.351265434e-01 +3.933512654e+01 +3.933512654e+01 +4.3791e+00 +1.3624e+00 +2.6510e+00 +3.3679e+00 +1.9783e+00
4087 0 +1.171191091e-01 +3.931711911e+01 +3.931711911e+01 +4.3678e+00 +1.3714e+00 +2.6449e+00 +3.3781e+00 +1.9811e+00
4171 0 +1.137462268e-01 +3.931374623e+01 +3.931374623e+01 +4.3722e+00 +1.3694e+00 +2.6517e+00 +3.3671e+00 +1.9818e+00
4518 0 +9.653573054e-02 +3.929653573e+01 +3.929653573e+01 +4.3745e+00 +1.3674e+00 +2.6506e+00 +3.3674e+00 +1.9821e+00
4545 0 +8.870828792e-02 +3.928870829e+01 +3.928870829e+01 +4.3686e+00 +1.3703e+00 +2.6488e+00 +3.3673e+00 +1.9847e+00
4882 0 +7.850531747e-02 +3.927850532e+01 +3.927850532e+01 +4.3668e+00 +1.3698e+00 +2.6504e+00 +3.3640e+00 +1.9861e+00
5030 0 +7.582788659e-02 +3.927582789e+01 +3.927582789e+01 +4.3723e+00 +1.3679e+00 +2.6516e+00 +3.3655e+00 +1.9835e+00
5991 0 +7.072737902e-02 +3.927072738e+01 +3.927072738e+01 +4.3762e+00 +1.3674e+00 +2.6521e+00 +3.3665e+00 +1.9818e+00
6376 0 +6.670492883e-02 +3.926670493e+01 +3.926670493e+01 +4.3764e+00 +1.3674e+00 +2.6521e+00 +3.3668e+00 +1.9815e+00
6528 0 +5.763707407e-02 +3.925763707e+01 +3.925763707e+01 +4.3780e+00 +1.3665e+00 +2.6530e+00 +3.3665e+00 +1.9811e+00
7373 0 +5.487076288e-02 +3.925487076e+01 +3.925487076e+01 +4.3771e+00 +1.3669e+00 +2.6529e+00 +3.3660e+00 +1.9816e+00
24309 0 +5.487076288e-02 +3.925487076e+01 +3.925487076e+01 +4.3771e+00 +1.3669e+00 +2.6529e+00 +3.3660e+00 +1.9816e+00
% f evaluations | g evaluations | best noise-free fitness - Fopt (-3.225000000000e+01) + sum g_i+ | measured fitness | best measured fitness or single-digit g-values | x1 | x2...
1 0 +1.456730525e+02 +1.134230525e+02 +1.134230525e+02 +0.0000e+00 +0.0000e+00 +0.0000e+00 +0.0000e+00 +0.0000e+00
3 0 +1.187732677e+02 +8.652326773e+01 +8.652326773e+01 -1.6290e+00 -2.5967e+00 -2.5570e+00 -3.2778e+00 -4.2127e+00
6 0 +5.919254599e+01 +2.694254599e+01 +2.694254599e+01 +9.8165e-02 -3.5980e+00 +2.9879e+00 -2.1422e+00 +8.7091e-01
32 0 +4.278563977e+01 +1.053563977e+01 +1.053563977e+01 +1.2142e+00 -3.2720e+00 +2.5228e-01 +1.5119e-01 -1.2088e+00
61 0 +3.351909565e+01 +1.269095648e+00 +1.269095648e+00 +2.7982e+00 -2.2088e+00 -8.0563e-01 -4.0074e-01 +5.9076e-01
122 0 +2.524312557e+01 -7.006874433e+00 -7.006874433e+00 +2.6508e+00 +5.7591e-01 +1.4278e+00 -4.4470e-01 +3.6299e+00
125 0 +1.603178980e+01 -1.621821020e+01 -1.621821020e+01 +3.0516e+00 +1.7004e+00 +4.0436e-02 -5.5781e-01 +4.8025e+00
276 0 +1.316632264e+01 -1.908367736e+01 -1.908367736e+01 +2.3130e+00 +1.5415e+00 +9.6977e-01 -2.4509e+00 +3.4988e+00
299 0 +1.212738958e+01 -2.012261042e+01 -2.012261042e+01 +2.6859e+00 +2.9053e+00 +1.3220e+00 -1.1597e+00 +4.7425e+00
381 0 +1.025835133e+01 -2.199164867e+01 -2.199164867e+01 +2.5428e+00 +9.5389e-02 +1.0335e-01 -3.2663e+00 +2.1082e+00
421 0 +5.038618717e+00 -2.721138128e+01 -2.721138128e+01 +3.6158e+00 +1.0039e+00 +1.1346e-01 -2.7765e+00 +3.0983e+00
641 0 +4.202459808e+00 -2.804754019e+01 -2.804754019e+01 +3.3048e+00 +2.2522e-03 -2.6523e-01 -3.3831e+00 +2.3619e+00
673 0 +4.010918378e+00 -2.823908162e+01 -2.823908162e+01 +3.5697e+00 -7.2555e-01 -1.4347e+00 -4.3849e+00 +8.3225e-01
851 0 +2.427530858e+00 -2.982246914e+01 -2.982246914e+01 +3.5793e+00 +3.1691e-01 -7.2121e-01 -3.2183e+00 +2.6914e+00
1241 0 +2.378595873e+00 -2.987140413e+01 -2.987140413e+01 +3.9932e+00 +6.5911e-01 -1.5292e+00 -3.3612e+00 +2.4959e+00
1261 0 +1.920193693e+00 -3.032980631e+01 -3.032980631e+01 +3.5889e+00 +1.1417e+00 -1.1031e+00 -2.9661e+00 +3.1059e+00
1297 0 +1.732315881e+00 -3.051768412e+01 -3.051768412e+01 +3.7152e+00 +1.1016e+00 -9.9492e-01 -2.9005e+00 +3.5146e+00
1455 0 +1.386652623e+00 -3.086334738e+01 -3.086334738e+01 +3.5613e+00 +1.4138e+00 -9.5167e-01 -2.5561e+00 +3.4381e+00
1468 0 +1.126449537e+00 -3.112355046e+01 -3.112355046e+01 +3.4519e+00 +1.0229e+00 -6.0672e-01 -2.9225e+00 +3.3042e+00
1537 0 +7.012123905e-01 -3.154878761e+01 -3.154878761e+01 +3.5060e+00 +1.1192e+00 -7.8106e-01 -2.8104e+00 +3.2971e+00
1739 0 +5.446274550e-01 -3.170537255e+01 -3.170537255e+01 +3.6153e+00 +8.7729e-01 -9.3262e-01 -2.9209e+00 +3.0284e+00
2096 0 +3.888419848e-01 -3.186115802e+01 -3.186115802e+01 +3.6137e+00 +1.1630e+00 -8.6073e-01 -2.7811e+00 +3.3446e+00
2203 0 +2.390167007e-01 -3.201098330e+01 -3.201098330e+01 +3.6123e+00 +1.1150e+00 -8.5353e-01 -2.7811e+00 +3.2878e+00
2334 0 +4.570034516e-02 -3.220429965e+01 -3.220429965e+01 +3.5945e+00 +1.0701e+00 -8.6305e-01 -2.8062e+00 +3.2670e+00
3378 0 +2.682524052e-02 -3.222317476e+01 -3.222317476e+01 +3.5933e+00 +1.1222e+00 -8.5884e-01 -2.7662e+00 +3.3336e+00
3966 0 +2.519822622e-02 -3.222480177e+01 -3.222480177e+01 +3.5940e+00 +1.1176e+00 -8.6058e-01 -2.7706e+00 +3.3272e+00
4557 0 +1.633041246e-02 -3.223366959e+01 -3.223366959e+01 +3.5939e+00 +1.1193e+00 -8.5859e-01 -2.7684e+00 +3.3290e+00
4569 0 +1.620422185e-02 -3.223379578e+01 -3.223379578e+01 +3.5932e+00 +1.1202e+00 -8.5853e-01 -2.7678e+00 +3.3309e+00
5102 0 +1.574410604e-02 -3.223425589e+01 -3.223425589e+01 +3.5927e+00 +1.1197e+00 -8.5756e-01 -2.7683e+00 +3.3302e+00
5387 0 +1.514516416e-02 -3.223485484e+01 -3.223485484e+01 +3.5934e+00 +1.1215e+00 -8.5792e-01 -2.7669e+00 +3.3320e+00
5388 0 +1.418543607e-02 -3.223581456e+01 -3.223581456e+01 +3.5937e+00 +1.1211e+00 -8.5898e-01 -2.7670e+00 +3.3313e+00
5491 0 +1.332828392e-02 -3.223667172e+01 -3.223667172e+01 +3.5936e+00 +1.1208e+00 -8.5858e-01 -2.7673e+00 +3.3311e+00
5842 0 +1.234680827e-02 -3.223765319e+01 -3.223765319e+01 +3.5933e+00 +1.1210e+00 -8.5784e-01 -2.7672e+00 +3.3314e+00
5894 0 +9.645631241e-03 -3.224035437e+01 -3.224035437e+01 +3.5932e+00 +1.1202e+00 -8.5770e-01 -2.7677e+00 +3.3309e+00
6464 0 +9.328037894e-03 -3.224067196e+01 -3.224067196e+01 +3.5931e+00 +1.1200e+00 -8.5765e-01 -2.7679e+00 +3.3307e+00
6761 0 +8.868744064e-03 -3.224113126e+01 -3.224113126e+01 +3.5931e+00 +1.1203e+00 -8.5772e-01 -2.7676e+00 +3.3310e+00
6788 0 +8.641118633e-03 -3.224135888e+01 -3.224135888e+01 +3.5931e+00 +1.1200e+00 -8.5757e-01 -2.7679e+00 +3.3307e+00
6789 0 +8.500264677e-03 -3.224149974e+01 -3.224149974e+01 +3.5931e+00 +1.1201e+00 -8.5760e-01 -2.7678e+00 +3.3308e+00
7001 0 +8.137543165e-03 -3.224186246e+01 -3.224186246e+01 +3.5931e+00 +1.1200e+00 -8.5757e-01 -2.7678e+00 +3.3307e+00
7352 0 +8.039103844e-03 -3.224196090e+01 -3.224196090e+01 +3.5931e+00 +1.1201e+00 -8.5764e-01 -2.7678e+00 +3.3308e+00
7519 0 +7.211963815e-03 -3.224278804e+01 -3.224278804e+01 +3.5931e+00 +1.1202e+00 -8.5761e-01 -2.7677e+00 +3.3309e+00
9773 0 +6.957012397e-03 -3.224304299e+01 -3.224304299e+01 +3.5931e+00 +1.1202e+00 -8.5764e-01 -2.7677e+00 +3.3309e+00
9994 0 +6.869366778e-03 -3.224313063e+01 -3.224313063e+01 +3.5931e+00 +1.1202e+00 -8.5764e-01 -2.7677e+00 +3.3309e+00
10253 0 +6.757163270e-03 -3.224324284e+01 -3.224324284e+01 +3.5931e+00 +1.1202e+00 -8.5763e-01 -2.7677e+00 +3.3309e+00
10314 0 +6.526944491e-03 -3.224347306e+01 -3.224347306e+01 +3.5931e+00 +1.1202e+00 -8.5763e-01 -2.7677e+00 +3.3309e+00
11470 0 +6.419488345e-03 -3.224358051e+01 -3.224358051e+01 +3.5931e+00 +1.1202e+00 -8.5763e-01 -2.7677e+00 +3.3309e+00
12147 0 +6.419488345e-03 -3.224358051e+01 -3.224358051e+01 +3.5931e+00 +1.1202e+00 -8.5763e-01 -2.7677e+00 +3.3309e+00
% f evaluations | g evaluations | best noise-free fitness - Fopt (3.681200000000e+02) + sum g_i+ | measured fitness | best measured fitness or single-digit g-values | x1 | x2...
1 0 +4.418984040e+01 +4.123098404e+02 +4.123098404e+02 +0.0000e+00 +0.0000e+00 +0.0000e+00 +0.0000e+00 +0.0000e+00
16 0 +4.174395485e+01 +4.098639548e+02 +4.098639548e+02 -3.0559e+00 -2.2172e+00 +2.8760e+00 -1.7320e+00 -3.9258e+00
21 0 +3.315363746e+01 +4.012736375e+02 +4.012736375e+02 -3.4569e+00 +2.3711e+00 +3.8509e+00 -4.9374e+00 -3.3661e+00
44 0 +2.391061946e+01 +3.920306195e+02 +3.920306195e+02 -2.2247e+00 +3.3120e+00 +3.3670e+00 -2.4557e+00 -1.3793e+00
73 0 +2.022612615e+01 +3.883461261e+02 +3.883461261e+02 +9.2414e-02 -1.2717e+00 +1.9142e+00 -2.0939e+00 -1.4299e+00
88 0 +1.779213615e+01 +3.859121361e+02 +3.859121361e+02 -3.0958e+00 +3.5389e-01 +8.2028e-01 -1.3552e+00 -1.7892e-01
97 0 +1.745000290e+01 +3.855700029e+02 +3.855700029e+02 -1.4504e+00 +1.8849e-01 +1.9753e+00 -2.6898e+00 +2.7121e-01
111 0 +7.316372986e+00 +3.754363730e+02 +3.754363730e+02 -1.3731e+00 -9.5695e-01 +4.7321e-01 -3.3359e+00 -1.1126e+00
474 0 +7.216762607e+00 +3.753367626e+02 +3.753367626e+02 -2.4960e+00 +2.4659e-01 +1.4840e+00 -1.4245e+00 -8.5020e-01
483 0 +5.990615242e+00 +3.741106152e+02 +3.741106152e+02 -1.7366e+00 -6.0699e-01 +2.1706e+00 -7.4999e-01 +1.5469e+00
1016 0 +4.786478826e+00 +3.729064788e+02 +3.729064788e+02 -2.1788e+00 -2.2059e+00 +6.9931e-01 -2.4966e+00 -3.7880e-01
1050 0 +2.451016338e+00 +3.705710163e+02 +3.705710163e+02 -2.4528e+00 -1.1966e+00 +7.7089e-01 -2.5670e+00 -8.6885e-01
1338 0 +1.802603917e+00 +3.699226039e+02 +3.699226039e+02 -2.3364e+00 -7.9087e-01 +6.5599e-01 -2.0801e+00 -4.1746e-01
1464 0 +1.765060696e+00 +3.698850607e+02 +3.698850607e+02 -2.5421e+00 -1.2262e+00 +5.7109e-01 -2.1941e+00 -7.2801e-01
1510 0 +1.535709212e+00 +3.696557092e+02 +3.696557092e+02 -2.3652e+00 -2.1377e+00 +4.7171e-01 -2.6424e+00 -1.4733e+00
1521 0 +8.342605613e-01 +3.689542606e+02 +3.689542606e+02 -2.4942e+00 -1.2154e+00 +6.5594e-01 -2.3470e+00 -7.7403e-01
2222 0 +8.222336040e-01 +3.689422336e+02 +3.689422336e+02 -2.4367e+00 -1.4105e+00 +5.5807e-01 -2.4627e+00 -6.5755e-01
2254 0 +5.663314659e-01 +3.686863315e+02 +3.686863315e+02 -2.3907e+00 -1.4014e+00 +6.7610e-01 -2.3765e+00 -6.7688e-01
2678 0 +4.344949698e-01 +3.685544950e+02 +3.685544950e+02 -2.4099e+00 -1.7185e+00 +4.4398e-01 -2.5813e+00 -8.4593e-01
3016 0 +3.851202853e-01 +3.685051203e+02 +3.685051203e+02 -2.4237e+00 -1.6760e+00 +4.5819e-01 -2.5935e+00 -9.1705e-01
3167 0 +3.478923250e-01 +3.684678923e+02 +3.684678923e+02 -2.4394e+00 -1.5611e+00 +4.9413e-01 -2.5404e+00 -8.6980e-01
3187 0 +3.128681141e-01 +3.684328681e+02 +3.684328681e+02 -2.4240e+00 -1.5780e+00 +5.0011e-01 -2.5265e+00 -8.5777e-01
3200 0 +2.050309756e-01 +3.683250310e+02 +3.683250310e+02 -2.4216e+00 -1.5398e+00 +5.1379e-01 -2.5072e+00 -8.1659e-01
3407 0 +1.727361809e-01 +3.682927362e+02 +3.682927362e+02 -2.4270e+00 -1.5581e+00 +5.1636e-01 -2.5115e+00 -8.3098e-01
3754 0 +1.541522252e-01 +3.682741522e+02 +3.682741522e+02 -2.4218e+00 -1.5509e+00 +5.1979e-01 -2.5055e+00 -8.3427e-01
3771 0 +1.421493680e-01 +3.682621494e+02 +3.682621494e+02 -2.4151e+00 -1.5601e+00 +5.2599e-01 -2.5093e+00 -8.2340e-01
4054 0 +1.350102299e-01 +3.682550102e+02 +3.682550102e+02 -2.4358e+00 -1.5368e+00 +5.0068e-01 -2.5308e+00 -8.3963e-01
4186 0 +1.303223302e-01 +3.682503223e+02 +3.682503223e+02 -2.4167e+00 -1.5605e+00 +5.1638e-01 -2.5116e+00 -8.2945e-01
4267 0 +1.226637937e-01 +3.682426638e+02 +3.682426638e+02 -2.4232e+00 -1.5476e+00 +5.2194e-01 -2.5125e+00 -8.3050e-01
4343 0 +1.064466937e-01 +3.682264467e+02 +3.682264467e+02 -2.4177e+00 -1.5598e+00 +5.1804e-01 -2.5100e+00 -8.3098e-01
4426 0 +1.027954522e-01 +3.682227955e+02 +3.682227955e+02 -2.4193e+00 -1.5575e+00 +5.1937e-01 -2.5081e+00 -8.3096e-01
4439 0 +7.940384534e-02 +3.681994038e+02 +3.681994038e+02 -2.4178e+00 -1.5563e+00 +5.2226e-01 -2.5083e+00 -8.2575e-01
4449 0 +7.531355639e-02 +3.681953136e+02 +3.681953136e+02 -2.4173e+00 -1.5602e+00 +5.1922e-01 -2.5113e+00 -8.2682e-01
4618 0 +7.165609509e-02 +3.681916561e+02 +3.681916561e+02 -2.4188e+00 -1.5559e+00 +5.1962e-01 -2.5114e+00 -8.2853e-01
4727 0 +7.010114992e-02 +3.681901011e+02 +3.681901011e+02 -2.4190e+00 -1.5596e+00 +5.1817e-01 -2.5137e+00 -8.3037e-01
4946 0 +5.549857417e-02 +3.681754986e+02 +3.681754986e+02 -2.4193e+00 -1.5580e+00 +5.1819e-01 -2.5128e+00 -8.2972e-01
5252 0 +5.420628410e-02 +3.681742063e+02 +3.681742063e+02 -2.4186e+00 -1.5553e+00 +5.2067e-01 -2.5101e+00 -8.2745e-01
5362 0 +5.182305034e-02 +3.681718231e+02 +3.681718231e+02 -2.4182e+00 -1.5560e+00 +5.2074e-01 -2.5099e+00 -8.2656e-01
5366 0 +5.086732810e-02 +3.681708673e+02 +3.681708673e+02 -2.4173e+00 -1.5584e+00 +5.2069e-01 -2.5097e+00 -8.2635e-01
5410 0 +4.574389296e-02 +3.681657439e+02 +3.681657439e+02 -2.4182e+00 -1.5563e+00 +5.2107e-01 -2.5097e+00 -8.2670e-01
6127 0 +4.472590437e-02 +3.681647259e+02 +3.681647259e+02 -2.4178e+00 -1.5602e+00 +5.1944e-01 -2.5112e+00 -8.2787e-01
6164 0 +4.449135391e-02 +3.681644914e+02 +3.681644914e+02 -2.4180e+00 -1.5586e+00 +5.1986e-01 -2.5107e+00 -8.2782e-01
6850 0 +4.181048914e-02 +3.681618105e+02 +3.681618105e+02 -2.4184e+00 -1.5576e+00 +5.1980e-01 -2.5109e+00 -8.2782e-01
7996 0 +4.018247885e-02 +3.681601825e+02 +3.681601825e+02 -2.4186e+00 -1.5569e+00 +5.1999e-01 -2.5108e+00 -8.2770e-01
8943 0 +3.980599530e-02 +3.681598060e+02 +3.681598060e+02 -2.4185e+00 -1.5569e+00 +5.2007e-01 -2.5107e+00 -8.2762e-01
13230 0 +3.882257797e-02 +3.681588226e+02 +3.681588226e+02 -2.4186e+00 -1.5568e+00 +5.2002e-01 -2.5107e+00 -8.2768e-01
14255 0 +3.838004875e-02 +3.681583800e+02 +3.681583800e+02 -2.4186e+00 -1.5568e+00 +5.2002e-01 -2.5108e+00 -8.2769e-01
% f evaluations | g evaluations | best noise-free fitness - Fopt (4.739000000000e+01) + sum g_i+ | measured fitness | best measured fitness or single-digit g-values | x1 | x2...
1 0 +4.522224235e+01 +9.261224235e+01 +9.261224235e+01 +0.0000e+00 +0.0000e+00 +0.0000e+00 +0.0000e+00 +0.0000e+00
23 0 +4.379598846e+01 +9.118598846e+01 +9.118598846e+01 +1.6094e-01 -2.2579e+00 -2.7043e+00 +3.4857e+00 -2.0677e+00
24 0 +3.692990758e+01 +8.431990758e+01 +8.431990758e+01 +2.8222e+00 +1.3720e+00 -1.3263e+00 +1.2161e+00 -2.2139e+00
26 0 +3.424931105e+01 +8.163931105e+01 +8.163931105e+01 +1.5331e+00 +3.9783e-01 +5.8780e-01 +1.8005e-01 -3.8269e+00
37 0 +3.316914130e+01 +8.055914130e+01 +8.055914130e+01 +3.4184e+00 -2.3056e-01 -1.3584e+00 +1.4718e+00 -1.8718e+00
45 0 +1.845585594e+01 +6.584585594e+01 +6.584585594e+01 +9.5967e-01 -1.0797e+00 +3.6276e-01 +1.9230e+00 +1.8465e+00
103 0 +1.695884007e+01 +6.434884007e+01 +6.434884007e+01 +5.1101e-01 -4.3443e-01 -9.2876e-01 +5.9592e-01 +1.6925e+00
133 0 +1.394640585e+01 +6.133640585e+01 +6.133640585e+01 +2.1995e+00 +4.1008e+00 +2.2612e+00 +1.4468e+00 +7.8133e-01
141 0 +8.744161810e+00 +5.613416181e+01 +5.613416181e+01 +8.0106e-01 +3.2217e+00 +5.5527e-01 +1.4686e+00 -4.0637e-01
187 0 +5.716740562e+00 +5.310674056e+01 +5.310674056e+01 +4.7881e-01 +3.1261e+00 -1.1132e-02 +9.1274e-01 +2.2878e-01
201 0 +4.258560777e+00 +5.164856078e+01 +5.164856078e+01 +4.0093e-02 +3.4670e+00 +5.4372e-01 +3.2305e-01 +4.7712e-01
552 0 +3.722686143e+00 +5.111268614e+01 +5.111268614e+01 -1.3297e+00 +1.8164e+00 -1.6357e+00 -2.2899e-01 +6.2261e-01
669 0 +2.189801563e+00 +4.957980156e+01 +4.957980156e+01 -2.1685e-01 +2.0293e+00 -9.2419e-01 +5.8969e-01 +7.4214e-01
763 0 +9.934037251e-01 +4.838340373e+01 +4.838340373e+01 -5.1830e-01 +2.7123e+00 -8.2026e-01 +3.1589e-01 +5.3775e-01
905 0 +8.046610360e-01 +4.819466104e+01 +4.819466104e+01 -4.5764e-01 +2.8764e+00 -6.7209e-01 +1.5457e-01 +4.3343e-01
1124 0 +5.125747911e-01 +4.790257479e+01 +4.790257479e+01 -5.8218e-01 +2.6121e+00 -8.3865e-01 +1.6335e-01 +4.4229e-01
1209 0 +2.425549219e-01 +4.763255492e+01 +4.763255492e+01 -3.8143e-01 +2.7739e+00 -6.9204e-01 +2.3296e-01 +4.3007e-01
1446 0 +2.348940124e-01 +4.762489401e+01 +4.762489401e+01 -5.1972e-01 +2.6234e+00 -8.6505e-01 +2.4156e-01 +4.2388e-01
1514 0 +2.142538547e-01 +4.760425385e+01 +4.760425385e+01 -5.5310e-01 +2.5747e+00 -9.4404e-01 +2.2161e-01 +4.3048e-01
1796 0 +1.701382718e-01 +4.756013827e+01 +4.756013827e+01 -5.3278e-01 +2.5921e+00 -8.7299e-01 +2.1089e-01 +4.3319e-01
1890 0 +8.740423331e-02 +4.747740423e+01 +4.747740423e+01 -5.0434e-01 +2.6188e+00 -8.5550e-01 +2.1155e-01 +4.2882e-01
2051 0 +5.484786212e-02 +4.744484786e+01 +4.744484786e+01 -5.0761e-01 +2.6333e+00 -8.7124e-01 +2.1165e-01 +4.2500e-01
2409 0 +4.803293549e-02 +4.743803294e+01 +4.743803294e+01 -5.0967e-01 +2.6283e+00 -8.7158e-01 +2.1883e-01 +4.2313e-01
2469 0 +4.532160466e-02 +4.743532160e+01 +4.743532160e+01 -5.0517e-01 +2.6384e+00 -8.6501e-01 +2.1548e-01 +4.2378e-01
2772 0 +3.542716682e-02 +4.742542717e+01 +4.742542717e+01 -5.0072e-01 +2.6330e+00 -8.7013e-01 +2.2156e-01 +4.2705e-01
2778 0 +2.785300720e-02 +4.741785301e+01 +4.741785301e+01 -4.9124e-01 +2.6320e+00 -8.6701e-01 +2.2854e-01 +4.2804e-01
2819 0 +2.385552164e-02 +4.741385552e+01 +4.741385552e+01 -4.9278e-01 +2.6321e+00 -8.6816e-01 +2.2663e-01 +4.2740e-01
2832 0 +2.021389333e-02 +4.741021389e+01 +4.741021389e+01 -4.9489e-01 +2.6342e+00 -8.6553e-01 +2.2340e-01 +4.2526e-01
2913 0 +8.772175877e-03 +4.739877218e+01 +4.739877218e+01 -4.9418e-01 +2.6326e+00 -8.6287e-01 +2.2395e-01 +4.2743e-01
3236 0 +5.910130588e-03 +4.739591013e+01 +4.739591013e+01 -4.9273e-01 +2.6325e+00 -8.6131e-01 +2.2538e-01 +4.2794e-01
4326 0 +5.684421748e-03 +4.739568442e+01 +4.739568442e+01 -5.0774e-01 +2.6232e+00 -8.7604e-01 +2.1893e-01 +4.2683e-01
4434 0 +5.484709371e-03 +4.739548471e+01 +4.739548471e+01 -5.0894e-01 +2.6216e+00 -8.7666e-01 +2.1894e-01 +4.2696e-01
4499 0 +3.893733201e-03 +4.739389373e+01 +4.739389373e+01 -5.0899e-01 +2.6220e+00 -8.7650e-01 +2.1867e-01 +4.2707e-01
4592 0 +3.354574938e-03 +4.739335457e+01 +4.739335457e+01 -5.0882e-01 +2.6217e+00 -8.7668e-01 +2.1882e-01 +4.2705e-01
6519 0 +3.193153749e-03 +4.739319315e+01 +4.739319315e+01 -5.0841e-01 +2.6226e+00 -8.7602e-01 +2.1871e-01 +4.2692e-01
6750 0 +2.937627625e-03 +4.739293763e+01 +4.739293763e+01 -5.0860e-01 +2.6222e+00 -8.7621e-01 +2.1874e-01 +4.2700e-01
6804 0 +2.829551287e-03 +4.739282955e+01 +4.739282955e+01 -5.0849e-01 +2.6221e+00 -8.7610e-01 +2.1884e-01 +4.2707e-01
6840 0 +2.655610123e-03 +4.739265561e+01 +4.739265561e+01 -5.0851e-01 +2.6222e+00 -8.7616e-01 +2.1877e-01 +4.2698e-01
6846 0 +1.928840822e-03 +4.739192884e+01 +4.739192884e+01 -5.0854e-01 +2.6221e+00 -8.7618e-01 +2.1876e-01 +4.2702e-01
11810 0 +1.903189587e-03 +4.739190319e+01 +4.739190319e+01 -5.0852e-01 +2.6218e+00 -8.7626e-01 +2.1893e-01 +4.2714e-01
11973 0 +1.864299156e-03 +4.739186430e+01 +4.739186430e+01 -5.0852e-01 +2.6218e+00 -8.7626e-01 +2.1893e-01 +4.2714e-01
% f evaluations | g evaluations | best noise-free fitness - Fopt (-3.428900000000e+02) + sum g_i+ | measured fitness | best measured fitness or single-digit g-values | x1 | x2...
1 0 +9.490063186e+01 -2.479893681e+02 -2.479893681e+02 +0.0000e+00 +0.0000e+00 +0.0000e+00 +0.0000e+00 +0.0000e+00
6 0 +4.877847557e+01 -2.941115244e+02 -2.941115244e+02 -2.0851e+00 -3.2381e+00 -2.0694e+00 +1.8635e+00 +3.9582e+00
9 0 +2.244345956e+01 -3.204465404e+02 -3.204465404e+02 +5.6263e-01 -4.9985e+00 +3.5238e+00 -4.8245e+00 +7.5772e-01
26 0 +1.669792720e+01 -3.261920728e+02 -3.261920728e+02 +7.4893e-01 -2.6201e+00 +3.1327e-01 -1.1317e+00 -2.6356e+00
32 0 +1.488205469e+01 -3.280079453e+02 -3.280079453e+02 -1.3541e+00 -4.8938e+00 -2.0942e+00 -2.3847e+00 +1.3032e+00
92 0 +1.474789248e+01 -3.281421075e+02 -3.281421075e+02 +3.8572e+00 -2.1665e+00 +5.1000e+00 -4.9340e+00 -1.8271e-02
230 0 +9.515958679e+00 -3.333740413e+02 -3.333740413e+02 +1.2232e+00 -2.7656e+00 +1.9408e+00 -5.2494e-01 -1.8619e+00
470 0 +7.750165578e+00 -3.351398344e+02 -3.351398344e+02 -1.2465e-01 -3.7920e+00 +5.7777e-01 -1.9383e+00 +2.4868e-01
555 0 +4.952774957e+00 -3.379372250e+02 -3.379372250e+02 +2.0672e+00 -3.0499e+00 +2.7762e+00 -2.3484e+00 -8.3080e-01
674 0 +4.407778525e+00 -3.384822215e+02 -3.384822215e+02 +1.2705e+00 -2.4231e+00 +1.8139e+00 -1.4251e+00 -1.1148e+00
914 0 +3.561442386e+00 -3.393285576e+02 -3.393285576e+02 +2.1548e+00 -2.8848e+00 +3.7482e+00 -3.0174e+00 -1.8549e-01
920 0 +2.772842454e+00 -3.401171575e+02 -3.401171575e+02 +1.7225e+00 -2.9124e+00 +2.8272e+00 -2.7008e+00 -3.3808e-01
1105 0 +1.613060015e+00 -3.412769400e+02 -3.412769400e+02 +2.2956e+00 -2.3814e+00 +3.6156e+00 -2.2063e+00 -1.3553e+00
1149 0 +1.163657473e+00 -3.417263425e+02 -3.417263425e+02 +2.1173e+00 -2.4901e+00 +3.2843e+00 -2.2288e+00 -8.9501e-01
1376 0 +1.033377908e+00 -3.418566221e+02 -3.418566221e+02 +2.0297e+00 -2.9594e+00 +3.3584e+00 -3.2344e+00 -1.2176e-01
1650 0 +6.981890818e-01 -3.421918109e+02 -3.421918109e+02 +2.0726e+00 -2.5243e+00 +3.1554e+00 -2.3087e+00 -9.7345e-01
1948 0 +6.646433365e-01 -3.422253567e+02 -3.422253567e+02 +2.1280e+00 -2.7027e+00 +3.4042e+00 -2.9226e+00 -5.3158e-01
1995 0 +6.403653172e-01 -3.422496347e+02 -3.422496347e+02 +2.2203e+00 -2.7285e+00 +3.5184e+00 -2.9798e+00 -3.6137e-01
2024 0 +5.611337158e-01 -3.423288663e+02 -3.423288663e+02 +2.2168e+00 -2.7919e+00 +3.4371e+00 -3.1500e+00 -3.2098e-01
2112 0 +5.461713281e-01 -3.423438287e+02 -3.423438287e+02 +2.2865e+00 -2.7879e+00 +3.4775e+00 -3.1392e+00 -3.0052e-01
2126 0 +4.096295539e-01 -3.424803704e+02 -3.424803704e+02 +2.2098e+00 -2.7665e+00 +3.5000e+00 -3.0877e+00 -3.8027e-01
2161 0 +3.358338457e-01 -3.425541662e+02 -3.425541662e+02 +2.2490e+00 -2.8086e+00 +3.5175e+00 -3.1707e+00 -2.7727e-01
2217 0 +2.760739393e-01 -3.426139261e+02 -3.426139261e+02 +2.2995e+00 -2.7656e+00 +3.5600e+00 -3.2168e+00 -2.8674e-01
2242 0 +2.449253147e-01 -3.426450747e+02 -3.426450747e+02 +2.2169e+00 -2.8222e+00 +3.5092e+00 -3.0264e+00 -3.7963e-01
2359 0 +2.089529338e-01 -3.426810471e+02 -3.426810471e+02 +2.2677e+00 -2.7418e+00 +3.4673e+00 -2.9994e+00 -4.3015e-01
2409 0 +1.813559377e-01 -3.427086441e+02 -3.427086441e+02 +2.2487e+00 -2.7507e+00 +3.4543e+00 -3.0533e+00 -3.6433e-01
2425 0 +1.689156200e-01 -3.427210844e+02 -3.427210844e+02 +2.2627e+00 -2.7630e+00 +3.4807e+00 -3.0636e+00 -3.7679e-01
2428 0 +1.618824136e-01 -3.427281176e+02 -3.427281176e+02 +2.2226e+00 -2.7903e+00 +3.4844e+00 -3.1075e+00 -3.2986e-01
2459 0 +1.038759715e-01 -3.427861240e+02 -3.427861240e+02 +2.2477e+00 -2.7741e+00 +3.4827e+00 -3.0903e+00 -3.4392e-01
3173 0 +4.678963086e-02 -3.428432104e+02 -3.428432104e+02 +2.2449e+00 -2.7695e+00 +3.4731e+00 -3.0416e+00 -3.9067e-01
3903 0 +4.032001897e-02 -3.428496800e+02 -3.428496800e+02 +2.2369e+00 -2.7667e+00 +3.4624e+00 -3.0220e+00 -4.0414e-01
4154 0 +3.705988589e-02 -3.428529401e+02 -3.428529401e+02 +2.2427e+00 -2.7758e+00 +3.4780e+00 -3.0540e+00 -3.7729e-01
4162 0 +3.307844099e-02 -3.428569216e+02 -3.428569216e+02 +2.2475e+00 -2.7725e+00 +3.4745e+00 -3.0485e+00 -3.8323e-01
4185 0 +3.104309246e-02 -3.428589569e+02 -3.428589569e+02 +2.2440e+00 -2.7693e+00 +3.4753e+00 -3.0547e+00 -3.8230e-01
4314 0 +2.979068832e-02 -3.428602093e+02 -3.428602093e+02 +2.2454e+00 -2.7687e+00 +3.4757e+00 -3.0491e+00 -3.7750e-01
4339 0 +2.547239682e-02 -3.428645276e+02 -3.428645276e+02 +2.2470e+00 -2.7695e+00 +3.4725e+00 -3.0522e+00 -3.7692e-01
4388 0 +1.965376978e-02 -3.428703462e+02 -3.428703462e+02 +2.2445e+00 -2.7715e+00 +3.4754e+00 -3.0454e+00 -3.8532e-01
4572 0 +1.710202580e-02 -3.428728980e+02 -3.428728980e+02 +2.2432e+00 -2.7714e+00 +3.4724e+00 -3.0480e+00 -3.8410e-01
4633 0 +1.112719183e-02 -3.428788728e+02 -3.428788728e+02 +2.2440e+00 -2.7722e+00 +3.4733e+00 -3.0527e+00 -3.7790e-01
5081 0 +9.588053641e-03 -3.428804119e+02 -3.428804119e+02 +2.2439e+00 -2.7707e+00 +3.4735e+00 -3.0473e+00 -3.8100e-01
5111 0 +8.946819608e-03 -3.428810532e+02 -3.428810532e+02 +2.2457e+00 -2.7697e+00 +3.4751e+00 -3.0484e+00 -3.8269e-01
5183 0 +3.427647744e-03 -3.428865724e+02 -3.428865724e+02 +2.2446e+00 -2.7700e+00 +3.4734e+00 -3.0458e+00 -3.8439e-01
5945 0 +3.202556310e-03 -3.428867974e+02 -3.428867974e+02 +2.2437e+00 -2.7696e+00 +3.4723e+00 -3.0440e+00 -3.8521e-01
5966 0 +2.402351451e-03 -3.428875976e+02 -3.428875976e+02 +2.2438e+00 -2.7699e+00 +3.4724e+00 -3.0453e+00 -3.8424e-01
6445 0 +2.003568935e-03 -3.428879964e+02 -3.428879964e+02 +2.2443e+00 -2.7698e+00 +3.4731e+00 -3.0453e+00 -3.8471e-01
6590 0 +1.797825389e-03 -3.428882022e+02 -3.428882022e+02 +2.2437e+00 -2.7699e+00 +3.4721e+00 -3.0446e+00 -3.8473e-01
6688 0 +1.655316610e-03 -3.428883447e+02 -3.428883447e+02 +2.2437e+00 -2.7698e+00 +3.4721e+00 -3.0444e+00 -3.8511e-01
6727 0 +1.444512864e-03 -3.428885555e+02 -3.428885555e+02 +2.2436e+00 -2.7698e+00 +3.4720e+00 -3.0440e+00 -3.8529e-01
6775 0 +1.102487021e-03 -3.428888975e+02 -3.428888975e+02 +2.2436e+00 -2.7699e+00 +3.4720e+00 -3.0443e+00 -3.8504e-01
6899 0 +7.492808377e-04 -3.428892507e+02 -3.428892507e+02 +2.2437e+00 -2.7698e+00 +3.4721e+00 -3.0443e+00 -3.8502e-01
7828 0 +6.781557079e-04 -3.428893218e+02 -3.428893218e+02 +2.2436e+00 -2.7698e+00 +3.4720e+00 -3.0442e+00 -3.8513e-01
7863 0 +6.554454624e-04 -3.428893446e+02 -3.428893446e+02 +2.2436e+00 -2.7699e+00 +3.4720e+00 -3.0443e+00 -3.8502e-01
7935 0 +6.234737541e-04 -3.428893765e+02 -3.428893765e+02 +2.2436e+00 -2.7698e+00 +3.4721e+00 -3.0442e+00 -3.8513e-01
8085 0 +5.739472804e-04 -3.428894261e+02 -3.428894261e+02 +2.2436e+00 -2.7698e+00 +3.4721e+00 -3.0443e+00 -3.8508e-01
8199 0 +5.098321608e-04 -3.428894902e+02 -3.428894902e+02 +2.2436e+00 -2.7698e+00 +3.4721e+00 -3.0443e+00 -3.8509e-01
8422 0 +4.570828831e-04 -3.428895429e+02 -3.428895429e+02 +2.2436e+00 -2.7698e+00 +3.4721e+00 -3.0442e+00 -3.8516e-01
8511 0 +4.309654527e-04 -3.428895690e+02 -3.428895690e+02 +2.2436e+00 -2.7698e+00 +3.4720e+00 -3.0443e+00 -3.8509e-01
8576 0 +3.834872579e-04 -3.428896165e+02 -3.428896165e+02 +2.2436e+00 -2.7699e+00 +3.4721e+00 -3.0443e+00 -3.8502e-01
9211 0 +3.771515836e-04 -3.428896228e+02 -3.428896228e+02 +2.2436e+00 -2.7699e+00 +3.4721e+00 -3.0443e+00 -3.8507e-01
9371 0 +3.054209830e-04 -3.428896946e+02 -3.428896946e+02 +2.2436e+00 -2.7699e+00 +3.4721e+00 -3.0443e+00 -3.8503e-01
9907 0 +2.971927102e-04 -3.428897028e+02 -3.428897028e+02 +2.2436e+00 -2.7698e+00 +3.4721e+00 -3.0443e+00 -3.8509e-01
9974 0 +2.678734774e-04 -3.428897321e+02 -3.428897321e+02 +2.2436e+00 -2.7698e+00 +3.4721e+00 -3.0443e+00 -3.8506e-01
12980 0 +2.669056772e-04 -3.428897331e+02 -3.428897331e+02 +2.2436e+00 -2.7698e+00 +3.4721e+00 -3.0443e+00 -3.8510e-01
% f evaluations | g evaluations | best noise-free fitness - Fopt (9.102000000000e+01) + sum g_i+ | measured fitness | best measured fitness or single-digit g-values | x1 | x2...
1 0 +5.653923391e+01 +1.475592339e+02 +1.475592339e+02 +0.0000e+00 +0.0000e+00 +0.0000e+00 +0.0000e+00 +0.0000e+00
7 0 +4.226434952e+01 +1.332843495e+02 +1.332843495e+02 +2.0023e+00 +4.4446e+00 +3.7872e+00 +3.6423e+00 -3.7411e+00
44 0 +2.084744523e+01 +1.118674452e+02 +1.118674452e+02 +3.7296e+00 -6.5128e-01 +1.6934e+00 -1.1043e+00 -1.0193e+00
305 0 +1.640531782e+01 +1.074253178e+02 +1.074253178e+02 +1.1272e+00 +5.3676e-01 +1.5198e+00 -4.0861e+00 -7.7194e-01
312 0 +1.431151633e+01 +1.053315163e+02 +1.053315163e+02 +1.8103e+00 -9.1529e-01 +2.3555e+00 -2.0037e+00 -1.6772e+00
370 0 +1.283215600e+01 +1.038521560e+02 +1.038521560e+02 -1.0644e+00 -4.4120e-01 +5.0622e+00 -3.1021e+00 -2.5011e+00
412 0 +7.035865584e+00 +9.805586558e+01 +9.805586558e+01 +1.0139e+00 +3.9464e-01 +1.7209e+00 -3.9435e+00 -1.5001e+00
457 0 +3.164284048e+00 +9.418428405e+01 +9.418428405e+01 -8.6298e-02 -1.0075e+00 +3.9033e+00 -2.5607e+00 -2.2183e+00
551 0 +2.855696772e+00 +9.387569677e+01 +9.387569677e+01 +5.1336e-01 -7.5967e-01 +3.2190e+00 -2.6340e+00 -2.0231e+00
914 0 +1.300770674e+00 +9.232077067e+01 +9.232077067e+01 +8.2482e-01 -8.2572e-01 +3.1070e+00 -2.9095e+00 -1.8866e+00
1380 0 +8.601900984e-01 +9.188019010e+01 +9.188019010e+01 +3.9011e-01 -9.9835e-01 +3.3506e+00 -3.0257e+00 -1.8157e+00
1543 0 +7.421995647e-01 +9.176219956e+01 +9.176219956e+01 +8.0228e-01 -7.9740e-01 +2.8453e+00 -3.0233e+00 -1.6548e+00
1654 0 +2.976834480e-01 +9.131768345e+01 +9.131768345e+01 +8.7971e-01 -7.0388e-01 +2.8181e+00 -2.9409e+00 -1.7141e+00
2042 0 +2.665305492e-01 +9.128653055e+01 +9.128653055e+01 +5.8216e-01 -8.9215e-01 +3.2332e+00 -2.8544e+00 -1.8080e+00
2055 0 +2.012753997e-01 +9.122127540e+01 +9.122127540e+01 +5.7954e-01 -8.5317e-01 +3.2273e+00 -2.8758e+00 -1.8035e+00
2133 0 +1.912845257e-01 +9.121128453e+01 +9.121128453e+01 +5.4389e-01 -8.8643e-01 +3.2511e+00 -2.9054e+00 -1.7751e+00
2180 0 +1.339986541e-01 +9.115399865e+01 +9.115399865e+01 +5.7532e-01 -8.5386e-01 +3.2275e+00 -2.8863e+00 -1.7928e+00
2346 0 +1.307850447e-01 +9.115078504e+01 +9.115078504e+01 +5.7328e-01 -8.8977e-01 +3.2501e+00 -2.8886e+00 -1.7793e+00
2461 0 +8.873124021e-02 +9.110873124e+01 +9.110873124e+01 +5.6924e-01 -8.8002e-01 +3.2606e+00 -2.8752e+00 -1.7899e+00
2535 0 +6.225061911e-02 +9.108225062e+01 +9.108225062e+01 +5.3681e-01 -8.9396e-01 +3.2975e+00 -2.8701e+00 -1.7981e+00
2609 0 +5.687256081e-02 +9.107687256e+01 +9.107687256e+01 +5.2436e-01 -8.9701e-01 +3.3109e+00 -2.8618e+00 -1.8069e+00
3029 0 +3.997616456e-02 +9.105997616e+01 +9.105997616e+01 +5.8390e-01 -8.6323e-01 +3.2299e+00 -2.8864e+00 -1.7850e+00
3038 0 +3.945088557e-02 +9.105945089e+01 +9.105945089e+01 +5.7584e-01 -8.6591e-01 +3.2332e+00 -2.8874e+00 -1.7797e+00
3574 0 +3.444692445e-02 +9.105444692e+01 +9.105444692e+01 +5.9227e-01 -8.5495e-01 +3.2076e+00 -2.8995e+00 -1.7745e+00
3720 0 +3.230646348e-02 +9.105230646e+01 +9.105230646e+01 +5.7718e-01 -8.6816e-01 +3.2353e+00 -2.8906e+00 -1.7818e+00
3729 0 +2.834096366e-02 +9.104834096e+01 +9.104834096e+01 +5.7994e-01 -8.6507e-01 +3.2298e+00 -2.8870e+00 -1.7827e+00
3813 0 +2.194348635e-02 +9.104194349e+01 +9.104194349e+01 +5.7809e-01 -8.6405e-01 +3.2367e+00 -2.8842e+00 -1.7859e+00
5476 0 +2.048059384e-02 +9.104048059e+01 +9.104048059e+01 +5.9507e-01 -8.5526e-01 +3.2184e+00 -2.8834e+00 -1.7844e+00
5943 0 +1.640864187e-02 +9.103640864e+01 +9.103640864e+01 +5.9422e-01 -8.5646e-01 +3.2187e+00 -2.8843e+00 -1.7837e+00
6148 0 +1.559810671e-02 +9.103559811e+01 +9.103559811e+01 +5.9607e-01 -8.5536e-01 +3.2152e+00 -2.8857e+00 -1.7828e+00
6965 0 +1.453225474e-02 +9.103453225e+01 +9.103453225e+01 +5.9623e-01 -8.5537e-01 +3.2159e+00 -2.8848e+00 -1.7832e+00
7151 0 +1.444320766e-02 +9.103444321e+01 +9.103444321e+01 +5.9648e-01 -8.5522e-01 +3.2158e+00 -2.8846e+00 -1.7833e+00
7152 0 +1.405484263e-02 +9.103405484e+01 +9.103405484e+01 +5.9641e-01 -8.5531e-01 +3.2158e+00 -2.8848e+00 -1.7833e+00
7268 0 +1.368550994e-02 +9.103368551e+01 +9.103368551e+01 +5.9607e-01 -8.5542e-01 +3.2161e+00 -2.8847e+00 -1.7833e+00
7649 0 +1.299122738e-02 +9.103299123e+01 +9.103299123e+01 +5.9617e-01 -8.5548e-01 +3.2156e+00 -2.8852e+00 -1.7830e+00
10076 0 +1.250342743e-02 +9.103250343e+01 +9.103250343e+01 +5.9647e-01 -8.5532e-01 +3.2153e+00 -2.8852e+00 -1.7830e+00
10347 0 +1.214933307e-02 +9.103214933e+01 +9.103214933e+01 +5.9641e-01 -8.5531e-01 +3.2153e+00 -2.8853e+00 -1.7830e+00
10779 0 +1.179271308e-02 +9.103179271e+01 +9.103179271e+01 +5.9632e-01 -8.5536e-01 +3.2155e+00 -2.8852e+00 -1.7830e+00
11988 0 +1.172514116e-02 +9.103172514e+01 +9.103172514e+01 +5.9625e-01 -8.5539e-01 +3.2156e+00 -2.8851e+00 -1.7831e+00
13923 0 +1.143759372e-02 +9.103143759e+01 +9.103143759e+01 +5.9623e-01 -8.5542e-01 +3.2155e+00 -2.8852e+00 -1.7830e+00
18186 0 +1.143759372e-02 +9.103143759e+01 +9.103143759e+01 +5.9623e-01 -8.5542e-01 +3.2155e+00 -2.8852e+00 -1.7830e+00
% f evaluations | g evaluations | best noise-free fitness - Fopt (7.324200000000e+02) + sum g_i+ | measured fitness | best measured fitness or single-digit g-values | x1 | x2...
1 0 +8.848403910e+01 +8.209040391e+02 +8.209040391e+02 +0.0000e+00 +0.0000e+00 +0.0000e+00 +0.0000e+00 +0.0000e+00
5 0 +6.519402822e+01 +7.976140282e+02 +7.976140282e+02 -3.9612e+00 -4.1990e+00 +2.0715e+00 -9.4785e-01 -3.8227e+00
20 0 +6.294427495e+01 +7.953642750e+02 +7.953642750e+02 -8.8312e-01 +2.8278e+00 -1.9610e+00 -3.6808e+00 -2.5460e+00
24 0 +5.721029371e+01 +7.896302937e+02 +7.896302937e+02 +2.9901e+00 -2.3324e+00 +3.8473e+00 +1.9501e+00 -1.6326e-01
27 0 +4.651931416e+01 +7.789393142e+02 +7.789393142e+02 -2.7803e+00 +2.5372e+00 -2.0077e+00 -1.5119e+00 -3.3381e+00
37 0 +4.529352351e+01 +7.777135235e+02 +7.777135235e+02 +1.9715e-01 +6.7184e-01 +2.7668e+00 +2.7918e+00 -1.9222e+00
46 0 +3.532524051e+01 +7.677452405e+02 +7.677452405e+02 -4.0018e+00 +8.7242e-01 +2.4847e+00 +6.1242e-01 -3.7304e+00
51 0 +2.857423431e+01 +7.609942343e+02 +7.609942343e+02 -1.1853e+00 -1.0272e-01 +3.4791e-01 +1.5785e+00 -2.3055e+00
72 0 +1.724904084e+01 +7.496690408e+02 +7.496690408e+02 -2.3350e+00 -1.0720e+00 +2.4585e+00 +1.1053e+00 -2.2683e+00
197 0 +9.588939439e+00 +7.420089394e+02 +7.420089394e+02 -9.6958e-01 -2.0145e-01 +1.9364e-01 +2.0501e+00 -3.2377e+00
443 0 +9.446743770e+00 +7.418667438e+02 +7.418667438e+02 -2.4607e+00 -2.2509e+00 +2.4171e+00 +4.1034e+00 -3.7671e+00
473 0 +8.737632416e+00 +7.411576324e+02 +7.411576324e+02 -3.1500e+00 +3.0307e-01 +8.3270e-01 +8.7600e-01 -4.2588e+00
505 0 +7.428054281e+00 +7.398480543e+02 +7.398480543e+02 -3.7261e+00 -1.7987e+00 +2.6314e+00 +1.9881e+00 -2.9493e+00
527 0 +2.975278373e+00 +7.353952784e+02 +7.353952784e+02 -3.4641e+00 -2.4885e+00 +2.2613e+00 +3.3507e+00 -2.7787e+00
862 0 +2.248188891e+00 +7.346681889e+02 +7.346681889e+02 -2.6149e+00 -2.6294e+00 +2.4493e+00 +3.0661e+00 -2.4863e+00
888 0 +2.223982609e+00 +7.346439826e+02 +7.346439826e+02 -2.4031e+00 -2.6444e+00 +2.2446e+00 +3.3951e+00 -2.3248e+00
953 0 +1.150368252e+00 +7.335703683e+02 +7.335703683e+02 -2.7044e+00 -2.2927e+00 +2.0767e+00 +3.2980e+00 -2.8750e+00
1324 0 +9.728958169e-01 +7.333928958e+02 +7.333928958e+02 -2.7672e+00 -2.2534e+00 +1.9570e+00 +3.3255e+00 -2.9101e+00
1368 0 +6.449945701e-01 +7.330649946e+02 +7.330649946e+02 -2.4269e+00 -1.9788e+00 +1.5359e+00 +3.4561e+00 -3.2502e+00
1942 0 +5.789959272e-01 +7.329989959e+02 +7.329989959e+02 -2.6975e+00 -2.4397e+00 +2.1992e+00 +3.2706e+00 -2.6805e+00
2026 0 +5.331054256e-01 +7.329531054e+02 +7.329531054e+02 -2.6299e+00 -2.3886e+00 +2.1533e+00 +3.3184e+00 -2.6166e+00
2134 0 +4.240476860e-01 +7.328440477e+02 +7.328440477e+02 -2.8100e+00 -2.5245e+00 +2.3085e+00 +3.3946e+00 -2.5799e+00
2154 0 +4.065453843e-01 +7.328265454e+02 +7.328265454e+02 -2.7275e+00 -2.4802e+00 +2.2737e+00 +3.3249e+00 -2.5848e+00
2359 0 +3.641370338e-01 +7.327841370e+02 +7.327841370e+02 -2.9042e+00 -2.6249e+00 +2.4153e+00 +3.2952e+00 -2.4996e+00
2363 0 +2.976542206e-01 +7.327176542e+02 +7.327176542e+02 -2.8751e+00 -2.6187e+00 +2.4119e+00 +3.3480e+00 -2.5075e+00
2543 0 +1.731243963e-01 +7.325931244e+02 +7.325931244e+02 -2.8946e+00 -2.6346e+00 +2.4001e+00 +3.3543e+00 -2.4923e+00
2715 0 +1.515129888e-01 +7.325715130e+02 +7.325715130e+02 -2.8903e+00 -2.6295e+00 +2.4219e+00 +3.3407e+00 -2.4847e+00
2866 0 +1.134101520e-01 +7.325334102e+02 +7.325334102e+02 -2.8919e+00 -2.6457e+00 +2.4240e+00 +3.3519e+00 -2.4736e+00
2920 0 +1.114939843e-01 +7.325314940e+02 +7.325314940e+02 -2.8955e+00 -2.6272e+00 +2.4075e+00 +3.3487e+00 -2.4814e+00
2991 0 +1.055530255e-01 +7.325255530e+02 +7.325255530e+02 -2.8848e+00 -2.6107e+00 +2.3986e+00 +3.3377e+00 -2.5014e+00
3130 0 +9.879081509e-02 +7.325187908e+02 +7.325187908e+02 -2.8830e+00 -2.6222e+00 +2.4052e+00 +3.3414e+00 -2.4883e+00
3156 0 +8.896702816e-02 +7.325089670e+02 +7.325089670e+02 -2.8909e+00 -2.6237e+00 +2.4041e+00 +3.3452e+00 -2.4921e+00
3279 0 +5.830679186e-02 +7.324783068e+02 +7.324783068e+02 -2.8901e+00 -2.6348e+00 +2.4149e+00 +3.3475e+00 -2.4806e+00
4459 0 +5.491607146e-02 +7.324749161e+02 +7.324749161e+02 -2.8911e+00 -2.6328e+00 +2.4132e+00 +3.3500e+00 -2.4857e+00
4952 0 +4.334136579e-02 +7.324633414e+02 +7.324633414e+02 -2.8892e+00 -2.6297e+00 +2.4088e+00 +3.3496e+00 -2.4880e+00
6060 0 +4.145881627e-02 +7.324614588e+02 +7.324614588e+02 -2.8867e+00 -2.6281e+00 +2.4072e+00 +3.3513e+00 -2.4906e+00
6113 0 +3.890458460e-02 +7.324589046e+02 +7.324589046e+02 -2.8874e+00 -2.6277e+00 +2.4067e+00 +3.3510e+00 -2.4909e+00
6277 0 +3.565467482e-02 +7.324556547e+02 +7.324556547e+02 -2.8874e+00 -2.6274e+00 +2.4070e+00 +3.3502e+00 -2.4906e+00
6532 0 +2.944953930e-02 +7.324494495e+02 +7.324494495e+02 -2.8882e+00 -2.6289e+00 +2.4084e+00 +3.3504e+00 -2.4893e+00
7892 0 +2.785653054e-02 +7.324478565e+02 +7.324478565e+02 -2.8885e+00 -2.6293e+00 +2.4088e+00 +3.3503e+00 -2.4888e+00
8363 0 +2.682108890e-02 +7.324468211e+02 +7.324468211e+02 -2.8886e+00 -2.6294e+00 +2.4089e+00 +3.3501e+00 -2.4888e+00
9408 0 +2.593587751e-02 +7.324459359e+02 +7.324459359e+02 -2.8886e+00 -2.6295e+00 +2.4090e+00 +3.3502e+00 -2.4886e+00
9504 0 +2.550113437e-02 +7.324455011e+02 +7.324455011e+02 -2.8886e+00 -2.6294e+00 +2.4090e+00 +3.3502e+00 -2.4887e+00
9900 0 +2.457612716e-02 +7.324445761e+02 +7.324445761e+02 -2.8886e+00 -2.6294e+00 +2.4090e+00 +3.3502e+00 -2.4886e+00
13109 0 +2.457612716e-02 +7.324445761e+02 +7.324445761e+02 -2.8886e+00 -2.6294e+00 +2.4090e+00 +3.3502e+00 -2.4886e+00
% f evaluations | g evaluations | best noise-free fitness - Fopt (3.542000000000e+01) + sum g_i+ | measured fitness | best measured fitness or single-digit g-values | x1 | x2...
1 0 +7.129604431e+01 +1.067160443e+02 +1.067160443e+02 +0.0000e+00 +0.0000e+00 +0.0000e+00 +0.0000e+00 +0.0000e+00
8 0 +3.728205833e+01 +7.270205833e+01 +7.270205833e+01 +3.8945e+00 -2.9352e+00 +1.6522e+00 -3.0564e+00 +3.6911e+00
11 0 +2.102765567e+01 +5.644765567e+01 +5.644765567e+01 +4.3439e+00 -2.0009e+00 +6.0316e-01 -2.4115e+00 +1.5386e+00
30 0 +1.216697074e+01 +4.758697074e+01 +4.758697074e+01 +3.2209e+00 +4.9923e-01 -3.1804e+00 -6.1034e-01 -1.2001e+00
85 0 +9.782695517e+00 +4.520269552e+01 +4.520269552e+01 +2.5096e+00 -3.2183e+00 -1.3445e-01 -4.6371e-01 +3.8027e+00
266 0 +3.244699838e+00 +3.866469984e+01 +3.866469984e+01 +2.6756e+00 -1.3859e+00 -1.7479e+00 +5.1007e-02 +1.5512e+00
898 0 +2.954242536e+00 +3.837424254e+01 +3.837424254e+01 +3.2135e+00 -1.0413e+00 -2.0314e+00 +4.5083e-01 +1.2720e+00
975 0 +2.478661142e+00 +3.789866114e+01 +3.789866114e+01 +2.6371e+00 -1.1104e+00 -1.7686e+00 +4.6323e-01 +1.7126e+00
1528 0 +1.746993426e+00 +3.716699343e+01 +3.716699343e+01 +3.6727e+00 -1.9209e+00 -1.3370e+00 -6.1897e-02 +2.3419e+00
1646 0 +1.385362282e+00 +3.680536228e+01 +3.680536228e+01 +4.0002e+00 -2.5880e+00 -3.7662e-01 -2.8332e-01 +3.5483e+00
1703 0 +7.656638416e-01 +3.618566384e+01 +3.618566384e+01 +3.6672e+00 -2.4498e+00 -4.6487e-01 -3.1158e-01 +3.3439e+00
1748 0 +5.890258126e-01 +3.600902581e+01 +3.600902581e+01 +3.5844e+00 -2.3102e+00 -6.8381e-01 -1.6232e-01 +3.1800e+00
2044 0 +4.187020024e-01 +3.583870200e+01 +3.583870200e+01 +3.6462e+00 -2.2763e+00 -6.8150e-01 -1.6118e-01 +3.1120e+00
2786 0 +3.829532475e-01 +3.580295325e+01 +3.580295325e+01 +3.8512e+00 -2.5421e+00 -4.4878e-01 -3.2991e-01 +3.4349e+00
3005 0 +2.841385635e-01 +3.570413856e+01 +3.570413856e+01 +3.8095e+00 -2.5305e+00 -4.4343e-01 -3.3693e-01 +3.4521e+00
3307 0 +2.413644302e-01 +3.566136443e+01 +3.566136443e+01 +3.8177e+00 -2.5448e+00 -4.2901e-01 -3.3073e-01 +3.4688e+00
3525 0 +2.292979731e-01 +3.564929797e+01 +3.564929797e+01 +3.8517e+00 -2.5572e+00 -4.3614e-01 -3.1721e-01 +3.4848e+00
3845 0 +1.508185245e-01 +3.557081852e+01 +3.557081852e+01 +3.8531e+00 -2.5312e+00 -4.7742e-01 -3.1042e-01 +3.4295e+00
4059 0 +1.153891889e-01 +3.553538919e+01 +3.553538919e+01 +3.8502e+00 -2.5525e+00 -4.4623e-01 -3.1776e-01 +3.4661e+00
4495 0 +1.050175896e-01 +3.552501759e+01 +3.552501759e+01 +3.8574e+00 -2.5264e+00 -4.8877e-01 -3.0870e-01 +3.4177e+00
4979 0 +9.506647834e-02 +3.551506648e+01 +3.551506648e+01 +3.8217e+00 -2.5307e+00 -4.6338e-01 -3.1502e-01 +3.4326e+00
5216 0 +9.206012099e-02 +3.551206012e+01 +3.551206012e+01 +3.8316e+00 -2.5326e+00 -4.6446e-01 -3.1392e-01 +3.4357e+00
5224 0 +8.961211297e-02 +3.550961211e+01 +3.550961211e+01 +3.8319e+00 -2.5333e+00 -4.6310e-01 -3.1721e-01 +3.4347e+00
5248 0 +7.923151758e-02 +3.549923152e+01 +3.549923152e+01 +3.8355e+00 -2.5358e+00 -4.6336e-01 -3.1469e-01 +3.4377e+00
5253 0 +7.149308137e-02 +3.549149308e+01 +3.549149308e+01 +3.8240e+00 -2.5318e+00 -4.5965e-01 -3.1538e-01 +3.4379e+00
5434 0 +6.440693119e-02 +3.548440693e+01 +3.548440693e+01 +3.8354e+00 -2.5361e+00 -4.6013e-01 -3.1479e-01 +3.4420e+00
5506 0 +5.322947823e-02 +3.547322948e+01 +3.547322948e+01 +3.8306e+00 -2.5340e+00 -4.6003e-01 -3.1521e-01 +3.4393e+00
6077 0 +5.243160782e-02 +3.547243161e+01 +3.547243161e+01 +3.8368e+00 -2.5406e+00 -4.5392e-01 -3.1882e-01 +3.4477e+00
6144 0 +4.993683424e-02 +3.546993683e+01 +3.546993683e+01 +3.8367e+00 -2.5401e+00 -4.5462e-01 -3.2020e-01 +3.4470e+00
6192 0 +4.542351514e-02 +3.546542352e+01 +3.546542352e+01 +3.8380e+00 -2.5391e+00 -4.5648e-01 -3.1913e-01 +3.4444e+00
6367 0 +4.393985289e-02 +3.546393985e+01 +3.546393985e+01 +3.8379e+00 -2.5411e+00 -4.5359e-01 -3.2057e-01 +3.4473e+00
6379 0 +4.029946680e-02 +3.546029947e+01 +3.546029947e+01 +3.8353e+00 -2.5399e+00 -4.5469e-01 -3.1985e-01 +3.4461e+00
6781 0 +3.905841463e-02 +3.545905841e+01 +3.545905841e+01 +3.8372e+00 -2.5390e+00 -4.5681e-01 -3.1907e-01 +3.4440e+00
6952 0 +3.881714344e-02 +3.545881714e+01 +3.545881714e+01 +3.8343e+00 -2.5386e+00 -4.5606e-01 -3.1881e-01 +3.4443e+00
7091 0 +3.761314232e-02 +3.545761314e+01 +3.545761314e+01 +3.8343e+00 -2.5383e+00 -4.5561e-01 -3.1867e-01 +3.4443e+00
7203 0 +3.135620674e-02 +3.545135621e+01 +3.545135621e+01 +3.8347e+00 -2.5391e+00 -4.5528e-01 -3.1919e-01 +3.4450e+00
8982 0 +3.077181735e-02 +3.545077182e+01 +3.545077182e+01 +3.8370e+00 -2.5406e+00 -4.5417e-01 -3.2009e-01 +3.4467e+00
9190 0 +3.013168989e-02 +3.545013169e+01 +3.545013169e+01 +3.8370e+00 -2.5405e+00 -4.5427e-01 -3.2004e-01 +3.4466e+00
9885 0 +2.944951152e-02 +3.544944951e+01 +3.544944951e+01 +3.8370e+00 -2.5405e+00 -4.5424e-01 -3.2003e-01 +3.4467e+00
10547 0 +2.828711591e-02 +3.544828712e+01 +3.544828712e+01 +3.8369e+00 -2.5405e+00 -4.5426e-01 -3.2001e-01 +3.4467e+00
18197 0 +2.828711591e-02 +3.544828712e+01 +3.544828712e+01 +3.8369e+00 -2.5405e+00 -4.5426e-01 -3.2001e-01 +3.4467e+00
