% f evaluations | g evaluations | best noise-free fitness - Fopt (-1.694000000000e+01) + sum g_i+ | measured fitness | best measured fitness or single-digit g-values | x1 | x2...
1 0 +3.696355518e+01 +2.002355518e+01 +2.002355518e+01 +0.0000e+00 +0.0000e+00 +0.0000e+00
14 0 +2.460517914e+01 +7.665179135e+00 +7.665179135e+00 +2.8068e+00 +2.0838e+00 +5.0151e-01
26 0 +1.107677660e+01 -5.863223396e+00 -5.863223396e+00 +2.5621e+00 +2.2780e+00 +1.9528e-01
70 0 +1.045216056e+01 -6.487839440e+00 -6.487839440e+00 +1.8618e+00 +3.8131e-01 -4.6256e-01
77 0 +2.780960546e+00 -1.415903945e+01 -1.415903945e+01 +2.6127e+00 +1.5262e+00 -6.6075e-01
149 0 +1.854516434e+00 -1.508548357e+01 -1.508548357e+01 +3.5300e+00 +2.5268e+00 -1.4734e+00
204 0 +1.259773074e+00 -1.568022693e+01 -1.568022693e+01 +2.6785e+00 +1.5675e+00 -6.4751e-01
309 0 +1.061720339e+00 -1.587827966e+01 -1.587827966e+01 +3.5468e+00 +2.6763e+00 -1.4523e+00
447 0 +1.000578004e+00 -1.593942200e+01 -1.593942200e+01 +3.3571e+00 +2.1552e+00 -1.2322e+00
687 0 +6.640859285e-01 -1.627591407e+01 -1.627591407e+01 +3.2894e+00 +2.1485e+00 -1.1877e+00
744 0 +5.297964779e-01 -1.641020352e+01 -1.641020352e+01 +3.2364e+00 +2.0493e+00 -1.1593e+00
833 0 +4.610812288e-01 -1.647891877e+01 -1.647891877e+01 +3.5532e+00 +2.5615e+00 -1.4607e+00
875 0 +2.735542302e-01 -1.666644577e+01 -1.666644577e+01 +3.6940e+00 +2.5889e+00 -1.5819e+00
4919 0 +2.688002926e-01 -1.667119971e+01 -1.667119971e+01 +4.2114e+00 +3.2478e+00 -2.0606e+00
7135 0 +2.666698834e-01 -1.667333012e+01 -1.667333012e+01 +4.2115e+00 +3.2479e+00 -2.0607e+00
% f evaluations | g evaluations | best noise-free fitness - Fopt (1.881000000000e+01) + sum g_i+ | measured fitness | best measured fitness or single-digit g-values | x1 | x2...
1 0 +4.772316610e+01 +6.653316610e+01 +6.653316610e+01 +0.0000e+00 +0.0000e+00 +0.0000e+00
11 0 +1.245031237e+01 +3.126031237e+01 +3.126031237e+01 +1.4633e-02 +3.7027e+00 -7.1924e-01
16 0 +8.219892559e+00 +2.702989256e+01 +2.702989256e+01 +2.2606e+00 +3.6153e+00 -2.4558e+00
35 0 +5.836316986e+00 +2.464631699e+01 +2.464631699e+01 +5.1707e-01 +2.5759e+00 -1.1535e+00
99 0 +5.681756550e+00 +2.449175655e+01 +2.449175655e+01 +7.0347e-01 +2.2843e+00 -9.8529e-01
114 0 +5.525007008e+00 +2.433500701e+01 +2.433500701e+01 -9.2619e-01 +1.4914e+00 -1.3763e-01
150 0 +5.457388665e+00 +2.426738866e+01 +2.426738866e+01 +1.1356e-02 +1.6881e+00 -2.3706e-01
237 0 +4.280909785e+00 +2.309090979e+01 +2.309090979e+01 -8.9108e-02 +2.0955e+00 -6.6295e-01
240 0 +4.060617987e+00 +2.287061799e+01 +2.287061799e+01 -1.1007e+00 +8.1652e-01 -1.9619e-01
259 0 +3.303504707e+00 +2.211350471e+01 +2.211350471e+01 -1.3629e+00 +7.7299e-01 -2.3782e-01
313 0 +3.052493562e+00 +2.186249356e+01 +2.186249356e+01 +3.3320e-01 +1.9624e+00 -1.2663e+00
392 0 +1.729838837e+00 +2.053983884e+01 +2.053983884e+01 -2.3885e-01 +1.4747e+00 -7.6263e-01
418 0 +1.291750648e+00 +2.010175065e+01 +2.010175065e+01 -8.3240e-01 +1.3945e+00 -3.4785e-01
610 0 +1.177296647e+00 +1.998729665e+01 +1.998729665e+01 -4.8568e-01 +1.8046e+00 -5.6305e-01
636 0 +9.237371864e-01 +1.973373719e+01 +1.973373719e+01 -2.7518e-01 +1.8844e+00 -7.2416e-01
651 0 +6.660272050e-01 +1.947602720e+01 +1.947602720e+01 -4.8147e-01 +1.6908e+00 -5.6879e-01
693 0 +5.713571770e-01 +1.938135718e+01 +1.938135718e+01 -3.2277e-01 +1.6159e+00 -7.3235e-01
830 0 +4.611704312e-01 +1.927117043e+01 +1.927117043e+01 -1.3664e-01 +1.8909e+00 -8.3638e-01
860 0 +1.154806056e-01 +1.892548061e+01 +1.892548061e+01 -2.1886e-01 +1.7638e+00 -7.9428e-01
1516 0 +1.098902083e-01 +1.891989021e+01 +1.891989021e+01 -2.6462e-01 +1.7399e+00 -7.5785e-01
1544 0 +8.516686918e-02 +1.889516687e+01 +1.889516687e+01 -2.7358e-01 +1.7415e+00 -7.4840e-01
1724 0 +6.834622911e-02 +1.887834623e+01 +1.887834623e+01 -2.3345e-01 +1.7611e+00 -7.8477e-01
1744 0 +6.755417613e-02 +1.887755418e+01 +1.887755418e+01 -2.2732e-01 +1.7667e+00 -7.9127e-01
1834 0 +4.485361359e-02 +1.885485361e+01 +1.885485361e+01 -1.9630e-01 +1.7723e+00 -8.2154e-01
1857 0 +2.193959579e-02 +1.883193960e+01 +1.883193960e+01 -1.8844e-01 +1.7828e+00 -8.2450e-01
2102 0 +1.961437694e-02 +1.882961438e+01 +1.882961438e+01 -1.8823e-01 +1.7815e+00 -8.2504e-01
2238 0 +1.523430403e-02 +1.882523430e+01 +1.882523430e+01 -1.8111e-01 +1.7890e+00 -8.2803e-01
2300 0 +1.420840774e-02 +1.882420841e+01 +1.882420841e+01 -1.8861e-01 +1.7818e+00 -8.2433e-01
2370 0 +1.140762034e-02 +1.882140762e+01 +1.882140762e+01 -1.9000e-01 +1.7805e+00 -8.2347e-01
2382 0 +1.089022323e-02 +1.882089022e+01 +1.882089022e+01 -1.8741e-01 +1.7834e+00 -8.2458e-01
2396 0 +9.312688187e-03 +1.881931269e+01 +1.881931269e+01 -1.9219e-01 +1.7811e+00 -8.2190e-01
2607 0 +8.211252890e-03 +1.881821125e+01 +1.881821125e+01 -1.9023e-01 +1.7811e+00 -8.2327e-01
2635 0 +5.567809491e-03 +1.881556781e+01 +1.881556781e+01 -1.9157e-01 +1.7810e+00 -8.2181e-01
2797 0 +3.800864970e-03 +1.881380086e+01 +1.881380086e+01 -1.8935e-01 +1.7817e+00 -8.2346e-01
6000 0 +3.800864970e-03 +1.881380086e+01 +1.881380086e+01 -1.8935e-01 +1.7817e+00 -8.2346e-01
% f evaluations | g evaluations | best noise-free fitness - Fopt (2.731500000000e+02) + sum g_i+ | measured fitness | best measured fitness or single-digit g-values | x1 | x2...
1 0 +4.208329392e+02 +6.939829392e+02 +6.939829392e+02 +0.0000e+00 +0.0000e+00 +0.0000e+00
3 0 +2.231633785e+02 +4.963133785e+02 +4.963133785e+02 +2.2186e+00 +2.6475e+00 -1.2520e+00
4 0 +1.231268540e+01 +2.854626854e+02 +2.854626854e+02 -2.8177e+00 +3.0823e+00 -6.5403e-01
28 0 +1.145850492e+01 +2.846085049e+02 +2.846085049e+02 -3.7740e+00 +3.4574e+00 -1.2107e+00
36 0 +9.519632993e+00 +2.826696330e+02 +2.826696330e+02 -2.4829e+00 +4.6595e+00 -1.1410e-01
83 0 +8.828419965e+00 +2.819784200e+02 +2.819784200e+02 -4.7189e+00 +1.1154e+00 -1.6155e+00
91 0 +7.499775443e+00 +2.806497754e+02 +2.806497754e+02 -4.0843e+00 +2.1085e+00 -1.1245e+00
175 0 +3.216281921e+00 +2.763662819e+02 +2.763662819e+02 -4.4250e+00 +2.0918e+00 -5.9415e-01
213 0 +2.625127892e+00 +2.757751279e+02 +2.757751279e+02 -3.5397e+00 +3.4046e+00 -6.0387e-01
215 0 +1.966299701e+00 +2.751162997e+02 +2.751162997e+02 -3.6487e+00 +3.7555e+00 -4.2747e-01
260 0 +1.883579771e+00 +2.750335798e+02 +2.750335798e+02 -4.3010e+00 +2.6312e+00 -3.6518e-01
268 0 +1.166100927e+00 +2.743161009e+02 +2.743161009e+02 -4.2013e+00 +2.5733e+00 -6.2250e-01
396 0 +3.442151542e-01 +2.734942152e+02 +2.734942152e+02 -3.5365e+00 +3.8176e+00 -4.9709e-01
736 0 +2.267422661e-01 +2.733767423e+02 +2.733767423e+02 -3.6654e+00 +3.6007e+00 -4.9348e-01
1137 0 +2.105571551e-01 +2.733605572e+02 +2.733605572e+02 -3.6965e+00 +3.5187e+00 -5.0857e-01
1170 0 +1.746651877e-01 +2.733246652e+02 +2.733246652e+02 -3.5998e+00 +3.7325e+00 -4.7137e-01
1185 0 +1.627298691e-01 +2.733127299e+02 +2.733127299e+02 -3.5854e+00 +3.7218e+00 -4.8849e-01
1213 0 +1.372462729e-01 +2.732872463e+02 +2.732872463e+02 -3.5959e+00 +3.7345e+00 -4.8146e-01
1244 0 +1.111236355e-01 +2.732611236e+02 +2.732611236e+02 -3.6202e+00 +3.6656e+00 -4.8776e-01
1248 0 +1.046711793e-01 +2.732546712e+02 +2.732546712e+02 -3.6111e+00 +3.6941e+00 -4.8779e-01
1335 0 +7.592127920e-02 +2.732259213e+02 +2.732259213e+02 -3.6056e+00 +3.6993e+00 -4.8950e-01
1342 0 +7.265832325e-02 +2.732226583e+02 +2.732226583e+02 -3.5985e+00 +3.7160e+00 -4.8458e-01
1369 0 +6.320907808e-02 +2.732132091e+02 +2.732132091e+02 -3.6033e+00 +3.7052e+00 -4.8941e-01
1382 0 +4.905550610e-02 +2.731990555e+02 +2.731990555e+02 -3.5871e+00 +3.7405e+00 -4.8042e-01
1407 0 +2.519643603e-02 +2.731751964e+02 +2.731751964e+02 -3.5813e+00 +3.7538e+00 -4.7883e-01
1549 0 +2.424653307e-02 +2.731742465e+02 +2.731742465e+02 -3.5892e+00 +3.7350e+00 -4.8057e-01
1963 0 +1.942804507e-02 +2.731694280e+02 +2.731694280e+02 -3.5757e+00 +3.7612e+00 -4.7799e-01
2010 0 +9.954474799e-03 +2.731599545e+02 +2.731599545e+02 -3.5808e+00 +3.7494e+00 -4.8000e-01
2452 0 +9.219193608e-03 +2.731592192e+02 +2.731592192e+02 -3.5706e+00 +3.7679e+00 -4.7668e-01
8800 0 +9.193349457e-03 +2.731591933e+02 +2.731591933e+02 -3.5636e+00 +3.7795e+00 -4.7506e-01
% f evaluations | g evaluations | best noise-free fitness - Fopt (3.718000000000e+01) + sum g_i+ | measured fitness | best measured fitness or single-digit g-values | x1 | x2...
1 0 +4.216787575e+01 +7.934787575e+01 +7.934787575e+01 +0.0000e+00 +0.0000e+00 +0.0000e+00
2 0 +3.855207612e+01 +7.573207612e+01 +7.573207612e+01 +8.8414e-01 +2.9138e+00 +3.1420e+00
7 0 +1.029694334e+01 +4.747694334e+01 +4.747694334e+01 -4.8030e+00 +1.9734e+00 +1.4303e+00
79 0 +5.166396807e+00 +4.234639681e+01 +4.234639681e+01 -2.9223e+00 +2.3560e+00 +2.2993e+00
113 0 +5.025402255e+00 +4.220540225e+01 +4.220540225e+01 -3.4269e+00 +2.0428e+00 +2.3216e+00
133 0 +3.357264809e+00 +4.053726481e+01 +4.053726481e+01 -4.8127e+00 +2.0375e+00 +2.2859e+00
150 0 +1.719731790e+00 +3.889973179e+01 +3.889973179e+01 -3.6101e+00 +2.2470e+00 +2.2614e+00
226 0 +1.494866726e+00 +3.867486673e+01 +3.867486673e+01 -3.8141e+00 +2.1409e+00 +2.1759e+00
273 0 +1.411972371e+00 +3.859197237e+01 +3.859197237e+01 -2.9970e+00 +2.4093e+00 +2.2586e+00
315 0 +1.040760789e+00 +3.822076079e+01 +3.822076079e+01 -3.4106e+00 +2.2515e+00 +2.0208e+00
334 0 +9.691574917e-01 +3.814915749e+01 +3.814915749e+01 -3.8911e+00 +2.1544e+00 +2.0508e+00
346 0 +6.914703380e-01 +3.787147034e+01 +3.787147034e+01 -4.5979e+00 +1.9088e+00 +2.0324e+00
444 0 +6.251544465e-01 +3.780515445e+01 +3.780515445e+01 -4.8579e+00 +1.8586e+00 +2.0347e+00
447 0 +3.309196457e-01 +3.751091965e+01 +3.751091965e+01 -4.0425e+00 +2.0155e+00 +2.0477e+00
631 0 +3.187440969e-01 +3.749874410e+01 +3.749874410e+01 -3.8304e+00 +2.0980e+00 +2.0279e+00
669 0 +2.472586934e-01 +3.742725869e+01 +3.742725869e+01 -3.8484e+00 +2.0691e+00 +2.0541e+00
681 0 +1.904109572e-01 +3.737041096e+01 +3.737041096e+01 -3.7510e+00 +2.1021e+00 +2.0374e+00
707 0 +1.400450888e-01 +3.732004509e+01 +3.732004509e+01 -3.9018e+00 +2.0594e+00 +2.0265e+00
1038 0 +1.249690911e-01 +3.730496909e+01 +3.730496909e+01 -3.8530e+00 +2.0772e+00 +2.0393e+00
1051 0 +1.135624324e-01 +3.729356243e+01 +3.729356243e+01 -3.7483e+00 +2.1146e+00 +2.0545e+00
1330 0 +4.029078919e-02 +3.722029079e+01 +3.722029079e+01 -3.8929e+00 +2.0651e+00 +2.0450e+00
1595 0 +2.444195283e-02 +3.720444195e+01 +3.720444195e+01 -3.9088e+00 +2.0584e+00 +2.0409e+00
1877 0 +1.657077780e-02 +3.719657078e+01 +3.719657078e+01 -3.8960e+00 +2.0616e+00 +2.0402e+00
1948 0 +1.440204364e-02 +3.719440204e+01 +3.719440204e+01 -3.8811e+00 +2.0656e+00 +2.0411e+00
2087 0 +1.059439488e-02 +3.719059439e+01 +3.719059439e+01 -3.8979e+00 +2.0609e+00 +2.0400e+00
2120 0 +5.328726122e-03 +3.718532873e+01 +3.718532873e+01 -3.8914e+00 +2.0623e+00 +2.0404e+00
2438 0 +5.102044827e-03 +3.718510204e+01 +3.718510204e+01 -3.9025e+00 +2.0592e+00 +2.0397e+00
2865 0 +4.684572316e-03 +3.718468457e+01 +3.718468457e+01 -3.8981e+00 +2.0603e+00 +2.0402e+00
2869 0 +4.130073753e-03 +3.718413007e+01 +3.718413007e+01 -3.9000e+00 +2.0600e+00 +2.0404e+00
2902 0 +2.058297675e-03 +3.718205830e+01 +3.718205830e+01 -3.8999e+00 +2.0597e+00 +2.0399e+00
2963 0 +1.997967930e-03 +3.718199797e+01 +3.718199797e+01 -3.8993e+00 +2.0599e+00 +2.0399e+00
3025 0 +1.733701534e-03 +3.718173370e+01 +3.718173370e+01 -3.8981e+00 +2.0603e+00 +2.0402e+00
3480 0 +1.154714132e-03 +3.718115471e+01 +3.718115471e+01 -3.8994e+00 +2.0600e+00 +2.0400e+00
3727 0 +1.084194345e-03 +3.718108419e+01 +3.718108419e+01 -3.8993e+00 +2.0599e+00 +2.0399e+00
3791 0 +1.003489459e-03 +3.718100349e+01 +3.718100349e+01 -3.8996e+00 +2.0598e+00 +2.0399e+00
3819 0 +8.825736089e-04 +3.718088257e+01 +3.718088257e+01 -3.8991e+00 +2.0600e+00 +2.0400e+00
3825 0 +3.316593932e-04 +3.718033166e+01 +3.718033166e+01 -3.8992e+00 +2.0600e+00 +2.0400e+00
5424 0 +3.316593932e-04 +3.718033166e+01 +3.718033166e+01 -3.8992e+00 +2.0600e+00 +2.0400e+00
% f evaluations | g evaluations | best noise-free fitness - Fopt (-1.479000000000e+02) + sum g_i+ | measured fitness | best measured fitness or single-digit g-values | x1 | x2...
1 0 +2.344305408e+01 -1.244569459e+02 -1.244569459e+02 +0.0000e+00 +0.0000e+00 +0.0000e+00
19 0 +1.414905149e+01 -1.337509485e+02 -1.337509485e+02 -2.0751e+00 +9.7262e-01 +1.3747e+00
26 0 +1.296462092e+01 -1.349353791e+02 -1.349353791e+02 -2.5263e+00 -7.9906e-01 +6.9636e-01
51 0 +7.548165444e+00 -1.403518346e+02 -1.403518346e+02 -1.3960e+00 +1.5382e-01 +6.2114e-01
58 0 +4.772121319e+00 -1.431278787e+02 -1.431278787e+02 +1.1179e-01 +1.6419e+00 +4.6356e+00
154 0 +4.194560223e+00 -1.437054398e+02 -1.437054398e+02 -1.4998e+00 +1.1098e+00 +3.1249e+00
268 0 +3.636737900e+00 -1.442632621e+02 -1.442632621e+02 -8.4184e-01 +1.2950e+00 +3.9465e+00
524 0 +3.235873987e+00 -1.446641260e+02 -1.446641260e+02 -5.1969e-02 +1.5782e+00 +4.6823e+00
608 0 +2.770103039e+00 -1.451298970e+02 -1.451298970e+02 -7.0410e-01 +1.3544e+00 +3.5552e+00
894 0 +2.402316149e+00 -1.454976839e+02 -1.454976839e+02 -8.1328e-01 +1.3207e+00 +3.6452e+00
1068 0 +2.242312835e+00 -1.456576872e+02 -1.456576872e+02 -4.8143e-01 +1.4334e+00 +4.1163e+00
1109 0 +2.122088054e+00 -1.457779119e+02 -1.457779119e+02 -5.5596e-01 +1.4208e+00 +4.0563e+00
1201 0 +2.036156587e+00 -1.458638434e+02 -1.458638434e+02 -5.2995e-01 +1.4223e+00 +4.0989e+00
1254 0 +1.940653167e+00 -1.459593468e+02 -1.459593468e+02 -4.8547e-01 +1.4421e+00 +4.1253e+00
1257 0 +1.738338167e+00 -1.461616618e+02 -1.461616618e+02 -4.7408e-01 +1.4498e+00 +4.1145e+00
1290 0 +1.691321466e+00 -1.462086785e+02 -1.462086785e+02 -5.0243e-01 +1.4362e+00 +4.0918e+00
1392 0 +1.567748770e+00 -1.463322512e+02 -1.463322512e+02 -4.8772e-01 +1.4426e+00 +4.1044e+00
1711 0 +1.461998736e+00 -1.464380013e+02 -1.464380013e+02 -4.6931e-01 +1.4511e+00 +4.1268e+00
2010 0 +1.333070129e+00 -1.465669299e+02 -1.465669299e+02 -4.7816e-01 +1.4475e+00 +4.1159e+00
2605 0 +1.282747150e+00 -1.466172528e+02 -1.466172528e+02 -4.7942e-01 +1.4470e+00 +4.1144e+00
6455 0 +1.272256412e+00 -1.466277436e+02 -1.466277436e+02 -4.7782e-01 +1.4476e+00 +4.1165e+00
% f evaluations | g evaluations | best noise-free fitness - Fopt (4.817100000000e+02) + sum g_i+ | measured fitness | best measured fitness or single-digit g-values | x1 | x2...
1 0 +6.833269823e+01 +5.500426982e+02 +5.500426982e+02 +0.0000e+00 +0.0000e+00 +0.0000e+00
4 0 +1.934519028e+01 +5.010551903e+02 +5.010551903e+02 +1.0940e+00 -1.5044e-01 -3.1669e+00
27 0 +1.374591643e+01 +4.954559164e+02 +4.954559164e+02 +1.4028e+00 -1.5621e+00 -2.5969e+00
36 0 +1.108696319e+01 +4.927969632e+02 +4.927969632e+02 +1.7049e+00 +3.0076e-01 -3.0161e+00
64 0 +9.694046798e+00 +4.914040468e+02 +4.914040468e+02 +8.9603e-01 -2.2342e+00 -3.6370e+00
65 0 +4.013127747e+00 +4.857231277e+02 +4.857231277e+02 +1.1473e+00 -1.2672e+00 -3.2303e+00
293 0 +3.043448770e+00 +4.847534488e+02 +4.847534488e+02 +6.8109e-01 -5.3422e+00 -2.2601e+00
371 0 +2.983511906e+00 +4.846935119e+02 +4.846935119e+02 +3.9523e-01 -4.8150e+00 -2.1784e+00
418 0 +1.685134662e+00 +4.833951347e+02 +4.833951347e+02 +9.2870e-01 -2.7699e+00 -2.9780e+00
487 0 +8.418738401e-01 +4.825518738e+02 +4.825518738e+02 +1.1529e+00 -2.3290e+00 -3.1733e+00
605 0 +7.934082776e-01 +4.825034083e+02 +4.825034083e+02 +1.1037e+00 -3.1688e+00 -2.9309e+00
779 0 +7.184904308e-01 +4.824284904e+02 +4.824284904e+02 +1.0294e+00 -3.0978e+00 -2.8162e+00
783 0 +4.683059936e-01 +4.821783060e+02 +4.821783060e+02 +9.9881e-01 -2.9880e+00 -2.8965e+00
801 0 +4.203133003e-01 +4.821303133e+02 +4.821303133e+02 +1.0838e+00 -2.9160e+00 -2.9395e+00
865 0 +3.971802741e-01 +4.821071803e+02 +4.821071803e+02 +1.0743e+00 -2.9168e+00 -2.9431e+00
926 0 +3.580883260e-01 +4.820680883e+02 +4.820680883e+02 +1.0796e+00 -2.4575e+00 -3.0827e+00
935 0 +3.278003432e-01 +4.820378003e+02 +4.820378003e+02 +1.0203e+00 -2.9076e+00 -2.9294e+00
1009 0 +3.179530646e-01 +4.820279531e+02 +4.820279531e+02 +9.8742e-01 -3.1070e+00 -2.8588e+00
1069 0 +3.122068430e-01 +4.820222068e+02 +4.820222068e+02 +1.0261e+00 -3.1260e+00 -2.8618e+00
1071 0 +2.674875537e-01 +4.819774876e+02 +4.819774876e+02 +1.0597e+00 -2.8933e+00 -2.9267e+00
1116 0 +1.526972514e-01 +4.818626973e+02 +4.818626973e+02 +1.0324e+00 -3.0396e+00 -2.8954e+00
1341 0 +7.753742120e-02 +4.817875374e+02 +4.817875374e+02 +1.0276e+00 -3.1006e+00 -2.8721e+00
1485 0 +6.518512804e-02 +4.817751851e+02 +4.817751851e+02 +1.0325e+00 -3.0929e+00 -2.8784e+00
1568 0 +5.781119486e-02 +4.817678112e+02 +4.817678112e+02 +1.0367e+00 -3.0310e+00 -2.8855e+00
1572 0 +2.001455205e-02 +4.817300146e+02 +4.817300146e+02 +1.0401e+00 -3.0085e+00 -2.8935e+00
1964 0 +1.914704887e-02 +4.817291470e+02 +4.817291470e+02 +1.0385e+00 -3.0148e+00 -2.8913e+00
2019 0 +1.722996737e-02 +4.817272300e+02 +4.817272300e+02 +1.0428e+00 -3.0041e+00 -2.8967e+00
2143 0 +1.218844879e-02 +4.817221884e+02 +4.817221884e+02 +1.0422e+00 -2.9960e+00 -2.8979e+00
2437 0 +9.702381869e-03 +4.817197024e+02 +4.817197024e+02 +1.0412e+00 -3.0016e+00 -2.8959e+00
2567 0 +7.825945144e-03 +4.817178259e+02 +4.817178259e+02 +1.0392e+00 -3.0078e+00 -2.8940e+00
2982 0 +6.456981396e-03 +4.817164570e+02 +4.817164570e+02 +1.0428e+00 -2.9845e+00 -2.9021e+00
3679 0 +5.367550949e-03 +4.817153676e+02 +4.817153676e+02 +1.0426e+00 -2.9846e+00 -2.9019e+00
4433 0 +4.635781766e-03 +4.817146358e+02 +4.817146358e+02 +1.0427e+00 -2.9840e+00 -2.9022e+00
4828 0 +4.547837907e-03 +4.817145478e+02 +4.817145478e+02 +1.0427e+00 -2.9836e+00 -2.9023e+00
5583 0 +4.449354047e-03 +4.817144494e+02 +4.817144494e+02 +1.0427e+00 -2.9840e+00 -2.9022e+00
8625 0 +4.443136954e-03 +4.817144431e+02 +4.817144431e+02 +1.0427e+00 -2.9839e+00 -2.9022e+00
% f evaluations | g evaluations | best noise-free fitness - Fopt (-3.646000000000e+01) + sum g_i+ | measured fitness | best measured fitness or single-digit g-values | x1 | x2...
1 0 +4.585345853e+01 +9.393458530e+00 +9.393458530e+00 +0.0000e+00 +0.0000e+00 +0.0000e+00
2 0 +1.079527386e+01 -2.566472614e+01 -2.566472614e+01 +3.9279e-01 -1.4483e+00 -1.2781e+00
10 0 +8.745470148e+00 -2.771452985e+01 -2.771452985e+01 +6.5807e-01 -1.3603e+00 -9.2862e-01
93 0 +4.378130168e+00 -3.208186983e+01 -3.208186983e+01 +2.3483e+00 -2.9326e+00 -2.1274e+00
98 0 +2.585760876e+00 -3.387423912e+01 -3.387423912e+01 +2.2092e+00 -2.6382e+00 -2.1171e+00
109 0 +1.627703365e+00 -3.483229663e+01 -3.483229663e+01 +1.8173e+00 -2.4425e+00 -2.1381e+00
231 0 +9.184241467e-01 -3.554157585e+01 -3.554157585e+01 +2.2858e+00 -3.1009e+00 -2.2756e+00
674 0 +8.925873754e-01 -3.556741262e+01 -3.556741262e+01 +2.9417e+00 -3.9610e+00 -2.2831e+00
949 0 +8.786228894e-01 -3.558137711e+01 -3.558137711e+01 +2.9820e+00 -4.0485e+00 -2.2728e+00
981 0 +6.357229557e-01 -3.582427704e+01 -3.582427704e+01 +2.9548e+00 -4.0145e+00 -2.2536e+00
1152 0 +5.644820889e-01 -3.589551791e+01 -3.589551791e+01 +2.9499e+00 -4.0142e+00 -2.2576e+00
1290 0 +5.441744363e-01 -3.591582556e+01 -3.591582556e+01 +2.9431e+00 -3.9989e+00 -2.2609e+00
1295 0 +5.145538443e-01 -3.594544616e+01 -3.594544616e+01 +2.9517e+00 -4.0021e+00 -2.2673e+00
1460 0 +4.834909180e-01 -3.597650908e+01 -3.597650908e+01 +2.9504e+00 -4.0043e+00 -2.2644e+00
1485 0 +4.734578068e-01 -3.598654219e+01 -3.598654219e+01 +2.9484e+00 -4.0026e+00 -2.2634e+00
1642 0 +4.610935594e-01 -3.599890644e+01 -3.599890644e+01 +2.9499e+00 -4.0018e+00 -2.2677e+00
1671 0 +4.509613084e-01 -3.600903869e+01 -3.600903869e+01 +2.9585e+00 -4.0190e+00 -2.2653e+00
1754 0 +4.367003875e-01 -3.602329961e+01 -3.602329961e+01 +2.9494e+00 -4.0035e+00 -2.2649e+00
1876 0 +4.357459742e-01 -3.602425403e+01 -3.602425403e+01 +2.9557e+00 -4.0124e+00 -2.2652e+00
1907 0 +4.123204016e-01 -3.604767960e+01 -3.604767960e+01 +2.9507e+00 -4.0053e+00 -2.2656e+00
2085 0 +4.016887817e-01 -3.605831122e+01 -3.605831122e+01 +2.9549e+00 -4.0127e+00 -2.2645e+00
2150 0 +3.924327924e-01 -3.606756721e+01 -3.606756721e+01 +2.9494e+00 -4.0041e+00 -2.2653e+00
2272 0 +3.823880529e-01 -3.607761195e+01 -3.607761195e+01 +2.9539e+00 -4.0104e+00 -2.2656e+00
2541 0 +3.652783927e-01 -3.609472161e+01 -3.609472161e+01 +2.9533e+00 -4.0098e+00 -2.2655e+00
3286 0 +3.577927877e-01 -3.610220721e+01 -3.610220721e+01 +2.9548e+00 -4.0121e+00 -2.2653e+00
3812 0 +3.525180332e-01 -3.610748197e+01 -3.610748197e+01 +2.9540e+00 -4.0109e+00 -2.2654e+00
5762 0 +3.523421186e-01 -3.610765788e+01 -3.610765788e+01 +2.9539e+00 -4.0107e+00 -2.2654e+00
% f evaluations | g evaluations | best noise-free fitness - Fopt (3.920000000000e+01) + sum g_i+ | measured fitness | best measured fitness or single-digit g-values | x1 | x2...
1 0 +9.079569103e+00 +4.827956910e+01 +4.827956910e+01 +0.0000e+00 +0.0000e+00 +0.0000e+00
178 0 +8.094211637e+00 +4.729421164e+01 +4.729421164e+01 +1.6546e-01 -6.0733e-01 -1.9449e-01
265 0 +7.020001059e+00 +4.622000106e+01 +4.622000106e+01 +1.4213e+00 +6.7380e-01 +1.4811e+00
303 0 +4.621459915e+00 +4.382145991e+01 +4.382145991e+01 -3.9977e-01 -1.2579e+00 -5.8272e-01
383 0 +4.347288460e+00 +4.354728846e+01 +4.354728846e+01 -1.1360e+00 -1.6477e+00 -1.3168e+00
665 0 +4.080279851e+00 +4.328027985e+01 +4.328027985e+01 +2.0597e+00 +4.2584e-01 +1.6375e+00
685 0 +2.940252147e+00 +4.214025215e+01 +4.214025215e+01 +3.1466e+00 +8.5649e-01 +1.9703e+00
691 0 +2.777023747e+00 +4.197702375e+01 +4.197702375e+01 +2.9398e+00 +1.0729e+00 +2.0146e+00
705 0 +2.321538771e+00 +4.152153877e+01 +4.152153877e+01 +2.6571e+00 +1.1258e+00 +1.8992e+00
809 0 +2.071672052e+00 +4.127167205e+01 +4.127167205e+01 +3.6186e+00 +1.4101e+00 +2.4735e+00
839 0 +1.806567343e+00 +4.100656734e+01 +4.100656734e+01 +3.3229e+00 +1.5372e+00 +2.2149e+00
847 0 +1.187305306e+00 +4.038730531e+01 +4.038730531e+01 +3.3112e+00 +1.4313e+00 +2.2512e+00
891 0 +4.189468493e-01 +3.961894685e+01 +3.961894685e+01 +3.4239e+00 +1.4587e+00 +2.3154e+00
968 0 +2.938925551e-01 +3.949389256e+01 +3.949389256e+01 +4.0416e+00 +1.8816e+00 +2.6788e+00
1650 0 +2.847434074e-01 +3.948474341e+01 +3.948474341e+01 +4.1577e+00 +1.9631e+00 +2.7439e+00
1780 0 +2.546752291e-01 +3.945467523e+01 +3.945467523e+01 +4.1433e+00 +1.9364e+00 +2.7315e+00
2222 0 +1.710210897e-01 +3.937102109e+01 +3.937102109e+01 +4.1604e+00 +1.9499e+00 +2.7421e+00
2481 0 +1.691372742e-01 +3.936913727e+01 +3.936913727e+01 +4.1657e+00 +1.9524e+00 +2.7449e+00
2680 0 +1.588762186e-01 +3.935887622e+01 +3.935887622e+01 +4.1715e+00 +1.9551e+00 +2.7474e+00
3420 0 +1.543069681e-01 +3.935430697e+01 +3.935430697e+01 +4.1740e+00 +1.9564e+00 +2.7487e+00
3891 0 +1.508374416e-01 +3.935083744e+01 +3.935083744e+01 +4.1746e+00 +1.9568e+00 +2.7491e+00
4028 0 +1.476523272e-01 +3.934765233e+01 +3.934765233e+01 +4.1741e+00 +1.9564e+00 +2.7488e+00
6462 0 +1.476523272e-01 +3.934765233e+01 +3.934765233e+01 +4.1741e+00 +1.9564e+00 +2.7488e+00
% f evaluations | g evaluations | best noise-free fitness - Fopt (-3.225000000000e+01) + sum g_i+ | measured fitness | best measured fitness or single-digit g-values | x1 | x2...
1 0 +2.960381805e+01 -2.646181952e+00 -2.646181952e+00 +0.0000e+00 +0.0000e+00 +0.0000e+00
12 0 +2.879296446e+01 -3.457035544e+00 -3.457035544e+00 -3.3875e+00 +6.6285e-01 +5.4867e+00
13 0 +1.308176416e+01 -1.916823584e+01 -1.916823584e+01 -3.8022e+00 +6.6948e-01 +4.9312e+00
65 0 +1.053766498e+01 -2.171233502e+01 -2.171233502e+01 -1.1626e+00 +1.0755e+00 +2.5520e+00
234 0 +9.989405211e+00 -2.226059479e+01 -2.226059479e+01 -1.4381e+00 +3.5835e-01 +2.4408e+00
256 0 +4.848207325e+00 -2.740179268e+01 -2.740179268e+01 -9.4130e-01 +3.0499e-01 +2.7050e+00
383 0 +3.789749514e+00 -2.846025049e+01 -2.846025049e+01 -1.2016e+00 +4.1459e-01 +2.7745e+00
511 0 +3.252264333e+00 -2.899773567e+01 -2.899773567e+01 -1.5844e+00 +6.7425e-01 +2.8413e+00
615 0 +1.837134303e+00 -3.041286570e+01 -3.041286570e+01 +1.1237e+00 +9.1659e-01 +8.7034e-01
1847 0 +1.491762571e+00 -3.075823743e+01 -3.075823743e+01 +1.7344e+00 +8.9600e-01 +4.7934e-01
1970 0 +1.317547334e+00 -3.093245267e+01 -3.093245267e+01 +1.6729e+00 +9.9003e-01 +4.7805e-01
1998 0 +1.275449873e+00 -3.097455013e+01 -3.097455013e+01 +1.6636e+00 +8.4709e-01 +5.6660e-01
2000 0 +1.186758750e+00 -3.106324125e+01 -3.106324125e+01 +1.6819e+00 +9.0649e-01 +5.1815e-01
2007 0 +8.571092191e-01 -3.139289078e+01 -3.139289078e+01 +1.6643e+00 +8.9443e-01 +5.3423e-01
2436 0 +7.824057631e-01 -3.146759424e+01 -3.146759424e+01 +1.6305e+00 +8.9701e-01 +5.5594e-01
2701 0 +7.222986597e-01 -3.152770134e+01 -3.152770134e+01 +1.6096e+00 +8.9927e-01 +5.6752e-01
2837 0 +6.808741682e-01 -3.156912583e+01 -3.156912583e+01 +1.6110e+00 +8.9848e-01 +5.6698e-01
3395 0 +6.443270782e-01 -3.160567292e+01 -3.160567292e+01 +1.6261e+00 +8.9924e-01 +5.5648e-01
4211 0 +6.265181748e-01 -3.162348183e+01 -3.162348183e+01 +1.6326e+00 +8.9984e-01 +5.5172e-01
5273 0 +6.111837967e-01 -3.163881620e+01 -3.163881620e+01 +1.6321e+00 +8.9976e-01 +5.5208e-01
6784 0 +6.111837967e-01 -3.163881620e+01 -3.163881620e+01 +1.6321e+00 +8.9976e-01 +5.5208e-01
% f evaluations | g evaluations | best noise-free fitness - Fopt (3.681200000000e+02) + sum g_i+ | measured fitness | best measured fitness or single-digit g-values | x1 | x2...
1 0 +3.540939323e+01 +4.035293932e+02 +4.035293932e+02 +0.0000e+00 +0.0000e+00 +0.0000e+00
4 0 +1.754348930e+01 +3.856634893e+02 +3.856634893e+02 -3.8486e+00 +1.5514e+00 -1.3304e+00
90 0 +1.584436522e+01 +3.839643652e+02 +3.839643652e+02 -5.0842e+00 -2.2383e+00 -9.5773e-01
93 0 +1.286934956e+01 +3.809893496e+02 +3.809893496e+02 -2.1877e+00 +8.4797e-02 +1.2099e+00
148 0 +7.652512419e+00 +3.757725124e+02 +3.757725124e+02 -1.6224e+00 -1.5222e+00 +1.3250e+00
161 0 +3.775715452e+00 +3.718957155e+02 +3.718957155e+02 -2.0242e+00 -7.6714e-01 +1.1336e+00
271 0 +1.433978096e+00 +3.695539781e+02 +3.695539781e+02 -3.2762e+00 -8.6163e-01 +1.3570e-01
465 0 +7.782549070e-01 +3.688982549e+02 +3.688982549e+02 -3.1171e+00 -1.0285e+00 +2.7617e-01
543 0 +6.366743076e-01 +3.687566743e+02 +3.687566743e+02 -2.7418e+00 -1.1065e+00 +5.7413e-01
791 0 +2.783687283e-01 +3.683983687e+02 +3.683983687e+02 -2.3642e+00 -1.1159e+00 +7.9058e-01
1536 0 +2.016196712e-01 +3.683216197e+02 +3.683216197e+02 -2.1814e+00 -1.1101e+00 +9.3452e-01
1950 0 +1.834228046e-01 +3.683034228e+02 +3.683034228e+02 -2.4295e+00 -1.1102e+00 +7.5521e-01
1951 0 +1.616655667e-01 +3.682816656e+02 +3.682816656e+02 -2.4823e+00 -1.0968e+00 +7.1228e-01
2001 0 +6.322257487e-02 +3.681832226e+02 +3.681832226e+02 -2.4365e+00 -1.0886e+00 +7.3414e-01
2085 0 +5.696465382e-02 +3.681769647e+02 +3.681769647e+02 -2.4810e+00 -1.0900e+00 +7.0407e-01
2318 0 +3.575963711e-02 +3.681557596e+02 +3.681557596e+02 -2.4814e+00 -1.0836e+00 +7.0522e-01
2361 0 +1.696804300e-02 +3.681369680e+02 +3.681369680e+02 -2.4607e+00 -1.0928e+00 +7.1963e-01
2410 0 +6.417511097e-03 +3.681264175e+02 +3.681264175e+02 -2.4628e+00 -1.0897e+00 +7.1694e-01
3487 0 +5.387647859e-03 +3.681253876e+02 +3.681253876e+02 -2.4628e+00 -1.0902e+00 +7.1695e-01
3490 0 +3.466004292e-03 +3.681234660e+02 +3.681234660e+02 -2.4615e+00 -1.0900e+00 +7.1798e-01
3819 0 +2.964390715e-03 +3.681229644e+02 +3.681229644e+02 -2.4643e+00 -1.0894e+00 +7.1600e-01
3825 0 +2.780595141e-03 +3.681227806e+02 +3.681227806e+02 -2.4639e+00 -1.0896e+00 +7.1618e-01
3893 0 +1.668978318e-03 +3.681216690e+02 +3.681216690e+02 -2.4634e+00 -1.0895e+00 +7.1669e-01
3930 0 +8.743292928e-04 +3.681208743e+02 +3.681208743e+02 -2.4626e+00 -1.0897e+00 +7.1726e-01
4025 0 +6.298614779e-04 +3.681206299e+02 +3.681206299e+02 -2.4630e+00 -1.0896e+00 +7.1699e-01
4442 0 +3.659529559e-04 +3.681203660e+02 +3.681203660e+02 -2.4624e+00 -1.0896e+00 +7.1735e-01
4560 0 +2.688882987e-04 +3.681202689e+02 +3.681202689e+02 -2.4634e+00 -1.0896e+00 +7.1668e-01
4574 0 +2.434028834e-04 +3.681202434e+02 +3.681202434e+02 -2.4634e+00 -1.0896e+00 +7.1668e-01
4932 0 +2.227125790e-04 +3.681202227e+02 +3.681202227e+02 -2.4632e+00 -1.0896e+00 +7.1681e-01
4939 0 +1.381848661e-04 +3.681201382e+02 +3.681201382e+02 -2.4632e+00 -1.0896e+00 +7.1679e-01
5500 0 +1.213341976e-04 +3.681201213e+02 +3.681201213e+02 -2.4630e+00 -1.0896e+00 +7.1691e-01
5538 0 +1.137852668e-04 +3.681201138e+02 +3.681201138e+02 -2.4630e+00 -1.0896e+00 +7.1695e-01
6136 0 +1.088828650e-04 +3.681201089e+02 +3.681201089e+02 -2.4630e+00 -1.0896e+00 +7.1692e-01
6774 0 +9.471486663e-05 +3.681200947e+02 +3.681200947e+02 -2.4630e+00 -1.0896e+00 +7.1691e-01
7386 0 +9.471486663e-05 +3.681200947e+02 +3.681200947e+02 -2.4630e+00 -1.0896e+00 +7.1691e-01
% f evaluations | g evaluations | best noise-free fitness - Fopt (4.739000000000e+01) + sum g_i+ | measured fitness | best measured fitness or single-digit g-values | x1 | x2...
1 0 +1.869623599e+01 +6.608623599e+01 +6.608623599e+01 +0.0000e+00 +0.0000e+00 +0.0000e+00
10 0 +1.615597544e+01 +6.354597544e+01 +6.354597544e+01 -8.2246e-01 +1.8414e+00 -8.0704e-01
20 0 +7.294272530e+00 +5.468427253e+01 +5.468427253e+01 -6.2094e-02 +1.3417e+00 -9.5393e-01
122 0 +5.935269436e+00 +5.332526944e+01 +5.332526944e+01 -7.5475e-01 +2.4435e+00 -1.0608e+00
189 0 +3.801513935e+00 +5.119151394e+01 +5.119151394e+01 -2.1372e-01 +1.7832e+00 -8.7530e-01
272 0 +3.224591894e+00 +5.061459189e+01 +5.061459189e+01 +3.7481e-02 +1.5673e+00 -9.3374e-01
276 0 +2.953290892e+00 +5.034329089e+01 +5.034329089e+01 -1.3335e-01 +1.8752e+00 -1.0352e+00
278 0 +2.112309218e+00 +4.950230922e+01 +4.950230922e+01 +2.6587e-01 +1.4523e+00 -8.8758e-01
337 0 +8.860254436e-01 +4.827602544e+01 +4.827602544e+01 -2.3653e-01 +2.2337e+00 -8.7342e-01
411 0 +8.601566800e-01 +4.825015668e+01 +4.825015668e+01 -1.3162e-01 +1.9285e+00 -8.9729e-01
462 0 +5.934366832e-01 +4.798343668e+01 +4.798343668e+01 -5.4388e-01 +2.5316e+00 -9.0043e-01
560 0 +3.764303934e-01 +4.776643039e+01 +4.776643039e+01 -4.8839e-01 +2.5764e+00 -8.6673e-01
931 0 +2.983329745e-01 +4.768833297e+01 +4.768833297e+01 -5.3161e-01 +2.6514e+00 -8.7996e-01
974 0 +2.560670180e-01 +4.764606702e+01 +4.764606702e+01 -4.6356e-01 +2.5441e+00 -8.6582e-01
983 0 +2.284157245e-01 +4.761841572e+01 +4.761841572e+01 -5.0536e-01 +2.6108e+00 -8.7799e-01
989 0 +1.683227065e-01 +4.755832271e+01 +4.755832271e+01 -4.7484e-01 +2.6115e+00 -8.6941e-01
1097 0 +9.189494291e-02 +4.748189494e+01 +4.748189494e+01 -5.0338e-01 +2.6478e+00 -8.6670e-01
1458 0 +6.947728975e-02 +4.745947729e+01 +4.745947729e+01 -4.9359e-01 +2.6138e+00 -8.6881e-01
1948 0 +4.821798945e-02 +4.743821799e+01 +4.743821799e+01 -4.8966e-01 +2.6179e+00 -8.6825e-01
2290 0 +3.440440982e-02 +4.742440441e+01 +4.742440441e+01 -4.6916e-01 +2.5764e+00 -8.6969e-01
2647 0 +3.364092311e-02 +4.742364092e+01 +4.742364092e+01 -4.9545e-01 +2.6145e+00 -8.7099e-01
2661 0 +1.744627343e-02 +4.740744627e+01 +4.740744627e+01 -4.9650e-01 +2.6270e+00 -8.6622e-01
2902 0 +9.677725789e-03 +4.739967773e+01 +4.739967773e+01 -4.9936e-01 +2.6299e+00 -8.6706e-01
3324 0 +8.309618145e-03 +4.739830962e+01 +4.739830962e+01 -4.9486e-01 +2.6234e+00 -8.6734e-01
3390 0 +7.553930339e-03 +4.739755393e+01 +4.739755393e+01 -5.0156e-01 +2.6351e+00 -8.6677e-01
3420 0 +5.982410484e-03 +4.739598241e+01 +4.739598241e+01 -4.9691e-01 +2.6289e+00 -8.6652e-01
3460 0 +4.024377826e-03 +4.739402438e+01 +4.739402438e+01 -4.9601e-01 +2.6273e+00 -8.6641e-01
3558 0 +3.143006081e-03 +4.739314301e+01 +4.739314301e+01 -4.9657e-01 +2.6288e+00 -8.6615e-01
3684 0 +3.089932410e-03 +4.739308993e+01 +4.739308993e+01 -4.9603e-01 +2.6273e+00 -8.6646e-01
3772 0 +2.122419504e-03 +4.739212242e+01 +4.739212242e+01 -4.9597e-01 +2.6271e+00 -8.6636e-01
3773 0 +1.395691009e-03 +4.739139569e+01 +4.739139569e+01 -4.9718e-01 +2.6291e+00 -8.6631e-01
3959 0 +1.259587555e-03 +4.739125959e+01 +4.739125959e+01 -4.9778e-01 +2.6296e+00 -8.6651e-01
3960 0 +5.417923932e-04 +4.739054179e+01 +4.739054179e+01 -4.9760e-01 +2.6296e+00 -8.6642e-01
4625 0 +4.558402308e-04 +4.739045584e+01 +4.739045584e+01 -4.9813e-01 +2.6304e+00 -8.6640e-01
4700 0 +4.126858028e-04 +4.739041269e+01 +4.739041269e+01 -4.9818e-01 +2.6305e+00 -8.6639e-01
4937 0 +3.506841778e-04 +4.739035068e+01 +4.739035068e+01 -4.9810e-01 +2.6304e+00 -8.6640e-01
5111 0 +3.408481377e-04 +4.739034085e+01 +4.739034085e+01 -4.9812e-01 +2.6304e+00 -8.6640e-01
5402 0 +3.377234768e-04 +4.739033772e+01 +4.739033772e+01 -4.9811e-01 +2.6304e+00 -8.6639e-01
6441 0 +3.377234768e-04 +4.739033772e+01 +4.739033772e+01 -4.9811e-01 +2.6304e+00 -8.6639e-01
% f evaluations | g evaluations | best noise-free fitness - Fopt (-3.428900000000e+02) + sum g_i+ | measured fitness | best measured fitness or single-digit g-values | x1 | x2...
1 0 +1.733702368e+02 -1.695197632e+02 -1.695197632e+02 +0.0000e+00 +0.0000e+00 +0.0000e+00
2 0 +4.713351243e+01 -2.957564876e+02 -2.957564876e+02 -4.6866e+00 +2.7840e+00 +4.7584e+00
12 0 +4.283370757e+01 -3.000562924e+02 -3.000562924e+02 +9.9546e-01 +8.1025e-02 +4.9407e+00
18 0 +8.346768255e+00 -3.345432317e+02 -3.345432317e+02 +1.0977e+00 -1.2049e-01 +3.2885e+00
154 0 +3.536780976e+00 -3.393532190e+02 -3.393532190e+02 +2.5300e+00 -3.2146e+00 +3.3263e+00
258 0 +1.161529827e+00 -3.417284702e+02 -3.417284702e+02 +2.2001e+00 -2.3741e+00 +3.5830e+00
727 0 +9.126740697e-01 -3.419773259e+02 -3.419773259e+02 +2.2358e+00 -2.5260e+00 +3.5977e+00
762 0 +3.816932841e-01 -3.425083067e+02 -3.425083067e+02 +2.2031e+00 -2.4746e+00 +3.5537e+00
1968 0 +3.685710149e-01 -3.425214290e+02 -3.425214290e+02 +2.5569e+00 -3.7304e+00 +3.2734e+00
2014 0 +3.622660736e-01 -3.425277339e+02 -3.425277339e+02 +2.5552e+00 -3.7224e+00 +3.2756e+00
2121 0 +3.418390818e-01 -3.425481609e+02 -3.425481609e+02 +2.5610e+00 -3.7445e+00 +3.2729e+00
2237 0 +3.337505244e-01 -3.425562495e+02 -3.425562495e+02 +2.5644e+00 -3.7489e+00 +3.2693e+00
2277 0 +3.290920324e-01 -3.425609080e+02 -3.425609080e+02 +2.5615e+00 -3.7428e+00 +3.2712e+00
2551 0 +3.180895957e-01 -3.425719104e+02 -3.425719104e+02 +2.5560e+00 -3.7301e+00 +3.2759e+00
2621 0 +2.943214259e-01 -3.425956786e+02 -3.425956786e+02 +2.5579e+00 -3.7323e+00 +3.2743e+00
3725 0 +2.842409275e-01 -3.426057591e+02 -3.426057591e+02 +2.5562e+00 -3.7274e+00 +3.2755e+00
4325 0 +2.804014638e-01 -3.426095985e+02 -3.426095985e+02 +2.5561e+00 -3.7271e+00 +3.2756e+00
10039 0 +2.755981680e-01 -3.426144018e+02 -3.426144018e+02 +2.5563e+00 -3.7279e+00 +3.2754e+00
% f evaluations | g evaluations | best noise-free fitness - Fopt (9.102000000000e+01) + sum g_i+ | measured fitness | best measured fitness or single-digit g-values | x1 | x2...
1 0 +1.071244744e+02 +1.981444744e+02 +1.981444744e+02 +0.0000e+00 +0.0000e+00 +0.0000e+00
10 0 +3.094887258e+01 +1.219688726e+02 +1.219688726e+02 +1.9263e+00 -1.1062e+00 +2.1997e+00
15 0 +2.031871932e+01 +1.113387193e+02 +1.113387193e+02 +2.3414e+00 -9.1539e-01 +2.7902e+00
78 0 +1.381314906e+01 +1.048331491e+02 +1.048331491e+02 +7.0492e-01 +1.0125e+00 +2.3346e+00
88 0 +8.836827654e+00 +9.985682765e+01 +9.985682765e+01 +6.7491e-01 +2.5472e-01 +1.9363e+00
116 0 +3.447396798e+00 +9.446739680e+01 +9.446739680e+01 +3.9970e-01 -1.4548e+00 +3.4710e+00
377 0 +3.327647838e+00 +9.434764784e+01 +9.434764784e+01 +3.6492e-01 -9.1454e-01 +3.3775e+00
389 0 +2.431039853e+00 +9.345103985e+01 +9.345103985e+01 +7.0372e-01 -1.8495e+00 +4.1269e+00
391 0 +1.994126917e+00 +9.301412692e+01 +9.301412692e+01 +8.7976e-01 -9.1402e-01 +3.5064e+00
438 0 +1.435049258e+00 +9.245504926e+01 +9.245504926e+01 +4.8801e-01 -9.5582e-01 +3.2454e+00
500 0 +4.742478186e-01 +9.149424782e+01 +9.149424782e+01 +4.0050e-01 -6.2228e-01 +2.9885e+00
726 0 +1.249022859e-01 +9.114490229e+01 +9.114490229e+01 +5.4934e-01 -8.4958e-01 +3.2279e+00
1580 0 +9.404166592e-02 +9.111404167e+01 +9.111404167e+01 +5.9222e-01 -9.8960e-01 +3.3638e+00
2150 0 +8.935251769e-02 +9.110935252e+01 +9.110935252e+01 +5.8712e-01 -9.9061e-01 +3.3604e+00
2152 0 +5.128867828e-02 +9.107128868e+01 +9.107128868e+01 +5.8873e-01 -9.8890e-01 +3.3604e+00
2822 0 +4.650862609e-02 +9.106650863e+01 +9.106650863e+01 +5.8912e-01 -9.9025e-01 +3.3617e+00
3934 0 +4.240001121e-02 +9.106240001e+01 +9.106240001e+01 +5.8896e-01 -9.8938e-01 +3.3610e+00
4197 0 +4.125207349e-02 +9.106125207e+01 +9.106125207e+01 +5.8892e-01 -9.8933e-01 +3.3610e+00
4471 0 +4.048709618e-02 +9.106048710e+01 +9.106048710e+01 +5.8890e-01 -9.8927e-01 +3.3609e+00
6035 0 +4.044816004e-02 +9.106044816e+01 +9.106044816e+01 +5.8887e-01 -9.8916e-01 +3.3608e+00
% f evaluations | g evaluations | best noise-free fitness - Fopt (7.324200000000e+02) + sum g_i+ | measured fitness | best measured fitness or single-digit g-values | x1 | x2...
1 0 +4.767076839e+01 +7.800907684e+02 +7.800907684e+02 +0.0000e+00 +0.0000e+00 +0.0000e+00
3 0 +4.030892398e+01 +7.727289240e+02 +7.727289240e+02 +2.2045e+00 -3.4311e-01 -2.2220e+00
9 0 +3.823529365e+01 +7.706552936e+02 +7.706552936e+02 +5.6407e-01 -2.6494e+00 -1.6199e+00
16 0 +2.971244277e+01 +7.621324428e+02 +7.621324428e+02 -9.4009e-02 -8.4515e-01 +1.2571e-01
26 0 +2.047610807e+01 +7.528961081e+02 +7.528961081e+02 +1.5611e+00 -1.6500e+00 -1.5444e+00
29 0 +8.931193924e+00 +7.413511939e+02 +7.413511939e+02 -1.1279e-01 -2.2781e+00 +1.0955e+00
96 0 +7.808491150e+00 +7.402284912e+02 +7.402284912e+02 -1.4514e+00 -2.5422e+00 +1.3995e+00
128 0 +5.382800842e+00 +7.378028008e+02 +7.378028008e+02 -1.8509e+00 -2.1560e+00 +1.9561e+00
161 0 +2.826623920e+00 +7.352466239e+02 +7.352466239e+02 -2.5463e+00 -2.2448e+00 +2.2748e+00
177 0 +1.455412720e+00 +7.338754127e+02 +7.338754127e+02 -2.3978e+00 -2.3881e+00 +1.8877e+00
219 0 +1.185091798e+00 +7.336050918e+02 +7.336050918e+02 -1.4564e+00 -2.2528e+00 +1.7792e+00
343 0 +6.153292272e-01 +7.330353292e+02 +7.330353292e+02 -2.2554e+00 -2.3216e+00 +2.0016e+00
637 0 +2.520556014e-01 +7.326720556e+02 +7.326720556e+02 -2.9409e+00 -2.4156e+00 +2.2899e+00
1369 0 +2.444430993e-01 +7.326644431e+02 +7.326644431e+02 -3.2282e+00 -2.4557e+00 +2.4130e+00
1437 0 +2.087120250e-01 +7.326287120e+02 +7.326287120e+02 -3.2020e+00 -2.4508e+00 +2.3968e+00
1656 0 +1.896310474e-01 +7.326096310e+02 +7.326096310e+02 -3.2218e+00 -2.4540e+00 +2.4075e+00
1666 0 +1.693475478e-01 +7.325893475e+02 +7.325893475e+02 -3.2178e+00 -2.4536e+00 +2.4045e+00
2017 0 +1.566500275e-01 +7.325766500e+02 +7.325766500e+02 -3.2232e+00 -2.4541e+00 +2.4082e+00
2088 0 +1.445641304e-01 +7.325645641e+02 +7.325645641e+02 -3.2213e+00 -2.4538e+00 +2.4066e+00
2539 0 +1.434411189e-01 +7.325634411e+02 +7.325634411e+02 -3.2219e+00 -2.4539e+00 +2.4069e+00
2568 0 +1.399629376e-01 +7.325599629e+02 +7.325599629e+02 -3.2226e+00 -2.4540e+00 +2.4073e+00
3172 0 +1.379220129e-01 +7.325579220e+02 +7.325579220e+02 -3.2208e+00 -2.4537e+00 +2.4064e+00
3919 0 +1.348359752e-01 +7.325548360e+02 +7.325548360e+02 -3.2205e+00 -2.4537e+00 +2.4063e+00
7722 0 +1.322634097e-01 +7.325522634e+02 +7.325522634e+02 -3.2202e+00 -2.4536e+00 +2.4062e+00
% f evaluations | g evaluations | best noise-free fitness - Fopt (3.542000000000e+01) + sum g_i+ | measured fitness | best measured fitness or single-digit g-values | x1 | x2...
1 0 +7.517346473e+01 +1.105934647e+02 +1.105934647e+02 +0.0000e+00 +0.0000e+00 +0.0000e+00
6 0 +2.410308523e+01 +5.952308523e+01 +5.952308523e+01 -6.0854e-01 -3.6582e+00 +1.4028e-01
22 0 +7.119214438e+00 +4.253921444e+01 +4.253921444e+01 +4.4965e+00 -6.9625e-01 -1.8314e+00
72 0 +4.311316380e+00 +3.973131638e+01 +3.973131638e+01 +3.3627e+00 -2.4395e+00 -8.7924e-01
152 0 +4.251878710e+00 +3.967187871e+01 +3.967187871e+01 +3.0656e+00 -2.8903e+00 -1.7894e-01
158 0 +1.978015593e+00 +3.739801559e+01 +3.739801559e+01 +4.2850e+00 -1.1855e+00 -1.5295e+00
324 0 +8.451136505e-01 +3.626511365e+01 +3.626511365e+01 +4.0773e+00 -1.8040e+00 -1.0235e+00
504 0 +6.765834181e-01 +3.609658342e+01 +3.609658342e+01 +3.9864e+00 -1.9760e+00 -8.7752e-01
1245 0 +3.728541591e-01 +3.579285416e+01 +3.579285416e+01 +3.9998e+00 -1.9587e+00 -8.7832e-01
1362 0 +3.569170784e-01 +3.577691708e+01 +3.577691708e+01 +3.7443e+00 -2.2689e+00 -6.8973e-01
1448 0 +3.402318774e-01 +3.576023188e+01 +3.576023188e+01 +3.7870e+00 -2.2173e+00 -7.4521e-01
1449 0 +2.908725180e-01 +3.571087252e+01 +3.571087252e+01 +3.7286e+00 -2.2783e+00 -6.9025e-01
1454 0 +1.788651633e-01 +3.559886516e+01 +3.559886516e+01 +3.7624e+00 -2.2323e+00 -7.3188e-01
1719 0 +9.012775132e-02 +3.551012775e+01 +3.551012775e+01 +3.7475e+00 -2.2604e+00 -7.0632e-01
1968 0 +8.188007901e-02 +3.550188008e+01 +3.550188008e+01 +3.7163e+00 -2.3135e+00 -6.7457e-01
2090 0 +4.810408277e-02 +3.546810408e+01 +3.546810408e+01 +3.7032e+00 -2.3318e+00 -6.6813e-01
2211 0 +1.186860594e-02 +3.543186861e+01 +3.543186861e+01 +3.6789e+00 -2.3595e+00 -6.4850e-01
2472 0 +1.007267188e-02 +3.543007267e+01 +3.543007267e+01 +3.6847e+00 -2.3498e+00 -6.5674e-01
3141 0 +9.912525894e-03 +3.542991253e+01 +3.542991253e+01 +3.6875e+00 -2.3462e+00 -6.5894e-01
3241 0 +8.619870487e-03 +3.542861987e+01 +3.542861987e+01 +3.6826e+00 -2.3531e+00 -6.5414e-01
3314 0 +6.129241332e-03 +3.542612924e+01 +3.542612924e+01 +3.6831e+00 -2.3525e+00 -6.5431e-01
3355 0 +4.708542879e-03 +3.542470854e+01 +3.542470854e+01 +3.6859e+00 -2.3490e+00 -6.5714e-01
3521 0 +2.306941200e-03 +3.542230694e+01 +3.542230694e+01 +3.6851e+00 -2.3500e+00 -6.5615e-01
3953 0 +1.713096626e-03 +3.542171310e+01 +3.542171310e+01 +3.6863e+00 -2.3482e+00 -6.5755e-01
4000 0 +1.295273387e-03 +3.542129527e+01 +3.542129527e+01 +3.6870e+00 -2.3471e+00 -6.5813e-01
4128 0 +1.007576017e-03 +3.542100758e+01 +3.542100758e+01 +3.6868e+00 -2.3473e+00 -6.5802e-01
4254 0 +6.331186621e-04 +3.542063312e+01 +3.542063312e+01 +3.6862e+00 -2.3483e+00 -6.5740e-01
4600 0 +5.415699036e-04 +3.542054157e+01 +3.542054157e+01 +3.6859e+00 -2.3487e+00 -6.5708e-01
6056 0 +5.411437082e-04 +3.542054114e+01 +3.542054114e+01 +3.6860e+00 -2.3487e+00 -6.5710e-01
