% f evaluations | g evaluations | best noise-free fitness - Fopt (-1.694000000000e+01) + sum g_i+ | measured fitness | best measured fitness or single-digit g-values | x1 | x2...
1 0 +9.470123986e+01 +7.776123986e+01 +7.776123986e+01 +0.0000e+00 +0.0000e+00 +0.0000e+00 +0.0000e+00 +0.0000e+00
2 0 +6.487522327e+01 +4.793522327e+01 +4.793522327e+01 +2.0703e+00 +4.8296e+00 -7.9240e-01 -1.3533e+00 -2.3901e+00
4 0 +6.195832157e+01 +4.501832157e+01 +4.501832157e+01 +1.4206e+00 -4.3366e+00 -3.7363e+00 -4.0837e+00 -1.5256e+00
6 0 +3.016831973e+01 +1.322831973e+01 +1.322831973e+01 +2.6986e+00 +2.8497e+00 -8.2860e-01 +3.8443e+00 +2.3224e+00
18 0 +1.450327105e+01 -2.436728945e+00 -2.436728945e+00 +2.0687e+00 +3.0018e+00 -1.5934e+00 +1.4415e+00 -2.3328e-01
117 0 +1.093995248e+01 -6.000047519e+00 -6.000047519e+00 +2.6073e+00 +4.5753e+00 -1.5524e+00 -5.6696e-02 +6.4795e-01
119 0 +6.781898279e+00 -1.015810172e+01 -1.015810172e+01 +2.7194e+00 +6.2529e-01 -2.2312e+00 +2.4570e+00 +1.3934e+00
464 0 +6.036535279e+00 -1.090346472e+01 -1.090346472e+01 +2.0653e+00 +4.4218e-01 -2.9871e+00 +2.8543e+00 +1.3814e+00
576 0 +3.936036747e+00 -1.300396325e+01 -1.300396325e+01 +2.5201e+00 +1.7821e+00 -1.9401e+00 +2.1326e+00 +1.0516e+00
580 0 +1.380778044e+00 -1.555922196e+01 -1.555922196e+01 +2.2610e+00 +1.3123e+00 -2.4623e+00 +2.4708e+00 +1.0689e+00
1193 0 +9.742501686e-01 -1.596574983e+01 -1.596574983e+01 +2.0660e+00 +8.3758e-01 -2.5144e+00 +2.8935e+00 +9.1137e-01
1500 0 +9.498239299e-01 -1.599017607e+01 -1.599017607e+01 +1.9909e+00 +9.5143e-01 -2.5299e+00 +2.8317e+00 +8.5935e-01
1510 0 +9.160230091e-01 -1.602397699e+01 -1.602397699e+01 +2.0276e+00 +1.0442e+00 -2.5020e+00 +2.7619e+00 +9.0160e-01
1533 0 +8.205907247e-01 -1.611940928e+01 -1.611940928e+01 +2.0507e+00 +9.6079e-01 -2.5547e+00 +2.7781e+00 +9.3685e-01
1639 0 +5.923820594e-01 -1.634761794e+01 -1.634761794e+01 +2.0447e+00 +9.3629e-01 -2.5459e+00 +2.7964e+00 +9.4663e-01
1790 0 +5.637038306e-01 -1.637629617e+01 -1.637629617e+01 +2.0491e+00 +9.3947e-01 -2.5163e+00 +2.8089e+00 +9.1087e-01
1854 0 +4.627787219e-01 -1.647722128e+01 -1.647722128e+01 +2.0087e+00 +9.7755e-01 -2.5326e+00 +2.7997e+00 +9.0464e-01
1910 0 +4.445970070e-01 -1.649540299e+01 -1.649540299e+01 +2.0172e+00 +9.3370e-01 -2.5314e+00 +2.8257e+00 +8.9845e-01
2354 0 +4.248995043e-01 -1.651510050e+01 -1.651510050e+01 +1.9927e+00 +9.5721e-01 -2.5454e+00 +2.8148e+00 +8.9458e-01
2469 0 +4.052520841e-01 -1.653474792e+01 -1.653474792e+01 +2.0186e+00 +9.3491e-01 -2.5362e+00 +2.8181e+00 +9.0624e-01
2826 0 +3.776679935e-01 -1.656233201e+01 -1.656233201e+01 +2.0365e+00 +9.5445e-01 -2.5249e+00 +2.8094e+00 +9.1431e-01
3115 0 +3.238485620e-01 -1.661615144e+01 -1.661615144e+01 +2.0229e+00 +9.2840e-01 -2.5312e+00 +2.8217e+00 +9.0747e-01
3348 0 +2.704151828e-01 -1.666958482e+01 -1.666958482e+01 +2.0182e+00 +9.2321e-01 -2.5349e+00 +2.8292e+00 +9.0571e-01
4303 0 +2.681899482e-01 -1.667181005e+01 -1.667181005e+01 +2.0163e+00 +9.2162e-01 -2.5357e+00 +2.8304e+00 +9.0482e-01
4489 0 +2.573221722e-01 -1.668267783e+01 -1.668267783e+01 +2.0192e+00 +9.2490e-01 -2.5339e+00 +2.8280e+00 +9.0650e-01
4599 0 +2.273052036e-01 -1.671269480e+01 -1.671269480e+01 +2.0185e+00 +9.2478e-01 -2.5341e+00 +2.8283e+00 +9.0596e-01
5559 0 +2.214908042e-01 -1.671850920e+01 -1.671850920e+01 +2.0203e+00 +9.2695e-01 -2.5331e+00 +2.8268e+00 +9.0659e-01
6114 0 +2.180445641e-01 -1.672195544e+01 -1.672195544e+01 +2.0191e+00 +9.2515e-01 -2.5338e+00 +2.8279e+00 +9.0621e-01
6848 0 +2.132355852e-01 -1.672676441e+01 -1.672676441e+01 +2.0187e+00 +9.2458e-01 -2.5340e+00 +2.8283e+00 +9.0601e-01
16799 0 +2.098909073e-01 -1.673010909e+01 -1.673010909e+01 +2.0185e+00 +9.2463e-01 -2.5342e+00 +2.8284e+00 +9.0592e-01
% f evaluations | g evaluations | best noise-free fitness - Fopt (1.881000000000e+01) + sum g_i+ | measured fitness | best measured fitness or single-digit g-values | x1 | x2...
1 0 +3.169183622e+01 +5.050183622e+01 +5.050183622e+01 +0.0000e+00 +0.0000e+00 +0.0000e+00 +0.0000e+00 +0.0000e+00
2 0 +2.109010469e+01 +3.990010469e+01 +3.990010469e+01 -2.8471e+00 +2.9162e+00 -1.8044e+00 +4.6335e+00 -4.0435e+00
16 0 +1.947836537e+01 +3.828836537e+01 +3.828836537e+01 +4.0198e-02 +1.4968e+00 +2.2126e-01 +2.9199e-01 +3.6727e+00
28 0 +1.058874472e+01 +2.939874472e+01 +2.939874472e+01 -1.3012e+00 +3.3593e+00 -5.6757e-01 +2.3106e+00 -1.0433e+00
57 0 +8.663339292e+00 +2.747333929e+01 +2.747333929e+01 +2.9525e-01 +2.1652e+00 +1.3922e-01 -6.6587e-01 +3.7254e+00
303 0 +7.638894137e+00 +2.644889414e+01 +2.644889414e+01 +8.3531e-01 +1.0077e-01 -9.9938e-01 -2.6799e+00 +3.5467e+00
364 0 +7.134373564e+00 +2.594437356e+01 +2.594437356e+01 +8.1487e-02 +3.9352e-01 -2.7023e-01 -1.3131e+00 +1.4474e+00
402 0 +4.727054145e+00 +2.353705415e+01 +2.353705415e+01 -1.3522e-01 +1.4603e+00 -6.4306e-01 -5.3124e-01 +2.8724e+00
454 0 +4.365189808e+00 +2.317518981e+01 +2.317518981e+01 +2.2682e-01 +2.0717e+00 -6.6929e-01 -1.0075e+00 +2.3997e+00
465 0 +3.784896095e+00 +2.259489609e+01 +2.259489609e+01 -1.3222e-01 +2.0832e+00 -6.8434e-01 -2.4477e-01 +1.6403e+00
474 0 +2.307935223e+00 +2.111793522e+01 +2.111793522e+01 +1.5046e-01 +8.5450e-01 -6.4475e-01 -1.2523e+00 +2.9105e+00
691 0 +1.920857760e+00 +2.073085776e+01 +2.073085776e+01 -3.2368e-01 +1.6879e+00 -8.2204e-01 +1.0018e-02 +1.7596e+00
746 0 +1.857128632e+00 +2.066712863e+01 +2.066712863e+01 -3.7575e-01 +1.9980e+00 -1.0020e+00 +2.9728e-01 +1.2401e+00
756 0 +1.656398046e+00 +2.046639805e+01 +2.046639805e+01 -2.1525e-01 +1.4912e+00 -9.2095e-01 +8.9950e-02 +1.3570e+00
760 0 +1.485962236e+00 +2.029596224e+01 +2.029596224e+01 -4.0459e-01 +1.8539e+00 -7.7206e-01 -3.7143e-02 +1.3982e+00
835 0 +1.158252810e+00 +1.996825281e+01 +1.996825281e+01 -1.8668e-01 +1.7771e+00 -7.4757e-01 -2.1271e-01 +1.7672e+00
844 0 +7.662337704e-01 +1.957623377e+01 +1.957623377e+01 -2.1456e-01 +1.8658e+00 -8.0705e-01 +6.0085e-03 +1.5038e+00
1035 0 +5.345007485e-01 +1.934450075e+01 +1.934450075e+01 -1.0299e-01 +1.5852e+00 -7.6666e-01 -2.8751e-01 +1.8817e+00
1166 0 +4.681190289e-01 +1.927811903e+01 +1.927811903e+01 -1.5725e-01 +1.9059e+00 -8.2998e-01 -4.1796e-02 +1.6004e+00
1184 0 +1.467095910e-01 +1.895670959e+01 +1.895670959e+01 -1.6291e-01 +1.7699e+00 -7.9345e-01 -1.1565e-01 +1.7564e+00
1479 0 +5.703459189e-02 +1.886703459e+01 +1.886703459e+01 -1.8641e-01 +1.7930e+00 -8.2316e-01 -2.8443e-02 +1.6639e+00
3094 0 +5.302255794e-02 +1.886302256e+01 +1.886302256e+01 -1.7470e-01 +1.7390e+00 -8.0827e-01 -1.0521e-01 +1.7413e+00
3196 0 +3.840888385e-02 +1.884840888e+01 +1.884840888e+01 -1.7393e-01 +1.7356e+00 -8.0997e-01 -1.0628e-01 +1.7373e+00
3300 0 +2.901233310e-02 +1.883901233e+01 +1.883901233e+01 -1.7226e-01 +1.7371e+00 -8.0781e-01 -1.1002e-01 +1.7420e+00
3709 0 +2.284853865e-02 +1.883284854e+01 +1.883284854e+01 -1.7731e-01 +1.7340e+00 -8.1143e-01 -9.9974e-02 +1.7294e+00
4030 0 +2.090500520e-02 +1.883090501e+01 +1.883090501e+01 -1.7602e-01 +1.7343e+00 -8.1102e-01 -1.0353e-01 +1.7354e+00
4100 0 +1.830339104e-02 +1.882830339e+01 +1.882830339e+01 -1.7554e-01 +1.7327e+00 -8.1055e-01 -1.0562e-01 +1.7347e+00
4376 0 +1.741735678e-02 +1.882741736e+01 +1.882741736e+01 -1.7514e-01 +1.7348e+00 -8.1089e-01 -1.0279e-01 +1.7338e+00
4512 0 +1.582207589e-02 +1.882582208e+01 +1.882582208e+01 -1.7565e-01 +1.7339e+00 -8.1088e-01 -1.0323e-01 +1.7339e+00
4750 0 +1.499867742e-02 +1.882499868e+01 +1.882499868e+01 -1.7552e-01 +1.7362e+00 -8.1059e-01 -1.0189e-01 +1.7322e+00
4933 0 +1.379366306e-02 +1.882379366e+01 +1.882379366e+01 -1.7539e-01 +1.7365e+00 -8.1044e-01 -1.0259e-01 +1.7333e+00
5418 0 +1.145289936e-02 +1.882145290e+01 +1.882145290e+01 -1.7581e-01 +1.7356e+00 -8.1074e-01 -1.0203e-01 +1.7328e+00
6915 0 +1.116687484e-02 +1.882116687e+01 +1.882116687e+01 -1.7538e-01 +1.7318e+00 -8.1035e-01 -1.0642e-01 +1.7361e+00
7017 0 +1.091010920e-02 +1.882091011e+01 +1.882091011e+01 -1.7536e-01 +1.7318e+00 -8.1033e-01 -1.0639e-01 +1.7360e+00
8051 0 +1.067640055e-02 +1.882067640e+01 +1.882067640e+01 -1.7544e-01 +1.7321e+00 -8.1043e-01 -1.0583e-01 +1.7355e+00
8895 0 +9.651309231e-03 +1.881965131e+01 +1.881965131e+01 -1.7539e-01 +1.7318e+00 -8.1036e-01 -1.0631e-01 +1.7359e+00
12005 0 +9.651309231e-03 +1.881965131e+01 +1.881965131e+01 -1.7539e-01 +1.7318e+00 -8.1036e-01 -1.0631e-01 +1.7359e+00
% f evaluations | g evaluations | best noise-free fitness - Fopt (2.731500000000e+02) + sum g_i+ | measured fitness | best measured fitness or single-digit g-values | x1 | x2...
1 0 +8.700664503e+01 +3.601566450e+02 +3.601566450e+02 +0.0000e+00 +0.0000e+00 +0.0000e+00 +0.0000e+00 +0.0000e+00
3 0 +5.994849962e+01 +3.330984996e+02 +3.330984996e+02 +4.9560e+00 +2.6973e+00 -3.1664e+00 +7.8455e-01 +3.0806e+00
8 0 +4.874571337e+01 +3.218957134e+02 +3.218957134e+02 +4.9148e+00 -1.6014e+00 -1.6162e+00 +2.3393e+00 +1.6735e+00
9 0 +4.061357168e+01 +3.137635717e+02 +3.137635717e+02 +1.8539e+00 +3.2379e+00 +4.7202e+00 +3.7135e+00 -4.8077e-01
20 0 +3.815020136e+01 +3.113002014e+02 +3.113002014e+02 +1.9231e+00 -2.1662e-01 -3.3962e-01 +1.2290e+00 +1.0160e+00
28 0 +9.557092009e+00 +2.827070920e+02 +2.827070920e+02 +3.8449e+00 +3.4433e+00 +4.1414e+00 +3.0262e+00 +8.8443e-01
142 0 +9.053836295e+00 +2.822038363e+02 +2.822038363e+02 +4.5013e+00 +3.9551e+00 -4.3620e-01 +7.9736e-01 +8.4778e-01
241 0 +8.203423780e+00 +2.813534238e+02 +2.813534238e+02 +3.2644e+00 +3.7112e+00 +1.9551e+00 +1.8843e+00 +7.1834e-01
338 0 +5.124025103e+00 +2.782740251e+02 +2.782740251e+02 +2.2435e+00 +3.4075e+00 +6.7269e-01 +1.9372e+00 +1.1731e+00
857 0 +2.972030392e+00 +2.761220304e+02 +2.761220304e+02 +2.5865e+00 +3.6701e+00 +1.5764e-01 +1.5582e+00 +1.0652e+00
1166 0 +2.578240033e+00 +2.757282400e+02 +2.757282400e+02 +2.5549e+00 +3.8545e+00 +7.5726e-02 +1.6407e+00 +9.4292e-01
1368 0 +2.043559315e+00 +2.751935593e+02 +2.751935593e+02 +1.2582e+00 +3.8953e+00 +3.2901e-01 +1.9220e+00 +1.0921e+00
1922 0 +2.026145618e+00 +2.751761456e+02 +2.751761456e+02 +1.2337e+00 +3.8989e+00 +1.2019e-01 +1.8449e+00 +1.1800e+00
1998 0 +1.789306961e+00 +2.749393070e+02 +2.749393070e+02 +1.1552e+00 +3.8204e+00 -7.2461e-02 +1.7849e+00 +1.1807e+00
2089 0 +1.632038908e+00 +2.747820389e+02 +2.747820389e+02 +1.3297e+00 +3.8204e+00 +2.0395e-01 +1.8080e+00 +1.1657e+00
2419 0 +1.559875560e+00 +2.747098756e+02 +2.747098756e+02 -5.2791e-01 +3.9186e+00 -6.3946e-02 +2.1463e+00 +1.4343e+00
2428 0 +1.313594555e+00 +2.744635946e+02 +2.744635946e+02 -6.1707e-01 +3.9445e+00 -3.6133e-01 +1.9891e+00 +1.3846e+00
2458 0 +1.067738985e+00 +2.742177390e+02 +2.742177390e+02 -4.4661e-01 +3.8816e+00 -1.8001e-01 +2.0343e+00 +1.4036e+00
2471 0 +9.862140024e-01 +2.741362140e+02 +2.741362140e+02 -6.8688e-01 +3.8219e+00 -4.4915e-02 +2.1536e+00 +1.4867e+00
2590 0 +7.753197518e-01 +2.739253198e+02 +2.739253198e+02 -1.2245e+00 +3.8250e+00 -2.3815e-01 +2.2104e+00 +1.5719e+00
2664 0 +7.030390689e-01 +2.738530391e+02 +2.738530391e+02 -1.2762e+00 +3.8490e+00 -1.7952e-01 +2.1904e+00 +1.5475e+00
2746 0 +6.620467652e-01 +2.738120468e+02 +2.738120468e+02 -1.2472e+00 +3.8290e+00 -1.9100e-01 +2.1925e+00 +1.5911e+00
2797 0 +6.051695130e-01 +2.737551695e+02 +2.737551695e+02 -1.2574e+00 +3.8132e+00 -1.2463e-01 +2.2541e+00 +1.5750e+00
2828 0 +5.654766911e-01 +2.737154767e+02 +2.737154767e+02 -1.2606e+00 +3.8109e+00 -1.5707e-01 +2.2246e+00 +1.5659e+00
2883 0 +5.124683660e-01 +2.736624684e+02 +2.736624684e+02 -1.2623e+00 +3.8126e+00 -1.6826e-01 +2.2259e+00 +1.5830e+00
3302 0 +3.294967608e-01 +2.734794968e+02 +2.734794968e+02 -1.2445e+00 +3.8282e+00 -2.2260e-01 +2.1949e+00 +1.5624e+00
4508 0 +3.048117392e-01 +2.734548117e+02 +2.734548117e+02 -1.2745e+00 +3.8246e+00 -2.1592e-01 +2.2067e+00 +1.5713e+00
4857 0 +2.994244800e-01 +2.734494245e+02 +2.734494245e+02 -1.2532e+00 +3.8261e+00 -2.2211e-01 +2.1970e+00 +1.5681e+00
4966 0 +2.749971791e-01 +2.734249972e+02 +2.734249972e+02 -1.2604e+00 +3.8227e+00 -2.0039e-01 +2.2069e+00 +1.5681e+00
5258 0 +2.657218038e-01 +2.734157218e+02 +2.734157218e+02 -1.2347e+00 +3.8258e+00 -2.0402e-01 +2.2017e+00 +1.5657e+00
5286 0 +2.465520281e-01 +2.733965520e+02 +2.733965520e+02 -1.2484e+00 +3.8244e+00 -2.0457e-01 +2.2023e+00 +1.5670e+00
5377 0 +2.334379940e-01 +2.733834380e+02 +2.733834380e+02 -1.2318e+00 +3.8225e+00 -2.0162e-01 +2.2028e+00 +1.5650e+00
5674 0 +1.980477255e-01 +2.733480477e+02 +2.733480477e+02 -1.2107e+00 +3.8237e+00 -1.9892e-01 +2.1982e+00 +1.5607e+00
6637 0 +1.932576992e-01 +2.733432577e+02 +2.733432577e+02 -1.2244e+00 +3.8223e+00 -1.9817e-01 +2.2015e+00 +1.5638e+00
6778 0 +1.870053329e-01 +2.733370053e+02 +2.733370053e+02 -1.2244e+00 +3.8227e+00 -1.9851e-01 +2.2014e+00 +1.5632e+00
6894 0 +1.842967611e-01 +2.733342968e+02 +2.733342968e+02 -1.2235e+00 +3.8223e+00 -1.9519e-01 +2.2027e+00 +1.5635e+00
7081 0 +1.783459875e-01 +2.733283460e+02 +2.733283460e+02 -1.2243e+00 +3.8229e+00 -1.9938e-01 +2.2009e+00 +1.5634e+00
7090 0 +1.739689737e-01 +2.733239690e+02 +2.733239690e+02 -1.2253e+00 +3.8228e+00 -1.9824e-01 +2.2017e+00 +1.5636e+00
7882 0 +1.703672148e-01 +2.733203672e+02 +2.733203672e+02 -1.2277e+00 +3.8227e+00 -1.9835e-01 +2.2021e+00 +1.5640e+00
8241 0 +1.619453228e-01 +2.733119453e+02 +2.733119453e+02 -1.2287e+00 +3.8226e+00 -1.9857e-01 +2.2022e+00 +1.5642e+00
10843 0 +1.575422785e-01 +2.733075423e+02 +2.733075423e+02 -1.2321e+00 +3.8226e+00 -1.9907e-01 +2.2027e+00 +1.5648e+00
13748 0 +1.546728614e-01 +2.733046729e+02 +2.733046729e+02 -1.2319e+00 +3.8226e+00 -1.9903e-01 +2.2027e+00 +1.5648e+00
15554 0 +1.528370960e-01 +2.733028371e+02 +2.733028371e+02 -1.2320e+00 +3.8226e+00 -1.9904e-01 +2.2027e+00 +1.5648e+00
% f evaluations | g evaluations | best noise-free fitness - Fopt (3.718000000000e+01) + sum g_i+ | measured fitness | best measured fitness or single-digit g-values | x1 | x2...
1 0 +1.334312491e+02 +1.706112491e+02 +1.706112491e+02 +0.0000e+00 +0.0000e+00 +0.0000e+00 +0.0000e+00 +0.0000e+00
9 0 +4.456292766e+01 +8.174292766e+01 +8.174292766e+01 -3.9569e+00 +3.8841e+00 +1.2592e+00 +4.0802e+00 -2.5874e+00
16 0 +3.389749401e+01 +7.107749401e+01 +7.107749401e+01 -3.2845e+00 +2.6438e+00 +4.7043e-01 +2.8508e+00 -2.4508e+00
25 0 +3.321071221e+01 +7.039071221e+01 +7.039071221e+01 -4.9522e+00 +1.3893e+00 -1.0820e+00 +3.3035e+00 -3.4630e+00
78 0 +2.269074741e+01 +5.987074741e+01 +5.987074741e+01 -4.2356e+00 +2.8322e+00 +3.2607e+00 +1.3402e+00 -1.7157e+00
82 0 +1.169122532e+01 +4.887122532e+01 +4.887122532e+01 -4.5524e+00 +1.9294e+00 +1.0473e+00 +2.6645e+00 -5.1882e+00
98 0 +1.092622985e+01 +4.810622985e+01 +4.810622985e+01 -7.1171e-01 -3.0708e+00 +2.1319e+00 +2.1995e+00 -2.1268e+00
186 0 +6.374525154e+00 +4.355452515e+01 +4.355452515e+01 -3.4993e+00 +1.8061e+00 +3.0582e+00 +1.6203e+00 -3.5206e+00
326 0 +5.004883707e+00 +4.218488371e+01 +4.218488371e+01 -4.4002e+00 +1.7755e+00 +2.1065e+00 +2.1447e+00 -3.4259e+00
445 0 +4.721616525e+00 +4.190161653e+01 +4.190161653e+01 -3.3095e+00 +2.4437e+00 +2.0478e+00 +1.2403e+00 -3.4085e+00
488 0 +4.379624325e+00 +4.155962433e+01 +4.155962433e+01 -3.4005e+00 +2.8801e+00 +3.4057e+00 +1.3560e+00 -3.2263e+00
494 0 +2.952949829e+00 +4.013294983e+01 +4.013294983e+01 -2.8716e+00 +1.7806e+00 +3.5739e+00 +1.3065e+00 -3.3270e+00
538 0 +2.451150227e+00 +3.963115023e+01 +3.963115023e+01 -4.4709e+00 +2.7142e+00 +2.0584e+00 +1.5672e+00 -3.6997e+00
810 0 +1.335244517e+00 +3.851524452e+01 +3.851524452e+01 -4.0986e+00 +2.1639e+00 +1.7494e+00 +1.5569e+00 -3.2292e+00
848 0 +1.267544287e+00 +3.844754429e+01 +3.844754429e+01 -4.1329e+00 +1.9587e+00 +1.7775e+00 +1.5593e+00 -3.5391e+00
973 0 +1.220834927e+00 +3.840083493e+01 +3.840083493e+01 -3.9362e+00 +2.1948e+00 +1.9288e+00 +1.7009e+00 -3.5412e+00
981 0 +5.627724206e-01 +3.774277242e+01 +3.774277242e+01 -3.9913e+00 +2.0390e+00 +1.8045e+00 +1.6193e+00 -3.5202e+00
1362 0 +5.285055806e-01 +3.770850558e+01 +3.770850558e+01 -4.1543e+00 +2.0515e+00 +1.6556e+00 +1.7187e+00 -3.6498e+00
1373 0 +5.156323390e-01 +3.769563234e+01 +3.769563234e+01 -4.0638e+00 +2.0384e+00 +1.7353e+00 +1.6957e+00 -3.5515e+00
1385 0 +3.492661216e-01 +3.752926612e+01 +3.752926612e+01 -4.0439e+00 +2.0345e+00 +1.7317e+00 +1.6720e+00 -3.5987e+00
1389 0 +2.462419117e-01 +3.742624191e+01 +3.742624191e+01 -3.9917e+00 +2.0319e+00 +1.8457e+00 +1.6757e+00 -3.5866e+00
1688 0 +1.880215620e-01 +3.736802156e+01 +3.736802156e+01 -4.1019e+00 +2.0752e+00 +1.7562e+00 +1.6696e+00 -3.6134e+00
2068 0 +1.815506005e-01 +3.736155060e+01 +3.736155060e+01 -4.1849e+00 +2.1020e+00 +1.6217e+00 +1.7134e+00 -3.6317e+00
2395 0 +1.654376945e-01 +3.734543769e+01 +3.734543769e+01 -4.1842e+00 +2.0957e+00 +1.6208e+00 +1.7102e+00 -3.6377e+00
2491 0 +1.516216131e-01 +3.733162161e+01 +3.733162161e+01 -4.1756e+00 +2.0845e+00 +1.6174e+00 +1.7124e+00 -3.6353e+00
2504 0 +8.658019768e-02 +3.726658020e+01 +3.726658020e+01 -4.1767e+00 +2.0885e+00 +1.6194e+00 +1.7134e+00 -3.6405e+00
3644 0 +8.332894249e-02 +3.726332894e+01 +3.726332894e+01 -4.1800e+00 +2.0902e+00 +1.6161e+00 +1.7133e+00 -3.6414e+00
3710 0 +7.591429503e-02 +3.725591430e+01 +3.725591430e+01 -4.1793e+00 +2.0884e+00 +1.6169e+00 +1.7140e+00 -3.6449e+00
3790 0 +6.885263524e-02 +3.724885264e+01 +3.724885264e+01 -4.1828e+00 +2.0963e+00 +1.6217e+00 +1.7135e+00 -3.6444e+00
4190 0 +6.252584880e-02 +3.724252585e+01 +3.724252585e+01 -4.1808e+00 +2.0936e+00 +1.6208e+00 +1.7134e+00 -3.6440e+00
4359 0 +5.601160519e-02 +3.723601161e+01 +3.723601161e+01 -4.1818e+00 +2.0933e+00 +1.6181e+00 +1.7140e+00 -3.6441e+00
4817 0 +5.256342989e-02 +3.723256343e+01 +3.723256343e+01 -4.1816e+00 +2.0916e+00 +1.6162e+00 +1.7141e+00 -3.6438e+00
5158 0 +5.229189449e-02 +3.723229189e+01 +3.723229189e+01 -4.1830e+00 +2.0933e+00 +1.6170e+00 +1.7140e+00 -3.6442e+00
5244 0 +4.281608762e-02 +3.722281609e+01 +3.722281609e+01 -4.1860e+00 +2.0947e+00 +1.6136e+00 +1.7150e+00 -3.6453e+00
5813 0 +4.217175677e-02 +3.722217176e+01 +3.722217176e+01 -4.1845e+00 +2.0947e+00 +1.6160e+00 +1.7143e+00 -3.6447e+00
6542 0 +4.162847314e-02 +3.722162847e+01 +3.722162847e+01 -4.1866e+00 +2.0962e+00 +1.6148e+00 +1.7147e+00 -3.6454e+00
15371 0 +4.141621629e-02 +3.722141622e+01 +3.722141622e+01 -4.1867e+00 +2.0961e+00 +1.6145e+00 +1.7147e+00 -3.6452e+00
% f evaluations | g evaluations | best noise-free fitness - Fopt (-1.479000000000e+02) + sum g_i+ | measured fitness | best measured fitness or single-digit g-values | x1 | x2...
1 0 +6.898756762e+01 -7.891243238e+01 -7.891243238e+01 +0.0000e+00 +0.0000e+00 +0.0000e+00 +0.0000e+00 +0.0000e+00
7 0 +5.133704424e+01 -9.656295576e+01 -9.656295576e+01 -4.2146e-04 -4.2428e+00 -5.6355e-02 -3.2892e+00 -3.3838e+00
16 0 +3.751596926e+01 -1.103840307e+02 -1.103840307e+02 -1.1570e+00 -3.7982e+00 +1.6418e+00 -5.7660e+00 +4.6300e-01
25 0 +1.825011552e+01 -1.296498845e+02 -1.296498845e+02 -5.4173e-01 -3.2765e+00 +2.1159e+00 -4.7701e+00 -1.6025e+00
284 0 +1.590930988e+01 -1.319906901e+02 -1.319906901e+02 -1.8186e+00 -3.2821e-01 -1.9804e-01 -3.5409e-01 -3.0853e+00
316 0 +1.043080054e+01 -1.374691995e+02 -1.374691995e+02 -2.8217e+00 +4.6067e-01 -8.0854e-01 -2.0371e+00 -2.7586e+00
372 0 +1.022716930e+01 -1.376728307e+02 -1.376728307e+02 -2.6072e+00 +9.0637e-01 +1.0009e+00 -8.3756e-01 -2.6675e+00
375 0 +9.584774976e+00 -1.383152250e+02 -1.383152250e+02 -2.2886e+00 +6.0030e-01 +1.6669e+00 -3.0411e-01 -2.5850e+00
408 0 +6.974287374e+00 -1.409257126e+02 -1.409257126e+02 -1.9888e+00 -6.2195e-01 +3.8583e-01 -2.2695e+00 -2.4008e+00
414 0 +5.896295591e+00 -1.420037044e+02 -1.420037044e+02 -1.8606e+00 +1.0727e+00 +5.4865e-02 -2.0845e+00 -3.3646e+00
469 0 +4.837604388e+00 -1.430623956e+02 -1.430623956e+02 -2.0545e+00 -4.3190e-02 +2.4157e+00 -9.1029e-01 -2.4158e+00
490 0 +4.117652361e+00 -1.437823476e+02 -1.437823476e+02 -1.9364e+00 -1.4139e-01 +1.8330e+00 -1.2224e+00 -2.5282e+00
499 0 +3.875155368e+00 -1.440248446e+02 -1.440248446e+02 -2.7735e+00 +3.3341e-01 +6.7217e-01 -1.0491e+00 -2.3078e+00
909 0 +2.527139927e+00 -1.453728601e+02 -1.453728601e+02 -1.9655e+00 +4.9169e-01 +7.7000e-01 -1.8995e+00 -3.2488e+00
983 0 +2.359282883e+00 -1.455407171e+02 -1.455407171e+02 -1.8644e+00 +4.1846e-01 +8.0681e-01 -1.8697e+00 -3.1958e+00
1137 0 +1.705215210e+00 -1.461947848e+02 -1.461947848e+02 -1.5251e+00 -1.0677e-01 +1.5529e+00 -1.9236e+00 -2.9358e+00
1623 0 +1.423927651e+00 -1.464760723e+02 -1.464760723e+02 -1.6245e+00 -1.2355e-01 +1.7087e+00 -2.0027e+00 -3.0940e+00
1756 0 +7.353488830e-01 -1.471646511e+02 -1.471646511e+02 -1.6147e+00 +8.6639e-02 +1.1575e+00 -2.0504e+00 -3.1122e+00
2029 0 +6.871032708e-01 -1.472128967e+02 -1.472128967e+02 -1.6847e+00 +3.8969e-02 +1.2080e+00 -2.0700e+00 -3.0382e+00
2052 0 +6.711426187e-01 -1.472288574e+02 -1.472288574e+02 -1.6867e+00 -5.2189e-02 +1.5691e+00 -1.8838e+00 -2.8170e+00
2112 0 +6.325106046e-01 -1.472674894e+02 -1.472674894e+02 -1.5497e+00 -1.5915e-01 +1.6622e+00 -1.9766e+00 -3.0594e+00
2312 0 +5.086140934e-01 -1.473913859e+02 -1.473913859e+02 -1.7169e+00 +2.9457e-01 +8.9468e-01 -2.0826e+00 -3.2476e+00
2524 0 +3.663348208e-01 -1.475336652e+02 -1.475336652e+02 -1.6852e+00 +3.8895e-01 +6.2084e-01 -2.2755e+00 -3.4323e+00
2844 0 +3.370095624e-01 -1.475629904e+02 -1.475629904e+02 -1.6728e+00 +3.5989e-01 +7.3144e-01 -2.2068e+00 -3.3634e+00
2957 0 +2.979138299e-01 -1.476020862e+02 -1.476020862e+02 -1.6917e+00 +2.9387e-01 +8.5824e-01 -2.1490e+00 -3.2275e+00
3013 0 +2.058247387e-01 -1.476941753e+02 -1.476941753e+02 -1.6962e+00 +2.6054e-01 +8.6934e-01 -2.1288e+00 -3.2431e+00
3411 0 +1.917279282e-01 -1.477082721e+02 -1.477082721e+02 -1.6676e+00 +2.2464e-01 +9.3837e-01 -2.1122e+00 -3.2126e+00
3593 0 +1.567428472e-01 -1.477432572e+02 -1.477432572e+02 -1.6813e+00 +2.3666e-01 +9.5104e-01 -2.0773e+00 -3.2016e+00
3640 0 +1.405113047e-01 -1.477594887e+02 -1.477594887e+02 -1.6870e+00 +2.2968e-01 +9.4218e-01 -2.1089e+00 -3.2129e+00
3692 0 +1.318434027e-01 -1.477681566e+02 -1.477681566e+02 -1.6689e+00 +2.3438e-01 +9.5027e-01 -2.1150e+00 -3.2133e+00
3924 0 +1.134514252e-01 -1.477865486e+02 -1.477865486e+02 -1.6797e+00 +2.0447e-01 +1.0048e+00 -2.0610e+00 -3.1721e+00
4118 0 +1.074437586e-01 -1.477925562e+02 -1.477925562e+02 -1.6708e+00 +2.0312e-01 +1.0217e+00 -2.0753e+00 -3.1716e+00
4142 0 +9.411807980e-02 -1.478058819e+02 -1.478058819e+02 -1.6696e+00 +2.0407e-01 +1.0086e+00 -2.0719e+00 -3.1812e+00
4289 0 +9.007787163e-02 -1.478099221e+02 -1.478099221e+02 -1.6622e+00 +1.9244e-01 +1.0310e+00 -2.0785e+00 -3.1792e+00
4359 0 +8.130702307e-02 -1.478186930e+02 -1.478186930e+02 -1.6722e+00 +1.9032e-01 +1.0206e+00 -2.0809e+00 -3.1809e+00
4374 0 +6.236540418e-02 -1.478376346e+02 -1.478376346e+02 -1.6682e+00 +1.8878e-01 +1.0197e+00 -2.0825e+00 -3.1806e+00
4394 0 +5.395340111e-02 -1.478460466e+02 -1.478460466e+02 -1.6717e+00 +1.9671e-01 +1.0140e+00 -2.0797e+00 -3.1819e+00
4434 0 +4.989664903e-02 -1.478501034e+02 -1.478501034e+02 -1.6673e+00 +1.9597e-01 +1.0154e+00 -2.0788e+00 -3.1846e+00
4450 0 +3.510365821e-02 -1.478648963e+02 -1.478648963e+02 -1.6709e+00 +1.9650e-01 +1.0114e+00 -2.0798e+00 -3.1839e+00
5151 0 +2.834251866e-02 -1.478716575e+02 -1.478716575e+02 -1.6727e+00 +1.9526e-01 +1.0147e+00 -2.0755e+00 -3.1797e+00
5241 0 +2.484583430e-02 -1.478751542e+02 -1.478751542e+02 -1.6715e+00 +1.9421e-01 +1.0171e+00 -2.0761e+00 -3.1802e+00
6908 0 +2.333956358e-02 -1.478766604e+02 -1.478766604e+02 -1.6764e+00 +1.9610e-01 +1.0140e+00 -2.0718e+00 -3.1768e+00
6995 0 +2.233560601e-02 -1.478776644e+02 -1.478776644e+02 -1.6763e+00 +1.9588e-01 +1.0144e+00 -2.0718e+00 -3.1766e+00
7091 0 +2.056573725e-02 -1.478794343e+02 -1.478794343e+02 -1.6764e+00 +1.9569e-01 +1.0144e+00 -2.0718e+00 -3.1765e+00
8010 0 +1.980915385e-02 -1.478801908e+02 -1.478801908e+02 -1.6765e+00 +1.9556e-01 +1.0150e+00 -2.0712e+00 -3.1761e+00
8559 0 +1.939042594e-02 -1.478806096e+02 -1.478806096e+02 -1.6763e+00 +1.9563e-01 +1.0148e+00 -2.0715e+00 -3.1764e+00
8912 0 +1.902437324e-02 -1.478809756e+02 -1.478809756e+02 -1.6763e+00 +1.9546e-01 +1.0151e+00 -2.0714e+00 -3.1763e+00
9166 0 +1.818087698e-02 -1.478818191e+02 -1.478818191e+02 -1.6763e+00 +1.9545e-01 +1.0151e+00 -2.0714e+00 -3.1762e+00
11849 0 +1.763821008e-02 -1.478823618e+02 -1.478823618e+02 -1.6764e+00 +1.9557e-01 +1.0149e+00 -2.0715e+00 -3.1763e+00
13613 0 +1.763821008e-02 -1.478823618e+02 -1.478823618e+02 -1.6764e+00 +1.9557e-01 +1.0149e+00 -2.0715e+00 -3.1763e+00
% f evaluations | g evaluations | best noise-free fitness - Fopt (4.817100000000e+02) + sum g_i+ | measured fitness | best measured fitness or single-digit g-values | x1 | x2...
1 0 +1.098420059e+02 +5.915520059e+02 +5.915520059e+02 +0.0000e+00 +0.0000e+00 +0.0000e+00 +0.0000e+00 +0.0000e+00
2 0 +9.279424397e+01 +5.745042440e+02 +5.745042440e+02 -2.8404e+00 -4.4979e+00 -1.6229e+00 -3.1929e+00 -3.8437e+00
11 0 +6.976993705e+01 +5.514799371e+02 +5.514799371e+02 -1.0056e+00 -2.7646e+00 -1.7800e+00 -7.9214e-01 -2.0100e+00
19 0 +6.527661643e+01 +5.469866164e+02 +5.469866164e+02 +2.2982e+00 -5.4035e+00 -2.3456e+00 -9.0498e-01 +3.3304e-01
26 0 +4.842029759e+01 +5.301302976e+02 +5.301302976e+02 +2.0186e+00 -5.8942e+00 -4.1384e+00 -7.9811e-01 -5.3512e-02
38 0 +3.600463813e+01 +5.177146381e+02 +5.177146381e+02 +8.8129e-01 -5.2914e+00 -3.4040e+00 +2.9706e-01 +5.6377e-01
79 0 +1.928673240e+01 +5.009967324e+02 +5.009967324e+02 +3.1050e+00 -3.2208e+00 -4.1828e+00 +4.4448e-01 -5.9290e-01
83 0 +1.491103958e+01 +4.966210396e+02 +4.966210396e+02 +3.0079e+00 -3.2802e+00 -4.7592e+00 +1.8493e+00 -8.8685e-02
243 0 +1.390713705e+01 +4.956171371e+02 +4.956171371e+02 +2.1356e+00 -2.5788e+00 -2.2256e+00 +1.7439e+00 -5.2971e-01
253 0 +7.990308676e+00 +4.897003087e+02 +4.897003087e+02 +1.2949e+00 -8.2596e-01 -2.7288e+00 +4.1381e+00 +6.0388e-01
259 0 +5.764291215e+00 +4.874742912e+02 +4.874742912e+02 +1.4938e+00 -3.2469e+00 -3.1517e+00 +2.8966e+00 -7.2968e-01
543 0 +2.617745745e+00 +4.843277457e+02 +4.843277457e+02 +8.3000e-01 -2.7317e+00 -2.2047e+00 +3.5720e+00 -1.0473e-01
1213 0 +2.374083212e+00 +4.840840832e+02 +4.840840832e+02 -1.5372e-01 -2.8735e+00 -2.8309e+00 +2.6583e+00 -9.0098e-01
1250 0 +2.078682811e+00 +4.837886828e+02 +4.837886828e+02 +1.2411e+00 -2.9483e+00 -2.8333e+00 +3.1894e+00 -2.3485e-01
1292 0 +1.940834034e+00 +4.836508340e+02 +4.836508340e+02 +8.4436e-01 -2.8636e+00 -2.8676e+00 +3.0472e+00 -2.2407e-01
1296 0 +1.185226732e+00 +4.828952267e+02 +4.828952267e+02 +1.4105e+00 -2.8498e+00 -3.0819e+00 +3.1354e+00 -1.7083e-01
1397 0 +9.635439131e-01 +4.826735439e+02 +4.826735439e+02 +8.4633e-01 -2.8635e+00 -3.0336e+00 +2.9674e+00 -3.2642e-01
1866 0 +8.089548579e-01 +4.825189549e+02 +4.825189549e+02 +4.4384e-01 -2.7939e+00 -2.9590e+00 +2.9779e+00 -6.4730e-01
2101 0 +7.095865198e-01 +4.824195865e+02 +4.824195865e+02 +1.0207e+00 -2.8793e+00 -2.9767e+00 +3.0393e+00 -3.4094e-01
2348 0 +6.305903673e-01 +4.823405904e+02 +4.823405904e+02 +1.5208e+00 -3.0237e+00 -2.9231e+00 +3.1211e+00 -8.9672e-02
2435 0 +5.929591599e-01 +4.823029592e+02 +4.823029592e+02 +1.6269e+00 -3.0693e+00 -2.9224e+00 +3.1348e+00 -1.2210e-02
2519 0 +4.953482057e-01 +4.822053482e+02 +4.822053482e+02 +1.2945e+00 -2.8950e+00 -2.9695e+00 +3.1356e+00 -1.6550e-01
2648 0 +4.419335169e-01 +4.821519335e+02 +4.821519335e+02 +1.2393e+00 -2.8760e+00 -2.9664e+00 +3.1261e+00 -1.9083e-01
2655 0 +3.328456971e-01 +4.820428457e+02 +4.820428457e+02 +1.2550e+00 -2.8717e+00 -2.9665e+00 +3.1258e+00 -1.7127e-01
2846 0 +3.008346112e-01 +4.820108346e+02 +4.820108346e+02 +1.1736e+00 -2.8455e+00 -3.0031e+00 +3.0864e+00 -2.1253e-01
3107 0 +2.824647693e-01 +4.819924648e+02 +4.819924648e+02 +1.1851e+00 -2.8533e+00 -3.0149e+00 +3.0866e+00 -2.1586e-01
3236 0 +2.596354836e-01 +4.819696355e+02 +4.819696355e+02 +1.1897e+00 -2.8538e+00 -3.0131e+00 +3.0898e+00 -2.1243e-01
3426 0 +2.430776449e-01 +4.819530776e+02 +4.819530776e+02 +1.2096e+00 -2.8553e+00 -3.0066e+00 +3.0963e+00 -2.0362e-01
3699 0 +2.393600856e-01 +4.819493601e+02 +4.819493601e+02 +1.1665e+00 -2.8416e+00 -3.0114e+00 +3.0877e+00 -2.2564e-01
3799 0 +2.320472341e-01 +4.819420472e+02 +4.819420472e+02 +1.1155e+00 -2.8344e+00 -3.0083e+00 +3.0847e+00 -2.4911e-01
3807 0 +2.278608609e-01 +4.819378609e+02 +4.819378609e+02 +1.1226e+00 -2.8339e+00 -3.0125e+00 +3.0865e+00 -2.4793e-01
3810 0 +2.028786012e-01 +4.819128786e+02 +4.819128786e+02 +1.1302e+00 -2.8408e+00 -3.0071e+00 +3.0862e+00 -2.4283e-01
4013 0 +1.907439125e-01 +4.819007439e+02 +4.819007439e+02 +1.1258e+00 -2.8393e+00 -3.0077e+00 +3.0858e+00 -2.4360e-01
4265 0 +1.846087167e-01 +4.818946087e+02 +4.818946087e+02 +1.1316e+00 -2.8411e+00 -3.0106e+00 +3.0836e+00 -2.4267e-01
4510 0 +1.676719203e-01 +4.818776719e+02 +4.818776719e+02 +1.1427e+00 -2.8388e+00 -3.0133e+00 +3.0862e+00 -2.3510e-01
5184 0 +1.619210719e-01 +4.818719211e+02 +4.818719211e+02 +1.1449e+00 -2.8402e+00 -3.0107e+00 +3.0874e+00 -2.3385e-01
5444 0 +1.547900868e-01 +4.818647901e+02 +4.818647901e+02 +1.1441e+00 -2.8393e+00 -3.0113e+00 +3.0871e+00 -2.3404e-01
5792 0 +1.483689532e-01 +4.818583690e+02 +4.818583690e+02 +1.1445e+00 -2.8410e+00 -3.0104e+00 +3.0870e+00 -2.3476e-01
8164 0 +1.467055589e-01 +4.818567056e+02 +4.818567056e+02 +1.1342e+00 -2.8389e+00 -3.0114e+00 +3.0853e+00 -2.3961e-01
8527 0 +1.440878793e-01 +4.818540879e+02 +4.818540879e+02 +1.1333e+00 -2.8392e+00 -3.0112e+00 +3.0851e+00 -2.4031e-01
9201 0 +1.396692938e-01 +4.818496693e+02 +4.818496693e+02 +1.1325e+00 -2.8390e+00 -3.0113e+00 +3.0850e+00 -2.4074e-01
13222 0 +1.377391802e-01 +4.818477392e+02 +4.818477392e+02 +1.1322e+00 -2.8387e+00 -3.0115e+00 +3.0850e+00 -2.4072e-01
18396 0 +1.369382417e-01 +4.818469382e+02 +4.818469382e+02 +1.1322e+00 -2.8387e+00 -3.0115e+00 +3.0850e+00 -2.4074e-01
% f evaluations | g evaluations | best noise-free fitness - Fopt (-3.646000000000e+01) + sum g_i+ | measured fitness | best measured fitness or single-digit g-values | x1 | x2...
1 0 +2.575512727e+01 -1.070487273e+01 -1.070487273e+01 +0.0000e+00 +0.0000e+00 +0.0000e+00 +0.0000e+00 +0.0000e+00
42 0 +1.359736333e+01 -2.286263667e+01 -2.286263667e+01 +2.1225e+00 -2.7645e+00 -2.6593e+00 -1.2558e+00 +4.4494e+00
50 0 +1.248481002e+01 -2.397518998e+01 -2.397518998e+01 +1.3061e+00 -7.8185e-01 +5.3880e-01 -1.2616e+00 +8.3824e-01
90 0 +1.142088562e+01 -2.503911438e+01 -2.503911438e+01 +8.4445e-01 -2.4679e+00 +4.5353e-02 +2.2094e+00 +1.5194e-01
179 0 +9.051658149e+00 -2.740834185e+01 -2.740834185e+01 +2.9087e+00 -3.1015e+00 -1.2037e+00 +1.1356e+00 +2.2046e+00
428 0 +7.665221211e+00 -2.879477879e+01 -2.879477879e+01 +1.9094e+00 -2.8329e+00 -1.2308e+00 +7.5531e-01 +1.7207e+00
530 0 +7.043359133e+00 -2.941664087e+01 -2.941664087e+01 -7.7309e-01 -3.7721e+00 -1.8755e-01 +3.3429e+00 -1.2456e-01
533 0 +6.233922247e+00 -3.022607775e+01 -3.022607775e+01 -6.7891e-01 -3.3346e+00 -1.1223e+00 +3.3705e+00 +7.4649e-01
552 0 +4.466086038e+00 -3.199391396e+01 -3.199391396e+01 +1.2731e-01 -3.3173e+00 -1.4223e+00 +2.2983e+00 +1.4264e+00
894 0 +4.089087812e+00 -3.237091219e+01 -3.237091219e+01 +7.9415e-01 -3.5248e+00 -1.7476e+00 +2.4267e+00 +2.2993e+00
942 0 +3.343372861e+00 -3.311662714e+01 -3.311662714e+01 +8.0329e-01 -3.3779e+00 -1.8630e+00 +2.2316e+00 +2.5440e+00
1074 0 +1.550042914e+00 -3.490995709e+01 -3.490995709e+01 +2.1531e+00 -3.0595e+00 -2.4618e+00 +1.2241e+00 +4.1370e+00
1471 0 +7.095621032e-01 -3.575043790e+01 -3.575043790e+01 +2.2010e+00 -2.8276e+00 -2.3740e+00 +8.5340e-01 +4.2873e+00
1905 0 +6.154236344e-01 -3.584457637e+01 -3.584457637e+01 +2.2278e+00 -2.8507e+00 -2.2783e+00 +8.5159e-01 +4.0601e+00
2181 0 +3.967874603e-01 -3.606321254e+01 -3.606321254e+01 +2.2655e+00 -2.8560e+00 -2.3337e+00 +9.2782e-01 +4.1699e+00
2255 0 +3.829020177e-01 -3.607709798e+01 -3.607709798e+01 +2.2440e+00 -2.8170e+00 -2.3189e+00 +8.0812e-01 +4.1818e+00
2322 0 +2.813856729e-01 -3.617861433e+01 -3.617861433e+01 +2.2096e+00 -2.8138e+00 -2.2551e+00 +8.3718e-01 +4.1167e+00
2396 0 +2.627423549e-01 -3.619725765e+01 -3.619725765e+01 +2.1826e+00 -2.8507e+00 -2.2375e+00 +8.9603e-01 +4.0665e+00
2405 0 +2.161247531e-01 -3.624387525e+01 -3.624387525e+01 +2.1701e+00 -2.8394e+00 -2.2394e+00 +9.2629e-01 +4.0584e+00
3392 0 +1.866136068e-01 -3.627338639e+01 -3.627338639e+01 +2.0644e+00 -2.8762e+00 -2.1870e+00 +1.0136e+00 +3.8797e+00
3584 0 +1.782424567e-01 -3.628175754e+01 -3.628175754e+01 +2.0055e+00 -2.8942e+00 -2.1651e+00 +1.0781e+00 +3.8126e+00
3609 0 +1.440919853e-01 -3.631590801e+01 -3.631590801e+01 +2.0073e+00 -2.8856e+00 -2.1665e+00 +1.0745e+00 +3.8122e+00
3684 0 +1.322211790e-01 -3.632777882e+01 -3.632777882e+01 +2.0065e+00 -2.8961e+00 -2.2106e+00 +1.0770e+00 +3.8721e+00
3750 0 +1.296548429e-01 -3.633034516e+01 -3.633034516e+01 +2.0202e+00 -2.8973e+00 -2.2032e+00 +1.0775e+00 +3.8610e+00
3753 0 +1.205957984e-01 -3.633940420e+01 -3.633940420e+01 +2.0064e+00 -2.8867e+00 -2.1766e+00 +1.0751e+00 +3.8207e+00
4270 0 +1.198895361e-01 -3.634011046e+01 -3.634011046e+01 +1.9920e+00 -2.8906e+00 -2.1760e+00 +1.0768e+00 +3.8211e+00
4344 0 +9.310083755e-02 -3.636689916e+01 -3.636689916e+01 +2.0012e+00 -2.8868e+00 -2.1672e+00 +1.0739e+00 +3.8173e+00
4467 0 +6.077275160e-02 -3.639922725e+01 -3.639922725e+01 +2.0117e+00 -2.8934e+00 -2.1898e+00 +1.0758e+00 +3.8466e+00
5040 0 +4.510612596e-02 -3.641489387e+01 -3.641489387e+01 +2.0035e+00 -2.8871e+00 -2.1726e+00 +1.0665e+00 +3.8255e+00
5578 0 +4.038400482e-02 -3.641961600e+01 -3.641961600e+01 +1.9995e+00 -2.8877e+00 -2.1712e+00 +1.0720e+00 +3.8216e+00
5807 0 +3.595825188e-02 -3.642404175e+01 -3.642404175e+01 +2.0016e+00 -2.8881e+00 -2.1731e+00 +1.0720e+00 +3.8240e+00
6096 0 +3.493058997e-02 -3.642506941e+01 -3.642506941e+01 +2.0019e+00 -2.8880e+00 -2.1727e+00 +1.0715e+00 +3.8240e+00
6476 0 +3.147721012e-02 -3.642852279e+01 -3.642852279e+01 +2.0018e+00 -2.8872e+00 -2.1713e+00 +1.0701e+00 +3.8230e+00
6951 0 +2.916579060e-02 -3.643083421e+01 -3.643083421e+01 +2.0027e+00 -2.8877e+00 -2.1735e+00 +1.0705e+00 +3.8257e+00
7073 0 +2.805424481e-02 -3.643194576e+01 -3.643194576e+01 +2.0026e+00 -2.8880e+00 -2.1735e+00 +1.0711e+00 +3.8255e+00
7487 0 +2.744399671e-02 -3.643255600e+01 -3.643255600e+01 +2.0025e+00 -2.8879e+00 -2.1737e+00 +1.0706e+00 +3.8260e+00
7676 0 +2.676380350e-02 -3.643323620e+01 -3.643323620e+01 +2.0028e+00 -2.8879e+00 -2.1736e+00 +1.0706e+00 +3.8261e+00
8087 0 +2.628450031e-02 -3.643371550e+01 -3.643371550e+01 +2.0028e+00 -2.8879e+00 -2.1737e+00 +1.0705e+00 +3.8262e+00
9356 0 +2.538047909e-02 -3.643461952e+01 -3.643461952e+01 +2.0032e+00 -2.8876e+00 -2.1737e+00 +1.0698e+00 +3.8266e+00
9988 0 +2.506741691e-02 -3.643493258e+01 -3.643493258e+01 +2.0031e+00 -2.8878e+00 -2.1738e+00 +1.0702e+00 +3.8266e+00
10329 0 +2.423419712e-02 -3.643576580e+01 -3.643576580e+01 +2.0030e+00 -2.8877e+00 -2.1737e+00 +1.0701e+00 +3.8264e+00
10789 0 +2.368991372e-02 -3.643631009e+01 -3.643631009e+01 +2.0031e+00 -2.8877e+00 -2.1737e+00 +1.0701e+00 +3.8265e+00
12656 0 +2.342940306e-02 -3.643657060e+01 -3.643657060e+01 +2.0031e+00 -2.8877e+00 -2.1737e+00 +1.0701e+00 +3.8264e+00
15641 0 +2.287548853e-02 -3.643712451e+01 -3.643712451e+01 +2.0031e+00 -2.8877e+00 -2.1737e+00 +1.0701e+00 +3.8265e+00
16822 0 +2.282634324e-02 -3.643717366e+01 -3.643717366e+01 +2.0031e+00 -2.8877e+00 -2.1737e+00 +1.0701e+00 +3.8265e+00
% f evaluations | g evaluations | best noise-free fitness - Fopt (3.920000000000e+01) + sum g_i+ | measured fitness | best measured fitness or single-digit g-values | x1 | x2...
1 0 +1.031206292e+02 +1.423206292e+02 +1.423206292e+02 +0.0000e+00 +0.0000e+00 +0.0000e+00 +0.0000e+00 +0.0000e+00
5 0 +4.142955465e+01 +8.062955465e+01 +8.062955465e+01 +2.2493e-02 +2.0488e+00 -3.6289e-01 +1.8713e+00 +4.4765e-01
6 0 +4.018934330e+01 +7.938934330e+01 +7.938934330e+01 +3.3208e+00 +1.5154e+00 +2.5910e-01 +4.4654e+00 +6.7470e-03
17 0 +3.172694775e+01 +7.092694775e+01 +7.092694775e+01 +4.2455e+00 +7.0369e-01 +1.3673e+00 +4.5588e+00 -1.9996e+00
97 0 +3.096434000e+01 +7.016434000e+01 +7.016434000e+01 +5.5739e+00 +9.7135e-01 +1.4346e+00 +3.2779e+00 -1.4621e+00
100 0 +2.917969002e+01 +6.837969002e+01 +6.837969002e+01 +3.3190e+00 +1.2680e+00 +4.3027e-01 +5.5925e+00 -1.6502e+00
106 0 +2.530366877e+01 +6.450366877e+01 +6.450366877e+01 +3.4784e+00 +1.2012e+00 +3.1881e-01 +2.8620e+00 +6.0833e-01
132 0 +1.675635448e+01 +5.595635448e+01 +5.595635448e+01 +3.6645e+00 +1.7504e+00 +1.4371e+00 +4.4198e+00 +1.1052e+00
146 0 +1.657802250e+01 +5.577802250e+01 +5.577802250e+01 +3.3742e+00 +1.5510e+00 +1.1939e+00 +3.6339e+00 +1.3283e+00
183 0 +1.053596057e+01 +4.973596057e+01 +4.973596057e+01 +1.7985e+00 +3.0261e+00 +1.8463e+00 +4.3331e+00 +2.0451e+00
197 0 +1.027286880e+01 +4.947286880e+01 +4.947286880e+01 +1.9062e+00 +1.8260e+00 +2.2675e+00 +3.5693e+00 +2.7703e+00
217 0 +9.731391740e+00 +4.893139174e+01 +4.893139174e+01 +3.1877e+00 +2.0577e+00 +2.1571e+00 +4.4868e+00 +1.4256e+00
280 0 +7.082913403e+00 +4.628291340e+01 +4.628291340e+01 +3.1010e+00 +1.9429e+00 +1.1162e+00 +4.9936e+00 +2.0119e+00
457 0 +5.932241380e+00 +4.513224138e+01 +4.513224138e+01 +4.4576e+00 +1.0704e+00 +2.4182e+00 +3.5987e+00 +1.6019e+00
478 0 +4.192688207e+00 +4.339268821e+01 +4.339268821e+01 +4.1321e+00 +7.1256e-01 +1.9584e+00 +3.5867e+00 +2.4203e+00
536 0 +3.202507177e+00 +4.240250718e+01 +4.240250718e+01 +3.2065e+00 +1.7088e+00 +2.1089e+00 +3.1175e+00 +2.6097e+00
543 0 +1.929493473e+00 +4.112949347e+01 +4.112949347e+01 +4.3763e+00 +1.2880e+00 +2.4035e+00 +3.5693e+00 +1.9640e+00
668 0 +1.571754995e+00 +4.077175499e+01 +4.077175499e+01 +3.0283e+00 +1.8540e+00 +2.1490e+00 +3.2616e+00 +2.5513e+00
845 0 +1.417008708e+00 +4.061700871e+01 +4.061700871e+01 +3.1912e+00 +1.6588e+00 +2.3243e+00 +2.8736e+00 +2.7381e+00
998 0 +1.333477641e+00 +4.053347764e+01 +4.053347764e+01 +3.2625e+00 +1.8342e+00 +2.1998e+00 +3.4743e+00 +2.3735e+00
1005 0 +8.908919994e-01 +4.009089200e+01 +4.009089200e+01 +3.3288e+00 +1.7241e+00 +2.1755e+00 +3.3911e+00 +2.4015e+00
1454 0 +5.155385274e-01 +3.971553853e+01 +3.971553853e+01 +3.5872e+00 +1.6434e+00 +2.3669e+00 +3.2079e+00 +2.3784e+00
1695 0 +4.869960110e-01 +3.968699601e+01 +3.968699601e+01 +4.0423e+00 +1.4477e+00 +2.5259e+00 +3.3252e+00 +2.1039e+00
2029 0 +3.470763507e-01 +3.954707635e+01 +3.954707635e+01 +3.9617e+00 +1.5033e+00 +2.4897e+00 +3.3465e+00 +2.1438e+00
2435 0 +2.737248193e-01 +3.947372482e+01 +3.947372482e+01 +3.8375e+00 +1.6056e+00 +2.4849e+00 +3.2633e+00 +2.1818e+00
2631 0 +2.680840290e-01 +3.946808403e+01 +3.946808403e+01 +3.6900e+00 +1.5990e+00 +2.4758e+00 +3.2147e+00 +2.2629e+00
2655 0 +2.212139727e-01 +3.942121397e+01 +3.942121397e+01 +3.7247e+00 +1.6468e+00 +2.4717e+00 +3.2027e+00 +2.2502e+00
2664 0 +2.039113901e-01 +3.940391139e+01 +3.940391139e+01 +3.7429e+00 +1.6201e+00 +2.4489e+00 +3.2402e+00 +2.2501e+00
2685 0 +1.015356105e-01 +3.930153561e+01 +3.930153561e+01 +3.7726e+00 +1.6058e+00 +2.4661e+00 +3.2191e+00 +2.2304e+00
2807 0 +8.967546207e-02 +3.928967546e+01 +3.928967546e+01 +3.7442e+00 +1.6162e+00 +2.4460e+00 +3.2638e+00 +2.2353e+00
2973 0 +7.786579845e-02 +3.927786580e+01 +3.927786580e+01 +3.7083e+00 +1.6297e+00 +2.4461e+00 +3.2263e+00 +2.2612e+00
3178 0 +5.478867234e-02 +3.925478867e+01 +3.925478867e+01 +3.6917e+00 +1.6365e+00 +2.4412e+00 +3.2182e+00 +2.2677e+00
3186 0 +4.690050609e-02 +3.924690051e+01 +3.924690051e+01 +3.7158e+00 +1.6374e+00 +2.4476e+00 +3.2211e+00 +2.2555e+00
3276 0 +3.403546279e-02 +3.923403546e+01 +3.923403546e+01 +3.7050e+00 +1.6343e+00 +2.4499e+00 +3.2112e+00 +2.2642e+00
3641 0 +2.547239661e-02 +3.922547240e+01 +3.922547240e+01 +3.7189e+00 +1.6321e+00 +2.4478e+00 +3.2229e+00 +2.2549e+00
3943 0 +2.231405809e-02 +3.922231406e+01 +3.922231406e+01 +3.7094e+00 +1.6387e+00 +2.4533e+00 +3.2163e+00 +2.2567e+00
4004 0 +2.092935195e-02 +3.922092935e+01 +3.922092935e+01 +3.7197e+00 +1.6301e+00 +2.4543e+00 +3.2178e+00 +2.2554e+00
4097 0 +1.985493646e-02 +3.921985494e+01 +3.921985494e+01 +3.7150e+00 +1.6316e+00 +2.4476e+00 +3.2231e+00 +2.2571e+00
4336 0 +1.607863891e-02 +3.921607864e+01 +3.921607864e+01 +3.7084e+00 +1.6346e+00 +2.4516e+00 +3.2144e+00 +2.2591e+00
4524 0 +1.029658317e-02 +3.921029658e+01 +3.921029658e+01 +3.7133e+00 +1.6331e+00 +2.4514e+00 +3.2171e+00 +2.2578e+00
4784 0 +6.664596923e-03 +3.920666460e+01 +3.920666460e+01 +3.7158e+00 +1.6326e+00 +2.4525e+00 +3.2173e+00 +2.2565e+00
5125 0 +5.847585910e-03 +3.920584759e+01 +3.920584759e+01 +3.7172e+00 +1.6321e+00 +2.4519e+00 +3.2198e+00 +2.2553e+00
5402 0 +5.017791632e-03 +3.920501779e+01 +3.920501779e+01 +3.7216e+00 +1.6312e+00 +2.4548e+00 +3.2180e+00 +2.2535e+00
5849 0 +4.983647216e-03 +3.920498365e+01 +3.920498365e+01 +3.7207e+00 +1.6313e+00 +2.4536e+00 +3.2194e+00 +2.2537e+00
5856 0 +4.256504415e-03 +3.920425650e+01 +3.920425650e+01 +3.7210e+00 +1.6305e+00 +2.4539e+00 +3.2183e+00 +2.2542e+00
5987 0 +4.003934895e-03 +3.920400393e+01 +3.920400393e+01 +3.7207e+00 +1.6315e+00 +2.4541e+00 +3.2182e+00 +2.2539e+00
6019 0 +3.367206076e-03 +3.920336721e+01 +3.920336721e+01 +3.7210e+00 +1.6313e+00 +2.4538e+00 +3.2192e+00 +2.2535e+00
6260 0 +2.844240938e-03 +3.920284424e+01 +3.920284424e+01 +3.7208e+00 +1.6311e+00 +2.4533e+00 +3.2191e+00 +2.2540e+00
6319 0 +2.469481818e-03 +3.920246948e+01 +3.920246948e+01 +3.7206e+00 +1.6311e+00 +2.4535e+00 +3.2190e+00 +2.2542e+00
6325 0 +2.124182317e-03 +3.920212418e+01 +3.920212418e+01 +3.7207e+00 +1.6312e+00 +2.4537e+00 +3.2187e+00 +2.2540e+00
6358 0 +1.735715475e-03 +3.920173572e+01 +3.920173572e+01 +3.7206e+00 +1.6310e+00 +2.4537e+00 +3.2186e+00 +2.2542e+00
6671 0 +1.529069205e-03 +3.920152907e+01 +3.920152907e+01 +3.7208e+00 +1.6310e+00 +2.4535e+00 +3.2190e+00 +2.2540e+00
6833 0 +1.512487884e-03 +3.920151249e+01 +3.920151249e+01 +3.7210e+00 +1.6310e+00 +2.4539e+00 +3.2185e+00 +2.2540e+00
6931 0 +1.444618315e-03 +3.920144462e+01 +3.920144462e+01 +3.7209e+00 +1.6310e+00 +2.4538e+00 +3.2186e+00 +2.2540e+00
6962 0 +1.237938815e-03 +3.920123794e+01 +3.920123794e+01 +3.7209e+00 +1.6309e+00 +2.4538e+00 +3.2185e+00 +2.2541e+00
7064 0 +9.603586653e-04 +3.920096036e+01 +3.920096036e+01 +3.7208e+00 +1.6311e+00 +2.4539e+00 +3.2184e+00 +2.2540e+00
7460 0 +9.383871424e-04 +3.920093839e+01 +3.920093839e+01 +3.7207e+00 +1.6311e+00 +2.4538e+00 +3.2185e+00 +2.2541e+00
7829 0 +8.706763571e-04 +3.920087068e+01 +3.920087068e+01 +3.7207e+00 +1.6311e+00 +2.4538e+00 +3.2184e+00 +2.2541e+00
8170 0 +8.341707123e-04 +3.920083417e+01 +3.920083417e+01 +3.7210e+00 +1.6310e+00 +2.4539e+00 +3.2185e+00 +2.2540e+00
8211 0 +8.086168752e-04 +3.920080862e+01 +3.920080862e+01 +3.7210e+00 +1.6310e+00 +2.4539e+00 +3.2185e+00 +2.2540e+00
8496 0 +7.767433540e-04 +3.920077674e+01 +3.920077674e+01 +3.7210e+00 +1.6310e+00 +2.4539e+00 +3.2185e+00 +2.2540e+00
8906 0 +6.403137299e-04 +3.920064031e+01 +3.920064031e+01 +3.7210e+00 +1.6310e+00 +2.4539e+00 +3.2185e+00 +2.2539e+00
10209 0 +6.168518503e-04 +3.920061685e+01 +3.920061685e+01 +3.7211e+00 +1.6310e+00 +2.4540e+00 +3.2185e+00 +2.2539e+00
12415 0 +5.990225665e-04 +3.920059902e+01 +3.920059902e+01 +3.7210e+00 +1.6310e+00 +2.4539e+00 +3.2185e+00 +2.2539e+00
12876 0 +5.865446950e-04 +3.920058654e+01 +3.920058654e+01 +3.7210e+00 +1.6310e+00 +2.4539e+00 +3.2185e+00 +2.2539e+00
13035 0 +5.418312325e-04 +3.920054183e+01 +3.920054183e+01 +3.7210e+00 +1.6310e+00 +2.4539e+00 +3.2185e+00 +2.2539e+00
13453 0 +5.418312325e-04 +3.920054183e+01 +3.920054183e+01 +3.7210e+00 +1.6310e+00 +2.4539e+00 +3.2185e+00 +2.2539e+00
% f evaluations | g evaluations | best noise-free fitness - Fopt (-3.225000000000e+01) + sum g_i+ | measured fitness | best measured fitness or single-digit g-values | x1 | x2...
1 0 +1.456730525e+02 +1.134230525e+02 +1.134230525e+02 +0.0000e+00 +0.0000e+00 +0.0000e+00 +0.0000e+00 +0.0000e+00
4 0 +1.052961747e+02 +7.304617473e+01 +7.304617473e+01 -1.1350e+00 +5.1629e-01 +1.0415e+00 +3.2888e+00 +2.1496e+00
5 0 +7.846112737e+01 +4.621112737e+01 +4.621112737e+01 +1.9628e+00 +3.2661e+00 +3.9607e+00 -4.8559e+00 -9.7584e-01
14 0 +5.832408416e+01 +2.607408416e+01 +2.607408416e+01 +9.2866e-01 +1.5299e+00 +4.4618e+00 +1.2408e+00 +4.0624e-01
26 0 +2.960625739e+01 -2.643742612e+00 -2.643742612e+00 +2.3329e-01 +2.1135e+00 +2.9686e+00 -3.4309e+00 +5.1793e+00
44 0 +2.436274390e+01 -7.887256102e+00 -7.887256102e+00 +2.5528e+00 +3.1102e+00 +1.9612e+00 -4.0952e+00 +3.6398e+00
47 0 +2.259706030e+01 -9.652939696e+00 -9.652939696e+00 +2.5225e+00 +2.4463e+00 +2.6286e+00 -7.1740e-01 +4.7837e+00
59 0 +1.538977507e+01 -1.686022493e+01 -1.686022493e+01 +2.7820e+00 +1.9611e+00 +1.3788e+00 -1.2321e+00 +5.3098e+00
193 0 +1.097102963e+01 -2.127897037e+01 -2.127897037e+01 +2.5010e+00 -5.5897e-01 -1.3106e+00 -3.6714e+00 +1.9775e+00
296 0 +9.964870859e+00 -2.228512914e+01 -2.228512914e+01 +3.0897e+00 +9.6819e-01 +2.4862e-03 -3.4600e+00 +2.7309e+00
328 0 +7.153339043e+00 -2.509666096e+01 -2.509666096e+01 +3.1899e+00 +1.6508e+00 -9.0024e-01 -2.8195e+00 +4.0642e+00
623 0 +4.736806018e+00 -2.751319398e+01 -2.751319398e+01 +3.0867e+00 +4.4439e-01 -3.4915e-02 -2.8983e+00 +2.9774e+00
752 0 +3.589736734e+00 -2.866026327e+01 -2.866026327e+01 +4.0296e+00 +8.2474e-01 -1.4730e+00 -3.0002e+00 +2.9369e+00
811 0 +1.750553491e+00 -3.049944651e+01 -3.049944651e+01 +3.4379e+00 +1.1478e+00 -4.8519e-01 -2.8329e+00 +3.6340e+00
1305 0 +1.158126352e+00 -3.109187365e+01 -3.109187365e+01 +3.6571e+00 +1.2647e+00 -8.9447e-01 -2.6839e+00 +3.3664e+00
1647 0 +6.066458177e-01 -3.164335418e+01 -3.164335418e+01 +3.7474e+00 +1.1569e+00 -1.0810e+00 -2.7265e+00 +3.2905e+00
1864 0 +5.868820252e-01 -3.166311797e+01 -3.166311797e+01 +3.6965e+00 +1.2178e+00 -1.0962e+00 -2.7183e+00 +3.3594e+00
1890 0 +3.589582254e-01 -3.189104177e+01 -3.189104177e+01 +3.6143e+00 +1.0938e+00 -8.5749e-01 -2.7641e+00 +3.3209e+00
2140 0 +3.046803671e-01 -3.194531963e+01 -3.194531963e+01 +3.6339e+00 +1.1744e+00 -9.4362e-01 -2.7387e+00 +3.3667e+00
2359 0 +2.575441783e-01 -3.199245582e+01 -3.199245582e+01 +3.5882e+00 +1.1842e+00 -8.6641e-01 -2.7063e+00 +3.4182e+00
2460 0 +1.219113433e-01 -3.212808866e+01 -3.212808866e+01 +3.5936e+00 +1.2113e+00 -8.6024e-01 -2.6951e+00 +3.4494e+00
2915 0 +9.161591883e-02 -3.215838408e+01 -3.215838408e+01 +3.5940e+00 +1.2097e+00 -8.6673e-01 -2.7099e+00 +3.4443e+00
3361 0 +7.311170204e-02 -3.217688830e+01 -3.217688830e+01 +3.5916e+00 +1.2026e+00 -8.4993e-01 -2.7121e+00 +3.4318e+00
4334 0 +6.565742545e-02 -3.218434257e+01 -3.218434257e+01 +3.5686e+00 +1.1828e+00 -8.1304e-01 -2.7241e+00 +3.4239e+00
4646 0 +6.070380834e-02 -3.218929619e+01 -3.218929619e+01 +3.5671e+00 +1.1840e+00 -8.0972e-01 -2.7220e+00 +3.4260e+00
4760 0 +5.883616281e-02 -3.219116384e+01 -3.219116384e+01 +3.5668e+00 +1.1820e+00 -8.0996e-01 -2.7240e+00 +3.4247e+00
4784 0 +5.659259148e-02 -3.219340741e+01 -3.219340741e+01 +3.5663e+00 +1.1822e+00 -8.1061e-01 -2.7254e+00 +3.4244e+00
5124 0 +5.305507915e-02 -3.219694492e+01 -3.219694492e+01 +3.5673e+00 +1.1851e+00 -8.1064e-01 -2.7219e+00 +3.4273e+00
5649 0 +5.048018740e-02 -3.219951981e+01 -3.219951981e+01 +3.5668e+00 +1.1841e+00 -8.1014e-01 -2.7223e+00 +3.4264e+00
6044 0 +4.955678796e-02 -3.220044321e+01 -3.220044321e+01 +3.5664e+00 +1.1845e+00 -8.0970e-01 -2.7224e+00 +3.4271e+00
6107 0 +4.808847053e-02 -3.220191153e+01 -3.220191153e+01 +3.5671e+00 +1.1848e+00 -8.1071e-01 -2.7222e+00 +3.4271e+00
6827 0 +4.669987264e-02 -3.220330013e+01 -3.220330013e+01 +3.5663e+00 +1.1843e+00 -8.0948e-01 -2.7226e+00 +3.4271e+00
6961 0 +4.516195762e-02 -3.220483804e+01 -3.220483804e+01 +3.5661e+00 +1.1845e+00 -8.0920e-01 -2.7224e+00 +3.4274e+00
7847 0 +4.459198585e-02 -3.220540801e+01 -3.220540801e+01 +3.5663e+00 +1.1846e+00 -8.0949e-01 -2.7224e+00 +3.4274e+00
28063 0 +4.394451975e-02 -3.220605548e+01 -3.220605548e+01 +3.5664e+00 +1.1848e+00 -8.0976e-01 -2.7222e+00 +3.4275e+00
% f evaluations | g evaluations | best noise-free fitness - Fopt (3.681200000000e+02) + sum g_i+ | measured fitness | best measured fitness or single-digit g-values | x1 | x2...
1 0 +4.418984040e+01 +4.123098404e+02 +4.123098404e+02 +0.0000e+00 +0.0000e+00 +0.0000e+00 +0.0000e+00 +0.0000e+00
5 0 +3.323276004e+01 +4.013527600e+02 +4.013527600e+02 -1.6797e+00 +2.4087e+00 +3.6344e+00 +8.5073e-01 -9.7733e-01
17 0 +3.291265383e+01 +4.010326538e+02 +4.010326538e+02 -3.2762e-01 -3.2134e-01 +3.8283e+00 -7.8014e-01 +9.6541e-01
36 0 +2.875723764e+01 +3.968772376e+02 +3.968772376e+02 -9.6537e-02 -1.9984e+00 -2.5062e+00 -9.1824e-01 -9.8830e-01
123 0 +1.886152193e+01 +3.869815219e+02 +3.869815219e+02 -3.4249e+00 -1.6891e+00 +4.8537e-01 -3.8183e+00 +5.9492e-01
188 0 +1.577025530e+01 +3.838902553e+02 +3.838902553e+02 -2.9212e+00 -1.6598e+00 -9.2712e-01 -1.7053e+00 -1.0635e+00
235 0 +1.325295870e+01 +3.813729587e+02 +3.813729587e+02 -1.4572e+00 -7.0392e-02 +1.8706e+00 -8.4629e-02 +1.4209e+00
247 0 +1.211352939e+01 +3.802335294e+02 +3.802335294e+02 -6.0497e-01 -2.1008e+00 +3.6732e+00 +9.6213e-01 +1.4666e+00
250 0 +1.096797431e+01 +3.790879743e+02 +3.790879743e+02 -3.0569e+00 +9.9737e-01 +1.5109e+00 -1.7025e+00 -1.2514e+00
267 0 +7.509101116e+00 +3.756291011e+02 +3.756291011e+02 -2.3069e+00 +1.0023e+00 +2.1587e+00 -1.3663e+00 -7.3820e-01
390 0 +4.696414112e+00 +3.728164141e+02 +3.728164141e+02 -3.0365e+00 -1.0966e-01 +8.2834e-01 -1.8467e+00 -7.8523e-01
487 0 +3.373608257e+00 +3.714936083e+02 +3.714936083e+02 -2.3456e+00 -1.7180e+00 +7.9947e-01 -2.4854e+00 -1.1930e+00
916 0 +2.097560194e+00 +3.702175602e+02 +3.702175602e+02 -2.3245e+00 -2.5078e+00 +9.8874e-02 -2.9317e+00 -1.2890e+00
1054 0 +2.039351850e+00 +3.701593519e+02 +3.701593519e+02 -2.1655e+00 -2.8671e+00 +2.1250e-01 -2.7343e+00 -1.3065e+00
1079 0 +1.950469339e+00 +3.700704693e+02 +3.700704693e+02 -2.1455e+00 -2.6441e+00 +3.4797e-01 -2.6296e+00 -1.1477e+00
1165 0 +1.903710634e+00 +3.700237106e+02 +3.700237106e+02 -2.2357e+00 -1.6749e+00 +4.2963e-01 -2.6731e+00 -8.6856e-01
1235 0 +1.654081572e+00 +3.697740816e+02 +3.697740816e+02 -2.4915e+00 -1.3460e+00 +3.2682e-01 -2.6819e+00 -8.2939e-01
1313 0 +1.363325389e+00 +3.694833254e+02 +3.694833254e+02 -2.3795e+00 -1.5127e+00 +5.6010e-01 -2.5049e+00 -7.4183e-01
1337 0 +1.039695063e+00 +3.691596951e+02 +3.691596951e+02 -2.4963e+00 -1.3340e+00 +4.6221e-01 -2.5627e+00 -9.1230e-01
1347 0 +8.720410657e-01 +3.689920411e+02 +3.689920411e+02 -2.4971e+00 -1.6007e+00 +4.1121e-01 -2.6487e+00 -1.0087e+00
1596 0 +8.222074650e-01 +3.689422075e+02 +3.689422075e+02 -2.3588e+00 -1.7803e+00 +4.4495e-01 -2.5427e+00 -8.2249e-01
1736 0 +7.686837058e-01 +3.688886837e+02 +3.688886837e+02 -2.5603e+00 -1.3658e+00 +5.7446e-01 -2.4192e+00 -8.1531e-01
1751 0 +4.414224438e-01 +3.685614224e+02 +3.685614224e+02 -2.4605e+00 -1.3337e+00 +5.7836e-01 -2.4487e+00 -7.3694e-01
2076 0 +2.348607751e-01 +3.683548608e+02 +3.683548608e+02 -2.5169e+00 -1.0407e+00 +6.5037e-01 -2.3848e+00 -7.1178e-01
2224 0 +2.314466195e-01 +3.683514466e+02 +3.683514466e+02 -2.4669e+00 -1.1764e+00 +6.6289e-01 -2.3691e+00 -7.1530e-01
2272 0 +1.913873009e-01 +3.683113873e+02 +3.683113873e+02 -2.4955e+00 -1.1612e+00 +6.1984e-01 -2.4236e+00 -7.4760e-01
2331 0 +1.642647294e-01 +3.682842647e+02 +3.682842647e+02 -2.4611e+00 -1.1681e+00 +6.6558e-01 -2.3668e+00 -6.8916e-01
2416 0 +1.553315133e-01 +3.682753315e+02 +3.682753315e+02 -2.4631e+00 -1.1726e+00 +6.6905e-01 -2.3504e+00 -6.9099e-01
2430 0 +1.422865187e-01 +3.682622865e+02 +3.682622865e+02 -2.4656e+00 -1.1441e+00 +6.9624e-01 -2.3522e+00 -6.8907e-01
2431 0 +1.136921688e-01 +3.682336922e+02 +3.682336922e+02 -2.4614e+00 -1.1430e+00 +6.8354e-01 -2.3449e+00 -6.6751e-01
2505 0 +1.066231629e-01 +3.682266232e+02 +3.682266232e+02 -2.4759e+00 -1.1112e+00 +6.9906e-01 -2.3511e+00 -6.7726e-01
2619 0 +9.094529436e-02 +3.682109453e+02 +3.682109453e+02 -2.4567e+00 -1.1521e+00 +6.8692e-01 -2.3505e+00 -6.8135e-01
3043 0 +8.825238259e-02 +3.682082524e+02 +3.682082524e+02 -2.4615e+00 -1.2215e+00 +6.4556e-01 -2.3932e+00 -7.1856e-01
3084 0 +6.925692540e-02 +3.681892569e+02 +3.681892569e+02 -2.4583e+00 -1.2204e+00 +6.4551e-01 -2.3902e+00 -7.1458e-01
3419 0 +6.664182843e-02 +3.681866418e+02 +3.681866418e+02 -2.4621e+00 -1.2067e+00 +6.4785e-01 -2.3919e+00 -7.1754e-01
3546 0 +6.281429982e-02 +3.681828143e+02 +3.681828143e+02 -2.4548e+00 -1.2305e+00 +6.4882e-01 -2.3920e+00 -7.1727e-01
3549 0 +5.935073859e-02 +3.681793507e+02 +3.681793507e+02 -2.4588e+00 -1.2213e+00 +6.4867e-01 -2.3882e+00 -7.1597e-01
3583 0 +5.057156672e-02 +3.681705716e+02 +3.681705716e+02 -2.4554e+00 -1.2248e+00 +6.5295e-01 -2.3862e+00 -7.1130e-01
3913 0 +3.313534121e-02 +3.681531353e+02 +3.681531353e+02 -2.4511e+00 -1.2320e+00 +6.5237e-01 -2.3858e+00 -7.0803e-01
4126 0 +3.012144435e-02 +3.681501214e+02 +3.681501214e+02 -2.4507e+00 -1.2367e+00 +6.5197e-01 -2.3866e+00 -7.0991e-01
4402 0 +2.470639398e-02 +3.681447064e+02 +3.681447064e+02 -2.4516e+00 -1.2253e+00 +6.5697e-01 -2.3817e+00 -7.0682e-01
4438 0 +2.193181269e-02 +3.681419318e+02 +3.681419318e+02 -2.4505e+00 -1.2304e+00 +6.5465e-01 -2.3834e+00 -7.0785e-01
4819 0 +2.134281430e-02 +3.681413428e+02 +3.681413428e+02 -2.4516e+00 -1.2284e+00 +6.5440e-01 -2.3838e+00 -7.0795e-01
4942 0 +2.067731976e-02 +3.681406773e+02 +3.681406773e+02 -2.4514e+00 -1.2270e+00 +6.5601e-01 -2.3820e+00 -7.0671e-01
4970 0 +1.992687588e-02 +3.681399269e+02 +3.681399269e+02 -2.4512e+00 -1.2271e+00 +6.5564e-01 -2.3824e+00 -7.0687e-01
5136 0 +1.819316532e-02 +3.681381932e+02 +3.681381932e+02 -2.4511e+00 -1.2289e+00 +6.5541e-01 -2.3827e+00 -7.0733e-01
5244 0 +1.657744356e-02 +3.681365774e+02 +3.681365774e+02 -2.4511e+00 -1.2281e+00 +6.5569e-01 -2.3826e+00 -7.0722e-01
5323 0 +1.567974713e-02 +3.681356797e+02 +3.681356797e+02 -2.4510e+00 -1.2297e+00 +6.5489e-01 -2.3832e+00 -7.0757e-01
5651 0 +1.547319652e-02 +3.681354732e+02 +3.681354732e+02 -2.4511e+00 -1.2281e+00 +6.5561e-01 -2.3826e+00 -7.0689e-01
6069 0 +1.364181613e-02 +3.681336418e+02 +3.681336418e+02 -2.4514e+00 -1.2271e+00 +6.5579e-01 -2.3825e+00 -7.0715e-01
6228 0 +1.301392842e-02 +3.681330139e+02 +3.681330139e+02 -2.4511e+00 -1.2278e+00 +6.5586e-01 -2.3824e+00 -7.0697e-01
6601 0 +1.249607951e-02 +3.681324961e+02 +3.681324961e+02 -2.4511e+00 -1.2277e+00 +6.5580e-01 -2.3825e+00 -7.0703e-01
7352 0 +1.164511064e-02 +3.681316451e+02 +3.681316451e+02 -2.4511e+00 -1.2282e+00 +6.5559e-01 -2.3827e+00 -7.0719e-01
8048 0 +1.147836962e-02 +3.681314784e+02 +3.681314784e+02 -2.4511e+00 -1.2281e+00 +6.5566e-01 -2.3826e+00 -7.0713e-01
13373 0 +1.127673764e-02 +3.681312767e+02 +3.681312767e+02 -2.4511e+00 -1.2281e+00 +6.5569e-01 -2.3826e+00 -7.0709e-01
% f evaluations | g evaluations | best noise-free fitness - Fopt (4.739000000000e+01) + sum g_i+ | measured fitness | best measured fitness or single-digit g-values | x1 | x2...
1 0 +4.522224235e+01 +9.261224235e+01 +9.261224235e+01 +0.0000e+00 +0.0000e+00 +0.0000e+00 +0.0000e+00 +0.0000e+00
3 0 +4.490587958e+01 +9.229587958e+01 +9.229587958e+01 -3.2489e+00 +2.9796e+00 -5.5911e-02 +4.5617e+00 -2.9817e+00
10 0 +2.654162667e+01 +7.393162667e+01 +7.393162667e+01 +1.0115e+00 +2.9420e+00 -1.4114e-01 +8.5081e-01 -2.1099e+00
35 0 +2.523466477e+01 +7.262466477e+01 +7.262466477e+01 -2.2905e-01 +2.2696e+00 -2.8857e-01 -6.8624e-01 -1.1375e+00
41 0 +2.347655905e+01 +7.086655905e+01 +7.086655905e+01 -2.2835e+00 +3.3903e+00 +3.0008e-01 +2.7372e+00 -1.4767e+00
45 0 +1.702088863e+01 +6.441088863e+01 +6.441088863e+01 +2.0468e+00 +3.0281e+00 +7.0541e-01 +2.3560e-01 +2.0844e-01
48 0 +1.125411285e+01 +5.864411285e+01 +5.864411285e+01 -1.4282e+00 +1.0094e+00 -2.4660e+00 -2.2956e-01 +1.1004e+00
301 0 +8.566418669e+00 +5.595641867e+01 +5.595641867e+01 -2.0185e+00 +1.7672e+00 -2.3611e+00 +3.8978e-01 +8.9133e-01
303 0 +6.749308387e+00 +5.413930839e+01 +5.413930839e+01 -4.2447e-01 +3.9309e+00 -7.8127e-01 +9.7675e-02 -2.4086e-01
423 0 +3.113017472e+00 +5.050301747e+01 +5.050301747e+01 +1.3802e+00 +3.5898e+00 +1.0166e+00 +1.1629e+00 +5.7352e-01
788 0 +1.842686040e+00 +4.923268604e+01 +4.923268604e+01 -7.8496e-01 +2.5722e+00 -1.0259e+00 +3.1975e-01 +5.1820e-01
845 0 +1.732572524e+00 +4.912257252e+01 +4.912257252e+01 -8.9139e-01 +3.0161e+00 -1.0759e+00 -1.0197e-01 +3.1086e-01
893 0 +1.353816287e+00 +4.874381629e+01 +4.874381629e+01 -3.6089e-01 +2.4838e+00 -8.1770e-01 +2.8902e-01 +5.4301e-01
981 0 +1.178376004e+00 +4.856837600e+01 +4.856837600e+01 -7.2927e-01 +2.4648e+00 -1.0886e+00 +1.5064e-02 +4.3402e-01
1028 0 +9.282181480e-01 +4.831821815e+01 +4.831821815e+01 -7.5515e-01 +1.9119e+00 -1.1966e+00 +3.2110e-01 +6.0264e-01
1065 0 +8.908954172e-01 +4.828089542e+01 +4.828089542e+01 -8.3032e-01 +2.4712e+00 -1.0746e+00 +6.8019e-02 +4.6951e-01
1296 0 +8.650303050e-01 +4.825503031e+01 +4.825503031e+01 -6.0634e-01 +2.3387e+00 -9.4924e-01 +2.5440e-01 +4.9892e-01
1346 0 +7.191003962e-01 +4.810910040e+01 +4.810910040e+01 -3.6588e-01 +2.9301e+00 -7.2162e-01 +2.1723e-01 +3.6360e-01
1519 0 +5.050537133e-01 +4.789505371e+01 +4.789505371e+01 -6.8449e-01 +2.5540e+00 -9.3060e-01 +1.5860e-01 +3.9837e-01
1790 0 +4.976348131e-01 +4.788763481e+01 +4.788763481e+01 -5.4479e-01 +2.6283e+00 -8.3398e-01 +2.3904e-01 +3.8614e-01
1821 0 +3.174822811e-01 +4.770748228e+01 +4.770748228e+01 -5.1241e-01 +2.6276e+00 -8.8982e-01 +2.1032e-01 +4.5158e-01
1848 0 +2.810060911e-01 +4.767100609e+01 +4.767100609e+01 -4.8441e-01 +2.6601e+00 -8.9295e-01 +2.4420e-01 +4.2214e-01
1869 0 +1.639583330e-01 +4.755395833e+01 +4.755395833e+01 -5.0188e-01 +2.6137e+00 -8.2171e-01 +2.0255e-01 +4.4532e-01
2133 0 +1.409911165e-01 +4.753099112e+01 +4.753099112e+01 -4.6668e-01 +2.6410e+00 -8.5791e-01 +2.3642e-01 +4.3772e-01
2147 0 +1.374210721e-01 +4.752742107e+01 +4.752742107e+01 -4.7713e-01 +2.6503e+00 -8.5870e-01 +2.2594e-01 +4.2853e-01
2185 0 +1.162069762e-01 +4.750620698e+01 +4.750620698e+01 -4.4962e-01 +2.6688e+00 -7.9459e-01 +2.5088e-01 +4.3361e-01
2186 0 +1.146074286e-01 +4.750460743e+01 +4.750460743e+01 -4.7419e-01 +2.6477e+00 -8.2568e-01 +2.4108e-01 +4.4118e-01
2188 0 +6.045626390e-02 +4.745045626e+01 +4.745045626e+01 -4.5790e-01 +2.6518e+00 -8.1818e-01 +2.4394e-01 +4.3655e-01
2390 0 +5.419594448e-02 +4.744419594e+01 +4.744419594e+01 -4.8138e-01 +2.6222e+00 -8.4521e-01 +2.3755e-01 +4.3766e-01
2424 0 +3.532617605e-02 +4.742532618e+01 +4.742532618e+01 -4.8966e-01 +2.6371e+00 -8.5032e-01 +2.2756e-01 +4.2820e-01
2466 0 +2.430567258e-02 +4.741430567e+01 +4.741430567e+01 -4.9229e-01 +2.6271e+00 -8.5943e-01 +2.2666e-01 +4.3023e-01
2741 0 +2.267526515e-02 +4.741267527e+01 +4.741267527e+01 -4.9756e-01 +2.6296e+00 -8.6344e-01 +2.2347e-01 +4.2738e-01
2776 0 +1.680685292e-02 +4.740680685e+01 +4.740680685e+01 -4.8978e-01 +2.6301e+00 -8.5700e-01 +2.2891e-01 +4.3023e-01
2920 0 +1.514929039e-02 +4.740514929e+01 +4.740514929e+01 -4.9300e-01 +2.6307e+00 -8.6469e-01 +2.2766e-01 +4.2783e-01
3326 0 +1.097180516e-02 +4.740097181e+01 +4.740097181e+01 -4.9842e-01 +2.6296e+00 -8.7069e-01 +2.2310e-01 +4.2698e-01
3696 0 +5.592717385e-03 +4.739559272e+01 +4.739559272e+01 -5.0268e-01 +2.6263e+00 -8.7156e-01 +2.2124e-01 +4.2701e-01
4383 0 +5.317244870e-03 +4.739531724e+01 +4.739531724e+01 -5.0166e-01 +2.6271e+00 -8.7028e-01 +2.2128e-01 +4.2672e-01
4543 0 +5.014484821e-03 +4.739501448e+01 +4.739501448e+01 -5.0031e-01 +2.6287e+00 -8.6860e-01 +2.2165e-01 +4.2673e-01
4838 0 +4.846797154e-03 +4.739484680e+01 +4.739484680e+01 -5.0036e-01 +2.6293e+00 -8.6868e-01 +2.2140e-01 +4.2663e-01
4893 0 +4.428417290e-03 +4.739442842e+01 +4.739442842e+01 -4.9829e-01 +2.6306e+00 -8.6628e-01 +2.2253e-01 +4.2666e-01
4983 0 +3.939775831e-03 +4.739393978e+01 +4.739393978e+01 -4.9830e-01 +2.6294e+00 -8.6732e-01 +2.2312e-01 +4.2698e-01
5041 0 +3.531286297e-03 +4.739353129e+01 +4.739353129e+01 -4.9783e-01 +2.6290e+00 -8.6733e-01 +2.2350e-01 +4.2716e-01
5098 0 +3.298501119e-03 +4.739329850e+01 +4.739329850e+01 -4.9825e-01 +2.6292e+00 -8.6690e-01 +2.2294e-01 +4.2704e-01
5111 0 +2.102522702e-03 +4.739210252e+01 +4.739210252e+01 -4.9815e-01 +2.6296e+00 -8.6681e-01 +2.2309e-01 +4.2705e-01
5133 0 +1.810412370e-03 +4.739181041e+01 +4.739181041e+01 -4.9763e-01 +2.6295e+00 -8.6640e-01 +2.2295e-01 +4.2730e-01
5284 0 +1.036361547e-03 +4.739103636e+01 +4.739103636e+01 -4.9767e-01 +2.6294e+00 -8.6648e-01 +2.2319e-01 +4.2714e-01
5452 0 +9.787356044e-04 +4.739097874e+01 +4.739097874e+01 -4.9782e-01 +2.6290e+00 -8.6681e-01 +2.2326e-01 +4.2729e-01
5676 0 +3.992619071e-04 +4.739039926e+01 +4.739039926e+01 -4.9768e-01 +2.6296e+00 -8.6648e-01 +2.2316e-01 +4.2722e-01
7011 0 +3.574922343e-04 +4.739035749e+01 +4.739035749e+01 -4.9818e-01 +2.6292e+00 -8.6700e-01 +2.2295e-01 +4.2718e-01
7276 0 +3.158706612e-04 +4.739031587e+01 +4.739031587e+01 -4.9818e-01 +2.6291e+00 -8.6708e-01 +2.2300e-01 +4.2720e-01
9920 0 +3.158706612e-04 +4.739031587e+01 +4.739031587e+01 -4.9818e-01 +2.6291e+00 -8.6708e-01 +2.2300e-01 +4.2720e-01
% f evaluations | g evaluations | best noise-free fitness - Fopt (-3.428900000000e+02) + sum g_i+ | measured fitness | best measured fitness or single-digit g-values | x1 | x2...
1 0 +9.490063186e+01 -2.479893681e+02 -2.479893681e+02 +0.0000e+00 +0.0000e+00 +0.0000e+00 +0.0000e+00 +0.0000e+00
2 0 +7.655358619e+01 -2.663364138e+02 -2.663364138e+02 -8.7293e-01 -1.9298e+00 -3.0536e+00 +4.5720e-01 +2.9139e+00
4 0 +6.722570309e+01 -2.756642969e+02 -2.756642969e+02 +2.5412e+00 -2.1050e+00 -3.1769e+00 -2.2411e-01 -1.2287e+00
6 0 +5.149185853e+01 -2.913981415e+02 -2.913981415e+02 +1.1962e+00 -3.7671e+00 +6.9842e-01 +3.7351e+00 -1.4992e+00
8 0 +4.671942505e+01 -2.961705750e+02 -2.961705750e+02 -1.1673e+00 -3.1983e+00 -3.0944e+00 +8.2865e-01 -4.9889e+00
12 0 +2.761049018e+01 -3.152795098e+02 -3.152795098e+02 -1.4918e+00 -3.6422e+00 -3.0334e+00 +1.9130e+00 -2.9639e+00
33 0 +2.413350614e+01 -3.187564939e+02 -3.187564939e+02 -1.8717e+00 -3.1086e+00 -2.8093e+00 +1.0911e+00 -5.0853e-01
92 0 +1.579135048e+01 -3.270986495e+02 -3.270986495e+02 -1.4500e+00 -3.9034e+00 -1.1573e+00 -5.5181e-01 +1.6779e-01
283 0 +1.225159167e+01 -3.306384083e+02 -3.306384083e+02 +1.7513e-01 -3.5004e+00 -1.6769e-01 -4.0596e-01 -9.7328e-01
352 0 +1.146968958e+01 -3.314203104e+02 -3.314203104e+02 +1.4741e+00 -2.3973e+00 +1.0651e+00 -2.5490e+00 -2.3168e-01
383 0 +5.138850873e+00 -3.377511491e+02 -3.377511491e+02 +1.7897e+00 -2.8639e+00 +2.9045e+00 -2.1704e+00 -6.6235e-01
499 0 +4.769202084e+00 -3.381207979e+02 -3.381207979e+02 +1.3622e+00 -2.3099e+00 +2.4276e+00 -2.9939e-01 -2.7957e+00
757 0 +4.486346473e+00 -3.384036535e+02 -3.384036535e+02 +2.0198e+00 -3.0649e+00 +3.3139e+00 -1.9289e+00 -1.3946e+00
847 0 +4.451044184e+00 -3.384389558e+02 -3.384389558e+02 +1.2299e+00 -3.4812e+00 +3.1446e+00 -6.8725e-01 -2.2162e+00
861 0 +4.120571343e+00 -3.387694287e+02 -3.387694287e+02 +1.9521e+00 -2.3314e+00 +2.6997e+00 -3.9850e-01 -2.8663e+00
905 0 +3.579514815e+00 -3.393104852e+02 -3.393104852e+02 +2.1115e+00 -2.4829e+00 +3.4446e+00 -1.6671e+00 -1.7441e+00
929 0 +3.285985926e+00 -3.396040141e+02 -3.396040141e+02 +1.6936e+00 -2.5499e+00 +2.8983e+00 -7.5704e-01 -2.3672e+00
1087 0 +2.585858556e+00 -3.403041414e+02 -3.403041414e+02 +1.6412e+00 -2.2938e+00 +2.2586e+00 -1.0718e+00 -2.0389e+00
1238 0 +1.567979252e+00 -3.413220207e+02 -3.413220207e+02 +1.9920e+00 -2.7734e+00 +3.1190e+00 -2.7577e+00 -3.9054e-01
1304 0 +1.250635749e+00 -3.416393643e+02 -3.416393643e+02 +2.0837e+00 -2.7865e+00 +3.2035e+00 -3.1075e+00 -2.1557e-01
1349 0 +1.194177350e+00 -3.416958226e+02 -3.416958226e+02 +2.5530e+00 -2.7548e+00 +3.9700e+00 -3.8962e+00 +1.2309e-01
1787 0 +8.986037045e-01 -3.419913963e+02 -3.419913963e+02 +2.2177e+00 -2.7380e+00 +3.4744e+00 -2.8723e+00 -5.9309e-01
2065 0 +5.631422472e-01 -3.423268578e+02 -3.423268578e+02 +2.2108e+00 -2.8155e+00 +3.3808e+00 -3.4952e+00 +4.5348e-02
2485 0 +4.175863172e-01 -3.424724137e+02 -3.424724137e+02 +2.2075e+00 -2.7562e+00 +3.5340e+00 -3.2076e+00 -2.9711e-01
2488 0 +3.779183967e-01 -3.425120816e+02 -3.425120816e+02 +2.2104e+00 -2.7753e+00 +3.5126e+00 -3.1678e+00 -3.3242e-01
2502 0 +3.511428890e-01 -3.425388571e+02 -3.425388571e+02 +2.2668e+00 -2.7996e+00 +3.5810e+00 -3.3024e+00 -2.1383e-01
2625 0 +3.449233296e-01 -3.425450767e+02 -3.425450767e+02 +2.3202e+00 -2.7897e+00 +3.6333e+00 -3.2153e+00 -2.9721e-01
2764 0 +2.612251223e-01 -3.426287749e+02 -3.426287749e+02 +2.2537e+00 -2.8057e+00 +3.5377e+00 -3.3306e+00 -1.5357e-01
3052 0 +2.484600706e-01 -3.426415399e+02 -3.426415399e+02 +2.2815e+00 -2.7750e+00 +3.5460e+00 -3.1891e+00 -2.8916e-01
3101 0 +8.951753903e-02 -3.428004825e+02 -3.428004825e+02 +2.2407e+00 -2.7863e+00 +3.4904e+00 -3.1841e+00 -2.7321e-01
3680 0 +6.421294302e-02 -3.428257871e+02 -3.428257871e+02 +2.2693e+00 -2.7924e+00 +3.5491e+00 -3.2871e+00 -2.1142e-01
4090 0 +4.064473647e-02 -3.428493553e+02 -3.428493553e+02 +2.2593e+00 -2.7947e+00 +3.5314e+00 -3.2763e+00 -2.1261e-01
4486 0 +3.427784248e-02 -3.428557222e+02 -3.428557222e+02 +2.2632e+00 -2.7926e+00 +3.5365e+00 -3.2765e+00 -2.1479e-01
5627 0 +3.046431079e-02 -3.428595357e+02 -3.428595357e+02 +2.2629e+00 -2.7925e+00 +3.5352e+00 -3.2777e+00 -2.1351e-01
6189 0 +2.981288979e-02 -3.428601871e+02 -3.428601871e+02 +2.2637e+00 -2.7924e+00 +3.5373e+00 -3.2799e+00 -2.1265e-01
6320 0 +2.894406997e-02 -3.428610559e+02 -3.428610559e+02 +2.2636e+00 -2.7927e+00 +3.5372e+00 -3.2803e+00 -2.1221e-01
6637 0 +2.726281339e-02 -3.428627372e+02 -3.428627372e+02 +2.2639e+00 -2.7932e+00 +3.5379e+00 -3.2844e+00 -2.0902e-01
6933 0 +2.428806881e-02 -3.428657119e+02 -3.428657119e+02 +2.2641e+00 -2.7932e+00 +3.5384e+00 -3.2857e+00 -2.0803e-01
7481 0 +2.283916701e-02 -3.428671608e+02 -3.428671608e+02 +2.2640e+00 -2.7931e+00 +3.5383e+00 -3.2847e+00 -2.0875e-01
8438 0 +2.197652115e-02 -3.428680235e+02 -3.428680235e+02 +2.2640e+00 -2.7933e+00 +3.5382e+00 -3.2841e+00 -2.0925e-01
8448 0 +2.171457089e-02 -3.428682854e+02 -3.428682854e+02 +2.2639e+00 -2.7932e+00 +3.5378e+00 -3.2842e+00 -2.0904e-01
27033 0 +2.171457089e-02 -3.428682854e+02 -3.428682854e+02 +2.2639e+00 -2.7932e+00 +3.5378e+00 -3.2842e+00 -2.0904e-01
% f evaluations | g evaluations | best noise-free fitness - Fopt (9.102000000000e+01) + sum g_i+ | measured fitness | best measured fitness or single-digit g-values | x1 | x2...
1 0 +5.653923391e+01 +1.475592339e+02 +1.475592339e+02 +0.0000e+00 +0.0000e+00 +0.0000e+00 +0.0000e+00 +0.0000e+00
33 0 +4.837532546e+01 +1.393953255e+02 +1.393953255e+02 +5.0072e+00 +1.5241e+00 -4.2775e-01 -4.6472e+00 -4.7272e-01
103 0 +2.688039797e+01 +1.179003980e+02 +1.179003980e+02 +2.5453e+00 -7.1456e-01 +1.2910e+00 -1.5297e+00 -2.2099e+00
105 0 +1.493891708e+01 +1.059589171e+02 +1.059589171e+02 +1.8541e+00 +5.2552e-01 +2.7510e+00 -1.2067e+00 -1.7146e+00
258 0 +7.506987648e+00 +9.852698765e+01 +9.852698765e+01 +3.0093e+00 +6.6482e-01 +8.2612e-01 -2.9889e+00 -9.4619e-01
427 0 +7.401422233e+00 +9.842142223e+01 +9.842142223e+01 +2.3366e+00 -2.7702e-02 +2.3533e+00 -3.3530e+00 -1.3051e+00
529 0 +6.936541481e+00 +9.795654148e+01 +9.795654148e+01 +1.0296e+00 -1.0685e+00 +4.0331e+00 -2.5636e+00 -1.5196e+00
556 0 +6.262467021e+00 +9.728246702e+01 +9.728246702e+01 +3.9843e-01 -1.5432e+00 +2.2212e+00 -4.7917e+00 -1.2150e+00
587 0 +3.466293819e+00 +9.448629382e+01 +9.448629382e+01 +1.1000e+00 -5.7108e-01 +2.6790e+00 -2.4871e+00 -1.6476e+00
756 0 +3.237084661e+00 +9.425708466e+01 +9.425708466e+01 +1.3276e+00 -3.6394e-01 +2.3154e+00 -3.3334e+00 -1.7650e+00
767 0 +3.120947905e+00 +9.414094791e+01 +9.414094791e+01 +1.0851e+00 -9.8086e-02 +2.8337e+00 -2.6632e+00 -1.8718e+00
784 0 +1.111903145e+00 +9.213190314e+01 +9.213190314e+01 +4.9221e-01 -8.4419e-01 +3.2209e+00 -2.9604e+00 -1.8250e+00
1214 0 +9.209126795e-01 +9.194091268e+01 +9.194091268e+01 +6.8715e-01 -8.2376e-01 +3.5062e+00 -2.3545e+00 -2.0739e+00
1738 0 +6.903679922e-01 +9.171036799e+01 +9.171036799e+01 +5.2449e-01 -8.3092e-01 +3.2321e+00 -2.9218e+00 -1.7696e+00
1805 0 +6.629952238e-01 +9.168299522e+01 +9.168299522e+01 +6.4254e-01 -9.2688e-01 +3.1659e+00 -2.9009e+00 -1.7185e+00
1822 0 +3.847933711e-01 +9.140479337e+01 +9.140479337e+01 +6.0737e-01 -8.9271e-01 +3.2415e+00 -2.8688e+00 -1.7790e+00
2283 0 +3.549451305e-01 +9.137494513e+01 +9.137494513e+01 +8.2668e-01 -7.2652e-01 +2.9502e+00 -2.8814e+00 -1.7607e+00
2431 0 +3.213939178e-01 +9.134139392e+01 +9.134139392e+01 +6.7904e-01 -7.8988e-01 +3.1037e+00 -2.8679e+00 -1.7713e+00
2452 0 +2.695899727e-01 +9.128958997e+01 +9.128958997e+01 +5.7599e-01 -9.0032e-01 +3.1228e+00 -2.9780e+00 -1.7289e+00
2472 0 +2.449642321e-01 +9.126496423e+01 +9.126496423e+01 +6.2320e-01 -8.2344e-01 +3.1153e+00 -2.9571e+00 -1.7461e+00
2615 0 +2.385249217e-01 +9.125852492e+01 +9.125852492e+01 +6.7998e-01 -8.1472e-01 +3.0378e+00 -2.9625e+00 -1.6998e+00
2689 0 +2.305862283e-01 +9.125058623e+01 +9.125058623e+01 +6.6070e-01 -8.2831e-01 +3.0694e+00 -2.9836e+00 -1.7267e+00
2746 0 +2.173826478e-01 +9.123738265e+01 +9.123738265e+01 +6.4542e-01 -8.0204e-01 +3.0602e+00 -2.9745e+00 -1.7335e+00
2766 0 +1.959629756e-01 +9.121596298e+01 +9.121596298e+01 +6.6953e-01 -8.2126e-01 +3.0450e+00 -2.9607e+00 -1.7231e+00
3101 0 +1.689867100e-01 +9.118898671e+01 +9.118898671e+01 +6.8351e-01 -8.0706e-01 +3.1198e+00 -2.8715e+00 -1.7846e+00
3190 0 +1.621853838e-01 +9.118218538e+01 +9.118218538e+01 +6.6734e-01 -8.2989e-01 +3.1126e+00 -2.8952e+00 -1.7676e+00
3290 0 +1.505708862e-01 +9.117057089e+01 +9.117057089e+01 +6.5391e-01 -8.2685e-01 +3.1580e+00 -2.8892e+00 -1.7787e+00
3313 0 +1.108374725e-01 +9.113083747e+01 +9.113083747e+01 +6.3873e-01 -8.2159e-01 +3.1288e+00 -2.9125e+00 -1.7648e+00
3402 0 +1.094993382e-01 +9.112949934e+01 +9.112949934e+01 +6.5830e-01 -8.2050e-01 +3.1383e+00 -2.8945e+00 -1.7705e+00
3492 0 +1.067005557e-01 +9.112670056e+01 +9.112670056e+01 +6.2627e-01 -8.4363e-01 +3.1577e+00 -2.9152e+00 -1.7622e+00
3503 0 +1.046304125e-01 +9.112463041e+01 +9.112463041e+01 +6.2625e-01 -8.5492e-01 +3.1557e+00 -2.9059e+00 -1.7668e+00
3542 0 +9.967271212e-02 +9.111967271e+01 +9.111967271e+01 +6.2226e-01 -8.4282e-01 +3.1621e+00 -2.9147e+00 -1.7614e+00
3556 0 +9.326168488e-02 +9.111326168e+01 +9.111326168e+01 +6.0632e-01 -8.6048e-01 +3.1635e+00 -2.9258e+00 -1.7566e+00
3570 0 +8.713144195e-02 +9.110713144e+01 +9.110713144e+01 +6.2781e-01 -8.4092e-01 +3.1585e+00 -2.9165e+00 -1.7656e+00
3571 0 +7.202370401e-02 +9.109202370e+01 +9.109202370e+01 +6.2628e-01 -8.5551e-01 +3.1641e+00 -2.9056e+00 -1.7600e+00
3615 0 +6.034591980e-02 +9.108034592e+01 +9.108034592e+01 +6.2224e-01 -8.4433e-01 +3.1552e+00 -2.9155e+00 -1.7641e+00
3766 0 +5.232296254e-02 +9.107232296e+01 +9.107232296e+01 +6.2174e-01 -8.5167e-01 +3.1609e+00 -2.9125e+00 -1.7618e+00
3802 0 +3.955978404e-02 +9.105955978e+01 +9.105955978e+01 +6.1945e-01 -8.4136e-01 +3.1553e+00 -2.9166e+00 -1.7624e+00
3916 0 +3.314829217e-02 +9.105314829e+01 +9.105314829e+01 +6.1545e-01 -8.4864e-01 +3.1663e+00 -2.9093e+00 -1.7654e+00
4441 0 +3.025700684e-02 +9.105025701e+01 +9.105025701e+01 +6.1866e-01 -8.4505e-01 +3.1663e+00 -2.9075e+00 -1.7658e+00
4823 0 +2.692935679e-02 +9.104692936e+01 +9.104692936e+01 +6.1291e-01 -8.4936e-01 +3.1697e+00 -2.9118e+00 -1.7651e+00
4988 0 +2.409230282e-02 +9.104409230e+01 +9.104409230e+01 +6.1530e-01 -8.4886e-01 +3.1695e+00 -2.9089e+00 -1.7657e+00
5118 0 +2.224342627e-02 +9.104224343e+01 +9.104224343e+01 +6.2011e-01 -8.4396e-01 +3.1595e+00 -2.9119e+00 -1.7639e+00
5128 0 +2.023466134e-02 +9.104023466e+01 +9.104023466e+01 +6.1400e-01 -8.4700e-01 +3.1679e+00 -2.9114e+00 -1.7653e+00
5206 0 +1.875925914e-02 +9.103875926e+01 +9.103875926e+01 +6.1675e-01 -8.4626e-01 +3.1682e+00 -2.9085e+00 -1.7661e+00
5338 0 +1.849251356e-02 +9.103849251e+01 +9.103849251e+01 +6.1341e-01 -8.4775e-01 +3.1720e+00 -2.9078e+00 -1.7672e+00
5429 0 +1.749775898e-02 +9.103749776e+01 +9.103749776e+01 +6.1466e-01 -8.4756e-01 +3.1687e+00 -2.9102e+00 -1.7658e+00
5471 0 +1.708708352e-02 +9.103708708e+01 +9.103708708e+01 +6.1487e-01 -8.4697e-01 +3.1686e+00 -2.9092e+00 -1.7659e+00
5474 0 +1.641461778e-02 +9.103641462e+01 +9.103641462e+01 +6.1500e-01 -8.4763e-01 +3.1693e+00 -2.9090e+00 -1.7662e+00
5538 0 +1.542782230e-02 +9.103542782e+01 +9.103542782e+01 +6.1651e-01 -8.4684e-01 +3.1682e+00 -2.9089e+00 -1.7658e+00
5871 0 +1.374731094e-02 +9.103374731e+01 +9.103374731e+01 +6.1728e-01 -8.4590e-01 +3.1643e+00 -2.9111e+00 -1.7647e+00
5959 0 +1.175805038e-02 +9.103175805e+01 +9.103175805e+01 +6.1807e-01 -8.4580e-01 +3.1643e+00 -2.9105e+00 -1.7648e+00
6103 0 +1.140083610e-02 +9.103140084e+01 +9.103140084e+01 +6.1804e-01 -8.4587e-01 +3.1641e+00 -2.9108e+00 -1.7647e+00
6455 0 +1.087651993e-02 +9.103087652e+01 +9.103087652e+01 +6.1762e-01 -8.4579e-01 +3.1642e+00 -2.9110e+00 -1.7647e+00
6466 0 +1.019823239e-02 +9.103019823e+01 +9.103019823e+01 +6.1779e-01 -8.4584e-01 +3.1643e+00 -2.9106e+00 -1.7649e+00
6613 0 +9.960031697e-03 +9.102996003e+01 +9.102996003e+01 +6.1819e-01 -8.4560e-01 +3.1638e+00 -2.9108e+00 -1.7648e+00
6718 0 +9.477456259e-03 +9.102947746e+01 +9.102947746e+01 +6.1789e-01 -8.4572e-01 +3.1644e+00 -2.9105e+00 -1.7650e+00
7489 0 +9.172386430e-03 +9.102917239e+01 +9.102917239e+01 +6.1828e-01 -8.4558e-01 +3.1636e+00 -2.9108e+00 -1.7647e+00
7791 0 +8.565885010e-03 +9.102856589e+01 +9.102856589e+01 +6.1782e-01 -8.4576e-01 +3.1645e+00 -2.9106e+00 -1.7649e+00
8335 0 +8.437503083e-03 +9.102843750e+01 +9.102843750e+01 +6.1783e-01 -8.4576e-01 +3.1644e+00 -2.9106e+00 -1.7649e+00
8670 0 +8.138133602e-03 +9.102813813e+01 +9.102813813e+01 +6.1774e-01 -8.4584e-01 +3.1645e+00 -2.9106e+00 -1.7649e+00
8805 0 +7.979728731e-03 +9.102797973e+01 +9.102797973e+01 +6.1780e-01 -8.4581e-01 +3.1644e+00 -2.9106e+00 -1.7649e+00
8831 0 +7.556173127e-03 +9.102755617e+01 +9.102755617e+01 +6.1779e-01 -8.4581e-01 +3.1644e+00 -2.9107e+00 -1.7649e+00
11422 0 +7.381596151e-03 +9.102738160e+01 +9.102738160e+01 +6.1773e-01 -8.4586e-01 +3.1644e+00 -2.9107e+00 -1.7648e+00
13406 0 +7.290033625e-03 +9.102729003e+01 +9.102729003e+01 +6.1773e-01 -8.4586e-01 +3.1644e+00 -2.9107e+00 -1.7649e+00
% f evaluations | g evaluations | best noise-free fitness - Fopt (7.324200000000e+02) + sum g_i+ | measured fitness | best measured fitness or single-digit g-values | x1 | x2...
1 0 +8.848403910e+01 +8.209040391e+02 +8.209040391e+02 +0.0000e+00 +0.0000e+00 +0.0000e+00 +0.0000e+00 +0.0000e+00
3 0 +2.726910124e+01 +7.596891012e+02 +7.596891012e+02 -4.0545e+00 +1.4244e-01 +8.2666e-01 +2.2666e+00 -3.8812e+00
12 0 +2.255421500e+01 +7.549742150e+02 +7.549742150e+02 -3.5802e+00 -1.6526e-01 +2.6625e+00 -2.7004e-02 -4.3179e+00
77 0 +2.081439524e+01 +7.532343952e+02 +7.532343952e+02 -3.1695e+00 -1.5289e-01 +5.4246e-01 -7.4164e-02 -4.1384e+00
95 0 +1.730490405e+01 +7.497249041e+02 +7.497249041e+02 -3.8492e+00 +1.8923e-02 +1.5480e+00 +1.9204e+00 -5.3138e+00
108 0 +1.343839941e+01 +7.458583994e+02 +7.458583994e+02 -2.1399e+00 +1.3796e+00 -1.5520e-01 +2.1096e+00 -4.2398e+00
286 0 +1.143630918e+01 +7.438563092e+02 +7.438563092e+02 -3.6698e+00 -7.5354e-01 +1.7971e+00 +2.0839e+00 -2.9995e+00
287 0 +1.040783871e+01 +7.428278387e+02 +7.428278387e+02 -3.3719e+00 -7.2895e-01 +1.9779e+00 +3.2684e+00 -2.3783e+00
390 0 +7.732994337e+00 +7.401529943e+02 +7.401529943e+02 -1.6970e+00 +4.9219e-01 -1.9573e-01 +3.3128e+00 -4.6085e+00
490 0 +7.102725931e+00 +7.395227259e+02 +7.395227259e+02 -1.5436e+00 -2.0233e+00 +1.1416e+00 +3.6168e+00 -2.7440e+00
527 0 +4.234094508e+00 +7.366540945e+02 +7.366540945e+02 -2.0827e+00 -1.3327e+00 +1.6056e+00 +2.8289e+00 -3.3930e+00
589 0 +3.085109220e+00 +7.355051092e+02 +7.355051092e+02 -2.5000e+00 -2.4338e+00 +1.9855e+00 +3.7702e+00 -2.7117e+00
614 0 +2.921438966e+00 +7.353414390e+02 +7.353414390e+02 -2.9711e+00 -3.1618e+00 +2.9910e+00 +3.6853e+00 -2.1242e+00
697 0 +1.713742867e+00 +7.341337429e+02 +7.341337429e+02 -2.5204e+00 -1.9795e+00 +1.7749e+00 +3.1416e+00 -2.9322e+00
1075 0 +1.397610407e+00 +7.338176104e+02 +7.338176104e+02 -2.8601e+00 -2.1262e+00 +2.2719e+00 +3.0069e+00 -2.7373e+00
1324 0 +1.086891783e+00 +7.335068918e+02 +7.335068918e+02 -2.7786e+00 -2.5756e+00 +2.3823e+00 +3.3917e+00 -2.4790e+00
1523 0 +8.668903338e-01 +7.332868903e+02 +7.332868903e+02 -2.5460e+00 -2.0792e+00 +1.7616e+00 +3.3138e+00 -3.1034e+00
1971 0 +6.206261868e-01 +7.330406262e+02 +7.330406262e+02 -2.8968e+00 -2.5809e+00 +2.4205e+00 +3.2500e+00 -2.5161e+00
2082 0 +4.262443022e-01 +7.328462443e+02 +7.328462443e+02 -2.8459e+00 -2.6047e+00 +2.4031e+00 +3.3267e+00 -2.4854e+00
2167 0 +4.099721703e-01 +7.328299722e+02 +7.328299722e+02 -2.8685e+00 -2.5495e+00 +2.3901e+00 +3.2628e+00 -2.5162e+00
2191 0 +2.440500491e-01 +7.326640500e+02 +7.326640500e+02 -2.8780e+00 -2.5379e+00 +2.3680e+00 +3.2693e+00 -2.5254e+00
2414 0 +1.350500420e-01 +7.325550500e+02 +7.325550500e+02 -2.8706e+00 -2.6354e+00 +2.3884e+00 +3.3866e+00 -2.5049e+00
2924 0 +1.348697291e-01 +7.325548697e+02 +7.325548697e+02 -2.8814e+00 -2.6131e+00 +2.3960e+00 +3.3373e+00 -2.5046e+00
2976 0 +1.026274719e-01 +7.325226275e+02 +7.325226275e+02 -2.8885e+00 -2.6270e+00 +2.4083e+00 +3.3552e+00 -2.4867e+00
2986 0 +9.648029763e-02 +7.325164803e+02 +7.325164803e+02 -2.8877e+00 -2.6196e+00 +2.4060e+00 +3.3394e+00 -2.4892e+00
3129 0 +8.694135640e-02 +7.325069414e+02 +7.325069414e+02 -2.8841e+00 -2.6297e+00 +2.4070e+00 +3.3555e+00 -2.4917e+00
3434 0 +8.082340301e-02 +7.325008234e+02 +7.325008234e+02 -2.8871e+00 -2.6342e+00 +2.4086e+00 +3.3520e+00 -2.4901e+00
3438 0 +4.517702481e-02 +7.324651770e+02 +7.324651770e+02 -2.8897e+00 -2.6330e+00 +2.4118e+00 +3.3513e+00 -2.4858e+00
5287 0 +4.446081841e-02 +7.324644608e+02 +7.324644608e+02 -2.8881e+00 -2.6269e+00 +2.4076e+00 +3.3490e+00 -2.4908e+00
5305 0 +4.271036503e-02 +7.324627104e+02 +7.324627104e+02 -2.8880e+00 -2.6278e+00 +2.4081e+00 +3.3490e+00 -2.4900e+00
5405 0 +3.768693004e-02 +7.324576869e+02 +7.324576869e+02 -2.8874e+00 -2.6268e+00 +2.4069e+00 +3.3496e+00 -2.4909e+00
5530 0 +3.580267602e-02 +7.324558027e+02 +7.324558027e+02 -2.8883e+00 -2.6291e+00 +2.4084e+00 +3.3502e+00 -2.4889e+00
5948 0 +3.204101390e-02 +7.324520410e+02 +7.324520410e+02 -2.8883e+00 -2.6290e+00 +2.4087e+00 +3.3499e+00 -2.4889e+00
5995 0 +3.146177617e-02 +7.324514618e+02 +7.324514618e+02 -2.8882e+00 -2.6292e+00 +2.4087e+00 +3.3503e+00 -2.4890e+00
6266 0 +3.030512378e-02 +7.324503051e+02 +7.324503051e+02 -2.8890e+00 -2.6301e+00 +2.4097e+00 +3.3501e+00 -2.4881e+00
6500 0 +3.009965764e-02 +7.324500997e+02 +7.324500997e+02 -2.8890e+00 -2.6296e+00 +2.4093e+00 +3.3501e+00 -2.4885e+00
6505 0 +2.947410147e-02 +7.324494741e+02 +7.324494741e+02 -2.8890e+00 -2.6298e+00 +2.4094e+00 +3.3502e+00 -2.4884e+00
6577 0 +2.628411603e-02 +7.324462841e+02 +7.324462841e+02 -2.8889e+00 -2.6298e+00 +2.4093e+00 +3.3502e+00 -2.4883e+00
7764 0 +2.556024383e-02 +7.324455602e+02 +7.324455602e+02 -2.8889e+00 -2.6299e+00 +2.4095e+00 +3.3502e+00 -2.4882e+00
7953 0 +2.492247637e-02 +7.324449225e+02 +7.324449225e+02 -2.8889e+00 -2.6299e+00 +2.4094e+00 +3.3502e+00 -2.4882e+00
8634 0 +2.400722403e-02 +7.324440072e+02 +7.324440072e+02 -2.8889e+00 -2.6299e+00 +2.4095e+00 +3.3501e+00 -2.4882e+00
10095 0 +2.398606824e-02 +7.324439861e+02 +7.324439861e+02 -2.8890e+00 -2.6299e+00 +2.4095e+00 +3.3501e+00 -2.4881e+00
12976 0 +2.350736704e-02 +7.324435074e+02 +7.324435074e+02 -2.8889e+00 -2.6299e+00 +2.4095e+00 +3.3501e+00 -2.4881e+00
% f evaluations | g evaluations | best noise-free fitness - Fopt (3.542000000000e+01) + sum g_i+ | measured fitness | best measured fitness or single-digit g-values | x1 | x2...
1 0 +7.129604431e+01 +1.067160443e+02 +1.067160443e+02 +0.0000e+00 +0.0000e+00 +0.0000e+00 +0.0000e+00 +0.0000e+00
7 0 +5.003360064e+01 +8.545360064e+01 +8.545360064e+01 +3.6251e+00 +7.9861e-01 -2.3774e+00 +4.6871e-01 +3.4886e+00
17 0 +2.211525864e+01 +5.753525864e+01 +5.753525864e+01 +3.3687e+00 -6.0387e-01 -5.7356e-01 +4.1405e-01 +2.9003e+00
69 0 +1.436381041e+01 +4.978381041e+01 +4.978381041e+01 +2.4369e+00 -1.2272e+00 -1.0429e-01 +1.1413e+00 +3.4887e+00
74 0 +1.264945191e+01 +4.806945191e+01 +4.806945191e+01 +4.9648e-01 -1.5030e+00 -2.6363e-02 +1.4244e+00 +4.1085e+00
91 0 +4.739746659e+00 +4.015974666e+01 +4.015974666e+01 +2.4342e+00 -9.5939e-01 -2.3523e+00 +1.0299e+00 +1.4364e+00
245 0 +4.354651853e+00 +3.977465185e+01 +3.977465185e+01 +2.2586e+00 -3.3227e-01 -2.6767e+00 +6.4275e-01 +8.0966e-01
312 0 +3.753867744e+00 +3.917386774e+01 +3.917386774e+01 +3.0522e+00 -1.7346e+00 -9.9697e-01 +1.9716e-02 +2.2511e+00
682 0 +2.469395027e+00 +3.788939503e+01 +3.788939503e+01 +3.7145e+00 -2.3561e+00 -7.0223e-01 +2.4632e-01 +3.0739e+00
683 0 +2.077289239e+00 +3.749728924e+01 +3.749728924e+01 +3.7620e+00 -2.1734e+00 -1.1021e+00 -2.5082e-01 +2.7071e+00
829 0 +1.890169411e+00 +3.731016941e+01 +3.731016941e+01 +3.8178e+00 -2.0446e+00 -1.2558e+00 -1.2979e-01 +2.5890e+00
894 0 +1.305524722e+00 +3.672552472e+01 +3.672552472e+01 +3.7290e+00 -2.5681e+00 -2.7642e-01 -4.9869e-01 +3.4027e+00
1112 0 +1.051070983e+00 +3.647107098e+01 +3.647107098e+01 +3.6612e+00 -2.3525e+00 -6.3664e-01 -6.6610e-02 +3.1129e+00
1736 0 +9.072485891e-01 +3.632724859e+01 +3.632724859e+01 +3.4385e+00 -1.8303e+00 -1.3102e+00 +9.0656e-02 +2.3911e+00
1768 0 +8.396911927e-01 +3.625969119e+01 +3.625969119e+01 +3.4203e+00 -1.8565e+00 -1.1858e+00 +1.6727e-02 +2.5151e+00
1782 0 +7.351752381e-01 +3.615517524e+01 +3.615517524e+01 +3.2815e+00 -1.7193e+00 -1.3045e+00 +8.6999e-02 +2.3123e+00
2195 0 +6.375597150e-01 +3.605755971e+01 +3.605755971e+01 +2.8380e+00 -1.4719e+00 -1.4071e+00 +1.7201e-01 +2.0323e+00
2374 0 +2.894447603e-01 +3.570944476e+01 +3.570944476e+01 +2.9547e+00 -1.4811e+00 -1.4548e+00 +1.9902e-01 +2.0337e+00
3532 0 +2.716439486e-01 +3.569164395e+01 +3.569164395e+01 +2.9541e+00 -1.4789e+00 -1.4606e+00 +1.9778e-01 +2.0254e+00
4428 0 +1.836634244e-01 +3.560366342e+01 +3.560366342e+01 +2.9352e+00 -1.4493e+00 -1.4933e+00 +2.1750e-01 +1.9864e+00
5948 0 +1.485864299e-01 +3.556858643e+01 +3.556858643e+01 +2.9462e+00 -1.4596e+00 -1.4835e+00 +2.1253e-01 +1.9998e+00
6638 0 +1.476793848e-01 +3.556767938e+01 +3.556767938e+01 +2.9509e+00 -1.4653e+00 -1.4786e+00 +2.0966e-01 +2.0072e+00
6846 0 +1.400207910e-01 +3.556002079e+01 +3.556002079e+01 +2.9515e+00 -1.4662e+00 -1.4771e+00 +2.0929e-01 +2.0088e+00
7749 0 +1.312028241e-01 +3.555120282e+01 +3.555120282e+01 +2.9524e+00 -1.4668e+00 -1.4767e+00 +2.0879e-01 +2.0094e+00
7993 0 +1.263927847e-01 +3.554639278e+01 +3.554639278e+01 +2.9522e+00 -1.4668e+00 -1.4766e+00 +2.0880e-01 +2.0095e+00
8218 0 +1.235727895e-01 +3.554357279e+01 +3.554357279e+01 +2.9522e+00 -1.4666e+00 -1.4768e+00 +2.0888e-01 +2.0094e+00
8395 0 +1.229896489e-01 +3.554298965e+01 +3.554298965e+01 +2.9522e+00 -1.4667e+00 -1.4768e+00 +2.0890e-01 +2.0094e+00
9113 0 +1.197956112e-01 +3.553979561e+01 +3.553979561e+01 +2.9521e+00 -1.4666e+00 -1.4769e+00 +2.0895e-01 +2.0092e+00
10740 0 +1.174790957e-01 +3.553747910e+01 +3.553747910e+01 +2.9521e+00 -1.4666e+00 -1.4769e+00 +2.0892e-01 +2.0093e+00
11122 0 +1.169525963e-01 +3.553695260e+01 +3.553695260e+01 +2.9521e+00 -1.4666e+00 -1.4769e+00 +2.0892e-01 +2.0093e+00
