% f evaluations | g evaluations | best noise-free fitness - Fopt (3.590000000000e+01) + sum g_i+ | measured fitness | best measured fitness or single-digit g-values | x1 | x2...
1 0 +1.143844717e+02 +1.502844717e+02 +1.502844717e+02 +0.0000e+00 +0.0000e+00 +0.0000e+00
3 0 +5.666936283e+01 +9.256936283e+01 +9.256936283e+01 +8.6485e-01 -2.3089e-02 -1.1559e+00
10 0 +4.677442935e+01 +8.267442935e+01 +8.267442935e+01 +9.4344e-01 -1.0305e+00 -4.4000e-01
11 0 +4.268408262e+01 +7.858408262e+01 +7.858408262e+01 -1.5649e-02 -6.2429e-01 -3.1137e-01
13 0 +3.856146141e+01 +7.446146141e+01 +7.446146141e+01 +1.5190e+00 +5.2594e-01 -3.8676e-01
34 0 +3.704939202e+01 +7.294939202e+01 +7.294939202e+01 +7.3263e-01 -4.7919e-02 -2.8094e-01
53 0 +3.461094161e+01 +7.051094161e+01 +7.051094161e+01 +1.4786e+00 -7.0217e-02 -1.0951e-01
55 0 +2.806903981e+01 +6.396903981e+01 +6.396903981e+01 +1.4683e+00 -4.0170e-01 +2.1543e-01
56 0 +2.707504012e+01 +6.297504012e+01 +6.297504012e+01 +1.4384e+00 -1.0644e-01 +1.4806e-01
63 0 +2.569973685e+01 +6.159973685e+01 +6.159973685e+01 +1.2196e+00 -4.5549e-01 +3.3741e-01
71 0 +2.329965645e+01 +5.919965645e+01 +5.919965645e+01 +1.0906e+00 +9.1413e-01 +1.4779e-01
77 0 +2.140449133e+01 +5.730449133e+01 +5.730449133e+01 +9.4840e-01 +9.3221e-01 +3.0511e-01
79 0 +1.995963125e+01 +5.585963125e+01 +5.585963125e+01 +1.1371e+00 +1.8274e-01 +6.3325e-01
90 0 +1.860155352e+01 +5.450155352e+01 +5.450155352e+01 +4.8712e-01 +8.7135e-01 +4.9972e-01
92 0 +1.348544902e+01 +4.938544902e+01 +4.938544902e+01 +1.3470e+00 +1.3985e+00 +5.6184e-01
104 0 +1.305408267e+01 +4.895408267e+01 +4.895408267e+01 +1.2882e+00 +6.1381e-01 +7.9735e-01
120 0 +1.238276767e+01 +4.828276767e+01 +4.828276767e+01 +1.7628e+00 -5.9095e-02 +1.2727e+00
174 0 +3.691045953e+00 +3.959104595e+01 +3.959104595e+01 +2.7948e+00 +9.0689e-01 +1.8843e+00
203 0 +1.938558110e+00 +3.783855811e+01 +3.783855811e+01 +2.8547e+00 +1.0024e+00 +2.1213e+00
313 0 +3.341585532e-01 +3.623415855e+01 +3.623415855e+01 +2.9615e+00 +1.0532e+00 +2.5015e+00
475 0 +1.821330995e-01 +3.608213310e+01 +3.608213310e+01 +2.7978e+00 +9.3870e-01 +2.4955e+00
591 0 +1.100452207e-01 +3.601004522e+01 +3.601004522e+01 +2.7098e+00 +1.1516e+00 +2.4562e+00
652 0 +9.319060435e-02 +3.599319060e+01 +3.599319060e+01 +2.8809e+00 +1.1037e+00 +2.5486e+00
897 0 +7.950358988e-02 +3.597950359e+01 +3.597950359e+01 +2.8454e+00 +1.0123e+00 +2.5493e+00
908 0 +4.657249716e-02 +3.594657250e+01 +3.594657250e+01 +2.8566e+00 +1.0087e+00 +2.5799e+00
1037 0 +4.354589942e-02 +3.594354590e+01 +3.594354590e+01 +2.8149e+00 +1.0079e+00 +2.5655e+00
1061 0 +3.557157782e-02 +3.593557158e+01 +3.593557158e+01 +2.8131e+00 +1.0634e+00 +2.5551e+00
1069 0 +2.467906245e-02 +3.592467906e+01 +3.592467906e+01 +2.8395e+00 +1.0602e+00 +2.5808e+00
1080 0 +1.501128184e-02 +3.591501128e+01 +3.591501128e+01 +2.8251e+00 +1.0908e+00 +2.5808e+00
1167 0 +4.816388508e-03 +3.590481639e+01 +3.590481639e+01 +2.7992e+00 +1.0761e+00 +2.5878e+00
1298 0 +4.653839724e-03 +3.590465384e+01 +3.590465384e+01 +2.7746e+00 +1.0977e+00 +2.5708e+00
1488 0 +4.543701669e-03 +3.590454370e+01 +3.590454370e+01 +2.7906e+00 +1.0837e+00 +2.5827e+00
1529 0 +3.534729957e-03 +3.590353473e+01 +3.590353473e+01 +2.7955e+00 +1.1042e+00 +2.5802e+00
1541 0 +2.388500617e-03 +3.590238850e+01 +3.590238850e+01 +2.7849e+00 +1.1066e+00 +2.5774e+00
1629 0 +1.460058325e-03 +3.590146006e+01 +3.590146006e+01 +2.7819e+00 +1.1082e+00 +2.5786e+00
1739 0 +7.285867511e-04 +3.590072859e+01 +3.590072859e+01 +2.7730e+00 +1.1131e+00 +2.5796e+00
1790 0 +2.345936209e-04 +3.590023459e+01 +3.590023459e+01 +2.7845e+00 +1.1082e+00 +2.5866e+00
1975 0 +7.853176351e-05 +3.590007853e+01 +3.590007853e+01 +2.7836e+00 +1.1104e+00 +2.5871e+00
2019 0 +3.448920175e-05 +3.590003449e+01 +3.590003449e+01 +2.7824e+00 +1.1134e+00 +2.5864e+00
2232 0 +3.182225605e-05 +3.590003182e+01 +3.590003182e+01 +2.7833e+00 +1.1114e+00 +2.5875e+00
2269 0 +1.607495408e-05 +3.590001607e+01 +3.590001607e+01 +2.7825e+00 +1.1130e+00 +2.5870e+00
2506 0 +1.446400471e-05 +3.590001446e+01 +3.590001446e+01 +2.7816e+00 +1.1132e+00 +2.5866e+00
2659 0 +1.414453771e-05 +3.590001414e+01 +3.590001414e+01 +2.7817e+00 +1.1131e+00 +2.5866e+00
2742 0 +9.560068300e-06 +3.590000956e+01 +3.590000956e+01 +2.7810e+00 +1.1134e+00 +2.5865e+00
2882 0 +3.058749016e-06 +3.590000306e+01 +3.590000306e+01 +2.7817e+00 +1.1135e+00 +2.5870e+00
2947 0 +1.560930691e-06 +3.590000156e+01 +3.590000156e+01 +2.7816e+00 +1.1135e+00 +2.5870e+00
3109 0 +9.678421122e-07 +3.590000097e+01 +3.590000097e+01 +2.7817e+00 +1.1135e+00 +2.5871e+00
3144 0 +9.228182307e-07 +3.590000092e+01 +3.590000092e+01 +2.7817e+00 +1.1134e+00 +2.5871e+00
3215 0 +6.099641254e-07 +3.590000061e+01 +3.590000061e+01 +2.7816e+00 +1.1136e+00 +2.5871e+00
3311 0 +5.103655383e-07 +3.590000051e+01 +3.590000051e+01 +2.7818e+00 +1.1134e+00 +2.5872e+00
3330 0 +3.087808551e-07 +3.590000031e+01 +3.590000031e+01 +2.7817e+00 +1.1135e+00 +2.5872e+00
3346 0 +2.314092313e-07 +3.590000023e+01 +3.590000023e+01 +2.7815e+00 +1.1136e+00 +2.5871e+00
3421 0 +1.348748029e-07 +3.590000013e+01 +3.590000013e+01 +2.7816e+00 +1.1135e+00 +2.5872e+00
3477 0 +1.138196239e-07 +3.590000011e+01 +3.590000011e+01 +2.7816e+00 +1.1135e+00 +2.5872e+00
3615 0 +7.216605269e-08 +3.590000007e+01 +3.590000007e+01 +2.7816e+00 +1.1136e+00 +2.5872e+00
3735 0 +6.166395394e-08 +3.590000006e+01 +3.590000006e+01 +2.7817e+00 +1.1135e+00 +2.5872e+00
3753 0 +1.796187377e-08 +3.590000002e+01 +3.590000002e+01 +2.7816e+00 +1.1136e+00 +2.5872e+00
4091 0 +1.488052703e-08 +3.590000001e+01 +3.590000001e+01 +2.7816e+00 +1.1136e+00 +2.5872e+00
4208 0 +5.905619105e-09 +3.590000001e+01 +3.590000001e+01 +2.7816e+00 +1.1136e+00 +2.5872e+00
5257 0 +3.826272632e-11 +3.590000000e+01 +3.590000000e+01 +2.7816e+00 +1.1136e+00 +2.5872e+00
% f evaluations | g evaluations | best noise-free fitness - Fopt (3.137000000000e+01) + sum g_i+ | measured fitness | best measured fitness or single-digit g-values | x1 | x2...
1 0 +6.057820710e+01 +9.194820710e+01 +9.194820710e+01 +0.0000e+00 +0.0000e+00 +0.0000e+00
2 0 +4.093730783e+01 +7.230730783e+01 +7.230730783e+01 +2.9524e-01 -3.6216e-01 -1.4324e+00
36 0 +3.767619588e+01 +6.904619588e+01 +6.904619588e+01 -3.3284e-01 +2.9415e-01 -7.5902e-01
45 0 +3.706696428e+01 +6.843696428e+01 +6.843696428e+01 -6.4445e-01 +6.1216e-02 -5.6325e-01
51 0 +3.073424416e+01 +6.210424416e+01 +6.210424416e+01 -6.6812e-01 +2.6795e-01 -7.3684e-01
62 0 +2.608741290e+01 +5.745741290e+01 +5.745741290e+01 -6.4901e-01 +3.0044e-01 -9.4523e-01
81 0 +2.237995429e+01 +5.374995429e+01 +5.374995429e+01 -4.4003e-01 +6.7185e-01 -1.4937e+00
127 0 +2.075458475e+01 +5.212458475e+01 +5.212458475e+01 -4.0629e-01 +5.7102e-01 -1.6501e+00
130 0 +1.986805255e+01 +5.123805255e+01 +5.123805255e+01 +5.6026e-01 +9.4556e-01 -2.6045e+00
142 0 +1.378430081e+01 +4.515430081e+01 +4.515430081e+01 -9.7065e-01 -2.6017e-02 -1.6831e+00
164 0 +1.251249684e+01 +4.388249684e+01 +4.388249684e+01 -5.4740e-01 +7.1120e-01 -2.0155e+00
176 0 +9.422059930e+00 +4.079205993e+01 +4.079205993e+01 -6.2179e-02 +8.8424e-01 -2.7406e+00
200 0 +2.385857527e+00 +3.375585753e+01 +3.375585753e+01 -4.0117e-01 +1.6761e+00 -3.0980e+00
248 0 +2.317890832e+00 +3.368789083e+01 +3.368789083e+01 +4.7160e-02 +1.9792e+00 -3.4876e+00
261 0 +8.892170625e-01 +3.225921706e+01 +3.225921706e+01 -2.4388e-01 +1.7316e+00 -3.4971e+00
347 0 +7.827702973e-01 +3.215277030e+01 +3.215277030e+01 -3.2368e-02 +2.1261e+00 -3.7041e+00
360 0 +7.180798979e-01 +3.208807990e+01 +3.208807990e+01 -3.3844e-01 +2.0715e+00 -3.5147e+00
435 0 +6.170840061e-01 +3.198708401e+01 +3.198708401e+01 +1.8908e-02 +2.1403e+00 -3.8541e+00
468 0 +1.370638607e-01 +3.150706386e+01 +3.150706386e+01 -2.0823e-01 +2.0529e+00 -3.8260e+00
664 0 +9.879981104e-02 +3.146879981e+01 +3.146879981e+01 -1.3948e-01 +1.9717e+00 -3.9022e+00
812 0 +8.888305372e-02 +3.145888305e+01 +3.145888305e+01 -1.7023e-01 +2.0391e+00 -3.8811e+00
819 0 +7.921676959e-02 +3.144921677e+01 +3.144921677e+01 -2.7646e-01 +1.9417e+00 -3.7811e+00
820 0 +6.926524375e-02 +3.143926524e+01 +3.143926524e+01 -2.8051e-01 +1.9587e+00 -3.7946e+00
835 0 +4.406009851e-02 +3.141406010e+01 +3.141406010e+01 -2.5445e-01 +1.9073e+00 -3.8174e+00
997 0 +3.106578598e-02 +3.140106579e+01 +3.140106579e+01 -2.3630e-01 +1.9523e+00 -3.8570e+00
1117 0 +2.370125907e-02 +3.139370126e+01 +3.139370126e+01 -2.5069e-01 +1.9538e+00 -3.8560e+00
1198 0 +1.987507687e-02 +3.138987508e+01 +3.138987508e+01 -2.2206e-01 +1.9343e+00 -3.8871e+00
1210 0 +8.822645742e-03 +3.137882265e+01 +3.137882265e+01 -2.6457e-01 +1.9290e+00 -3.8646e+00
1239 0 +2.741208721e-03 +3.137274121e+01 +3.137274121e+01 -2.6553e-01 +1.8970e+00 -3.8724e+00
1331 0 +1.490691770e-03 +3.137149069e+01 +3.137149069e+01 -2.6469e-01 +1.9064e+00 -3.8793e+00
1699 0 +1.351603789e-03 +3.137135160e+01 +3.137135160e+01 -2.6425e-01 +1.9105e+00 -3.8821e+00
1838 0 +1.265301838e-03 +3.137126530e+01 +3.137126530e+01 -2.6279e-01 +1.9063e+00 -3.8827e+00
1903 0 +2.714472946e-04 +3.137027145e+01 +3.137027145e+01 -2.6683e-01 +1.9015e+00 -3.8852e+00
2224 0 +2.499935286e-04 +3.137024999e+01 +3.137024999e+01 -2.6783e-01 +1.9011e+00 -3.8844e+00
2285 0 +1.781819637e-04 +3.137017818e+01 +3.137017818e+01 -2.7248e-01 +1.8939e+00 -3.8803e+00
2301 0 +1.488431193e-04 +3.137014884e+01 +3.137014884e+01 -2.7159e-01 +1.8958e+00 -3.8810e+00
2312 0 +5.652570466e-05 +3.137005653e+01 +3.137005653e+01 -2.7188e-01 +1.8953e+00 -3.8825e+00
2332 0 +5.284816711e-05 +3.137005285e+01 +3.137005285e+01 -2.7228e-01 +1.8959e+00 -3.8820e+00
2688 0 +4.456867726e-05 +3.137004457e+01 +3.137004457e+01 -2.7175e-01 +1.8984e+00 -3.8829e+00
2754 0 +1.591653017e-05 +3.137001592e+01 +3.137001592e+01 -2.7234e-01 +1.8961e+00 -3.8828e+00
2851 0 +9.094550109e-06 +3.137000909e+01 +3.137000909e+01 -2.7151e-01 +1.8971e+00 -3.8837e+00
2945 0 +2.861366305e-06 +3.137000286e+01 +3.137000286e+01 -2.7176e-01 +1.8968e+00 -3.8839e+00
3066 0 +9.190569941e-07 +3.137000092e+01 +3.137000092e+01 -2.7196e-01 +1.8970e+00 -3.8839e+00
3337 0 +6.376970774e-07 +3.137000064e+01 +3.137000064e+01 -2.7201e-01 +1.8968e+00 -3.8838e+00
3475 0 +3.325466942e-07 +3.137000033e+01 +3.137000033e+01 -2.7192e-01 +1.8968e+00 -3.8840e+00
3597 0 +3.147865755e-07 +3.137000031e+01 +3.137000031e+01 -2.7200e-01 +1.8969e+00 -3.8839e+00
3642 0 +2.343105123e-07 +3.137000023e+01 +3.137000023e+01 -2.7192e-01 +1.8969e+00 -3.8840e+00
3670 0 +2.097037743e-07 +3.137000021e+01 +3.137000021e+01 -2.7199e-01 +1.8968e+00 -3.8839e+00
3771 0 +1.941444161e-07 +3.137000019e+01 +3.137000019e+01 -2.7196e-01 +1.8969e+00 -3.8840e+00
3785 0 +1.603548156e-07 +3.137000016e+01 +3.137000016e+01 -2.7195e-01 +1.8968e+00 -3.8840e+00
3795 0 +1.116663704e-07 +3.137000011e+01 +3.137000011e+01 -2.7200e-01 +1.8968e+00 -3.8839e+00
3833 0 +8.082731284e-08 +3.137000008e+01 +3.137000008e+01 -2.7201e-01 +1.8968e+00 -3.8839e+00
3852 0 +6.226528981e-08 +3.137000006e+01 +3.137000006e+01 -2.7199e-01 +1.8968e+00 -3.8840e+00
3925 0 +6.052105661e-08 +3.137000006e+01 +3.137000006e+01 -2.7194e-01 +1.8968e+00 -3.8840e+00
3931 0 +2.358487095e-08 +3.137000002e+01 +3.137000002e+01 -2.7198e-01 +1.8968e+00 -3.8840e+00
4182 0 +1.964514595e-08 +3.137000002e+01 +3.137000002e+01 -2.7199e-01 +1.8968e+00 -3.8840e+00
4219 0 +9.894165487e-09 +3.137000001e+01 +3.137000001e+01 -2.7200e-01 +1.8968e+00 -3.8840e+00
5389 0 +9.613287943e-11 +3.137000000e+01 +3.137000000e+01 -2.7200e-01 +1.8968e+00 -3.8840e+00
% f evaluations | g evaluations | best noise-free fitness - Fopt (-1.000000000000e+03) + sum g_i+ | measured fitness | best measured fitness or single-digit g-values | x1 | x2...
1 0 +6.079703817e+04 +5.979703817e+04 +5.979703817e+04 +0.0000e+00 +0.0000e+00 +0.0000e+00
7 0 +3.354559778e+04 +3.254559778e+04 +3.254559778e+04 -5.1969e-01 -6.2513e-01 +2.2374e-01
27 0 +3.067410139e+04 +2.967410139e+04 +2.967410139e+04 -1.4749e+00 -7.3852e-01 -3.6290e-01
37 0 +2.453994165e+04 +2.353994165e+04 +2.353994165e+04 -1.2627e+00 -7.2540e-01 +2.9871e-01
39 0 +2.032918554e+04 +1.932918554e+04 +1.932918554e+04 -2.5937e+00 -4.2410e-01 -3.3617e-01
56 0 +1.185956602e+04 +1.085956602e+04 +1.085956602e+04 -4.2899e+00 -2.8117e-01 -2.2503e-01
76 0 +6.489577297e+03 +5.489577297e+03 +5.489577297e+03 -4.9035e+00 -9.2921e-01 -1.6280e-01
94 0 +5.873221062e+03 +4.873221062e+03 +4.873221062e+03 -5.6445e+00 -3.6797e-01 -5.1534e-01
115 0 +5.734510147e+03 +4.734510147e+03 +4.734510147e+03 -4.8687e+00 -6.7317e-01 +3.2862e-01
121 0 +2.093572747e+03 +1.093572747e+03 +1.093572747e+03 -5.2661e+00 -1.2263e+00 +2.2618e-01
129 0 +1.696315431e+03 +6.963154313e+02 +6.963154313e+02 -4.8634e+00 -1.3991e+00 +1.1429e+00
160 0 +7.443503051e+02 -2.556496949e+02 -2.556496949e+02 -4.1706e+00 -2.1807e+00 +1.1575e+00
168 0 +4.001624494e+02 -5.998375506e+02 -5.998375506e+02 -4.8501e+00 -1.3233e+00 +7.3934e-01
189 0 +1.772535758e+02 -8.227464242e+02 -8.227464242e+02 -3.0520e+00 -2.1616e+00 +1.5083e+00
219 0 +4.831593007e+01 -9.516840699e+02 -9.516840699e+02 -4.7656e+00 -2.3047e+00 +1.3785e+00
228 0 +4.226776408e+01 -9.577322359e+02 -9.577322359e+02 -4.6004e+00 -2.6957e+00 +1.8358e+00
231 0 +1.275872441e+01 -9.872412756e+02 -9.872412756e+02 -2.8865e+00 -3.2763e+00 +2.9023e+00
244 0 +1.030840935e+01 -9.896915906e+02 -9.896915906e+02 -2.2419e+00 -3.0211e+00 +2.5415e+00
374 0 +8.845275571e+00 -9.911547244e+02 -9.911547244e+02 -2.5698e+00 -4.4264e+00 +3.8180e+00
408 0 +5.372649662e+00 -9.946273503e+02 -9.946273503e+02 -1.9481e+00 -3.6430e+00 +3.3479e+00
451 0 +3.046506575e+00 -9.969534934e+02 -9.969534934e+02 -1.3153e+00 -3.1699e+00 +2.8139e+00
480 0 +2.090384809e+00 -9.979096152e+02 -9.979096152e+02 -1.0582e+00 -3.7681e+00 +3.6750e+00
551 0 +2.031611844e+00 -9.979683882e+02 -9.979683882e+02 -1.0510e+00 -3.8013e+00 +3.6857e+00
619 0 +1.517405144e+00 -9.984825949e+02 -9.984825949e+02 -1.1306e+00 -3.6926e+00 +3.2190e+00
666 0 +1.412437056e+00 -9.985875629e+02 -9.985875629e+02 -9.5261e-01 -3.6781e+00 +3.5156e+00
685 0 +1.327127075e+00 -9.986728729e+02 -9.986728729e+02 -9.1557e-01 -3.7593e+00 +3.4629e+00
736 0 +7.670770232e-01 -9.992329230e+02 -9.992329230e+02 -7.3532e-01 -3.7470e+00 +3.1046e+00
764 0 +6.628078871e-01 -9.993371921e+02 -9.993371921e+02 -7.3750e-01 -3.5352e+00 +3.0636e+00
912 0 +4.402303518e-01 -9.995597696e+02 -9.995597696e+02 -6.3490e-01 -3.3828e+00 +2.9590e+00
917 0 +3.983902995e-01 -9.996016097e+02 -9.996016097e+02 -6.1327e-01 -3.5550e+00 +3.0408e+00
929 0 +2.116000684e-01 -9.997883999e+02 -9.997883999e+02 -4.3431e-01 -3.5480e+00 +3.0835e+00
937 0 +1.736221796e-01 -9.998263778e+02 -9.998263778e+02 -3.9745e-01 -3.5538e+00 +3.0308e+00
967 0 +1.260686154e-01 -9.998739314e+02 -9.998739314e+02 -3.5979e-01 -3.4085e+00 +2.9977e+00
986 0 +1.254119159e-01 -9.998745881e+02 -9.998745881e+02 -3.9474e-01 -3.4469e+00 +2.9861e+00
1052 0 +1.095276529e-01 -9.998904723e+02 -9.998904723e+02 -3.8446e-01 -3.4589e+00 +2.9417e+00
1100 0 +4.260144227e-02 -9.999573986e+02 -9.999573986e+02 -2.9684e-01 -3.3946e+00 +2.8619e+00
1189 0 +2.575332517e-02 -9.999742467e+02 -9.999742467e+02 -2.6496e-01 -3.3874e+00 +2.8556e+00
1532 0 +1.907740007e-02 -9.999809226e+02 -9.999809226e+02 -2.5793e-01 -3.3814e+00 +2.8868e+00
1559 0 +1.498094621e-02 -9.999850191e+02 -9.999850191e+02 -2.4651e-01 -3.3668e+00 +2.8452e+00
1615 0 +1.448857125e-02 -9.999855114e+02 -9.999855114e+02 -2.5340e-01 -3.3579e+00 +2.8510e+00
1647 0 +1.041235639e-02 -9.999895876e+02 -9.999895876e+02 -2.4277e-01 -3.3445e+00 +2.8375e+00
1712 0 +8.875779876e-03 -9.999911242e+02 -9.999911242e+02 -2.3832e-01 -3.3417e+00 +2.8440e+00
1715 0 +4.741551645e-03 -9.999952584e+02 -9.999952584e+02 -2.2313e-01 -3.3527e+00 +2.8465e+00
1774 0 +4.621303840e-03 -9.999953787e+02 -9.999953787e+02 -2.1573e-01 -3.3375e+00 +2.8231e+00
1823 0 +4.509360756e-03 -9.999954906e+02 -9.999954906e+02 -2.1095e-01 -3.3500e+00 +2.8314e+00
1835 0 +5.226871509e-04 -9.999994773e+02 -9.999994773e+02 -1.9579e-01 -3.3357e+00 +2.8331e+00
2277 0 +4.950529120e-04 -9.999995049e+02 -9.999995049e+02 -1.9618e-01 -3.3354e+00 +2.8283e+00
2355 0 +2.904736779e-04 -9.999997095e+02 -9.999997095e+02 -1.9397e-01 -3.3358e+00 +2.8296e+00
2421 0 +2.876395699e-04 -9.999997124e+02 -9.999997124e+02 -1.9392e-01 -3.3344e+00 +2.8267e+00
2441 0 +6.034693070e-05 -9.999999397e+02 -9.999999397e+02 -1.8900e-01 -3.3330e+00 +2.8266e+00
2748 0 +5.024408028e-05 -9.999999498e+02 -9.999999498e+02 -1.8865e-01 -3.3326e+00 +2.8265e+00
2750 0 +3.809308305e-05 -9.999999619e+02 -9.999999619e+02 -1.8884e-01 -3.3319e+00 +2.8258e+00
2759 0 +1.929183077e-05 -9.999999807e+02 -9.999999807e+02 -1.8816e-01 -3.3311e+00 +2.8250e+00
2816 0 +1.133900116e-05 -9.999999887e+02 -9.999999887e+02 -1.8752e-01 -3.3309e+00 +2.8242e+00
2920 0 +5.896348171e-06 -9.999999941e+02 -9.999999941e+02 -1.8720e-01 -3.3310e+00 +2.8245e+00
3180 0 +4.287769002e-06 -9.999999957e+02 -9.999999957e+02 -1.8704e-01 -3.3307e+00 +2.8246e+00
3211 0 +3.205347980e-06 -9.999999968e+02 -9.999999968e+02 -1.8696e-01 -3.3308e+00 +2.8245e+00
3269 0 +2.845040854e-06 -9.999999972e+02 -9.999999972e+02 -1.8688e-01 -3.3306e+00 +2.8245e+00
3433 0 +2.682410127e-06 -9.999999973e+02 -9.999999973e+02 -1.8692e-01 -3.3305e+00 +2.8243e+00
3434 0 +1.602189286e-06 -9.999999984e+02 -9.999999984e+02 -1.8681e-01 -3.3305e+00 +2.8242e+00
3465 0 +1.174225190e-06 -9.999999988e+02 -9.999999988e+02 -1.8670e-01 -3.3306e+00 +2.8241e+00
3490 0 +1.060662612e-06 -9.999999989e+02 -9.999999989e+02 -1.8671e-01 -3.3306e+00 +2.8243e+00
3532 0 +9.499983662e-07 -9.999999991e+02 -9.999999991e+02 -1.8672e-01 -3.3306e+00 +2.8243e+00
3573 0 +7.841031220e-07 -9.999999992e+02 -9.999999992e+02 -1.8655e-01 -3.3306e+00 +2.8241e+00
3594 0 +5.092430229e-07 -9.999999995e+02 -9.999999995e+02 -1.8660e-01 -3.3305e+00 +2.8240e+00
3668 0 +4.988763749e-07 -9.999999995e+02 -9.999999995e+02 -1.8659e-01 -3.3305e+00 +2.8242e+00
3701 0 +3.943027878e-07 -9.999999996e+02 -9.999999996e+02 -1.8658e-01 -3.3305e+00 +2.8242e+00
3713 0 +2.633270242e-07 -9.999999997e+02 -9.999999997e+02 -1.8654e-01 -3.3305e+00 +2.8241e+00
3814 0 +1.730204531e-07 -9.999999998e+02 -9.999999998e+02 -1.8650e-01 -3.3305e+00 +2.8241e+00
4027 0 +1.172151087e-07 -9.999999999e+02 -9.999999999e+02 -1.8651e-01 -3.3304e+00 +2.8241e+00
4047 0 +1.018399871e-07 -9.999999999e+02 -9.999999999e+02 -1.8646e-01 -3.3305e+00 +2.8241e+00
4050 0 +6.158393262e-08 -9.999999999e+02 -9.999999999e+02 -1.8647e-01 -3.3304e+00 +2.8240e+00
4081 0 +5.581955520e-08 -9.999999999e+02 -9.999999999e+02 -1.8646e-01 -3.3304e+00 +2.8240e+00
4083 0 +4.844309842e-08 -1.000000000e+03 -1.000000000e+03 -1.8645e-01 -3.3304e+00 +2.8241e+00
4100 0 +2.161289103e-08 -1.000000000e+03 -1.000000000e+03 -1.8643e-01 -3.3304e+00 +2.8240e+00
4268 0 +1.755029189e-08 -1.000000000e+03 -1.000000000e+03 -1.8643e-01 -3.3304e+00 +2.8240e+00
4316 0 +1.471801170e-08 -1.000000000e+03 -1.000000000e+03 -1.8643e-01 -3.3304e+00 +2.8240e+00
4369 0 +1.255000370e-08 -1.000000000e+03 -1.000000000e+03 -1.8643e-01 -3.3304e+00 +2.8240e+00
4405 0 +1.128591975e-08 -1.000000000e+03 -1.000000000e+03 -1.8643e-01 -3.3304e+00 +2.8240e+00
4406 0 +1.066780442e-08 -1.000000000e+03 -1.000000000e+03 -1.8643e-01 -3.3304e+00 +2.8240e+00
4519 0 +9.949644664e-09 -1.000000000e+03 -1.000000000e+03 -1.8642e-01 -3.3304e+00 +2.8240e+00
5329 0 +7.037215255e-11 -1.000000000e+03 -1.000000000e+03 -1.8640e-01 -3.3304e+00 +2.8240e+00
% f evaluations | g evaluations | best noise-free fitness - Fopt (1.319200000000e+02) + sum g_i+ | measured fitness | best measured fitness or single-digit g-values | x1 | x2...
1 0 +6.417320313e+04 +6.430512313e+04 +6.430512313e+04 +0.0000e+00 +0.0000e+00 +0.0000e+00
2 0 +3.042288868e+04 +3.055480868e+04 +3.055480868e+04 -9.7900e-02 -4.2774e-01 -1.3320e+00
19 0 +1.823719789e+04 +1.836911789e+04 +1.836911789e+04 +4.8502e-01 -2.2895e-03 -1.4806e+00
28 0 +1.629577660e+03 +1.761497660e+03 +1.761497660e+03 +7.6276e-01 -2.8948e-01 -2.8785e+00
38 0 +2.195416218e+02 +3.514616218e+02 +3.514616218e+02 +1.8744e+00 -2.0055e+00 -4.2783e+00
40 0 +1.083559295e+02 +2.402759295e+02 +2.402759295e+02 -2.2197e-01 -7.3346e-01 -4.9373e+00
49 0 +1.068018469e+02 +2.387218469e+02 +2.387218469e+02 -1.8171e-01 -4.0169e-01 -4.0559e+00
85 0 +7.081788621e+01 +2.027378862e+02 +2.027378862e+02 -1.4092e+00 -7.4762e-01 -7.0753e+00
98 0 +5.578568556e+01 +1.877056856e+02 +1.877056856e+02 -6.6627e-01 +8.1520e-01 -6.7207e+00
149 0 +4.930606982e+01 +1.812260698e+02 +1.812260698e+02 -8.9637e-01 +9.8748e-01 -3.8473e+00
212 0 +4.505106236e+01 +1.769710624e+02 +1.769710624e+02 +1.2248e-01 +2.3242e+00 -4.6406e+00
217 0 +4.240104420e+01 +1.743210442e+02 +1.743210442e+02 -1.0440e-01 +2.3364e+00 -4.2570e+00
221 0 +4.069285066e+01 +1.726128507e+02 +1.726128507e+02 -9.8402e-01 +1.3788e+00 -4.0744e+00
225 0 +2.603371302e+01 +1.579537130e+02 +1.579537130e+02 -9.3188e-01 +2.1019e+00 -4.4926e+00
245 0 +2.333659788e+01 +1.552565979e+02 +1.552565979e+02 -1.4145e+00 +1.8354e+00 -5.0341e+00
259 0 +1.247849850e+01 +1.443984985e+02 +1.443984985e+02 -2.1477e+00 +1.8687e+00 -4.4864e+00
269 0 +1.223596124e+01 +1.441559612e+02 +1.441559612e+02 -2.5099e+00 +1.6551e+00 -5.1596e+00
285 0 +7.786585635e+00 +1.397065856e+02 +1.397065856e+02 -3.3017e+00 +1.0766e+00 -4.8452e+00
315 0 +2.903704183e+00 +1.348237042e+02 +1.348237042e+02 -3.1726e+00 +2.0231e+00 -4.4989e+00
353 0 +2.548513843e+00 +1.344685138e+02 +1.344685138e+02 -3.1452e+00 +2.2106e+00 -4.4507e+00
366 0 +2.392714630e+00 +1.343127146e+02 +1.343127146e+02 -3.2281e+00 +1.9376e+00 -4.0156e+00
471 0 +1.979345507e+00 +1.338993455e+02 +1.338993455e+02 -3.2934e+00 +2.2810e+00 -4.4018e+00
617 0 +1.602788146e+00 +1.335227881e+02 +1.335227881e+02 -3.1141e+00 +2.3065e+00 -4.0310e+00
661 0 +6.441503166e-01 +1.325641503e+02 +1.325641503e+02 -3.7556e+00 +1.8876e+00 -4.0796e+00
779 0 +6.005499295e-01 +1.325205499e+02 +1.325205499e+02 -3.8181e+00 +1.7966e+00 -4.0499e+00
782 0 +4.329374071e-01 +1.323529374e+02 +1.323529374e+02 -3.7287e+00 +1.8614e+00 -3.7525e+00
789 0 +3.967571157e-01 +1.323167571e+02 +1.323167571e+02 -3.9910e+00 +1.6173e+00 -3.8294e+00
796 0 +3.550700715e-01 +1.322750701e+02 +1.322750701e+02 -3.7975e+00 +1.8252e+00 -3.7698e+00
834 0 +9.948161340e-02 +1.320194816e+02 +1.320194816e+02 -3.8347e+00 +1.9805e+00 -3.8287e+00
1111 0 +1.624724174e-02 +1.319362472e+02 +1.319362472e+02 -3.9804e+00 +1.8847e+00 -3.7510e+00
1342 0 +8.896621340e-03 +1.319288966e+02 +1.319288966e+02 -3.9512e+00 +1.9074e+00 -3.7212e+00
1590 0 +8.578639194e-03 +1.319285786e+02 +1.319285786e+02 -3.9695e+00 +1.8969e+00 -3.7324e+00
1604 0 +2.336686241e-03 +1.319223367e+02 +1.319223367e+02 -3.9674e+00 +1.9186e+00 -3.7159e+00
1823 0 +8.503479750e-04 +1.319208503e+02 +1.319208503e+02 -3.9776e+00 +1.9057e+00 -3.7010e+00
2148 0 +5.265368032e-04 +1.319205265e+02 +1.319205265e+02 -3.9778e+00 +1.9091e+00 -3.7065e+00
2159 0 +2.668312135e-04 +1.319202668e+02 +1.319202668e+02 -3.9795e+00 +1.9097e+00 -3.7041e+00
2222 0 +3.821675429e-05 +1.319200382e+02 +1.319200382e+02 -3.9825e+00 +1.9089e+00 -3.7007e+00
2720 0 +8.668139088e-06 +1.319200087e+02 +1.319200087e+02 -3.9823e+00 +1.9098e+00 -3.6996e+00
3187 0 +3.479831861e-06 +1.319200035e+02 +1.319200035e+02 -3.9821e+00 +1.9103e+00 -3.6996e+00
3338 0 +2.726551600e-06 +1.319200027e+02 +1.319200027e+02 -3.9821e+00 +1.9105e+00 -3.6996e+00
3464 0 +1.724777178e-06 +1.319200017e+02 +1.319200017e+02 -3.9820e+00 +1.9105e+00 -3.6994e+00
3486 0 +2.802616166e-07 +1.319200003e+02 +1.319200003e+02 -3.9823e+00 +1.9104e+00 -3.6993e+00
3820 0 +1.660262399e-07 +1.319200002e+02 +1.319200002e+02 -3.9823e+00 +1.9104e+00 -3.6992e+00
4060 0 +1.121525770e-07 +1.319200001e+02 +1.319200001e+02 -3.9824e+00 +1.9103e+00 -3.6992e+00
4076 0 +5.813561188e-08 +1.319200001e+02 +1.319200001e+02 -3.9824e+00 +1.9104e+00 -3.6992e+00
4291 0 +5.522682045e-08 +1.319200001e+02 +1.319200001e+02 -3.9824e+00 +1.9104e+00 -3.6992e+00
4362 0 +5.491580168e-08 +1.319200001e+02 +1.319200001e+02 -3.9824e+00 +1.9104e+00 -3.6992e+00
4369 0 +3.782719205e-08 +1.319200000e+02 +1.319200000e+02 -3.9824e+00 +1.9104e+00 -3.6992e+00
4396 0 +2.814951472e-08 +1.319200000e+02 +1.319200000e+02 -3.9824e+00 +1.9104e+00 -3.6992e+00
4513 0 +2.157960921e-08 +1.319200000e+02 +1.319200000e+02 -3.9824e+00 +1.9104e+00 -3.6992e+00
4605 0 +1.353637913e-08 +1.319200000e+02 +1.319200000e+02 -3.9824e+00 +1.9104e+00 -3.6992e+00
4701 0 +1.069429345e-08 +1.319200000e+02 +1.319200000e+02 -3.9824e+00 +1.9104e+00 -3.6992e+00
4721 0 +5.909782885e-09 +1.319200000e+02 +1.319200000e+02 -3.9824e+00 +1.9104e+00 -3.6992e+00
6025 0 +7.543121683e-11 +1.319200000e+02 +1.319200000e+02 -3.9824e+00 +1.9104e+00 -3.6992e+00
% f evaluations | g evaluations | best noise-free fitness - Fopt (5.908400000000e+02) + sum g_i+ | measured fitness | best measured fitness or single-digit g-values | x1 | x2...
1 0 +6.628683860e+04 +6.687767860e+04 +6.687767860e+04 +0.0000e+00 +0.0000e+00 +0.0000e+00
4 0 +6.131615193e+04 +6.190699193e+04 +6.190699193e+04 -1.2534e-01 -8.0146e-01 -1.4859e+00
6 0 +3.493500468e+04 +3.552584468e+04 +3.552584468e+04 +8.6685e-01 -1.9610e-01 -3.2468e-01
13 0 +2.151741095e+04 +2.210825095e+04 +2.210825095e+04 +8.6324e-01 -1.3132e+00 -1.0928e+00
17 0 +1.996947524e+04 +2.056031524e+04 +2.056031524e+04 +6.2571e-01 -2.0112e+00 -9.5545e-01
25 0 +1.110764876e+04 +1.169848876e+04 +1.169848876e+04 +1.1444e+00 -1.9393e+00 -1.1945e+00
29 0 +2.851603258e+03 +3.442443258e+03 +3.442443258e+03 +1.7962e+00 -1.9585e+00 -8.8568e-01
35 0 +2.367141878e+01 +6.145114188e+02 +6.145114188e+02 +2.6352e+00 -4.2653e+00 -1.0519e+00
45 0 +2.292983895e+01 +6.137698390e+02 +6.137698390e+02 +2.5623e+00 -2.3713e+00 -5.6269e-01
52 0 +7.860325563e+00 +5.987003256e+02 +5.987003256e+02 +2.5857e+00 -2.7535e+00 -1.8817e+00
218 0 +6.782064088e+00 +5.976220641e+02 +5.976220641e+02 +2.4195e+00 -2.7649e+00 -1.9951e+00
250 0 +5.734841949e+00 +5.965748419e+02 +5.965748419e+02 +2.3536e+00 -3.0104e+00 -2.2329e+00
276 0 +4.373070048e+00 +5.952130700e+02 +5.952130700e+02 +2.3772e+00 -3.4991e+00 -2.6126e+00
279 0 +1.831468311e+00 +5.926714683e+02 +5.926714683e+02 +2.0116e+00 -3.8717e+00 -3.1706e+00
313 0 +1.193492270e+00 +5.920334923e+02 +5.920334923e+02 +1.7847e+00 -3.3878e+00 -3.0197e+00
324 0 +8.966455380e-01 +5.917366455e+02 +5.917366455e+02 +1.8678e+00 -3.2449e+00 -3.1330e+00
329 0 +7.396582763e-01 +5.915796583e+02 +5.915796583e+02 +1.5978e+00 -3.4683e+00 -3.1352e+00
374 0 +7.116756010e-01 +5.915516756e+02 +5.915516756e+02 +1.7567e+00 -3.7366e+00 -3.3761e+00
451 0 +4.592403771e-01 +5.912992404e+02 +5.912992404e+02 +1.7249e+00 -3.3982e+00 -3.2544e+00
503 0 +2.501949118e-01 +5.910901949e+02 +5.910901949e+02 +1.6267e+00 -3.2247e+00 -3.2839e+00
632 0 +1.720601904e-01 +5.910120602e+02 +5.910120602e+02 +1.5652e+00 -3.4238e+00 -3.3526e+00
663 0 +1.622495418e-01 +5.910022495e+02 +5.910022495e+02 +1.5095e+00 -3.2840e+00 -3.3048e+00
699 0 +1.482928704e-01 +5.909882929e+02 +5.909882929e+02 +1.5932e+00 -3.3718e+00 -3.3798e+00
729 0 +1.409630102e-01 +5.909809630e+02 +5.909809630e+02 +1.5779e+00 -3.2886e+00 -3.3547e+00
742 0 +2.567841143e-02 +5.908656784e+02 +5.908656784e+02 +1.4781e+00 -3.3565e+00 -3.4418e+00
1036 0 +2.173670069e-02 +5.908617367e+02 +5.908617367e+02 +1.4722e+00 -3.4144e+00 -3.4851e+00
1066 0 +2.120793989e-02 +5.908612079e+02 +5.908612079e+02 +1.4717e+00 -3.3446e+00 -3.4453e+00
1083 0 +1.015587326e-02 +5.908501559e+02 +5.908501559e+02 +1.4668e+00 -3.3107e+00 -3.4539e+00
1175 0 +4.606883797e-03 +5.908446069e+02 +5.908446069e+02 +1.4608e+00 -3.3603e+00 -3.4875e+00
1190 0 +2.227123482e-03 +5.908422271e+02 +5.908422271e+02 +1.4590e+00 -3.3412e+00 -3.4870e+00
1687 0 +2.020743454e-03 +5.908420207e+02 +5.908420207e+02 +1.4596e+00 -3.3368e+00 -3.4881e+00
1705 0 +1.568124309e-03 +5.908415681e+02 +5.908415681e+02 +1.4553e+00 -3.3407e+00 -3.4873e+00
1775 0 +8.605088730e-04 +5.908408605e+02 +5.908408605e+02 +1.4532e+00 -3.3344e+00 -3.4897e+00
1829 0 +5.176220116e-04 +5.908405176e+02 +5.908405176e+02 +1.4509e+00 -3.3317e+00 -3.4906e+00
1864 0 +4.963746289e-04 +5.908404964e+02 +5.908404964e+02 +1.4498e+00 -3.3381e+00 -3.4925e+00
2052 0 +2.715260733e-04 +5.908402715e+02 +5.908402715e+02 +1.4483e+00 -3.3369e+00 -3.4936e+00
2100 0 +2.684988793e-04 +5.908402685e+02 +5.908402685e+02 +1.4474e+00 -3.3385e+00 -3.4946e+00
2106 0 +1.396355595e-04 +5.908401396e+02 +5.908401396e+02 +1.4476e+00 -3.3351e+00 -3.4947e+00
2133 0 +9.092018570e-05 +5.908400909e+02 +5.908400909e+02 +1.4480e+00 -3.3355e+00 -3.4960e+00
2370 0 +6.628774452e-05 +5.908400663e+02 +5.908400663e+02 +1.4477e+00 -3.3374e+00 -3.4973e+00
2453 0 +5.723624201e-05 +5.908400572e+02 +5.908400572e+02 +1.4474e+00 -3.3358e+00 -3.4966e+00
2488 0 +3.596232330e-05 +5.908400360e+02 +5.908400360e+02 +1.4462e+00 -3.3364e+00 -3.4969e+00
2493 0 +1.665693071e-05 +5.908400167e+02 +5.908400167e+02 +1.4465e+00 -3.3366e+00 -3.4977e+00
2750 0 +9.767532674e-06 +5.908400098e+02 +5.908400098e+02 +1.4461e+00 -3.3356e+00 -3.4975e+00
2762 0 +2.974917379e-07 +5.908400003e+02 +5.908400003e+02 +1.4456e+00 -3.3361e+00 -3.4983e+00
3691 0 +2.840370144e-07 +5.908400003e+02 +5.908400003e+02 +1.4457e+00 -3.3359e+00 -3.4983e+00
3727 0 +2.595622846e-07 +5.908400003e+02 +5.908400003e+02 +1.4457e+00 -3.3360e+00 -3.4983e+00
3739 0 +1.958852636e-07 +5.908400002e+02 +5.908400002e+02 +1.4456e+00 -3.3360e+00 -3.4983e+00
3771 0 +1.686273663e-07 +5.908400002e+02 +5.908400002e+02 +1.4457e+00 -3.3360e+00 -3.4983e+00
3788 0 +1.251210051e-07 +5.908400001e+02 +5.908400001e+02 +1.4457e+00 -3.3360e+00 -3.4983e+00
3790 0 +9.832422165e-08 +5.908400001e+02 +5.908400001e+02 +1.4456e+00 -3.3360e+00 -3.4983e+00
3974 0 +5.708864137e-08 +5.908400001e+02 +5.908400001e+02 +1.4456e+00 -3.3361e+00 -3.4984e+00
3982 0 +5.497452094e-08 +5.908400001e+02 +5.908400001e+02 +1.4456e+00 -3.3360e+00 -3.4984e+00
4017 0 +5.412630344e-08 +5.908400001e+02 +5.908400001e+02 +1.4456e+00 -3.3360e+00 -3.4984e+00
4022 0 +1.155422069e-08 +5.908400000e+02 +5.908400000e+02 +1.4456e+00 -3.3360e+00 -3.4984e+00
4135 0 +5.872834663e-09 +5.908400000e+02 +5.908400000e+02 +1.4456e+00 -3.3360e+00 -3.4984e+00
5173 0 +6.980371836e-11 +5.908400000e+02 +5.908400000e+02 +1.4456e+00 -3.3360e+00 -3.4984e+00
% f evaluations | g evaluations | best noise-free fitness - Fopt (6.749000000000e+01) + sum g_i+ | measured fitness | best measured fitness or single-digit g-values | x1 | x2...
1 0 +1.669014407e+04 +1.675763407e+04 +1.675763407e+04 +0.0000e+00 +0.0000e+00 +0.0000e+00
3 0 +1.062040323e+04 +1.068789323e+04 +1.068789323e+04 -3.7932e-01 -3.4795e-01 +1.0703e-01
4 0 +3.174180826e+03 +3.241670826e+03 +3.241670826e+03 +2.7025e-01 -3.2407e-01 +1.4418e+00
5 0 +2.239434545e+03 +2.306924545e+03 +2.306924545e+03 +1.4113e+00 +1.6270e+00 +1.0696e+00
6 0 +2.445549375e+00 +6.993554937e+01 +6.993554937e+01 -5.4019e-01 +2.3304e-01 +8.4949e-01
27 0 +7.426027748e-01 +6.823260277e+01 +6.823260277e+01 -4.6826e-01 -2.2919e-01 +8.4698e-01
179 0 +5.206413196e-01 +6.801064132e+01 +6.801064132e+01 -8.9340e-01 -4.8007e-01 +7.6553e-01
213 0 +3.330981489e-01 +6.782309815e+01 +6.782309815e+01 -6.3321e-01 -4.6341e-01 +7.7127e-01
268 0 +3.227401269e-01 +6.781274013e+01 +6.781274013e+01 -7.6633e-01 -4.9055e-01 +7.0858e-01
360 0 +2.769225196e-01 +6.776692252e+01 +6.776692252e+01 -8.8121e-01 -7.0838e-01 +8.7603e-01
520 0 +1.525184761e-01 +6.764251848e+01 +6.764251848e+01 -9.1617e-01 -8.1310e-01 +8.6261e-01
587 0 +1.474985729e-01 +6.763749857e+01 +6.763749857e+01 -8.5852e-01 -6.6257e-01 +7.3422e-01
622 0 +3.086250067e-02 +6.752086250e+01 +6.752086250e+01 -8.7249e-01 -8.2342e-01 +8.0103e-01
711 0 +2.869419504e-02 +6.751869420e+01 +6.751869420e+01 -8.8182e-01 -8.2199e-01 +7.8937e-01
992 0 +2.320918732e-02 +6.751320919e+01 +6.751320919e+01 -8.7469e-01 -8.2481e-01 +7.8665e-01
1000 0 +2.198289171e-02 +6.751198289e+01 +6.751198289e+01 -8.4761e-01 -8.2475e-01 +8.0114e-01
1016 0 +2.130944343e-02 +6.751130944e+01 +6.751130944e+01 -8.6164e-01 -8.3272e-01 +8.0032e-01
1035 0 +1.431707959e-02 +6.750431708e+01 +6.750431708e+01 -8.6630e-01 -8.4106e-01 +7.9036e-01
1111 0 +9.407150264e-03 +6.749940715e+01 +6.749940715e+01 -8.3988e-01 -8.4918e-01 +7.9583e-01
1315 0 +6.398903250e-03 +6.749639890e+01 +6.749639890e+01 -8.5764e-01 -8.6581e-01 +7.9754e-01
1487 0 +4.868470697e-03 +6.749486847e+01 +6.749486847e+01 -8.6443e-01 -8.6597e-01 +7.9161e-01
1509 0 +2.892675432e-03 +6.749289268e+01 +6.749289268e+01 -8.9377e-01 -8.9683e-01 +7.9232e-01
1512 0 +9.844321852e-04 +6.749098443e+01 +6.749098443e+01 -8.8033e-01 -8.9036e-01 +7.8464e-01
1522 0 +5.049259626e-04 +6.749050493e+01 +6.749050493e+01 -8.7885e-01 -8.9676e-01 +7.8987e-01
1865 0 +4.519178005e-04 +6.749045192e+01 +6.749045192e+01 -8.8615e-01 -9.0203e-01 +7.8893e-01
1885 0 +4.122754086e-04 +6.749041228e+01 +6.749041228e+01 -8.8366e-01 -8.9884e-01 +7.8767e-01
1905 0 +5.471506338e-05 +6.749005472e+01 +6.749005472e+01 -8.8455e-01 -9.0560e-01 +7.8840e-01
2354 0 +2.673567649e-05 +6.749002674e+01 +6.749002674e+01 -8.8293e-01 -9.0472e-01 +7.8819e-01
2366 0 +2.444964011e-05 +6.749002445e+01 +6.749002445e+01 -8.8320e-01 -9.0516e-01 +7.8734e-01
2403 0 +2.016918548e-05 +6.749002017e+01 +6.749002017e+01 -8.8271e-01 -9.0449e-01 +7.8782e-01
2468 0 +6.546544682e-06 +6.749000655e+01 +6.749000655e+01 -8.8343e-01 -9.0577e-01 +7.8795e-01
2814 0 +9.227399858e-07 +6.749000092e+01 +6.749000092e+01 -8.8315e-01 -9.0616e-01 +7.8807e-01
3253 0 +6.728375723e-07 +6.749000067e+01 +6.749000067e+01 -8.8327e-01 -9.0620e-01 +7.8791e-01
3343 0 +3.480590465e-07 +6.749000035e+01 +6.749000035e+01 -8.8316e-01 -9.0621e-01 +7.8798e-01
3535 0 +1.916286436e-07 +6.749000019e+01 +6.749000019e+01 -8.8315e-01 -9.0625e-01 +7.8799e-01
3581 0 +9.972004023e-08 +6.749000010e+01 +6.749000010e+01 -8.8325e-01 -9.0637e-01 +7.8800e-01
3902 0 +8.298803778e-08 +6.749000008e+01 +6.749000008e+01 -8.8313e-01 -9.0633e-01 +7.8802e-01
3958 0 +6.265507579e-08 +6.749000006e+01 +6.749000006e+01 -8.8319e-01 -9.0633e-01 +7.8799e-01
4156 0 +2.272446409e-08 +6.749000002e+01 +6.749000002e+01 -8.8322e-01 -9.0639e-01 +7.8800e-01
4227 0 +2.148658496e-08 +6.749000002e+01 +6.749000002e+01 -8.8319e-01 -9.0636e-01 +7.8800e-01
4288 0 +2.116178166e-08 +6.749000002e+01 +6.749000002e+01 -8.8319e-01 -9.0636e-01 +7.8801e-01
4328 0 +2.076563987e-08 +6.749000002e+01 +6.749000002e+01 -8.8318e-01 -9.0636e-01 +7.8800e-01
4369 0 +1.974815689e-08 +6.749000002e+01 +6.749000002e+01 -8.8318e-01 -9.0637e-01 +7.8801e-01
4425 0 +1.633949864e-08 +6.749000002e+01 +6.749000002e+01 -8.8321e-01 -9.0638e-01 +7.8800e-01
4445 0 +1.383224912e-08 +6.749000001e+01 +6.749000001e+01 -8.8321e-01 -9.0638e-01 +7.8800e-01
4457 0 +1.016204010e-08 +6.749000001e+01 +6.749000001e+01 -8.8321e-01 -9.0638e-01 +7.8800e-01
4473 0 +4.082352234e-09 +6.749000000e+01 +6.749000000e+01 -8.8320e-01 -9.0638e-01 +7.8800e-01
5461 0 +5.672973202e-11 +6.749000000e+01 +6.749000000e+01 -8.8320e-01 -9.0640e-01 +7.8800e-01
% f evaluations | g evaluations | best noise-free fitness - Fopt (3.085000000000e+01) + sum g_i+ | measured fitness | best measured fitness or single-digit g-values | x1 | x2...
1 0 +6.605154071e+01 +9.690154071e+01 +9.690154071e+01 +0.0000e+00 +0.0000e+00 +0.0000e+00
10 0 +6.211427106e+01 +9.296427106e+01 +9.296427106e+01 +4.4061e-01 -9.4333e-01 -9.3999e-01
50 0 +5.319901431e+01 +8.404901431e+01 +8.404901431e+01 +4.6835e-01 -1.4961e+00 -9.1666e-01
65 0 +3.461201643e+01 +6.546201643e+01 +6.546201643e+01 +1.2172e+00 -1.2069e+00 -4.1532e-01
69 0 +3.249042249e+01 +6.334042249e+01 +6.334042249e+01 +9.8170e-02 -3.9650e+00 -6.9688e-01
74 0 +2.777050964e+01 +5.862050964e+01 +5.862050964e+01 +1.3803e+00 -2.0802e+00 -8.8256e-01
84 0 +2.626090179e+01 +5.711090179e+01 +5.711090179e+01 +1.1673e+00 -2.0967e+00 -6.0018e-01
86 0 +2.555929917e+01 +5.640929917e+01 +5.640929917e+01 +8.4583e-01 -2.3903e+00 -3.7219e-01
89 0 +1.970021579e+01 +5.055021579e+01 +5.055021579e+01 +6.6706e-01 -5.5892e+00 -9.5735e-01
105 0 +1.628316346e+01 +4.713316346e+01 +4.713316346e+01 +1.9462e+00 -2.7162e+00 -9.4627e-01
111 0 +1.370702174e+01 +4.455702174e+01 +4.455702174e+01 +1.2872e+00 -3.8961e+00 -7.9270e-01
114 0 +4.019898198e+00 +3.486989820e+01 +3.486989820e+01 +2.2165e+00 -3.6793e+00 -5.0566e-01
186 0 +3.733409564e+00 +3.458340956e+01 +3.458340956e+01 +2.2319e+00 -3.5040e+00 -3.7714e-01
271 0 +2.210890973e+00 +3.306089097e+01 +3.306089097e+01 +2.2073e+00 -4.1623e+00 -3.0325e-01
343 0 +1.372317282e+00 +3.222231728e+01 +3.222231728e+01 +2.6808e+00 -4.3036e+00 -6.8246e-01
391 0 +1.317706521e+00 +3.216770652e+01 +3.216770652e+01 +2.5619e+00 -3.8045e+00 -3.9697e-01
428 0 +6.255743705e-01 +3.147557437e+01 +3.147557437e+01 +2.7487e+00 -3.7015e+00 -3.4712e-01
475 0 +4.139680804e-01 +3.126396808e+01 +3.126396808e+01 +2.5980e+00 -3.8104e+00 -1.2776e-01
478 0 +3.829436941e-01 +3.123294369e+01 +3.123294369e+01 +2.8558e+00 -3.5013e+00 -2.4620e-01
684 0 +2.370968950e-01 +3.108709690e+01 +3.108709690e+01 +2.7456e+00 -3.8817e+00 -2.7606e-01
695 0 +1.820209235e-01 +3.103202092e+01 +3.103202092e+01 +2.7576e+00 -3.7456e+00 -2.0848e-01
719 0 +1.539985781e-01 +3.100399858e+01 +3.100399858e+01 +2.7591e+00 -3.6911e+00 -1.5424e-01
763 0 +1.464548035e-01 +3.099645480e+01 +3.099645480e+01 +2.7490e+00 -3.8555e+00 -1.9340e-01
815 0 +8.693942191e-02 +3.093693942e+01 +3.093693942e+01 +2.8183e+00 -3.8520e+00 -2.4600e-01
868 0 +5.650471044e-02 +3.090650471e+01 +3.090650471e+01 +2.8930e+00 -3.7623e+00 -2.4808e-01
959 0 +9.028533133e-03 +3.085902853e+01 +3.085902853e+01 +2.8744e+00 -3.7401e+00 -1.6503e-01
1318 0 +2.743075759e-03 +3.085274308e+01 +3.085274308e+01 +2.8961e+00 -3.7409e+00 -1.7311e-01
1677 0 +7.213000346e-05 +3.085007213e+01 +3.085007213e+01 +2.9096e+00 -3.7231e+00 -1.6388e-01
2527 0 +5.503918200e-05 +3.085005504e+01 +3.085005504e+01 +2.9084e+00 -3.7222e+00 -1.6199e-01
2595 0 +5.216896351e-05 +3.085005217e+01 +3.085005217e+01 +2.9100e+00 -3.7213e+00 -1.6320e-01
2627 0 +4.879227881e-05 +3.085004879e+01 +3.085004879e+01 +2.9086e+00 -3.7203e+00 -1.6100e-01
2647 0 +4.723636845e-05 +3.085004724e+01 +3.085004724e+01 +2.9085e+00 -3.7209e+00 -1.6115e-01
2693 0 +1.567572858e-05 +3.085001568e+01 +3.085001568e+01 +2.9095e+00 -3.7206e+00 -1.6146e-01
2943 0 +2.578996337e-06 +3.085000258e+01 +3.085000258e+01 +2.9103e+00 -3.7208e+00 -1.6183e-01
3296 0 +1.664722994e-06 +3.085000166e+01 +3.085000166e+01 +2.9102e+00 -3.7209e+00 -1.6177e-01
3337 0 +1.465977867e-06 +3.085000147e+01 +3.085000147e+01 +2.9103e+00 -3.7210e+00 -1.6185e-01
3402 0 +1.168800136e-06 +3.085000117e+01 +3.085000117e+01 +2.9103e+00 -3.7211e+00 -1.6183e-01
3471 0 +9.706983981e-07 +3.085000097e+01 +3.085000097e+01 +2.9102e+00 -3.7209e+00 -1.6169e-01
3492 0 +5.935161091e-07 +3.085000059e+01 +3.085000059e+01 +2.9103e+00 -3.7207e+00 -1.6166e-01
3501 0 +3.872796341e-07 +3.085000039e+01 +3.085000039e+01 +2.9103e+00 -3.7210e+00 -1.6170e-01
3622 0 +2.447755527e-07 +3.085000024e+01 +3.085000024e+01 +2.9103e+00 -3.7208e+00 -1.6164e-01
3705 0 +6.583453427e-08 +3.085000007e+01 +3.085000007e+01 +2.9104e+00 -3.7208e+00 -1.6158e-01
3839 0 +1.930388649e-08 +3.085000002e+01 +3.085000002e+01 +2.9104e+00 -3.7208e+00 -1.6162e-01
4032 0 +5.818939997e-09 +3.085000001e+01 +3.085000001e+01 +2.9104e+00 -3.7208e+00 -1.6161e-01
5413 0 +2.098232699e-11 +3.085000000e+01 +3.085000000e+01 +2.9104e+00 -3.7208e+00 -1.6160e-01
% f evaluations | g evaluations | best noise-free fitness - Fopt (-1.255000000000e+01) + sum g_i+ | measured fitness | best measured fitness or single-digit g-values | x1 | x2...
1 0 +5.437825543e+05 +5.437700043e+05 +5.437700043e+05 +0.0000e+00 +0.0000e+00 +0.0000e+00
2 0 +3.794236012e+05 +3.794110512e+05 +3.794110512e+05 -1.5961e-01 +1.3153e+00 +1.8730e-01
7 0 +2.194631982e+05 +2.194506482e+05 +2.194506482e+05 +1.4736e+00 +1.6623e+00 +5.4331e-01
28 0 +1.608601340e+05 +1.608475840e+05 +1.608475840e+05 +2.1498e+00 +9.6164e-01 +1.1538e+00
38 0 +1.517518129e+05 +1.517392629e+05 +1.517392629e+05 +4.4880e+00 -8.8940e-01 +1.2363e+00
49 0 +9.335471130e+04 +9.334216130e+04 +9.334216130e+04 +4.7367e+00 +8.1593e-01 +9.4435e-01
59 0 +6.557661716e+04 +6.556406716e+04 +6.556406716e+04 +4.7887e+00 +5.3327e-01 +1.3567e+00
79 0 +3.463609663e+04 +3.462354663e+04 +3.462354663e+04 +4.7800e+00 +8.0619e-01 +1.7777e+00
89 0 +6.326948356e+03 +6.314398356e+03 +6.314398356e+03 +4.0094e+00 +8.1545e-01 +3.1996e+00
104 0 +5.734855190e+02 +5.609355190e+02 +5.609355190e+02 +4.7088e+00 +9.0903e-01 +3.2079e+00
111 0 +5.238546813e+01 +3.983546813e+01 +3.983546813e+01 +3.4026e+00 +2.0340e+00 +3.1747e+00
123 0 +1.761560701e+01 +5.065607008e+00 +5.065607008e+00 +5.4113e+00 +8.2479e-01 +3.4350e+00
170 0 +6.246457733e+00 -6.303542267e+00 -6.303542267e+00 +4.6474e+00 +3.0341e+00 +2.8330e+00
190 0 +3.876629699e+00 -8.673370301e+00 -8.673370301e+00 +3.8940e+00 +1.8795e+00 +3.5044e+00
199 0 +1.799477863e+00 -1.075052214e+01 -1.075052214e+01 +3.7357e+00 +2.9112e+00 +2.9598e+00
264 0 +1.317250948e+00 -1.123274905e+01 -1.123274905e+01 +3.6514e+00 +2.1938e+00 +3.1598e+00
596 0 +8.371339724e-01 -1.171286603e+01 -1.171286603e+01 +3.5134e+00 +2.4490e+00 +3.1147e+00
642 0 +6.550609261e-01 -1.189493907e+01 -1.189493907e+01 +3.7174e+00 +2.2903e+00 +2.8348e+00
661 0 +5.225668422e-01 -1.202743316e+01 -1.202743316e+01 +3.6873e+00 +2.3332e+00 +2.8616e+00
666 0 +4.724133160e-01 -1.207758668e+01 -1.207758668e+01 +3.4912e+00 +2.2359e+00 +3.0534e+00
696 0 +2.178520292e-01 -1.233214797e+01 -1.233214797e+01 +3.4631e+00 +2.5966e+00 +2.8800e+00
817 0 +1.573116766e-02 -1.253426883e+01 -1.253426883e+01 +3.3960e+00 +2.5044e+00 +2.8220e+00
1274 0 +1.503427644e-02 -1.253496572e+01 -1.253496572e+01 +3.4092e+00 +2.5097e+00 +2.8085e+00
1302 0 +8.877063439e-03 -1.254112294e+01 -1.254112294e+01 +3.4018e+00 +2.5516e+00 +2.7939e+00
1507 0 +7.329512505e-03 -1.254267049e+01 -1.254267049e+01 +3.3761e+00 +2.5053e+00 +2.8166e+00
1509 0 +4.546691455e-03 -1.254545331e+01 -1.254545331e+01 +3.3927e+00 +2.5204e+00 +2.7954e+00
1700 0 +2.104473550e-03 -1.254789553e+01 -1.254789553e+01 +3.3923e+00 +2.5390e+00 +2.7858e+00
1889 0 +5.995993705e-04 -1.254940040e+01 -1.254940040e+01 +3.3777e+00 +2.5380e+00 +2.7911e+00
2159 0 +4.840349437e-04 -1.254951597e+01 -1.254951597e+01 +3.3789e+00 +2.5332e+00 +2.7898e+00
2209 0 +2.392010181e-04 -1.254976080e+01 -1.254976080e+01 +3.3773e+00 +2.5362e+00 +2.7887e+00
2462 0 +1.935525718e-04 -1.254980645e+01 -1.254980645e+01 +3.3788e+00 +2.5374e+00 +2.7871e+00
2488 0 +1.122347770e-04 -1.254988777e+01 -1.254988777e+01 +3.3784e+00 +2.5401e+00 +2.7858e+00
2549 0 +8.931477619e-05 -1.254991069e+01 -1.254991069e+01 +3.3779e+00 +2.5429e+00 +2.7843e+00
2572 0 +6.171629793e-05 -1.254993828e+01 -1.254993828e+01 +3.3774e+00 +2.5403e+00 +2.7857e+00
2763 0 +4.461444455e-05 -1.254995539e+01 -1.254995539e+01 +3.3771e+00 +2.5385e+00 +2.7859e+00
2846 0 +3.388783196e-05 -1.254996611e+01 -1.254996611e+01 +3.3755e+00 +2.5387e+00 +2.7867e+00
3008 0 +2.973919923e-05 -1.254997026e+01 -1.254997026e+01 +3.3766e+00 +2.5388e+00 +2.7860e+00
3013 0 +2.904805821e-05 -1.254997095e+01 -1.254997095e+01 +3.3773e+00 +2.5400e+00 +2.7851e+00
3027 0 +2.644459385e-05 -1.254997356e+01 -1.254997356e+01 +3.3762e+00 +2.5385e+00 +2.7861e+00
3034 0 +1.571801646e-05 -1.254998428e+01 -1.254998428e+01 +3.3769e+00 +2.5405e+00 +2.7849e+00
3061 0 +1.536923158e-05 -1.254998463e+01 -1.254998463e+01 +3.3768e+00 +2.5409e+00 +2.7847e+00
3084 0 +1.171068143e-05 -1.254998829e+01 -1.254998829e+01 +3.3768e+00 +2.5394e+00 +2.7850e+00
3205 0 +7.236613021e-06 -1.254999276e+01 -1.254999276e+01 +3.3764e+00 +2.5396e+00 +2.7852e+00
3348 0 +1.746244086e-06 -1.254999825e+01 -1.254999825e+01 +3.3761e+00 +2.5397e+00 +2.7850e+00
3616 0 +1.614318904e-06 -1.254999839e+01 -1.254999839e+01 +3.3761e+00 +2.5401e+00 +2.7849e+00
3692 0 +7.901305423e-07 -1.254999921e+01 -1.254999921e+01 +3.3760e+00 +2.5399e+00 +2.7850e+00
3934 0 +3.761206244e-07 -1.254999962e+01 -1.254999962e+01 +3.3761e+00 +2.5399e+00 +2.7849e+00
4038 0 +2.903629728e-07 -1.254999971e+01 -1.254999971e+01 +3.3761e+00 +2.5400e+00 +2.7848e+00
4172 0 +2.588614247e-07 -1.254999974e+01 -1.254999974e+01 +3.3761e+00 +2.5401e+00 +2.7848e+00
4201 0 +1.921517647e-07 -1.254999981e+01 -1.254999981e+01 +3.3760e+00 +2.5400e+00 +2.7849e+00
4221 0 +1.795989224e-07 -1.254999982e+01 -1.254999982e+01 +3.3760e+00 +2.5400e+00 +2.7849e+00
4229 0 +1.718443343e-07 -1.254999983e+01 -1.254999983e+01 +3.3761e+00 +2.5400e+00 +2.7848e+00
4260 0 +1.385764659e-07 -1.254999986e+01 -1.254999986e+01 +3.3760e+00 +2.5400e+00 +2.7848e+00
4262 0 +1.722890453e-08 -1.254999998e+01 -1.254999998e+01 +3.3760e+00 +2.5400e+00 +2.7848e+00
4454 0 +1.397444649e-08 -1.254999999e+01 -1.254999999e+01 +3.3760e+00 +2.5400e+00 +2.7848e+00
4711 0 +1.222053214e-08 -1.254999999e+01 -1.254999999e+01 +3.3760e+00 +2.5400e+00 +2.7848e+00
4766 0 +1.106540815e-08 -1.254999999e+01 -1.254999999e+01 +3.3760e+00 +2.5400e+00 +2.7848e+00
4779 0 +1.031729191e-08 -1.254999999e+01 -1.254999999e+01 +3.3760e+00 +2.5400e+00 +2.7848e+00
4854 0 +4.711669277e-09 -1.255000000e+01 -1.255000000e+01 +3.3760e+00 +2.5400e+00 +2.7848e+00
6037 0 +6.884626202e-11 -1.255000000e+01 -1.255000000e+01 +3.3760e+00 +2.5400e+00 +2.7848e+00
% f evaluations | g evaluations | best noise-free fitness - Fopt (5.383900000000e+02) + sum g_i+ | measured fitness | best measured fitness or single-digit g-values | x1 | x2...
1 0 +1.168691195e+05 +1.174075095e+05 +1.174075095e+05 +0.0000e+00 +0.0000e+00 +0.0000e+00
3 0 +5.378215939e+04 +5.432054939e+04 +5.432054939e+04 -7.7252e-01 +1.6377e+00 +8.3878e-02
16 0 +3.377648811e+04 +3.431487811e+04 +3.431487811e+04 +1.7812e-01 +1.7357e+00 +8.7813e-01
26 0 +6.295615848e+02 +1.167951585e+03 +1.167951585e+03 -1.6587e-01 +3.5141e+00 +1.6201e+00
36 0 +2.254443982e+01 +5.609344398e+02 +5.609344398e+02 +1.5554e+00 +3.3802e+00 +1.5279e+00
57 0 +1.495771231e+01 +5.533477123e+02 +5.533477123e+02 +1.8956e+00 +3.3603e+00 +1.2387e+00
148 0 +1.285956977e+01 +5.512495698e+02 +5.512495698e+02 +2.0042e+00 +3.3507e+00 +1.3166e+00
170 0 +1.222409648e+01 +5.506140965e+02 +5.506140965e+02 +2.4039e+00 +3.2491e+00 +1.9353e-01
182 0 +7.421431021e+00 +5.458114310e+02 +5.458114310e+02 +2.8529e+00 +3.5568e+00 +3.6423e-01
187 0 +3.068364763e+00 +5.414583648e+02 +5.414583648e+02 +3.5531e+00 +3.6532e+00 +8.9524e-01
199 0 +2.996145698e+00 +5.413861457e+02 +5.413861457e+02 +3.6463e+00 +3.6651e+00 +9.8155e-01
217 0 +2.692213951e+00 +5.410822140e+02 +5.410822140e+02 +3.5110e+00 +3.5747e+00 +8.6223e-01
230 0 +2.568775887e+00 +5.409587759e+02 +5.409587759e+02 +3.2193e+00 +3.3124e+00 +6.1897e-01
550 0 +2.282803301e+00 +5.406728033e+02 +5.406728033e+02 +3.5557e+00 +3.4561e+00 +6.0227e-01
579 0 +1.389450056e+00 +5.397794501e+02 +5.397794501e+02 +3.6616e+00 +3.3376e+00 +6.9472e-01
609 0 +1.028245794e+00 +5.394182458e+02 +5.394182458e+02 +3.5764e+00 +3.2214e+00 +6.4833e-01
637 0 +8.505944714e-01 +5.392405945e+02 +5.392405945e+02 +3.5153e+00 +3.1336e+00 +4.1575e-01
640 0 +7.774015473e-01 +5.391674015e+02 +5.391674015e+02 +3.6011e+00 +3.1755e+00 +7.3662e-01
650 0 +7.406649721e-01 +5.391306650e+02 +5.391306650e+02 +3.5609e+00 +3.0509e+00 +2.1860e-01
661 0 +4.452263490e-01 +5.388352263e+02 +5.388352263e+02 +3.3703e+00 +2.8463e+00 +3.2035e-01
693 0 +2.994287528e-01 +5.386894288e+02 +5.386894288e+02 +3.4412e+00 +2.8352e+00 +3.0834e-01
768 0 +2.657095688e-01 +5.386557096e+02 +5.386557096e+02 +3.3813e+00 +2.8955e+00 +6.4145e-01
781 0 +1.560283722e-01 +5.385460284e+02 +5.385460284e+02 +3.3854e+00 +2.7637e+00 +4.3305e-01
817 0 +1.491000567e-01 +5.385391001e+02 +5.385391001e+02 +3.4836e+00 +2.8652e+00 +4.9681e-01
825 0 +1.350978735e-01 +5.385250979e+02 +5.385250979e+02 +3.3946e+00 +2.7429e+00 +4.2430e-01
851 0 +8.179189220e-02 +5.384717919e+02 +5.384717919e+02 +3.5047e+00 +2.7473e+00 +3.3812e-01
1059 0 +7.014614771e-02 +5.384601461e+02 +5.384601461e+02 +3.4498e+00 +2.8089e+00 +5.6317e-01
1068 0 +2.379920263e-02 +5.384137992e+02 +5.384137992e+02 +3.4353e+00 +2.7543e+00 +5.4660e-01
1310 0 +1.149335540e-02 +5.384014934e+02 +5.384014934e+02 +3.4421e+00 +2.7298e+00 +5.2171e-01
1321 0 +5.382020964e-03 +5.383953820e+02 +5.383953820e+02 +3.4361e+00 +2.7264e+00 +5.6049e-01
1322 0 +8.505751656e-04 +5.383908506e+02 +5.383908506e+02 +3.4480e+00 +2.7163e+00 +5.5817e-01
1839 0 +5.130878317e-04 +5.383905131e+02 +5.383905131e+02 +3.4452e+00 +2.7115e+00 +5.4947e-01
1904 0 +5.080758439e-04 +5.383905081e+02 +5.383905081e+02 +3.4457e+00 +2.7111e+00 +5.4786e-01
1905 0 +4.468089237e-04 +5.383904468e+02 +5.383904468e+02 +3.4422e+00 +2.7100e+00 +5.5640e-01
2174 0 +2.352633438e-04 +5.383902353e+02 +5.383902353e+02 +3.4469e+00 +2.7077e+00 +5.4613e-01
2239 0 +1.130978020e-04 +5.383901131e+02 +5.383901131e+02 +3.4471e+00 +2.7095e+00 +5.5256e-01
2249 0 +9.203522200e-05 +5.383900920e+02 +5.383900920e+02 +3.4461e+00 +2.7089e+00 +5.5227e-01
2259 0 +2.285525125e-05 +5.383900229e+02 +5.383900229e+02 +3.4456e+00 +2.7075e+00 +5.5353e-01
2380 0 +2.140723245e-05 +5.383900214e+02 +5.383900214e+02 +3.4454e+00 +2.7075e+00 +5.5418e-01
2579 0 +3.313692218e-06 +5.383900033e+02 +5.383900033e+02 +3.4456e+00 +2.7067e+00 +5.5339e-01
3083 0 +3.018800385e-06 +5.383900030e+02 +5.383900030e+02 +3.4454e+00 +2.7066e+00 +5.5362e-01
3170 0 +2.140536594e-06 +5.383900021e+02 +5.383900021e+02 +3.4457e+00 +2.7067e+00 +5.5327e-01
3184 0 +1.392105332e-06 +5.383900014e+02 +5.383900014e+02 +3.4455e+00 +2.7065e+00 +5.5338e-01
3242 0 +9.007056860e-07 +5.383900009e+02 +5.383900009e+02 +3.4457e+00 +2.7066e+00 +5.5339e-01
3277 0 +5.931269698e-07 +5.383900006e+02 +5.383900006e+02 +3.4457e+00 +2.7066e+00 +5.5351e-01
3329 0 +5.331623925e-07 +5.383900005e+02 +5.383900005e+02 +3.4456e+00 +2.7065e+00 +5.5361e-01
3390 0 +4.042855153e-07 +5.383900004e+02 +5.383900004e+02 +3.4456e+00 +2.7065e+00 +5.5364e-01
3495 0 +1.917750296e-07 +5.383900002e+02 +5.383900002e+02 +3.4456e+00 +2.7065e+00 +5.5360e-01
3580 0 +1.001910732e-07 +5.383900001e+02 +5.383900001e+02 +3.4456e+00 +2.7065e+00 +5.5355e-01
3590 0 +9.944051271e-08 +5.383900001e+02 +5.383900001e+02 +3.4456e+00 +2.7064e+00 +5.5350e-01
3735 0 +1.988485110e-08 +5.383900000e+02 +5.383900000e+02 +3.4456e+00 +2.7064e+00 +5.5358e-01
4039 0 +1.394516858e-08 +5.383900000e+02 +5.383900000e+02 +3.4456e+00 +2.7064e+00 +5.5358e-01
4131 0 +2.080582817e-09 +5.383900000e+02 +5.383900000e+02 +3.4456e+00 +2.7064e+00 +5.5359e-01
5209 0 +3.637978807e-11 +5.383900000e+02 +5.383900000e+02 +3.4456e+00 +2.7064e+00 +5.5360e-01
% f evaluations | g evaluations | best noise-free fitness - Fopt (-1.055600000000e+02) + sum g_i+ | measured fitness | best measured fitness or single-digit g-values | x1 | x2...
1 0 +3.090667400e+03 +2.985107400e+03 +2.985107400e+03 +0.0000e+00 +0.0000e+00 +0.0000e+00
2 0 +4.929087877e+01 -5.626912123e+01 -5.626912123e+01 -4.7603e-01 -7.2759e-01 -6.8385e-01
10 0 +4.681619595e+01 -5.874380405e+01 -5.874380405e+01 +9.8880e-01 -9.3530e-02 -6.7461e-01
11 0 +4.521062554e+01 -6.034937446e+01 -6.034937446e+01 +1.9586e-01 -5.9209e-01 -6.4582e-01
14 0 +4.373628594e+01 -6.182371406e+01 -6.182371406e+01 +8.0337e-01 -1.2876e+00 -3.2828e-01
17 0 +4.141882924e+01 -6.414117076e+01 -6.414117076e+01 +5.6071e-01 -1.1310e+00 -2.4579e-01
46 0 +3.225174824e+01 -7.330825176e+01 -7.330825176e+01 +3.3988e-01 -1.7551e-01 -1.4343e-01
84 0 +2.566240693e+01 -7.989759307e+01 -7.989759307e+01 +7.3520e-01 -8.7587e-01 +2.8875e-01
196 0 +2.434535553e+01 -8.121464447e+01 -8.121464447e+01 +6.6561e-01 -1.8510e+00 +7.3247e-01
256 0 +2.255582402e+01 -8.300417598e+01 -8.300417598e+01 +4.8217e-01 -1.5318e+00 +9.0265e-01
277 0 +2.198935094e+01 -8.357064906e+01 -8.357064906e+01 +5.9790e-01 -2.0663e+00 +1.1297e+00
281 0 +2.088863524e+01 -8.467136476e+01 -8.467136476e+01 +3.0776e-01 -1.9157e+00 +1.3428e+00
300 0 +1.606814009e+01 -8.949185991e+01 -8.949185991e+01 +8.1431e-01 -1.5781e+00 +1.1743e+00
319 0 +1.412716479e+01 -9.143283521e+01 -9.143283521e+01 +7.3446e-01 -2.1861e+00 +1.4784e+00
328 0 +1.266548031e+01 -9.289451969e+01 -9.289451969e+01 +7.5051e-01 -1.6493e+00 +1.4449e+00
329 0 +1.127443968e+01 -9.428556032e+01 -9.428556032e+01 +8.6380e-01 -1.8843e+00 +1.7458e+00
366 0 +9.963738578e+00 -9.559626142e+01 -9.559626142e+01 +1.1196e+00 -2.2676e+00 +1.9208e+00
413 0 +9.171700981e+00 -9.638829902e+01 -9.638829902e+01 +1.6074e+00 -3.2611e+00 +2.4088e+00
423 0 +8.051587070e+00 -9.750841293e+01 -9.750841293e+01 +1.2619e+00 -2.6551e+00 +2.1628e+00
440 0 +4.411511243e+00 -1.011484888e+02 -1.011484888e+02 +1.0972e+00 -2.6029e+00 +2.5557e+00
447 0 +3.060692058e+00 -1.024993079e+02 -1.024993079e+02 +1.2263e+00 -2.9722e+00 +2.8462e+00
510 0 +2.776416856e+00 -1.027835831e+02 -1.027835831e+02 +9.7671e-01 -3.0501e+00 +2.9398e+00
530 0 +2.597469117e+00 -1.029625309e+02 -1.029625309e+02 +1.3915e+00 -3.6371e+00 +3.2219e+00
545 0 +2.455861648e+00 -1.031041384e+02 -1.031041384e+02 +1.4955e+00 -3.2344e+00 +3.0757e+00
589 0 +1.404693500e+00 -1.041553065e+02 -1.041553065e+02 +1.2478e+00 -3.4026e+00 +3.2718e+00
615 0 +1.195188687e+00 -1.043648113e+02 -1.043648113e+02 +1.3529e+00 -3.8484e+00 +3.5840e+00
641 0 +3.695101113e-01 -1.051904899e+02 -1.051904899e+02 +1.2447e+00 -3.8491e+00 +3.7844e+00
715 0 +3.406341099e-01 -1.052193659e+02 -1.052193659e+02 +1.2973e+00 -4.0105e+00 +3.9260e+00
756 0 +2.028810799e-01 -1.053571189e+02 -1.053571189e+02 +1.3262e+00 -3.8373e+00 +3.8268e+00
853 0 +6.526433475e-02 -1.054947357e+02 -1.054947357e+02 +1.3037e+00 -3.6409e+00 +3.7829e+00
873 0 +1.885110183e-02 -1.055411489e+02 -1.055411489e+02 +1.3767e+00 -3.7478e+00 +3.8833e+00
954 0 +1.283648898e-02 -1.055471635e+02 -1.055471635e+02 +1.3483e+00 -3.6487e+00 +3.8312e+00
1167 0 +1.101149992e-02 -1.055489885e+02 -1.055489885e+02 +1.3582e+00 -3.6840e+00 +3.8472e+00
1317 0 +1.012674100e-03 -1.055589873e+02 -1.055589873e+02 +1.3632e+00 -3.6961e+00 +3.8772e+00
1778 0 +4.410255998e-04 -1.055595590e+02 -1.055595590e+02 +1.3575e+00 -3.6939e+00 +3.8789e+00
2027 0 +4.790053804e-05 -1.055599521e+02 -1.055599521e+02 +1.3591e+00 -3.6912e+00 +3.8806e+00
2544 0 +3.293148231e-05 -1.055599671e+02 -1.055599671e+02 +1.3607e+00 -3.6939e+00 +3.8826e+00
2663 0 +1.525014524e-05 -1.055599847e+02 -1.055599847e+02 +1.3604e+00 -3.6926e+00 +3.8821e+00
2676 0 +6.911817977e-06 -1.055599931e+02 -1.055599931e+02 +1.3601e+00 -3.6928e+00 +3.8825e+00
3002 0 +3.980399001e-06 -1.055599960e+02 -1.055599960e+02 +1.3602e+00 -3.6926e+00 +3.8824e+00
3176 0 +3.498659865e-06 -1.055599965e+02 -1.055599965e+02 +1.3598e+00 -3.6925e+00 +3.8825e+00
3301 0 +1.110309881e-06 -1.055599989e+02 -1.055599989e+02 +1.3600e+00 -3.6922e+00 +3.8824e+00
3438 0 +9.431306154e-07 -1.055599991e+02 -1.055599991e+02 +1.3601e+00 -3.6921e+00 +3.8823e+00
3499 0 +9.092144211e-07 -1.055599991e+02 -1.055599991e+02 +1.3599e+00 -3.6919e+00 +3.8822e+00
3732 0 +1.569200094e-07 -1.055599998e+02 -1.055599998e+02 +1.3600e+00 -3.6920e+00 +3.8824e+00
3839 0 +1.118095554e-07 -1.055599999e+02 -1.055599999e+02 +1.3600e+00 -3.6920e+00 +3.8824e+00
4054 0 +6.340158620e-08 -1.055599999e+02 -1.055599999e+02 +1.3600e+00 -3.6920e+00 +3.8824e+00
4233 0 +3.047478003e-08 -1.055600000e+02 -1.055600000e+02 +1.3600e+00 -3.6920e+00 +3.8824e+00
4242 0 +2.639058039e-08 -1.055600000e+02 -1.055600000e+02 +1.3600e+00 -3.6920e+00 +3.8824e+00
4261 0 +1.277518891e-08 -1.055600000e+02 -1.055600000e+02 +1.3600e+00 -3.6920e+00 +3.8824e+00
4561 0 +1.252776372e-08 -1.055600000e+02 -1.055600000e+02 +1.3600e+00 -3.6920e+00 +3.8824e+00
4602 0 +6.450193268e-09 -1.055600000e+02 -1.055600000e+02 +1.3600e+00 -3.6920e+00 +3.8824e+00
5509 0 +7.162270776e-11 -1.055600000e+02 -1.055600000e+02 +1.3600e+00 -3.6920e+00 +3.8824e+00
% f evaluations | g evaluations | best noise-free fitness - Fopt (9.803000000000e+01) + sum g_i+ | measured fitness | best measured fitness or single-digit g-values | x1 | x2...
1 0 +3.671367092e+04 +3.681170092e+04 +3.681170092e+04 +0.0000e+00 +0.0000e+00 +0.0000e+00
3 0 +3.171817732e+04 +3.181620732e+04 +3.181620732e+04 +9.7133e-01 +7.7108e-01 +6.9777e-01
11 0 +2.435362179e+04 +2.445165179e+04 +2.445165179e+04 +9.2160e-01 -7.5717e-01 -7.2586e-01
18 0 +1.873563383e+04 +1.883366383e+04 +1.883366383e+04 +1.3728e+00 +6.4065e-01 +2.1754e-01
19 0 +1.163925352e+04 +1.173728352e+04 +1.173728352e+04 +1.6428e-01 -3.1787e-01 -1.1375e+00
24 0 +5.073081125e+03 +5.171111125e+03 +5.171111125e+03 +1.0447e+00 +5.2872e-01 -1.0495e+00
35 0 +3.695127850e+03 +3.793157850e+03 +3.793157850e+03 +1.8164e+00 +6.7294e-01 -1.2658e+00
38 0 +1.083652202e+03 +1.181682202e+03 +1.181682202e+03 +9.2561e-01 +1.3873e+00 -8.8546e-01
39 0 +1.682690505e+01 +1.148569050e+02 +1.148569050e+02 +7.5822e-01 +1.1089e+00 -1.5533e+00
90 0 +1.648665861e+01 +1.145166586e+02 +1.145166586e+02 +8.0779e-01 +7.1541e-01 -2.1876e+00
155 0 +1.338002511e+01 +1.114100251e+02 +1.114100251e+02 +3.4787e-01 +1.0157e+00 -2.4364e+00
157 0 +1.270413086e+01 +1.107341309e+02 +1.107341309e+02 +4.0772e-01 +2.5551e-01 -3.1789e+00
196 0 +1.253725897e+01 +1.105672590e+02 +1.105672590e+02 +4.1321e-01 +5.8332e-01 -2.5596e+00
215 0 +6.787001270e+00 +1.048170013e+02 +1.048170013e+02 -1.1734e-01 -5.7927e-01 -3.7968e+00
266 0 +4.348066053e+00 +1.023780661e+02 +1.023780661e+02 -2.6430e-01 -1.3807e+00 -3.7431e+00
340 0 +1.388939623e+00 +9.941893962e+01 +9.941893962e+01 -6.3309e-01 -6.7059e-01 -3.3370e+00
575 0 +1.231724100e+00 +9.926172410e+01 +9.926172410e+01 -9.7605e-01 -1.1284e+00 -4.1885e+00
582 0 +4.833409478e-01 +9.851334095e+01 +9.851334095e+01 -7.9834e-01 -1.0391e+00 -3.5957e+00
726 0 +4.061076822e-01 +9.843610768e+01 +9.843610768e+01 -8.4604e-01 -1.2679e+00 -3.7705e+00
798 0 +1.663149951e-01 +9.819631500e+01 +9.819631500e+01 -8.2307e-01 -1.1707e+00 -3.4852e+00
841 0 +8.087768396e-02 +9.811087768e+01 +9.811087768e+01 -9.5469e-01 -1.2408e+00 -3.6621e+00
1005 0 +6.592057473e-02 +9.809592057e+01 +9.809592057e+01 -8.9089e-01 -1.2331e+00 -3.5361e+00
1071 0 +5.941288612e-02 +9.808941289e+01 +9.808941289e+01 -8.8755e-01 -1.2330e+00 -3.5220e+00
1074 0 +4.278297082e-02 +9.807278297e+01 +9.807278297e+01 -8.8153e-01 -1.2775e+00 -3.5131e+00
1086 0 +3.963498027e-02 +9.806963498e+01 +9.806963498e+01 -8.9839e-01 -1.2476e+00 -3.5120e+00
1175 0 +1.306499918e-02 +9.804306500e+01 +9.804306500e+01 -9.4201e-01 -1.2976e+00 -3.5734e+00
1279 0 +1.544047926e-03 +9.803154405e+01 +9.803154405e+01 -9.3738e-01 -1.3157e+00 -3.5345e+00
1672 0 +8.360403103e-04 +9.803083604e+01 +9.803083604e+01 -9.4049e-01 -1.3163e+00 -3.5339e+00
1726 0 +5.558075991e-04 +9.803055581e+01 +9.803055581e+01 -9.4365e-01 -1.3172e+00 -3.5368e+00
1931 0 +3.440308879e-04 +9.803034403e+01 +9.803034403e+01 -9.3934e-01 -1.3171e+00 -3.5255e+00
2066 0 +1.790511764e-04 +9.803017905e+01 +9.803017905e+01 -9.4100e-01 -1.3176e+00 -3.5260e+00
2203 0 +9.343804321e-05 +9.803009344e+01 +9.803009344e+01 -9.4321e-01 -1.3222e+00 -3.5314e+00
2341 0 +7.951091008e-05 +9.803007951e+01 +9.803007951e+01 -9.4338e-01 -1.3202e+00 -3.5308e+00
2348 0 +1.341755845e-05 +9.803001342e+01 +9.803001342e+01 -9.4384e-01 -1.3210e+00 -3.5295e+00
2817 0 +1.776699548e-06 +9.803000178e+01 +9.803000178e+01 -9.4397e-01 -1.3217e+00 -3.5292e+00
2967 0 +1.700848259e-06 +9.803000170e+01 +9.803000170e+01 -9.4406e-01 -1.3214e+00 -3.5291e+00
3198 0 +2.133768362e-08 +9.803000002e+01 +9.803000002e+01 -9.4401e-01 -1.3216e+00 -3.5288e+00
4024 0 +5.995147490e-09 +9.803000001e+01 +9.803000001e+01 -9.4400e-01 -1.3216e+00 -3.5288e+00
5473 0 +6.194511570e-11 +9.803000000e+01 +9.803000000e+01 -9.4400e-01 -1.3216e+00 -3.5288e+00
% f evaluations | g evaluations | best noise-free fitness - Fopt (1.000000000000e+03) + sum g_i+ | measured fitness | best measured fitness or single-digit g-values | x1 | x2...
1 0 +5.686149970e+04 +5.786149970e+04 +5.786149970e+04 +0.0000e+00 +0.0000e+00 +0.0000e+00
2 0 +2.866776355e+04 +2.966776355e+04 +2.966776355e+04 +4.3274e-01 +4.6860e-01 +8.0791e-01
3 0 +2.115349582e+04 +2.215349582e+04 +2.215349582e+04 -1.5473e+00 -2.8852e-02 +1.2167e+00
11 0 +1.049043859e+04 +1.149043859e+04 +1.149043859e+04 -1.5708e-01 +1.3263e+00 +1.3847e+00
16 0 +8.192184902e+03 +9.192184902e+03 +9.192184902e+03 +1.7462e-01 +8.3862e-01 +1.7175e+00
26 0 +7.451538339e+03 +8.451538339e+03 +8.451538339e+03 -3.2558e-01 +1.4396e+00 +1.5307e+00
29 0 +5.595870865e+03 +6.595870865e+03 +6.595870865e+03 -5.8626e-01 -1.3602e-01 +2.3485e+00
33 0 +8.349678955e+01 +1.083496790e+03 +1.083496790e+03 -1.4990e-01 -7.2429e-02 +3.1553e+00
52 0 +3.917777164e+01 +1.039177772e+03 +1.039177772e+03 -1.1648e+00 +9.3318e-01 +3.0371e+00
70 0 +2.367659017e+01 +1.023676590e+03 +1.023676590e+03 -1.2152e+00 +4.1206e-01 +3.6044e+00
78 0 +2.319951877e+01 +1.023199519e+03 +1.023199519e+03 +8.6931e-01 -3.2611e-01 +3.6235e+00
173 0 +1.271532756e+01 +1.012715328e+03 +1.012715328e+03 -2.8935e-01 -6.6088e-01 +4.2039e+00
187 0 +1.255831031e+01 +1.012558310e+03 +1.012558310e+03 -1.0068e+00 -5.2427e-01 +4.6862e+00
196 0 +7.515734197e+00 +1.007515734e+03 +1.007515734e+03 -1.7456e+00 -1.1251e+00 +5.0627e+00
205 0 +6.426254750e+00 +1.006426255e+03 +1.006426255e+03 -2.2857e+00 -5.7526e-01 +4.2803e+00
213 0 +2.893583733e+00 +1.002893584e+03 +1.002893584e+03 -1.9044e+00 -9.3799e-01 +3.6673e+00
220 0 +8.518783709e-01 +1.000851878e+03 +1.000851878e+03 -3.0100e+00 -1.2724e+00 +4.3367e+00
544 0 +6.348538489e-01 +1.000634854e+03 +1.000634854e+03 -2.7651e+00 -1.2051e+00 +3.9713e+00
591 0 +1.721889905e-01 +1.000172189e+03 +1.000172189e+03 -2.7975e+00 -1.3451e+00 +3.8922e+00
991 0 +1.667723943e-01 +1.000166772e+03 +1.000166772e+03 -2.9605e+00 -1.3669e+00 +3.9753e+00
1015 0 +1.438502604e-01 +1.000143850e+03 +1.000143850e+03 -2.7953e+00 -1.3465e+00 +3.8496e+00
1049 0 +7.533782644e-02 +1.000075338e+03 +1.000075338e+03 -2.8046e+00 -1.3861e+00 +3.8053e+00
1153 0 +4.672879652e-02 +1.000046729e+03 +1.000046729e+03 -2.9147e+00 -1.3529e+00 +3.7776e+00
1197 0 +4.201787058e-02 +1.000042018e+03 +1.000042018e+03 -2.9062e+00 -1.3675e+00 +3.7996e+00
1198 0 +3.531473278e-02 +1.000035315e+03 +1.000035315e+03 -2.9052e+00 -1.3670e+00 +3.7759e+00
1243 0 +2.503451855e-02 +1.000025035e+03 +1.000025035e+03 -2.8395e+00 -1.3780e+00 +3.7398e+00
1253 0 +2.375179874e-02 +1.000023752e+03 +1.000023752e+03 -2.8633e+00 -1.3722e+00 +3.7239e+00
1294 0 +2.153807793e-02 +1.000021538e+03 +1.000021538e+03 -2.8220e+00 -1.3985e+00 +3.7376e+00
1311 0 +1.379647123e-02 +1.000013796e+03 +1.000013796e+03 -2.8715e+00 -1.3842e+00 +3.7309e+00
1336 0 +1.048814702e-03 +1.000001049e+03 +1.000001049e+03 -2.8953e+00 -1.4079e+00 +3.7309e+00
1650 0 +6.039586581e-04 +1.000000604e+03 +1.000000604e+03 -2.8908e+00 -1.4089e+00 +3.7251e+00
1687 0 +6.019080678e-04 +1.000000602e+03 +1.000000602e+03 -2.8888e+00 -1.4078e+00 +3.7214e+00
1804 0 +5.560638979e-04 +1.000000556e+03 +1.000000556e+03 -2.8916e+00 -1.4085e+00 +3.7248e+00
1806 0 +1.447246909e-04 +1.000000145e+03 +1.000000145e+03 -2.8916e+00 -1.4105e+00 +3.7190e+00
1881 0 +1.434479069e-04 +1.000000143e+03 +1.000000143e+03 -2.8909e+00 -1.4112e+00 +3.7189e+00
1919 0 +1.319523884e-04 +1.000000132e+03 +1.000000132e+03 -2.8966e+00 -1.4099e+00 +3.7205e+00
2062 0 +1.039146359e-04 +1.000000104e+03 +1.000000104e+03 -2.8976e+00 -1.4104e+00 +3.7216e+00
2111 0 +9.159159356e-05 +1.000000092e+03 +1.000000092e+03 -2.8925e+00 -1.4110e+00 +3.7191e+00
2112 0 +5.613544704e-05 +1.000000056e+03 +1.000000056e+03 -2.8943e+00 -1.4108e+00 +3.7191e+00
2143 0 +4.229097317e-05 +1.000000042e+03 +1.000000042e+03 -2.8950e+00 -1.4114e+00 +3.7200e+00
2233 0 +2.094278307e-05 +1.000000021e+03 +1.000000021e+03 -2.8955e+00 -1.4114e+00 +3.7195e+00
2390 0 +9.957813518e-06 +1.000000010e+03 +1.000000010e+03 -2.8951e+00 -1.4117e+00 +3.7187e+00
2463 0 +8.935005440e-06 +1.000000009e+03 +1.000000009e+03 -2.8951e+00 -1.4119e+00 +3.7189e+00
2466 0 +8.845819934e-06 +1.000000009e+03 +1.000000009e+03 -2.8964e+00 -1.4116e+00 +3.7192e+00
2468 0 +8.691176163e-06 +1.000000009e+03 +1.000000009e+03 -2.8962e+00 -1.4117e+00 +3.7194e+00
2471 0 +7.037419437e-06 +1.000000007e+03 +1.000000007e+03 -2.8954e+00 -1.4117e+00 +3.7186e+00
2496 0 +3.399747129e-06 +1.000000003e+03 +1.000000003e+03 -2.8959e+00 -1.4119e+00 +3.7189e+00
2653 0 +3.190909979e-06 +1.000000003e+03 +1.000000003e+03 -2.8959e+00 -1.4118e+00 +3.7188e+00
2659 0 +2.437637022e-06 +1.000000002e+03 +1.000000002e+03 -2.8958e+00 -1.4119e+00 +3.7188e+00
2696 0 +9.650917718e-07 +1.000000001e+03 +1.000000001e+03 -2.8960e+00 -1.4119e+00 +3.7186e+00
2879 0 +6.700001904e-07 +1.000000001e+03 +1.000000001e+03 -2.8958e+00 -1.4119e+00 +3.7185e+00
3001 0 +5.826847200e-07 +1.000000001e+03 +1.000000001e+03 -2.8958e+00 -1.4120e+00 +3.7185e+00
3072 0 +5.453781569e-07 +1.000000001e+03 +1.000000001e+03 -2.8961e+00 -1.4119e+00 +3.7186e+00
3083 0 +3.336883765e-07 +1.000000000e+03 +1.000000000e+03 -2.8958e+00 -1.4119e+00 +3.7184e+00
3090 0 +1.876617262e-07 +1.000000000e+03 +1.000000000e+03 -2.8959e+00 -1.4120e+00 +3.7184e+00
3296 0 +1.476432772e-07 +1.000000000e+03 +1.000000000e+03 -2.8960e+00 -1.4120e+00 +3.7184e+00
3402 0 +1.273715498e-07 +1.000000000e+03 +1.000000000e+03 -2.8960e+00 -1.4120e+00 +3.7185e+00
3432 0 +6.681761988e-08 +1.000000000e+03 +1.000000000e+03 -2.8959e+00 -1.4120e+00 +3.7184e+00
3443 0 +5.469314601e-08 +1.000000000e+03 +1.000000000e+03 -2.8960e+00 -1.4120e+00 +3.7184e+00
3477 0 +5.045342277e-08 +1.000000000e+03 +1.000000000e+03 -2.8960e+00 -1.4120e+00 +3.7184e+00
3479 0 +3.596005627e-08 +1.000000000e+03 +1.000000000e+03 -2.8960e+00 -1.4120e+00 +3.7184e+00
3487 0 +2.429783308e-08 +1.000000000e+03 +1.000000000e+03 -2.8960e+00 -1.4120e+00 +3.7184e+00
3565 0 +2.183548986e-08 +1.000000000e+03 +1.000000000e+03 -2.8960e+00 -1.4120e+00 +3.7184e+00
3572 0 +1.537227945e-08 +1.000000000e+03 +1.000000000e+03 -2.8960e+00 -1.4120e+00 +3.7184e+00
3603 0 +1.351986612e-08 +1.000000000e+03 +1.000000000e+03 -2.8960e+00 -1.4120e+00 +3.7184e+00
3682 0 +1.144769612e-08 +1.000000000e+03 +1.000000000e+03 -2.8960e+00 -1.4120e+00 +3.7184e+00
3696 0 +5.467086339e-09 +1.000000000e+03 +1.000000000e+03 -2.8960e+00 -1.4120e+00 +3.7184e+00
4717 0 +8.299139154e-12 +1.000000000e+03 +1.000000000e+03 -2.8960e+00 -1.4120e+00 +3.7184e+00
% f evaluations | g evaluations | best noise-free fitness - Fopt (1.490000000000e+00) + sum g_i+ | measured fitness | best measured fitness or single-digit g-values | x1 | x2...
1 0 +9.845587163e+04 +9.845736163e+04 +9.845736163e+04 +0.0000e+00 +0.0000e+00 +0.0000e+00
3 0 +9.699469773e+04 +9.699618773e+04 +9.699618773e+04 -1.7594e-01 +9.6746e-01 +7.0857e-01
5 0 +6.567670671e+04 +6.567819671e+04 +6.567819671e+04 +6.5715e-01 -1.1733e+00 -1.3982e+00
7 0 +6.448454686e+04 +6.448603686e+04 +6.448603686e+04 +1.1798e+00 +1.1198e-01 +6.0420e-01
13 0 +5.588213869e+04 +5.588362869e+04 +5.588362869e+04 +9.7755e-01 +9.2163e-01 +2.6039e-01
28 0 +3.701215261e+04 +3.701364261e+04 +3.701364261e+04 +1.2250e+00 +1.3226e+00 +3.4470e-01
29 0 +3.389179267e+04 +3.389328267e+04 +3.389328267e+04 +1.5807e+00 +5.5704e-01 -3.0632e-01
41 0 +3.303325856e+04 +3.303474856e+04 +3.303474856e+04 +6.6366e-01 +2.7005e+00 +3.3871e-01
44 0 +1.450499769e+04 +1.450648769e+04 +1.450648769e+04 +2.0444e+00 +2.5262e+00 +7.4893e-01
54 0 +3.697493215e+03 +3.698983215e+03 +3.698983215e+03 +1.1904e+00 +3.2334e+00 -1.2015e+00
63 0 +1.598987478e+03 +1.600477478e+03 +1.600477478e+03 +2.9109e+00 +2.0030e+00 -4.2106e-01
65 0 +1.926954420e+02 +1.941854420e+02 +1.941854420e+02 +2.5072e+00 +3.4902e+00 -7.5338e-02
71 0 +1.767222948e+02 +1.782122948e+02 +1.782122948e+02 +9.7594e-01 +6.5334e+00 -1.0117e+00
72 0 +1.632966047e+02 +1.647866047e+02 +1.647866047e+02 +2.7386e+00 +4.5932e+00 +1.1575e+00
77 0 +6.679160576e+01 +6.828160576e+01 +6.828160576e+01 +2.7090e+00 +3.0825e+00 -1.4186e+00
111 0 +5.699572165e+01 +5.848572165e+01 +5.848572165e+01 +4.1300e+00 +1.9875e+00 -4.3774e-01
113 0 +5.209682526e+01 +5.358682526e+01 +5.358682526e+01 +3.5338e+00 +2.3467e+00 -1.1391e+00
124 0 +5.099655790e+01 +5.248655790e+01 +5.248655790e+01 +3.4475e+00 +2.5860e+00 -1.3420e+00
138 0 +4.618128299e+01 +4.767128299e+01 +4.767128299e+01 +3.7082e+00 +1.9866e+00 -1.1616e+00
149 0 +4.335832889e+01 +4.484832889e+01 +4.484832889e+01 +3.8020e+00 +3.6117e+00 -2.0155e+00
161 0 +3.119661389e+01 +3.268661389e+01 +3.268661389e+01 +3.2574e+00 +1.7200e+00 -2.2206e+00
168 0 +2.301150442e+01 +2.450150442e+01 +2.450150442e+01 +4.2328e+00 +9.7234e-01 -1.8860e+00
170 0 +1.291610361e+01 +1.440610361e+01 +1.440610361e+01 +3.8108e+00 +1.4062e+00 -3.0061e+00
195 0 +1.213159456e+01 +1.362159456e+01 +1.362159456e+01 +3.7837e+00 -3.9475e-01 -2.4530e+00
208 0 +7.377804339e+00 +8.867804339e+00 +8.867804339e+00 +3.5364e+00 +1.0877e+00 -4.1449e+00
234 0 +6.179818277e+00 +7.669818277e+00 +7.669818277e+00 +3.7585e+00 +1.3400e-01 -3.2993e+00
268 0 +5.076724509e+00 +6.566724509e+00 +6.566724509e+00 +3.6206e+00 +2.1878e-01 -3.6970e+00
287 0 +2.404896691e+00 +3.894896691e+00 +3.894896691e+00 +3.5427e+00 -7.4095e-01 -3.7942e+00
369 0 +1.933070844e+00 +3.423070844e+00 +3.423070844e+00 +4.0820e+00 -5.1022e-01 -3.5645e+00
410 0 +1.837670610e+00 +3.327670610e+00 +3.327670610e+00 +3.5152e+00 -9.7490e-01 -3.8613e+00
434 0 +1.701153429e+00 +3.191153429e+00 +3.191153429e+00 +3.9669e+00 -8.6867e-01 -3.3627e+00
509 0 +1.443370673e+00 +2.933370673e+00 +2.933370673e+00 +3.7964e+00 -6.6991e-01 -3.7614e+00
524 0 +2.065231586e-01 +1.696523159e+00 +1.696523159e+00 +3.8443e+00 -1.5901e+00 -3.6512e+00
874 0 +1.383424948e-01 +1.628342495e+00 +1.628342495e+00 +3.9473e+00 -1.5184e+00 -3.7345e+00
1023 0 +4.766635782e-02 +1.537666358e+00 +1.537666358e+00 +3.9122e+00 -1.6619e+00 -3.6854e+00
1174 0 +4.177742154e-02 +1.531777422e+00 +1.531777422e+00 +3.9392e+00 -1.6602e+00 -3.6801e+00
1215 0 +1.626128928e-02 +1.506261289e+00 +1.506261289e+00 +3.9601e+00 -1.7451e+00 -3.6276e+00
1384 0 +1.366018744e-02 +1.503660187e+00 +1.503660187e+00 +3.9372e+00 -1.7644e+00 -3.6417e+00
1559 0 +1.129960419e-02 +1.501299604e+00 +1.501299604e+00 +3.9271e+00 -1.7744e+00 -3.6608e+00
1608 0 +1.005725171e-02 +1.500057252e+00 +1.500057252e+00 +3.9342e+00 -1.7636e+00 -3.6573e+00
1678 0 +4.738412608e-03 +1.494738413e+00 +1.494738413e+00 +3.9573e+00 -1.7714e+00 -3.6470e+00
1699 0 +4.050117674e-03 +1.494050118e+00 +1.494050118e+00 +3.9484e+00 -1.7939e+00 -3.6412e+00
1811 0 +1.419908271e-03 +1.491419908e+00 +1.491419908e+00 +3.9471e+00 -1.8033e+00 -3.6512e+00
1949 0 +1.376141378e-03 +1.491376141e+00 +1.491376141e+00 +3.9493e+00 -1.8055e+00 -3.6458e+00
1971 0 +1.023155574e-03 +1.491023156e+00 +1.491023156e+00 +3.9487e+00 -1.8075e+00 -3.6485e+00
1984 0 +9.637743138e-04 +1.490963774e+00 +1.490963774e+00 +3.9528e+00 -1.8133e+00 -3.6413e+00
1986 0 +2.912631449e-04 +1.490291263e+00 +1.490291263e+00 +3.9559e+00 -1.8108e+00 -3.6476e+00
2174 0 +2.853718494e-04 +1.490285372e+00 +1.490285372e+00 +3.9523e+00 -1.8117e+00 -3.6497e+00
2272 0 +2.703995555e-04 +1.490270400e+00 +1.490270400e+00 +3.9529e+00 -1.8161e+00 -3.6455e+00
2286 0 +2.058680100e-04 +1.490205868e+00 +1.490205868e+00 +3.9514e+00 -1.8163e+00 -3.6494e+00
2298 0 +6.359348432e-05 +1.490063593e+00 +1.490063593e+00 +3.9539e+00 -1.8175e+00 -3.6474e+00
2422 0 +5.940590374e-05 +1.490059406e+00 +1.490059406e+00 +3.9529e+00 -1.8197e+00 -3.6475e+00
2428 0 +1.442672850e-05 +1.490014427e+00 +1.490014427e+00 +3.9538e+00 -1.8202e+00 -3.6476e+00
2578 0 +5.468442869e-06 +1.490005468e+00 +1.490005468e+00 +3.9545e+00 -1.8205e+00 -3.6473e+00
2821 0 +1.724113092e-06 +1.490001724e+00 +1.490001724e+00 +3.9544e+00 -1.8210e+00 -3.6472e+00
3284 0 +1.252072588e-06 +1.490001252e+00 +1.490001252e+00 +3.9543e+00 -1.8213e+00 -3.6473e+00
3303 0 +5.926706326e-07 +1.490000593e+00 +1.490000593e+00 +3.9543e+00 -1.8214e+00 -3.6472e+00
3429 0 +4.145976236e-07 +1.490000415e+00 +1.490000415e+00 +3.9543e+00 -1.8215e+00 -3.6472e+00
3548 0 +3.691021822e-08 +1.490000037e+00 +1.490000037e+00 +3.9544e+00 -1.8215e+00 -3.6472e+00
3944 0 +2.456436254e-08 +1.490000025e+00 +1.490000025e+00 +3.9544e+00 -1.8216e+00 -3.6472e+00
4015 0 +3.124828174e-09 +1.490000003e+00 +1.490000003e+00 +3.9544e+00 -1.8216e+00 -3.6472e+00
5389 0 +7.019940185e-11 +1.490000000e+00 +1.490000000e+00 +3.9544e+00 -1.8216e+00 -3.6472e+00
% f evaluations | g evaluations | best noise-free fitness - Fopt (5.963500000000e+02) + sum g_i+ | measured fitness | best measured fitness or single-digit g-values | x1 | x2...
1 0 +7.483499010e+04 +7.543134010e+04 +7.543134010e+04 +0.0000e+00 +0.0000e+00 +0.0000e+00
18 0 +7.249081418e+04 +7.308716418e+04 +7.308716418e+04 -9.5726e-01 -2.5681e-02 -1.9286e-01
29 0 +6.472862934e+04 +6.532497934e+04 +6.532497934e+04 -5.5498e-01 -1.0550e+00 +8.7947e-01
40 0 +4.448341198e+04 +4.507976198e+04 +4.507976198e+04 -9.2864e-01 -1.4989e-01 +8.8860e-01
52 0 +3.501585593e+04 +3.561220593e+04 +3.561220593e+04 -1.4594e+00 -7.2057e-02 +1.0465e+00
71 0 +2.459645491e+04 +2.519280491e+04 +2.519280491e+04 -2.0824e+00 -5.1969e-03 +1.5506e+00
93 0 +1.794791328e+04 +1.854426328e+04 +1.854426328e+04 -1.6799e+00 -2.6326e-01 +2.8888e+00
112 0 +1.737814985e+04 +1.797449985e+04 +1.797449985e+04 -1.8547e+00 -4.4362e-01 +2.5665e+00
119 0 +1.475801973e+04 +1.535436973e+04 +1.535436973e+04 -2.4200e+00 -2.1326e-01 +1.9673e+00
136 0 +1.164403411e+04 +1.224038411e+04 +1.224038411e+04 -2.5653e+00 +2.7017e-01 +2.7985e+00
153 0 +8.858416428e+03 +9.454766428e+03 +9.454766428e+03 -2.5686e+00 -1.0863e-01 +2.3637e+00
157 0 +3.698993320e+03 +4.295343320e+03 +4.295343320e+03 -3.4802e+00 -5.0781e-01 +3.5098e+00
166 0 +5.041132571e+01 +6.467613257e+02 +6.467613257e+02 -4.0328e+00 +2.6775e-01 +4.6892e+00
223 0 +3.842873925e-01 +5.967342874e+02 +5.967342874e+02 -3.8755e+00 -5.5392e-02 +3.7381e+00
318 0 +3.032000358e-01 +5.966532000e+02 +5.966532000e+02 -3.8972e+00 -1.1870e-01 +3.7219e+00
505 0 +1.976736414e-01 +5.965476736e+02 +5.965476736e+02 -3.9012e+00 -1.2293e-01 +3.6437e+00
687 0 +1.850469846e-01 +5.965350470e+02 +5.965350470e+02 -3.8770e+00 -1.0560e-01 +3.6290e+00
688 0 +1.461554898e-01 +5.964961555e+02 +5.964961555e+02 -3.9069e+00 -2.2338e-01 +3.4885e+00
844 0 +8.261753957e-02 +5.964326175e+02 +5.964326175e+02 -3.8526e+00 -1.0612e-01 +3.4882e+00
852 0 +4.406730825e-02 +5.963940673e+02 +5.963940673e+02 -3.8012e+00 -1.3258e-01 +3.4765e+00
1079 0 +4.347197670e-02 +5.963934720e+02 +5.963934720e+02 -3.7916e+00 -1.7484e-01 +3.4712e+00
1086 0 +2.180560607e-02 +5.963718056e+02 +5.963718056e+02 -3.7661e+00 -1.5981e-01 +3.4359e+00
1110 0 +1.391864658e-02 +5.963639186e+02 +5.963639186e+02 -3.7200e+00 -1.4232e-01 +3.4252e+00
1327 0 +1.099970629e-02 +5.963609997e+02 +5.963609997e+02 -3.7152e+00 -1.5217e-01 +3.4220e+00
1335 0 +1.094244010e-02 +5.963609424e+02 +5.963609424e+02 -3.7212e+00 -1.5286e-01 +3.4214e+00
1355 0 +7.306492660e-03 +5.963573065e+02 +5.963573065e+02 -3.7298e+00 -1.4728e-01 +3.3883e+00
1412 0 +6.561929334e-03 +5.963565619e+02 +5.963565619e+02 -3.7249e+00 -1.5336e-01 +3.4007e+00
1414 0 +5.055427834e-03 +5.963550554e+02 +5.963550554e+02 -3.7181e+00 -1.4750e-01 +3.3953e+00
1491 0 +4.771742617e-03 +5.963547717e+02 +5.963547717e+02 -3.7233e+00 -1.5623e-01 +3.3911e+00
1497 0 +3.636155668e-03 +5.963536362e+02 +5.963536362e+02 -3.7141e+00 -1.5831e-01 +3.3841e+00
1506 0 +2.564384697e-03 +5.963525644e+02 +5.963525644e+02 -3.7055e+00 -1.5155e-01 +3.3867e+00
1511 0 +1.466274697e-03 +5.963514663e+02 +5.963514663e+02 -3.6931e+00 -1.5379e-01 +3.3826e+00
1734 0 +5.343766288e-04 +5.963505344e+02 +5.963505344e+02 -3.6880e+00 -1.5152e-01 +3.3718e+00
1898 0 +2.051709017e-04 +5.963502052e+02 +5.963502052e+02 -3.6819e+00 -1.5315e-01 +3.3698e+00
2027 0 +1.590058065e-04 +5.963501590e+02 +5.963501590e+02 -3.6844e+00 -1.5484e-01 +3.3681e+00
2132 0 +1.424237938e-04 +5.963501424e+02 +5.963501424e+02 -3.6833e+00 -1.5430e-01 +3.3683e+00
2189 0 +1.177982613e-04 +5.963501178e+02 +5.963501178e+02 -3.6832e+00 -1.5395e-01 +3.3668e+00
2204 0 +5.878475349e-05 +5.963500588e+02 +5.963500588e+02 -3.6808e+00 -1.5524e-01 +3.3658e+00
2285 0 +5.400635348e-05 +5.963500540e+02 +5.963500540e+02 -3.6813e+00 -1.5423e-01 +3.3651e+00
2402 0 +4.452450742e-05 +5.963500445e+02 +5.963500445e+02 -3.6801e+00 -1.5373e-01 +3.3659e+00
2425 0 +3.124557225e-05 +5.963500312e+02 +5.963500312e+02 -3.6802e+00 -1.5394e-01 +3.3648e+00
2428 0 +2.885335471e-05 +5.963500289e+02 +5.963500289e+02 -3.6802e+00 -1.5445e-01 +3.3650e+00
2631 0 +2.528344862e-05 +5.963500253e+02 +5.963500253e+02 -3.6795e+00 -1.5395e-01 +3.3653e+00
2642 0 +1.642769121e-05 +5.963500164e+02 +5.963500164e+02 -3.6792e+00 -1.5458e-01 +3.3654e+00
2651 0 +1.174531315e-05 +5.963500117e+02 +5.963500117e+02 -3.6790e+00 -1.5439e-01 +3.3651e+00
2668 0 +1.121432047e-05 +5.963500112e+02 +5.963500112e+02 -3.6791e+00 -1.5429e-01 +3.3643e+00
2775 0 +9.942625866e-06 +5.963500099e+02 +5.963500099e+02 -3.6785e+00 -1.5404e-01 +3.3649e+00
2819 0 +9.178152823e-06 +5.963500092e+02 +5.963500092e+02 -3.6786e+00 -1.5464e-01 +3.3649e+00
2833 0 +4.932640309e-06 +5.963500049e+02 +5.963500049e+02 -3.6785e+00 -1.5439e-01 +3.3647e+00
2933 0 +4.750607445e-06 +5.963500048e+02 +5.963500048e+02 -3.6785e+00 -1.5429e-01 +3.3643e+00
2935 0 +2.316227892e-06 +5.963500023e+02 +5.963500023e+02 -3.6781e+00 -1.5429e-01 +3.3644e+00
2970 0 +1.794209084e-06 +5.963500018e+02 +5.963500018e+02 -3.6782e+00 -1.5438e-01 +3.3644e+00
3022 0 +1.399103326e-06 +5.963500014e+02 +5.963500014e+02 -3.6780e+00 -1.5441e-01 +3.3643e+00
3073 0 +1.350788693e-06 +5.963500014e+02 +5.963500014e+02 -3.6779e+00 -1.5429e-01 +3.3643e+00
3133 0 +8.472372883e-07 +5.963500008e+02 +5.963500008e+02 -3.6779e+00 -1.5441e-01 +3.3642e+00
3220 0 +7.562996416e-07 +5.963500008e+02 +5.963500008e+02 -3.6778e+00 -1.5438e-01 +3.3643e+00
3243 0 +2.055903678e-07 +5.963500002e+02 +5.963500002e+02 -3.6778e+00 -1.5439e-01 +3.3641e+00
3269 0 +1.908705372e-07 +5.963500002e+02 +5.963500002e+02 -3.6777e+00 -1.5439e-01 +3.3641e+00
3376 0 +1.041030373e-07 +5.963500001e+02 +5.963500001e+02 -3.6777e+00 -1.5437e-01 +3.3641e+00
3424 0 +1.021297749e-07 +5.963500001e+02 +5.963500001e+02 -3.6777e+00 -1.5439e-01 +3.3641e+00
3465 0 +9.702955595e-08 +5.963500001e+02 +5.963500001e+02 -3.6777e+00 -1.5440e-01 +3.3641e+00
3495 0 +8.298229659e-08 +5.963500001e+02 +5.963500001e+02 -3.6777e+00 -1.5440e-01 +3.3640e+00
3531 0 +5.735535069e-08 +5.963500001e+02 +5.963500001e+02 -3.6777e+00 -1.5438e-01 +3.3640e+00
3541 0 +4.292542144e-08 +5.963500000e+02 +5.963500000e+02 -3.6776e+00 -1.5440e-01 +3.3641e+00
3559 0 +3.308150553e-08 +5.963500000e+02 +5.963500000e+02 -3.6776e+00 -1.5441e-01 +3.3640e+00
3575 0 +1.963508112e-08 +5.963500000e+02 +5.963500000e+02 -3.6776e+00 -1.5439e-01 +3.3640e+00
3739 0 +1.639455149e-08 +5.963500000e+02 +5.963500000e+02 -3.6776e+00 -1.5440e-01 +3.3640e+00
3832 0 +1.541206984e-08 +5.963500000e+02 +5.963500000e+02 -3.6776e+00 -1.5440e-01 +3.3640e+00
3855 0 +1.077512479e-08 +5.963500000e+02 +5.963500000e+02 -3.6776e+00 -1.5440e-01 +3.3640e+00
3882 0 +1.049613729e-08 +5.963500000e+02 +5.963500000e+02 -3.6776e+00 -1.5440e-01 +3.3640e+00
3890 0 +7.662379176e-09 +5.963500000e+02 +5.963500000e+02 -3.6776e+00 -1.5440e-01 +3.3640e+00
4453 0 +2.451088221e-10 +5.963500000e+02 +5.963500000e+02 -3.6776e+00 -1.5440e-01 +3.3640e+00
% f evaluations | g evaluations | best noise-free fitness - Fopt (-1.189700000000e+02) + sum g_i+ | measured fitness | best measured fitness or single-digit g-values | x1 | x2...
1 0 +1.328891206e+05 +1.327701506e+05 +1.327701506e+05 +0.0000e+00 +0.0000e+00 +0.0000e+00
3 0 +1.211688195e+05 +1.210498495e+05 +1.210498495e+05 -1.1902e+00 -1.1215e-01 -1.5195e+00
5 0 +6.733413745e+04 +6.721516745e+04 +6.721516745e+04 +2.2674e-01 +9.4697e-01 -1.4138e+00
10 0 +5.332018012e+04 +5.320121012e+04 +5.320121012e+04 -1.0528e+00 +1.6184e+00 -1.2679e+00
30 0 +1.874400709e+04 +1.862503709e+04 +1.862503709e+04 -1.0150e+00 +2.4451e+00 -2.4865e+00
51 0 +1.702873269e+04 +1.690976269e+04 +1.690976269e+04 -2.2413e-01 +3.8461e+00 -2.2818e+00
65 0 +1.360392666e+04 +1.348495666e+04 +1.348495666e+04 -5.4646e-01 +5.0481e+00 -3.8991e-01
75 0 +1.205666844e+04 +1.193769844e+04 +1.193769844e+04 -6.0668e-01 +3.3203e+00 -1.1640e+00
76 0 +8.694971535e+03 +8.576001535e+03 +8.576001535e+03 -4.8183e-01 +3.7795e+00 -2.2922e+00
90 0 +6.646354537e+03 +6.527384537e+03 +6.527384537e+03 -7.7562e-01 +4.0883e+00 -2.4482e+00
97 0 +3.870382585e+03 +3.751412585e+03 +3.751412585e+03 -5.1437e-01 +3.4981e+00 -1.7934e+00
103 0 +2.724854527e+03 +2.605884527e+03 +2.605884527e+03 -9.6210e-01 +4.2026e+00 -2.2846e+00
142 0 +1.932400538e+03 +1.813430538e+03 +1.813430538e+03 -1.3765e+00 +3.9462e+00 -3.2307e+00
143 0 +2.420983621e+00 -1.165490164e+02 -1.165490164e+02 -2.1873e+00 +4.2368e+00 -2.9421e+00
145 0 +1.105640174e+00 -1.178643598e+02 -1.178643598e+02 -1.6904e+00 +4.2633e+00 -2.4909e+00
229 0 +1.000026104e+00 -1.179699739e+02 -1.179699739e+02 -1.8036e+00 +4.1470e+00 -2.7027e+00
295 0 +8.500389304e-01 -1.181199611e+02 -1.181199611e+02 -1.6685e+00 +4.1364e+00 -3.0924e+00
558 0 +7.896130743e-01 -1.181803869e+02 -1.181803869e+02 -1.6910e+00 +4.2406e+00 -2.9821e+00
592 0 +7.434012700e-01 -1.182265987e+02 -1.182265987e+02 -1.7858e+00 +4.0346e+00 -2.9817e+00
596 0 +3.405086298e-01 -1.186294914e+02 -1.186294914e+02 -1.5059e+00 +4.1163e+00 -2.6437e+00
722 0 +2.730139040e-01 -1.186969861e+02 -1.186969861e+02 -1.5097e+00 +4.0461e+00 -2.6530e+00
736 0 +1.732806473e-01 -1.187967194e+02 -1.187967194e+02 -1.4586e+00 +3.9497e+00 -2.6185e+00
750 0 +1.473191935e-01 -1.188226808e+02 -1.188226808e+02 -1.3657e+00 +3.9961e+00 -2.6113e+00
771 0 +8.352499015e-02 -1.188864750e+02 -1.188864750e+02 -1.3645e+00 +3.9595e+00 -2.5297e+00
870 0 +7.597325820e-02 -1.188940267e+02 -1.188940267e+02 -1.3282e+00 +3.9597e+00 -2.4834e+00
913 0 +5.479512109e-02 -1.189152049e+02 -1.189152049e+02 -1.3047e+00 +3.9234e+00 -2.5385e+00
1067 0 +4.197070165e-02 -1.189280293e+02 -1.189280293e+02 -1.3073e+00 +3.8879e+00 -2.4697e+00
1133 0 +3.169743180e-02 -1.189383026e+02 -1.189383026e+02 -1.2875e+00 +3.8942e+00 -2.5031e+00
1206 0 +3.156785032e-02 -1.189384321e+02 -1.189384321e+02 -1.2965e+00 +3.8891e+00 -2.4863e+00
1235 0 +2.368968323e-02 -1.189463103e+02 -1.189463103e+02 -1.2757e+00 +3.9060e+00 -2.4653e+00
1261 0 +2.046482460e-02 -1.189495352e+02 -1.189495352e+02 -1.2733e+00 +3.8904e+00 -2.4665e+00
1273 0 +1.370906867e-02 -1.189562909e+02 -1.189562909e+02 -1.2569e+00 +3.8663e+00 -2.4395e+00
1353 0 +8.149415448e-03 -1.189618506e+02 -1.189618506e+02 -1.2255e+00 +3.8871e+00 -2.4239e+00
1412 0 +4.559139903e-03 -1.189654409e+02 -1.189654409e+02 -1.2255e+00 +3.8736e+00 -2.4230e+00
1432 0 +3.900441784e-03 -1.189660996e+02 -1.189660996e+02 -1.2268e+00 +3.8631e+00 -2.4170e+00
1916 0 +2.496583761e-03 -1.189675034e+02 -1.189675034e+02 -1.2177e+00 +3.8692e+00 -2.4135e+00
2006 0 +2.217404015e-03 -1.189677826e+02 -1.189677826e+02 -1.2108e+00 +3.8693e+00 -2.4028e+00
2030 0 +1.969455796e-03 -1.189680305e+02 -1.189680305e+02 -1.2145e+00 +3.8638e+00 -2.4170e+00
2035 0 +1.154639947e-03 -1.189688454e+02 -1.189688454e+02 -1.2090e+00 +3.8590e+00 -2.4134e+00
2160 0 +1.139085671e-03 -1.189688609e+02 -1.189688609e+02 -1.2133e+00 +3.8563e+00 -2.4103e+00
2190 0 +8.157457053e-04 -1.189691843e+02 -1.189691843e+02 -1.2078e+00 +3.8520e+00 -2.4016e+00
2226 0 +4.220230019e-04 -1.189695780e+02 -1.189695780e+02 -1.2053e+00 +3.8570e+00 -2.4021e+00
2243 0 +5.102226281e-05 -1.189699490e+02 -1.189699490e+02 -1.1995e+00 +3.8533e+00 -2.3988e+00
2543 0 +4.743386268e-05 -1.189699526e+02 -1.189699526e+02 -1.1996e+00 +3.8532e+00 -2.3982e+00
2619 0 +4.255214245e-05 -1.189699574e+02 -1.189699574e+02 -1.1995e+00 +3.8527e+00 -2.3974e+00
2668 0 +4.120148374e-05 -1.189699588e+02 -1.189699588e+02 -1.1999e+00 +3.8518e+00 -2.3982e+00
2685 0 +3.089462517e-05 -1.189699691e+02 -1.189699691e+02 -1.1993e+00 +3.8528e+00 -2.3984e+00
2740 0 +2.857444311e-05 -1.189699714e+02 -1.189699714e+02 -1.1984e+00 +3.8528e+00 -2.3969e+00
2813 0 +2.714250331e-05 -1.189699729e+02 -1.189699729e+02 -1.1992e+00 +3.8516e+00 -2.3976e+00
2825 0 +2.150067661e-05 -1.189699785e+02 -1.189699785e+02 -1.1991e+00 +3.8520e+00 -2.3987e+00
2887 0 +2.134945278e-05 -1.189699787e+02 -1.189699787e+02 -1.1992e+00 +3.8523e+00 -2.3980e+00
2898 0 +1.170109856e-05 -1.189699883e+02 -1.189699883e+02 -1.1987e+00 +3.8519e+00 -2.3977e+00
3075 0 +1.146346214e-05 -1.189699885e+02 -1.189699885e+02 -1.1987e+00 +3.8519e+00 -2.3980e+00
3109 0 +9.064358323e-06 -1.189699909e+02 -1.189699909e+02 -1.1987e+00 +3.8515e+00 -2.3980e+00
3122 0 +8.640463506e-06 -1.189699914e+02 -1.189699914e+02 -1.1986e+00 +3.8518e+00 -2.3978e+00
3140 0 +7.756419905e-06 -1.189699922e+02 -1.189699922e+02 -1.1985e+00 +3.8517e+00 -2.3976e+00
3149 0 +5.471163163e-06 -1.189699945e+02 -1.189699945e+02 -1.1982e+00 +3.8516e+00 -2.3977e+00
3164 0 +4.766698652e-06 -1.189699952e+02 -1.189699952e+02 -1.1983e+00 +3.8516e+00 -2.3975e+00
3231 0 +3.695985995e-06 -1.189699963e+02 -1.189699963e+02 -1.1982e+00 +3.8516e+00 -2.3973e+00
3269 0 +3.391562046e-06 -1.189699966e+02 -1.189699966e+02 -1.1982e+00 +3.8516e+00 -2.3974e+00
3280 0 +3.238252646e-06 -1.189699968e+02 -1.189699968e+02 -1.1981e+00 +3.8515e+00 -2.3975e+00
3308 0 +3.002303799e-06 -1.189699970e+02 -1.189699970e+02 -1.1980e+00 +3.8516e+00 -2.3971e+00
3311 0 +1.790138597e-06 -1.189699982e+02 -1.189699982e+02 -1.1980e+00 +3.8515e+00 -2.3970e+00
3332 0 +1.419062244e-06 -1.189699986e+02 -1.189699986e+02 -1.1980e+00 +3.8514e+00 -2.3972e+00
3376 0 +8.671665341e-07 -1.189699991e+02 -1.189699991e+02 -1.1978e+00 +3.8514e+00 -2.3969e+00
3496 0 +7.607633421e-07 -1.189699992e+02 -1.189699992e+02 -1.1978e+00 +3.8514e+00 -2.3970e+00
3556 0 +4.880217261e-07 -1.189699995e+02 -1.189699995e+02 -1.1977e+00 +3.8514e+00 -2.3969e+00
3563 0 +4.416570079e-07 -1.189699996e+02 -1.189699996e+02 -1.1977e+00 +3.8513e+00 -2.3970e+00
3602 0 +6.901750282e-08 -1.189699999e+02 -1.189699999e+02 -1.1977e+00 +3.8512e+00 -2.3969e+00
3940 0 +6.117257101e-08 -1.189699999e+02 -1.189699999e+02 -1.1977e+00 +3.8512e+00 -2.3968e+00
3942 0 +5.736580988e-08 -1.189699999e+02 -1.189699999e+02 -1.1977e+00 +3.8512e+00 -2.3968e+00
3952 0 +5.518394630e-08 -1.189699999e+02 -1.189699999e+02 -1.1977e+00 +3.8512e+00 -2.3968e+00
3959 0 +4.771865747e-08 -1.189700000e+02 -1.189700000e+02 -1.1976e+00 +3.8512e+00 -2.3968e+00
3965 0 +3.378110591e-08 -1.189700000e+02 -1.189700000e+02 -1.1976e+00 +3.8512e+00 -2.3968e+00
4117 0 +3.094058343e-08 -1.189700000e+02 -1.189700000e+02 -1.1976e+00 +3.8512e+00 -2.3968e+00
4138 0 +2.561729673e-08 -1.189700000e+02 -1.189700000e+02 -1.1976e+00 +3.8512e+00 -2.3968e+00
4203 0 +1.668905725e-08 -1.189700000e+02 -1.189700000e+02 -1.1976e+00 +3.8512e+00 -2.3968e+00
4285 0 +1.409347306e-08 -1.189700000e+02 -1.189700000e+02 -1.1976e+00 +3.8512e+00 -2.3968e+00
4293 0 +1.156193719e-08 -1.189700000e+02 -1.189700000e+02 -1.1976e+00 +3.8512e+00 -2.3968e+00
4305 0 +1.095590108e-08 -1.189700000e+02 -1.189700000e+02 -1.1976e+00 +3.8512e+00 -2.3968e+00
4307 0 +9.709907545e-09 -1.189700000e+02 -1.189700000e+02 -1.1976e+00 +3.8512e+00 -2.3968e+00
5221 0 +7.297273896e-11 -1.189700000e+02 -1.189700000e+02 -1.1976e+00 +3.8512e+00 -2.3968e+00
