% f evaluations | g evaluations | best noise-free fitness - Fopt (-5.494000000000e+01) + sum g_i+ | measured fitness | best measured fitness or single-digit g-values | x1 | x2...
1 0 +1.742410858e+06 +1.742355918e+06 +1.742355918e+06 +0.0000e+00 +0.0000e+00 +0.0000e+00
4 0 +4.913303044e+04 +4.907809044e+04 +4.907809044e+04 -7.0938e-02 -1.0004e+00 +1.9236e-01
16 0 +1.531448031e+04 +1.525954031e+04 +1.525954031e+04 -1.2308e+00 -1.3495e+00 -1.0725e+00
17 0 +1.481140530e+04 +1.475646530e+04 +1.475646530e+04 -1.5658e+00 -1.1491e+00 -5.6746e-01
20 0 +1.223144951e+02 +6.737449508e+01 +6.737449508e+01 -1.9520e+00 -8.1348e-01 +7.5767e-01
33 0 +5.800810260e+01 +3.068102598e+00 +3.068102598e+00 -1.5240e+00 -1.4744e+00 -1.1979e+00
125 0 +1.617780764e+01 -3.876219236e+01 -3.876219236e+01 -1.7233e+00 -1.5420e+00 -1.4673e+00
653 0 +3.481231707e+00 -5.145876829e+01 -5.145876829e+01 -1.7881e+00 -1.5859e+00 -1.6453e+00
1760 0 +1.425911378e-01 -5.479740886e+01 -5.479740886e+01 -1.7296e+00 -1.4475e+00 -1.1828e+00
2841 0 +1.291022101e-01 -5.481089779e+01 -5.481089779e+01 -1.7299e+00 -1.4565e+00 -1.2117e+00
2993 0 +1.251704889e-01 -5.481482951e+01 -5.481482951e+01 -1.7117e+00 -1.4685e+00 -1.2417e+00
3095 0 +5.200094633e-02 -5.488799905e+01 -5.488799905e+01 -1.7176e+00 -1.4733e+00 -1.2600e+00
3650 0 +4.412453932e-02 -5.489587546e+01 -5.489587546e+01 -1.7255e+00 -1.5451e+00 -1.4909e+00
4261 0 +1.505661735e-02 -5.492494338e+01 -5.492494338e+01 -1.7280e+00 -1.5382e+00 -1.4700e+00
8807 0 +1.473492734e-02 -5.492526507e+01 -5.492526507e+01 -1.7303e+00 -1.5430e+00 -1.4865e+00
8992 0 +1.394615585e-02 -5.492605384e+01 -5.492605384e+01 -1.7304e+00 -1.5411e+00 -1.4805e+00
23713 0 +1.394615585e-02 -5.492605384e+01 -5.492605384e+01 -1.7304e+00 -1.5411e+00 -1.4805e+00
% f evaluations | g evaluations | best noise-free fitness - Fopt (5.913000000000e+01) + sum g_i+ | measured fitness | best measured fitness or single-digit g-values | x1 | x2...
1 0 +1.355615952e+05 +1.356207252e+05 +1.356207252e+05 +0.0000e+00 +0.0000e+00 +0.0000e+00
8 0 +6.126004941e+04 +6.131917941e+04 +6.131917941e+04 -1.1497e+00 +6.0416e-01 +7.2610e-01
13 0 +3.140526263e+04 +3.146439263e+04 +3.146439263e+04 -8.4878e-01 +9.1140e-01 +6.3501e-01
22 0 +1.718394837e+04 +1.724307837e+04 +1.724307837e+04 -1.6109e+00 +1.2265e+00 -1.3685e-01
29 0 +1.019854576e+04 +1.025767576e+04 +1.025767576e+04 -5.2270e-01 +9.9317e-01 -7.2217e-01
50 0 +5.547886488e+03 +5.607016488e+03 +5.607016488e+03 -6.2023e-01 +8.6823e-01 -4.0054e-01
91 0 +2.376112947e+03 +2.435242947e+03 +2.435242947e+03 -5.5753e-01 +1.0109e+00 -1.1239e+00
202 0 +2.065263247e+03 +2.124393247e+03 +2.124393247e+03 -2.5295e+00 +1.7862e+00 +2.8504e-01
269 0 +9.394437965e+02 +9.985737965e+02 +9.985737965e+02 -2.4750e+00 +2.0115e+00 -6.2023e-01
495 0 +4.743672596e+02 +5.334972596e+02 +5.334972596e+02 -2.9410e+00 +2.2176e+00 -4.2627e-01
526 0 +1.433987800e+02 +2.025287800e+02 +2.025287800e+02 -3.3699e+00 +2.4137e+00 -3.1988e-01
538 0 +8.234470308e+01 +1.414747031e+02 +1.414747031e+02 -3.5197e+00 +2.5082e+00 -3.0344e-01
577 0 +1.042341665e+01 +6.955341665e+01 +6.955341665e+01 -3.1825e+00 +2.4226e+00 -7.4618e-01
6148 0 +9.850706512e+00 +6.898070651e+01 +6.898070651e+01 -4.5783e+00 +2.9468e+00 +3.1221e-01
6357 0 +9.353867946e+00 +6.848386795e+01 +6.848386795e+01 -4.5676e+00 +2.9412e+00 +3.0838e-01
6378 0 +9.301988160e+00 +6.843198816e+01 +6.843198816e+01 -4.5590e+00 +2.9362e+00 +3.0639e-01
6452 0 +9.027919047e+00 +6.815791905e+01 +6.815791905e+01 -4.5453e+00 +2.9340e+00 +2.8604e-01
30001 0 +8.953232814e+00 +6.808323281e+01 +6.808323281e+01 -4.5394e+00 +2.9328e+00 +2.7748e-01
% f evaluations | g evaluations | best noise-free fitness - Fopt (-4.915300000000e+02) + sum g_i+ | measured fitness | best measured fitness or single-digit g-values | x1 | x2...
1 0 +7.654731415e+06 +7.654239885e+06 +7.654239885e+06 +0.0000e+00 +0.0000e+00 +0.0000e+00
2 0 +2.619634938e+06 +2.619143408e+06 +2.619143408e+06 -1.4912e+00 +1.2678e+00 -9.5348e-01
7 0 +1.589292555e+06 +1.588801025e+06 +1.588801025e+06 -7.9837e-01 -1.0677e+00 -9.3091e-01
16 0 +1.266540205e+06 +1.266048675e+06 +1.266048675e+06 -2.7633e+00 +5.7687e-01 -6.5245e-01
18 0 +6.458012859e+05 +6.453097559e+05 +6.453097559e+05 -2.7717e+00 -4.0559e-01 -3.6652e-01
27 0 +2.180959981e+05 +2.176044681e+05 +2.176044681e+05 -2.7716e+00 -9.7921e-01 -5.8222e-01
28 0 +1.675646175e+05 +1.670730875e+05 +1.670730875e+05 -2.2881e+00 -9.9661e-01 -2.0220e+00
30 0 +1.625808704e+05 +1.620893404e+05 +1.620893404e+05 -2.0866e+00 -2.1181e-01 -1.5049e+00
38 0 +1.005055322e+04 +9.559023219e+03 +9.559023219e+03 -3.1186e+00 +8.5268e-01 -1.9761e+00
55 0 +7.920569058e+03 +7.429039058e+03 +7.429039058e+03 -1.5536e+00 -2.7719e-01 -2.4760e+00
58 0 +2.614084884e+03 +2.122554884e+03 +2.122554884e+03 -2.0002e+00 -7.6256e-01 -1.7831e+00
100 0 +1.520300269e+03 +1.028770269e+03 +1.028770269e+03 -5.6613e-02 -2.0346e+00 -2.3609e+00
207 0 +7.877762378e+02 +2.962462378e+02 +2.962462378e+02 +1.8016e+00 +4.1968e-01 -4.9486e+00
254 0 +7.507875443e+02 +2.592575443e+02 +2.592575443e+02 -3.7267e-01 -2.2293e-02 -3.2642e+00
325 0 +3.383558224e+02 -1.531741776e+02 -1.531741776e+02 +2.9245e-01 -1.2890e-01 -3.6262e+00
410 0 +1.636768997e+01 -4.751623100e+02 -4.751623100e+02 +7.7576e-01 -2.3111e-01 -3.9040e+00
540 0 +1.465739982e+01 -4.768726002e+02 -4.768726002e+02 +2.7053e-01 -7.9015e-01 -3.2709e+00
761 0 +6.980000170e+00 -4.845499998e+02 -4.845499998e+02 -2.2490e-01 -9.8557e-01 -2.8512e+00
3185 0 +5.645499863e+00 -4.858845001e+02 -4.858845001e+02 +1.0134e+00 -6.6836e-02 -4.1422e+00
3382 0 +5.253898517e+00 -4.862761015e+02 -4.862761015e+02 +1.0050e+00 -8.3099e-02 -4.1284e+00
3796 0 +4.984142000e+00 -4.865458580e+02 -4.865458580e+02 +8.9863e-01 -1.8425e-01 -4.0063e+00
4685 0 +2.864222082e+00 -4.886657779e+02 -4.886657779e+02 +9.0818e-01 -1.7809e-01 -4.0140e+00
5139 0 +2.513647394e+00 -4.890163526e+02 -4.890163526e+02 +7.4446e-01 -3.0883e-01 -3.8391e+00
5142 0 +2.263979467e+00 -4.892660205e+02 -4.892660205e+02 +7.7862e-01 -3.3234e-01 -3.8480e+00
5558 0 +2.210766056e+00 -4.893192339e+02 -4.893192339e+02 +9.0552e-01 -2.0778e-01 -3.9957e+00
5939 0 +2.036434726e+00 -4.894935653e+02 -4.894935653e+02 +9.3146e-01 -1.9654e-01 -4.0188e+00
6305 0 +1.987579757e+00 -4.895424202e+02 -4.895424202e+02 +9.2430e-01 -2.0181e-01 -4.0116e+00
30001 0 +1.950495396e+00 -4.895795046e+02 -4.895795046e+02 +8.9507e-01 -2.2287e-01 -3.9814e+00
% f evaluations | g evaluations | best noise-free fitness - Fopt (-1.702000000000e+02) + sum g_i+ | measured fitness | best measured fitness or single-digit g-values | x1 | x2...
1 0 +1.124209412e+07 +1.124192392e+07 +1.124192392e+07 +0.0000e+00 +0.0000e+00 +0.0000e+00
2 0 +4.816338746e+06 +4.816168546e+06 +4.816168546e+06 -3.4483e-01 -8.9235e-01 -7.7333e-01
11 0 +4.496815704e+06 +4.496645504e+06 +4.496645504e+06 -1.1865e+00 -5.6524e-01 -3.6779e-01
17 0 +4.431426286e+06 +4.431256086e+06 +4.431256086e+06 -1.1813e+00 -1.7477e+00 +1.1676e+00
21 0 +3.515054267e+06 +3.514884067e+06 +3.514884067e+06 -9.6934e-01 -5.6723e-01 -1.3483e+00
26 0 +1.785690844e+06 +1.785520644e+06 +1.785520644e+06 -9.7664e-01 -1.3854e+00 -1.3976e+00
39 0 +2.564404838e+05 +2.562702838e+05 +2.562702838e+05 -7.7821e-01 -3.2509e+00 -6.4527e-01
52 0 +1.111817091e+04 +1.094797091e+04 +1.094797091e+04 -1.4364e+00 -4.9352e+00 +1.1778e+00
70 0 +5.416349181e+03 +5.246149181e+03 +5.246149181e+03 -1.0664e+00 -4.8483e+00 +6.6718e-01
83 0 +5.293288672e+02 +3.591288672e+02 +3.591288672e+02 -1.6436e+00 -3.5639e+00 -2.1902e-01
87 0 +2.236202235e+02 +5.342022346e+01 +5.342022346e+01 -1.8274e+00 -3.1563e+00 -5.3637e-01
220 0 +1.217596381e+02 -4.844036186e+01 -4.844036186e+01 -1.3021e+00 -3.6072e+00 -6.1053e-01
377 0 +1.543956486e+01 -1.547604351e+02 -1.547604351e+02 -1.5873e+00 -3.0363e+00 -1.0059e+00
3538 0 +9.763555296e+00 -1.604364447e+02 -1.604364447e+02 -1.9052e+00 -2.7564e+00 -9.8940e-01
7564 0 +9.098560251e+00 -1.611014397e+02 -1.611014397e+02 -1.8837e+00 -2.7295e+00 -1.0465e+00
8360 0 +8.028009131e+00 -1.621719909e+02 -1.621719909e+02 -1.9752e+00 -2.6096e+00 -1.0954e+00
8439 0 +6.669179613e+00 -1.635308204e+02 -1.635308204e+02 -2.1822e+00 -2.4020e+00 -1.1153e+00
8466 0 +5.672680944e+00 -1.645273191e+02 -1.645273191e+02 -2.0529e+00 -2.5530e+00 -1.0754e+00
30001 0 +5.672680944e+00 -1.645273191e+02 -1.645273191e+02 -2.0529e+00 -2.5530e+00 -1.0754e+00
% f evaluations | g evaluations | best noise-free fitness - Fopt (-4.697500000000e+02) + sum g_i+ | measured fitness | best measured fitness or single-digit g-values | x1 | x2...
1 0 +1.084144925e+07 +1.084097950e+07 +1.084097950e+07 +0.0000e+00 +0.0000e+00 +0.0000e+00
6 0 +9.966591021e+06 +9.966121271e+06 +9.966121271e+06 -4.7489e-01 -4.2290e-02 +7.7587e-01
10 0 +2.706800784e+06 +2.706331034e+06 +2.706331034e+06 +1.3845e+00 +4.2485e-01 +1.2526e+00
38 0 +2.050928972e+06 +2.050459222e+06 +2.050459222e+06 +2.0874e+00 +1.8188e-01 +8.0543e-01
49 0 +1.523924281e+06 +1.523454531e+06 +1.523454531e+06 +2.7062e+00 -1.2088e-01 +4.2194e-01
50 0 +5.305009109e+05 +5.300311609e+05 +5.300311609e+05 +3.3327e+00 -7.5636e-01 -6.4057e-02
54 0 +7.204503257e+04 +7.157528257e+04 +7.157528257e+04 +5.4985e+00 +1.8014e-01 -6.2773e-01
77 0 +2.788155732e+04 +2.741180732e+04 +2.741180732e+04 +3.8655e+00 +2.8041e-01 +1.0915e+00
120 0 +2.599091655e+04 +2.552116655e+04 +2.552116655e+04 +3.3270e+00 -5.3361e-02 +1.4819e+00
139 0 +2.267375243e+04 +2.220400243e+04 +2.220400243e+04 +3.1974e+00 +8.1352e-04 +1.7103e+00
500 0 +2.195611368e+04 +2.148636368e+04 +2.148636368e+04 +3.4500e+00 -2.9405e-01 +1.2820e+00
734 0 +1.610271565e+04 +1.563296565e+04 +1.563296565e+04 +2.9606e+00 -1.0475e+00 +1.5365e+00
1208 0 +1.230344378e+04 +1.183369378e+04 +1.183369378e+04 +3.4120e+00 -2.1185e+00 +3.3598e-01
1266 0 +1.171389494e+04 +1.124414494e+04 +1.124414494e+04 +2.8905e+00 -1.5503e+00 +1.2604e+00
1309 0 +1.011991438e+04 +9.650164375e+03 +9.650164375e+03 +2.5779e+00 -1.4335e+00 +1.7134e+00
1330 0 +9.879306704e+03 +9.409556704e+03 +9.409556704e+03 +2.2415e+00 -1.5222e+00 +2.1507e+00
1385 0 +7.364208775e+03 +6.894458775e+03 +6.894458775e+03 +1.7748e+00 -1.6450e+00 +2.6431e+00
1432 0 +7.195000555e+03 +6.725250555e+03 +6.725250555e+03 +1.5959e+00 -1.5505e+00 +2.9153e+00
1696 0 +6.496184079e+03 +6.026434079e+03 +6.026434079e+03 +1.8154e+00 -1.4206e+00 +2.6809e+00
1720 0 +6.054501420e+03 +5.584751420e+03 +5.584751420e+03 +1.9923e+00 -1.8037e+00 +2.2524e+00
1743 0 +5.789620675e+03 +5.319870675e+03 +5.319870675e+03 +1.9618e+00 -1.8231e+00 +2.2729e+00
1757 0 +5.743522983e+03 +5.273772983e+03 +5.273772983e+03 +1.8893e+00 -1.6896e+00 +2.3968e+00
1810 0 +4.749234504e+03 +4.279484504e+03 +4.279484504e+03 +1.6675e+00 -1.9084e+00 +2.5268e+00
1842 0 +4.630765828e+03 +4.161015828e+03 +4.161015828e+03 +1.8346e+00 -2.0506e+00 +2.2790e+00
1863 0 +4.197335223e+03 +3.727585223e+03 +3.727585223e+03 +1.8351e+00 -2.2744e+00 +2.1464e+00
1870 0 +3.816219068e+03 +3.346469068e+03 +3.346469068e+03 +1.9385e+00 -2.6294e+00 +1.8242e+00
2178 0 +3.715997048e+03 +3.246247048e+03 +3.246247048e+03 +1.7324e+00 -2.4537e+00 +2.1933e+00
2227 0 +3.612809251e+03 +3.143059251e+03 +3.143059251e+03 +1.7014e+00 -3.1321e+00 +1.7716e+00
2252 0 +3.481401521e+03 +3.011651521e+03 +3.011651521e+03 +1.6130e+00 -2.5743e+00 +2.2200e+00
2262 0 +3.402524508e+03 +2.932774508e+03 +2.932774508e+03 +1.8085e+00 -2.6994e+00 +1.9575e+00
2270 0 +2.934000374e+03 +2.464250374e+03 +2.464250374e+03 +1.6520e+00 -2.8161e+00 +2.0501e+00
2333 0 +2.813604542e+03 +2.343854542e+03 +2.343854542e+03 +1.6700e+00 -3.0426e+00 +1.9610e+00
2373 0 +2.418672204e+03 +1.948922204e+03 +1.948922204e+03 +1.6665e+00 -3.0032e+00 +1.9502e+00
2394 0 +2.054269284e+03 +1.584519284e+03 +1.584519284e+03 +1.4949e+00 -2.9679e+00 +2.1631e+00
2810 0 +1.872605122e+03 +1.402855122e+03 +1.402855122e+03 +1.5060e+00 -3.0376e+00 +2.1317e+00
2904 0 +1.188024355e+03 +7.182743548e+02 +7.182743548e+02 +1.6278e+00 -3.6551e+00 +1.6084e+00
3019 0 +5.145181361e+02 +4.476813612e+01 +4.476813612e+01 +1.5867e+00 -3.9776e+00 +1.4930e+00
3543 0 +3.590970723e+02 -1.106529277e+02 -1.106529277e+02 +1.4843e+00 -3.9842e+00 +1.6219e+00
3647 0 +3.314295014e+02 -1.383204986e+02 -1.383204986e+02 +1.2165e+00 -3.6507e+00 +2.1351e+00
3668 0 +2.384612105e+02 -2.312887895e+02 -2.312887895e+02 +1.2305e+00 -3.8974e+00 +1.9850e+00
3715 0 +1.336273710e+02 -3.361226290e+02 -3.361226290e+02 +9.8636e-01 -3.7441e+00 +2.3593e+00
3806 0 +1.114001120e+02 -3.583498880e+02 -3.583498880e+02 +9.1316e-01 -3.6964e+00 +2.4784e+00
4825 0 +5.404711588e+01 -4.157028841e+02 -4.157028841e+02 +9.1265e-01 -3.8440e+00 +2.3915e+00
5004 0 +4.401699261e+01 -4.257330074e+02 -4.257330074e+02 +9.4011e-01 -3.9366e+00 +2.3110e+00
5008 0 +3.222089433e+01 -4.375291057e+02 -4.375291057e+02 +8.9996e-01 -4.1076e+00 +2.2696e+00
5023 0 +2.781548302e+01 -4.419345170e+02 -4.419345170e+02 +8.8934e-01 -4.0646e+00 +2.3054e+00
5096 0 +8.637897456e+00 -4.611121025e+02 -4.611121025e+02 +8.9952e-01 -4.0938e+00 +2.2689e+00
5100 0 +5.934021592e+00 -4.638159784e+02 -4.638159784e+02 +8.7163e-01 -4.1036e+00 +2.2995e+00
6185 0 +5.053167630e+00 -4.646968324e+02 -4.646968324e+02 +8.3973e-01 -4.0695e+00 +2.3550e+00
30001 0 +5.053167630e+00 -4.646968324e+02 -4.646968324e+02 +8.3973e-01 -4.0695e+00 +2.3550e+00
% f evaluations | g evaluations | best noise-free fitness - Fopt (-5.191000000000e+01) + sum g_i+ | measured fitness | best measured fitness or single-digit g-values | x1 | x2...
1 0 +2.667928667e+06 +2.667876757e+06 +2.667876757e+06 +0.0000e+00 +0.0000e+00 +0.0000e+00
2 0 +2.421552294e+04 +2.416361294e+04 +2.416361294e+04 +1.4348e+00 +4.9965e-01 -3.6722e-01
28 0 +1.913822177e+03 +1.861912177e+03 +1.861912177e+03 +1.3116e+00 +1.0257e+00 +3.0621e-01
46 0 +1.803876471e+03 +1.751966471e+03 +1.751966471e+03 +1.5911e+00 -1.1839e+00 +4.9922e-01
106 0 +1.396406124e+03 +1.344496124e+03 +1.344496124e+03 +1.5221e+00 -1.1562e+00 +6.6078e-01
143 0 +3.367196263e+02 +2.848096263e+02 +2.848096263e+02 +1.4527e+00 -3.7336e-01 +6.5382e-01
194 0 +1.902887828e+02 +1.383787828e+02 +1.383787828e+02 +1.5777e+00 +8.5546e-01 -4.7308e-01
518 0 +5.203396489e+01 +1.239648900e-01 +1.239648900e-01 +1.8016e+00 +2.6119e+00 -2.2839e+00
844 0 +4.054897348e+01 -1.136102652e+01 -1.136102652e+01 +1.2125e+00 -1.0680e+00 +1.9267e+00
1441 0 +2.478778909e+01 -2.712221091e+01 -2.712221091e+01 +1.3738e+00 +5.2889e-03 +7.3558e-01
1964 0 +2.217855383e+01 -2.973144617e+01 -2.973144617e+01 +1.4098e+00 +5.4037e-01 +3.0344e-01
1972 0 +1.595236053e+01 -3.595763947e+01 -3.595763947e+01 +1.4205e+00 +8.2529e-01 +1.2562e-01
2103 0 +1.003083793e+01 -4.187916207e+01 -4.187916207e+01 +1.4321e+00 +8.0964e-01 +9.9136e-02
3459 0 +5.932430834e+00 -4.597756917e+01 -4.597756917e+01 +1.4780e+00 +9.2677e-01 -1.4354e-01
30001 0 +5.932430834e+00 -4.597756917e+01 -4.597756917e+01 +1.4780e+00 +9.2677e-01 -1.4354e-01
% f evaluations | g evaluations | best noise-free fitness - Fopt (4.808000000000e+01) + sum g_i+ | measured fitness | best measured fitness or single-digit g-values | x1 | x2...
1 0 +1.560877423e+07 +1.560882231e+07 +1.560882231e+07 +0.0000e+00 +0.0000e+00 +0.0000e+00
2 0 +8.406987990e+06 +8.407036070e+06 +8.407036070e+06 +3.4337e-01 -1.0656e+00 -6.2458e-01
4 0 +5.637858744e+06 +5.637906824e+06 +5.637906824e+06 +3.5727e-01 -1.3092e+00 -1.1707e+00
8 0 +4.050293748e+06 +4.050341828e+06 +4.050341828e+06 +8.4848e-01 -7.1009e-01 -1.6243e+00
15 0 +3.002850740e+06 +3.002898820e+06 +3.002898820e+06 -1.5901e-01 -9.7540e-01 -2.5754e+00
29 0 +9.475514181e+05 +9.475994981e+05 +9.475994981e+05 +1.2136e+00 -8.2219e-01 -2.5829e+00
37 0 +5.079946589e+05 +5.080427389e+05 +5.080427389e+05 +1.8588e+00 -1.0231e+00 -2.3950e+00
39 0 +6.297998069e+04 +6.302806069e+04 +6.302806069e+04 +8.6641e-01 -1.3883e+00 -3.4867e+00
50 0 +9.175902513e+03 +9.223982513e+03 +9.223982513e+03 +8.6142e-01 -5.2516e-01 -4.0794e+00
65 0 +7.428887769e+03 +7.476967769e+03 +7.476967769e+03 +9.6153e-01 -8.2873e-01 -3.9124e+00
67 0 +2.113952023e+03 +2.162032023e+03 +2.162032023e+03 +3.3033e+00 -8.5163e-01 -2.5497e+00
148 0 +5.822495046e+02 +6.303295046e+02 +6.303295046e+02 +3.1644e+00 -1.5722e+00 -2.4037e+00
258 0 +4.921688706e+01 +9.729688706e+01 +9.729688706e+01 +4.3938e+00 -1.7716e+00 -1.6164e+00
1682 0 +4.380695938e+01 +9.188695938e+01 +9.188695938e+01 +8.4252e-03 -3.6590e+00 -3.5657e+00
2055 0 +2.093390414e+01 +6.901390414e+01 +6.901390414e+01 -1.8005e-01 -3.8394e+00 -3.6168e+00
2241 0 +8.996081271e+00 +5.707608127e+01 +5.707608127e+01 -5.1700e-01 -4.1518e+00 -3.7192e+00
4018 0 +8.046700451e+00 +5.612670045e+01 +5.612670045e+01 -7.8880e-01 -4.1927e+00 -3.8618e+00
4764 0 +7.232799846e+00 +5.531279985e+01 +5.531279985e+01 -8.5150e-01 -4.2821e+00 -3.8715e+00
4778 0 +6.883689406e+00 +5.496368941e+01 +5.496368941e+01 -7.8933e-01 -4.2080e+00 -3.8552e+00
4811 0 +4.918224952e+00 +5.299822495e+01 +5.299822495e+01 -7.6548e-01 -4.2112e+00 -3.8416e+00
5799 0 +4.524252520e+00 +5.260425252e+01 +5.260425252e+01 -7.6565e-01 -4.2198e+00 -3.8394e+00
6179 0 +4.367412870e+00 +5.244741287e+01 +5.244741287e+01 -7.6897e-01 -4.2307e+00 -3.8377e+00
30001 0 +4.367412870e+00 +5.244741287e+01 +5.244741287e+01 -7.6897e-01 -4.2307e+00 -3.8377e+00
% f evaluations | g evaluations | best noise-free fitness - Fopt (3.058000000000e+01) + sum g_i+ | measured fitness | best measured fitness or single-digit g-values | x1 | x2...
1 0 +5.523484173e+04 +5.526542173e+04 +5.526542173e+04 +0.0000e+00 +0.0000e+00 +0.0000e+00
14 0 +2.599828844e+04 +2.602886844e+04 +2.602886844e+04 +1.1076e+00 +6.1225e-01 -2.4346e-01
15 0 +2.560023229e+04 +2.563081229e+04 +2.563081229e+04 +1.0458e+00 +6.3273e-01 -3.2195e-02
19 0 +1.446509517e+04 +1.449567517e+04 +1.449567517e+04 -8.9804e-01 -6.6526e-01 -7.2644e-01
27 0 +7.313826031e+03 +7.344406031e+03 +7.344406031e+03 -1.0540e+00 -8.9465e-01 -9.0843e-01
91 0 +5.376978134e+03 +5.407558134e+03 +5.407558134e+03 -8.4478e-01 -5.4068e-01 -1.5617e+00
172 0 +4.885557256e+03 +4.916137256e+03 +4.916137256e+03 -7.3478e-01 -1.8307e-01 -2.7891e+00
202 0 +2.480930066e+03 +2.511510066e+03 +2.511510066e+03 -1.3105e+00 -5.3997e-01 -2.8159e+00
598 0 +1.380476711e+03 +1.411056711e+03 +1.411056711e+03 -1.5088e+00 -7.9227e-01 -2.6393e+00
1063 0 +2.327879466e+02 +2.633679466e+02 +2.633679466e+02 -1.4905e+00 -4.9194e-01 -3.7181e+00
1246 0 +2.995466092e+01 +6.053466092e+01 +6.053466092e+01 -2.1888e+00 -1.1422e+00 -3.3504e+00
1367 0 +1.765863196e+01 +4.823863196e+01 +4.823863196e+01 -1.7140e+00 -5.8815e-01 -4.0396e+00
1527 0 +1.362332367e+01 +4.420332367e+01 +4.420332367e+01 -1.5855e+00 -3.9129e-01 -4.4349e+00
1602 0 +3.480810899e+00 +3.406081090e+01 +3.406081090e+01 -2.1391e+00 -1.0488e+00 -3.5490e+00
30001 0 +3.480810899e+00 +3.406081090e+01 +3.406081090e+01 -2.1391e+00 -1.0488e+00 -3.5490e+00
% f evaluations | g evaluations | best noise-free fitness - Fopt (1.000000000000e+03) + sum g_i+ | measured fitness | best measured fitness or single-digit g-values | x1 | x2...
1 0 +3.482549752e+05 +3.492549752e+05 +3.492549752e+05 +0.0000e+00 +0.0000e+00 +0.0000e+00
4 0 +2.268954632e+05 +2.278954632e+05 +2.278954632e+05 +7.1746e-02 +2.6944e-01 -5.6524e-02
5 0 +2.457505651e+04 +2.557505651e+04 +2.557505651e+04 -1.1363e+00 +5.9366e-01 +5.0445e-01
16 0 +2.265727895e+04 +2.365727895e+04 +2.365727895e+04 -2.7238e-01 +2.2513e-01 +4.9703e-01
17 0 +1.873379015e+04 +1.973379015e+04 +1.973379015e+04 +3.1703e-02 +1.7520e-01 +5.8004e-01
18 0 +1.032938461e+04 +1.132938461e+04 +1.132938461e+04 +4.8821e-01 +1.1625e+00 -4.6172e-01
20 0 +1.019140563e+04 +1.119140563e+04 +1.119140563e+04 +9.0447e-01 +3.6003e-01 +6.5032e-01
25 0 +5.157539944e+03 +6.157539944e+03 +6.157539944e+03 -4.7380e-01 +5.8706e-01 +3.6267e-01
38 0 +5.004944803e+03 +6.004944803e+03 +6.004944803e+03 -8.8878e-01 +1.1874e+00 -5.1839e-01
52 0 +5.854089556e+02 +1.585408956e+03 +1.585408956e+03 -1.4089e+00 +1.3034e+00 -5.3762e-01
129 0 +1.261090204e+02 +1.126109020e+03 +1.126109020e+03 -2.6086e+00 +2.9270e+00 -2.4416e+00
913 0 +1.051255591e+02 +1.105125559e+03 +1.105125559e+03 -1.2554e+00 -7.6260e-01 +1.8096e+00
1125 0 +7.721519041e+01 +1.077215190e+03 +1.077215190e+03 -1.1753e+00 -8.8832e-01 +1.9690e+00
1696 0 +5.664671313e+01 +1.056646713e+03 +1.056646713e+03 -1.2584e+00 -8.3560e-01 +1.9046e+00
2028 0 +4.298609163e+01 +1.042986092e+03 +1.042986092e+03 -1.3951e+00 -7.8454e-01 +1.8416e+00
2427 0 +4.154183363e+01 +1.041541834e+03 +1.041541834e+03 -1.3842e+00 -7.1425e-01 +1.7613e+00
2535 0 +4.016690176e+01 +1.040166902e+03 +1.040166902e+03 -1.4121e+00 -6.6404e-01 +1.7031e+00
3384 0 +3.906505694e+01 +1.039065057e+03 +1.039065057e+03 -1.4434e+00 -6.1855e-01 +1.6512e+00
3393 0 +3.822663151e+01 +1.038226632e+03 +1.038226632e+03 -1.4609e+00 -5.5740e-01 +1.5795e+00
4914 0 +3.743404871e+01 +1.037434049e+03 +1.037434049e+03 -1.4592e+00 -5.3352e-01 +1.5526e+00
5551 0 +3.693405751e+01 +1.036934058e+03 +1.036934058e+03 -1.4623e+00 -5.0530e-01 +1.5202e+00
27571 0 +3.630763710e+01 +1.036307637e+03 +1.036307637e+03 -1.4740e+00 -4.6813e-01 +1.4771e+00
30001 0 +3.623251717e+01 +1.036232517e+03 +1.036232517e+03 -1.4739e+00 -4.6350e-01 +1.4718e+00
% f evaluations | g evaluations | best noise-free fitness - Fopt (-4.236000000000e+01) + sum g_i+ | measured fitness | best measured fitness or single-digit g-values | x1 | x2...
1 0 +3.664666223e+04 +3.660430223e+04 +3.660430223e+04 +0.0000e+00 +0.0000e+00 +0.0000e+00
2 0 +1.273955896e+04 +1.269719896e+04 +1.269719896e+04 +1.1416e+00 +7.8591e-01 +1.2435e+00
25 0 +1.185595993e+04 +1.181359993e+04 +1.181359993e+04 +6.8347e-01 +1.8658e-01 +1.0861e+00
26 0 +5.708858376e+03 +5.666498376e+03 +5.666498376e+03 +8.4866e-01 +4.7517e-01 +1.1561e+00
34 0 +2.822651207e+03 +2.780291207e+03 +2.780291207e+03 +7.0196e-01 +5.5307e-01 +1.0171e+00
54 0 +1.764275581e+03 +1.721915581e+03 +1.721915581e+03 +5.3054e-01 -2.4404e-01 +1.4093e+00
92 0 +1.600811832e+03 +1.558451832e+03 +1.558451832e+03 -2.5131e-01 -4.7597e-01 +4.2725e-01
114 0 +1.558774484e+03 +1.516414484e+03 +1.516414484e+03 +8.2067e-01 -1.3710e+00 +3.1024e+00
168 0 +4.141835053e+01 -9.416494717e-01 -9.416494717e-01 +4.2080e-01 -9.3159e-01 +1.9626e+00
7935 0 +4.054593550e+01 -1.814064496e+00 -1.814064496e+00 +2.0982e+00 +3.0094e-01 +3.4952e+00
7956 0 +3.584882325e+01 -6.511176750e+00 -6.511176750e+00 +2.0877e+00 +2.8688e-01 +3.4928e+00
8070 0 +3.524479013e+01 -7.115209871e+00 -7.115209871e+00 +2.0870e+00 +2.8388e-01 +3.4969e+00
8072 0 +3.360843041e+01 -8.751569590e+00 -8.751569590e+00 +2.0913e+00 +2.8435e-01 +3.5000e+00
8121 0 +3.191954799e+01 -1.044045201e+01 -1.044045201e+01 +2.0920e+00 +2.8239e-01 +3.5059e+00
8189 0 +2.526311291e+01 -1.709688709e+01 -1.709688709e+01 +2.0907e+00 +2.6893e-01 +3.5163e+00
8207 0 +2.222413547e+01 -2.013586453e+01 -2.013586453e+01 +2.0940e+00 +2.6221e-01 +3.5282e+00
8440 0 +1.973290610e+01 -2.262709390e+01 -2.262709390e+01 +2.0878e+00 +2.4671e-01 +3.5320e+00
8452 0 +1.892636378e+01 -2.343363622e+01 -2.343363622e+01 +2.0844e+00 +2.3953e-01 +3.5343e+00
8513 0 +1.796962978e+01 -2.439037022e+01 -2.439037022e+01 +2.0756e+00 +2.2265e-01 +3.5332e+00
8524 0 +1.481610139e+01 -2.754389861e+01 -2.754389861e+01 +2.0874e+00 +2.2735e-01 +3.5503e+00
8706 0 +1.408912058e+01 -2.827087942e+01 -2.827087942e+01 +2.0859e+00 +2.2402e-01 +3.5505e+00
8712 0 +1.117641360e+01 -3.118358640e+01 -3.118358640e+01 +2.0719e+00 +2.0795e-01 +3.5434e+00
8758 0 +1.041849767e+01 -3.194150233e+01 -3.194150233e+01 +2.0762e+00 +2.0934e-01 +3.5507e+00
8803 0 +1.015628474e+01 -3.220371526e+01 -3.220371526e+01 +2.0717e+00 +2.0523e-01 +3.5478e+00
8854 0 +9.859211472e+00 -3.250078853e+01 -3.250078853e+01 +2.0780e+00 +2.0832e-01 +3.5543e+00
8860 0 +8.921426872e+00 -3.343857313e+01 -3.343857313e+01 +2.0684e+00 +1.9572e-01 +3.5513e+00
9089 0 +8.332726687e+00 -3.402727331e+01 -3.402727331e+01 +2.0605e+00 +1.8084e-01 +3.5529e+00
9240 0 +7.893857267e+00 -3.446614273e+01 -3.446614273e+01 +2.0589e+00 +1.7704e-01 +3.5531e+00
9675 0 +7.581951748e+00 -3.477804825e+01 -3.477804825e+01 +2.0720e+00 +1.7564e-01 +3.5787e+00
9691 0 +6.675883394e+00 -3.568411661e+01 -3.568411661e+01 +2.0735e+00 +1.8032e-01 +3.5735e+00
9849 0 +6.601807566e+00 -3.575819243e+01 -3.575819243e+01 +2.0737e+00 +1.8041e-01 +3.5747e+00
9851 0 +6.429342962e+00 -3.593065704e+01 -3.593065704e+01 +2.0790e+00 +1.7887e-01 +3.5834e+00
9880 0 +6.270535596e+00 -3.608946440e+01 -3.608946440e+01 +2.0812e+00 +1.8209e-01 +3.5846e+00
9950 0 +6.101496071e+00 -3.625850393e+01 -3.625850393e+01 +2.0741e+00 +1.7589e-01 +3.5793e+00
10140 0 +6.016496274e+00 -3.634350373e+01 -3.634350373e+01 +2.0735e+00 +1.6886e-01 +3.5864e+00
10267 0 +5.887117856e+00 -3.647288214e+01 -3.647288214e+01 +2.0718e+00 +1.6726e-01 +3.5851e+00
10293 0 +5.598985280e+00 -3.676101472e+01 -3.676101472e+01 +2.0787e+00 +1.6965e-01 +3.5930e+00
10389 0 +5.486947267e+00 -3.687305273e+01 -3.687305273e+01 +2.0736e+00 +1.6499e-01 +3.5891e+00
10443 0 +5.289650603e+00 -3.707034940e+01 -3.707034940e+01 +2.0686e+00 +1.5682e-01 +3.5888e+00
10617 0 +5.151310534e+00 -3.720868947e+01 -3.720868947e+01 +2.0661e+00 +1.5061e-01 +3.5909e+00
10687 0 +5.123750746e+00 -3.723624925e+01 -3.723624925e+01 +2.0671e+00 +1.4910e-01 +3.5942e+00
30001 0 +5.070929408e+00 -3.728907059e+01 -3.728907059e+01 +2.0593e+00 +1.4287e-01 +3.5877e+00
% f evaluations | g evaluations | best noise-free fitness - Fopt (-7.187000000000e+01) + sum g_i+ | measured fitness | best measured fitness or single-digit g-values | x1 | x2...
1 0 +2.075728661e+06 +2.075656791e+06 +2.075656791e+06 +0.0000e+00 +0.0000e+00 +0.0000e+00
2 0 +2.282849847e+04 +2.275662847e+04 +2.275662847e+04 +4.3783e-01 +1.5508e+00 -3.3768e-01
25 0 +1.204179266e+04 +1.196992266e+04 +1.196992266e+04 -5.0981e-01 +1.5890e+00 -2.1889e-02
45 0 +4.716025870e+02 +3.997325870e+02 +3.997325870e+02 -1.1570e+00 +2.2070e+00 +1.2804e+00
92 0 +3.171089105e+02 +2.452389105e+02 +2.452389105e+02 -3.9901e-01 +1.3893e+00 -1.1053e+00
118 0 +3.332732039e+01 -3.854267961e+01 -3.854267961e+01 -9.1757e-01 +1.4185e+00 -1.3930e+00
1058 0 +1.745233899e+01 -5.441766101e+01 -5.441766101e+01 -1.3513e+00 +2.7052e+00 +3.0859e+00
1685 0 +1.071989208e+01 -6.115010792e+01 -6.115010792e+01 -1.2247e+00 +2.5506e+00 +2.6034e+00
1750 0 +2.065360715e+00 -6.980463929e+01 -6.980463929e+01 -1.3524e+00 +2.6589e+00 +2.8973e+00
30001 0 +2.065360715e+00 -6.980463929e+01 -6.980463929e+01 -1.3524e+00 +2.6589e+00 +2.8973e+00
% f evaluations | g evaluations | best noise-free fitness - Fopt (-1.650000000000e+01) + sum g_i+ | measured fitness | best measured fitness or single-digit g-values | x1 | x2...
1 0 +2.063072108e+07 +2.063070458e+07 +2.063070458e+07 +0.0000e+00 +0.0000e+00 +0.0000e+00
2 0 +1.727474535e+07 +1.727472885e+07 +1.727472885e+07 +7.4263e-01 -2.4802e-01 -7.4469e-02
6 0 +1.497127417e+07 +1.497125767e+07 +1.497125767e+07 -4.5644e-01 +5.8853e-01 +1.3630e+00
8 0 +1.082503512e+07 +1.082501862e+07 +1.082501862e+07 +1.6219e+00 -3.0825e-01 +2.8946e-01
23 0 +8.791331454e+06 +8.791314954e+06 +8.791314954e+06 +2.2988e+00 +6.7971e-02 +2.2448e-01
26 0 +6.641052244e+06 +6.641035744e+06 +6.641035744e+06 +3.0408e+00 +1.8975e-01 +1.5877e-01
33 0 +5.450789015e+06 +5.450772515e+06 +5.450772515e+06 +2.7259e+00 -1.4815e-02 +6.8880e-01
40 0 +4.326683431e+06 +4.326666931e+06 +4.326666931e+06 +4.6018e+00 +6.2229e-01 -1.9386e-01
45 0 +5.133055356e+04 +5.131405356e+04 +5.131405356e+04 +7.0871e+00 +8.4498e-02 +2.5016e-01
94 0 +3.318518530e+04 +3.316868530e+04 +3.316868530e+04 +7.6313e+00 -9.2685e-01 -1.9761e-01
123 0 +1.975217403e+04 +1.973567403e+04 +1.973567403e+04 +1.6832e+00 -2.4849e-01 +4.6507e+00
126 0 +5.630577579e+03 +5.614077579e+03 +5.614077579e+03 +3.5222e+00 +1.2538e+00 +3.3103e+00
187 0 +3.929724266e+03 +3.913224266e+03 +3.913224266e+03 +2.7821e+00 +1.8529e+00 +3.9826e+00
193 0 +2.717126998e+03 +2.700626998e+03 +2.700626998e+03 +4.4990e+00 +2.4914e+00 +2.8402e+00
196 0 +8.172926313e+02 +8.007926313e+02 +8.007926313e+02 +4.1554e+00 +2.2896e+00 +3.1386e+00
322 0 +7.806141051e+01 +6.156141051e+01 +6.156141051e+01 +2.0146e+00 +1.4046e+00 +4.5570e+00
958 0 +4.199698684e+01 +2.549698684e+01 +2.549698684e+01 +3.3318e+00 +2.5762e+00 +3.7869e+00
1145 0 +1.951968313e+01 +3.019683132e+00 +3.019683132e+00 +2.9631e+00 +2.3124e+00 +4.0270e+00
1692 0 +1.607778153e+01 -4.222184666e-01 -4.222184666e-01 +3.4475e+00 +2.5161e+00 +3.6957e+00
2407 0 +9.478989289e+00 -7.021010711e+00 -7.021010711e+00 +2.9257e+00 +2.3362e+00 +4.0512e+00
2768 0 +8.275951697e+00 -8.224048303e+00 -8.224048303e+00 +1.9266e+00 +1.5556e+00 +4.6540e+00
3040 0 +7.020808145e+00 -9.479191855e+00 -9.479191855e+00 +2.2194e+00 +1.8949e+00 +4.5032e+00
3055 0 +6.008700847e+00 -1.049129915e+01 -1.049129915e+01 +2.0339e+00 +1.7307e+00 +4.6065e+00
3747 0 +3.626714692e+00 -1.287328531e+01 -1.287328531e+01 +1.8583e+00 +1.6112e+00 +4.7183e+00
3751 0 +3.369003499e+00 -1.313099650e+01 -1.313099650e+01 +1.9590e+00 +1.6400e+00 +4.6482e+00
4432 0 +3.265261069e+00 -1.323473893e+01 -1.323473893e+01 +1.8458e+00 +1.5735e+00 +4.7196e+00
30001 0 +3.265261069e+00 -1.323473893e+01 -1.323473893e+01 +1.8458e+00 +1.5735e+00 +4.7196e+00
% f evaluations | g evaluations | best noise-free fitness - Fopt (1.000000000000e+03) + sum g_i+ | measured fitness | best measured fitness or single-digit g-values | x1 | x2...
1 0 +4.693280327e+06 +4.694280327e+06 +4.694280327e+06 +0.0000e+00 +0.0000e+00 +0.0000e+00
2 0 +1.618150169e+06 +1.619150169e+06 +1.619150169e+06 -7.7512e-01 -1.4467e+00 -4.7524e-01
7 0 +5.804160412e+05 +5.814160412e+05 +5.814160412e+05 +1.5570e+00 +3.2761e-01 -1.5953e+00
28 0 +4.551989017e+04 +4.651989017e+04 +4.651989017e+04 +8.6689e-01 -1.5643e+00 -9.7660e-01
41 0 +2.606567538e+04 +2.706567538e+04 +2.706567538e+04 -5.6113e-01 -2.2695e+00 -1.1086e+00
71 0 +1.846597134e+04 +1.946597134e+04 +1.946597134e+04 -1.0418e+00 -4.6337e+00 +5.7640e-01
72 0 +6.674544350e+03 +7.674544350e+03 +7.674544350e+03 -1.3757e-01 -1.7613e+00 -1.4920e+00
75 0 +1.891632627e+02 +1.189163263e+03 +1.189163263e+03 -1.9082e-01 -3.2270e+00 -1.9441e-01
434 0 +1.241500256e+02 +1.124150026e+03 +1.124150026e+03 -1.6402e-01 -1.5210e+00 -1.8806e+00
525 0 +3.135594001e+01 +1.031355940e+03 +1.031355940e+03 -3.0171e-02 -1.6328e+00 -1.6964e+00
1711 0 +1.876883047e+01 +1.018768830e+03 +1.018768830e+03 +3.3892e-02 -2.0560e+00 -1.2406e+00
2318 0 +1.834173542e+01 +1.018341735e+03 +1.018341735e+03 -7.9632e-02 -2.0455e+00 -1.3081e+00
2321 0 +1.315708875e+01 +1.013157089e+03 +1.013157089e+03 +6.3090e-02 -1.8967e+00 -1.3824e+00
2339 0 +1.275405294e+01 +1.012754053e+03 +1.012754053e+03 +8.7277e-02 -1.7276e+00 -1.5433e+00
5625 0 +1.216652675e+01 +1.012166527e+03 +1.012166527e+03 +2.2935e-02 -1.9622e+00 -1.3384e+00
30001 0 +1.216652675e+01 +1.012166527e+03 +1.012166527e+03 +2.2935e-02 -1.9622e+00 -1.3384e+00
% f evaluations | g evaluations | best noise-free fitness - Fopt (-1.000000000000e+03) + sum g_i+ | measured fitness | best measured fitness or single-digit g-values | x1 | x2...
1 0 +1.768516060e+07 +1.768416060e+07 +1.768416060e+07 +0.0000e+00 +0.0000e+00 +0.0000e+00
3 0 +1.567582185e+07 +1.567482185e+07 +1.567482185e+07 +1.5468e+00 -1.4640e+00 +4.0212e-01
7 0 +1.144728604e+07 +1.144628604e+07 +1.144628604e+07 -1.6666e+00 +5.0469e-01 -1.0384e+00
9 0 +8.068609182e+06 +8.067609182e+06 +8.067609182e+06 -1.2909e+00 -1.0056e+00 +5.0974e-01
30 0 +6.566621795e+06 +6.565621795e+06 +6.565621795e+06 -2.2829e+00 -3.2624e-01 -4.1667e-01
32 0 +6.430142369e+06 +6.429142369e+06 +6.429142369e+06 -3.3930e+00 +1.1843e-01 +1.0906e-01
39 0 +4.750606615e+06 +4.749606615e+06 +4.749606615e+06 -2.4056e+00 -1.0882e+00 +2.6999e-01
43 0 +3.475293296e+06 +3.474293296e+06 +3.474293296e+06 -4.6190e+00 -6.3598e-02 -1.3994e-01
51 0 +2.902686627e+06 +2.901686627e+06 +2.901686627e+06 -2.6448e+00 -1.0856e+00 -1.2687e+00
56 0 +1.470994996e+06 +1.469994996e+06 +1.469994996e+06 -3.9438e+00 -1.3082e+00 -7.4793e-02
58 0 +7.039464275e+05 +7.029464275e+05 +7.029464275e+05 -4.1587e+00 -1.2548e+00 -6.7973e-01
66 0 +1.313096232e+04 +1.213096232e+04 +1.213096232e+04 -2.7144e+00 -3.4753e+00 -3.8259e-02
70 0 +5.399838324e+03 +4.399838324e+03 +4.399838324e+03 -1.8373e+00 -3.9570e+00 -3.9266e-01
346 0 +2.286986317e+03 +1.286986317e+03 +1.286986317e+03 -1.0824e+00 -4.0924e+00 -1.1322e+00
406 0 +7.042970859e+02 -2.957029141e+02 -2.957029141e+02 -3.3542e+00 -5.7145e-01 -6.0422e+00
422 0 +9.401386927e+01 -9.059861307e+02 -9.059861307e+02 -1.7547e+00 -2.4333e+00 -4.0864e+00
751 0 +9.237016989e+01 -9.076298301e+02 -9.076298301e+02 -1.1271e+00 -3.4507e+00 -2.6376e+00
1035 0 +2.896496954e+01 -9.710350305e+02 -9.710350305e+02 -5.6403e-01 -3.9129e+00 -2.3699e+00
1064 0 +2.033418831e+01 -9.796658117e+02 -9.796658117e+02 -7.5020e-01 -3.5863e+00 -2.8749e+00
2080 0 +1.538359273e+01 -9.846164073e+02 -9.846164073e+02 +2.1979e-01 -4.6696e+00 -1.7602e+00
2146 0 +1.253698400e+01 -9.874630160e+02 -9.874630160e+02 +2.8551e-01 -4.8329e+00 -1.4883e+00
2431 0 +1.087689451e+01 -9.891231055e+02 -9.891231055e+02 +8.7359e-02 -4.5538e+00 -1.8507e+00
3869 0 +7.269134946e+00 -9.927308651e+02 -9.927308651e+02 -1.5387e-01 -4.3291e+00 -2.0054e+00
4063 0 +4.955347878e+00 -9.950446521e+02 -9.950446521e+02 -1.5115e-01 -4.2842e+00 -2.1207e+00
4348 0 +3.931176425e-01 -9.996068824e+02 -9.996068824e+02 -2.5059e-01 -4.2147e+00 -2.1379e+00
5556 0 +3.086675835e-01 -9.996913324e+02 -9.996913324e+02 -1.9051e-01 -4.2804e+00 -2.0742e+00
5774 0 +2.460970023e-01 -9.997539030e+02 -9.997539030e+02 -2.1701e-01 -4.2543e+00 -2.0952e+00
30001 0 +2.460970023e-01 -9.997539030e+02 -9.997539030e+02 -2.1701e-01 -4.2543e+00 -2.0952e+00
% f evaluations | g evaluations | best noise-free fitness - Fopt (-1.527400000000e+02) + sum g_i+ | measured fitness | best measured fitness or single-digit g-values | x1 | x2...
1 0 +4.820055611e+04 +4.804781611e+04 +4.804781611e+04 +0.0000e+00 +0.0000e+00 +0.0000e+00
12 0 +5.048236017e+03 +4.895496017e+03 +4.895496017e+03 -3.2365e-01 +8.4738e-01 -2.0170e-01
42 0 +3.856721081e+03 +3.703981081e+03 +3.703981081e+03 -3.2388e-01 +1.2001e+00 -2.5000e-01
70 0 +2.830125068e+03 +2.677385068e+03 +2.677385068e+03 -6.2108e-01 +1.8850e+00 -5.9550e-01
82 0 +2.606438875e+03 +2.453698875e+03 +2.453698875e+03 -5.7937e-01 +1.8611e+00 -6.4685e-01
109 0 +1.590005348e+03 +1.437265348e+03 +1.437265348e+03 -7.2220e-01 +2.6778e+00 -8.2406e-01
112 0 +1.325591997e+03 +1.172851997e+03 +1.172851997e+03 -9.3716e-02 +2.3902e+00 -1.8761e-01
119 0 +6.191666041e+02 +4.664266041e+02 +4.664266041e+02 -6.2940e-02 +3.4049e+00 -3.3617e-01
124 0 +3.027001541e+02 +1.499601541e+02 +1.499601541e+02 -5.0500e-01 +2.5503e+00 -6.4109e-01
197 0 +1.216366241e+02 -3.110337589e+01 -3.110337589e+01 +3.3607e-02 +2.9028e+00 -1.9846e-01
317 0 +7.034579366e+01 -8.239420634e+01 -8.239420634e+01 +8.7533e-02 +3.0524e+00 -1.5384e-01
698 0 +6.658218927e+01 -8.615781073e+01 -8.615781073e+01 +1.0539e+00 +3.4425e+00 +6.9858e-01
773 0 +3.799739684e+01 -1.147426032e+02 -1.147426032e+02 +8.3522e-01 +3.2877e+00 +5.2060e-01
1277 0 +3.361516133e+01 -1.191248387e+02 -1.191248387e+02 +5.5229e-01 +3.2265e+00 +2.5367e-01
30001 0 +3.361516133e+01 -1.191248387e+02 -1.191248387e+02 +5.5229e-01 +3.2265e+00 +2.5367e-01
