% f evaluations | g evaluations | best noise-free fitness - Fopt (4.078000000000e+01) + sum g_i+ | measured fitness | best measured fitness or single-digit g-values | x1 | x2...
1 0 +6.694655269e+01 +1.077265527e+02 +1.077265527e+02 +0.0000e+00 +0.0000e+00 +0.0000e+00 +0.0000e+00 +0.0000e+00 +0.0000e+00 +0.0000e+00 +0.0000e+00 +0.0000e+00 +0.0000e+00
3 0 +6.482211615e+01 +1.056021161e+02 +1.056021161e+02 +6.5985e-01 -2.4236e+00 +1.1716e+00 +2.8256e+00 +1.8126e+00 +1.5654e+00 -8.8935e-01 -4.0722e+00 +3.3407e+00 -4.0594e+00
11 0 +5.767649959e+01 +9.845649959e+01 +9.845649959e+01 +1.6343e+00 +3.3767e+00 +1.1471e+00 +2.1457e+00 -4.6486e+00 +4.0533e-02 +2.4691e+00 +2.6198e-01 -6.1101e-01 +8.9668e-01
22 0 +4.393100970e+01 +8.471100970e+01 +8.471100970e+01 +3.1850e+00 -1.6240e+00 -4.0177e+00 +3.3702e+00 -1.1565e+00 -2.5952e+00 +3.2199e+00 -1.5676e+00 +2.4371e+00 -6.8113e-01
26 0 +2.275693984e+01 +6.353693984e+01 +6.353693984e+01 +3.1790e+00 -1.0887e+00 -2.8896e+00 +3.2982e+00 -2.4396e+00 -2.4822e+00 +2.5994e+00 -3.4138e+00 +2.9982e+00 +2.5447e+00
469 0 +1.753118862e+01 +5.831118862e+01 +5.831118862e+01 +1.5141e+00 +1.8721e+00 +3.5609e-01 +3.6878e+00 -1.2616e+00 -7.0511e-01 +9.9235e-02 -2.9642e+00 +1.8921e+00 -4.8970e-01
522 0 +1.674021951e+01 +5.752021951e+01 +5.752021951e+01 +3.5889e+00 +6.1302e-01 -3.0157e+00 +2.4194e+00 -2.0451e+00 -8.2850e-01 -3.3401e+00 -4.1411e+00 +1.8157e+00 +3.0311e+00
633 0 +1.278876426e+01 +5.356876426e+01 +5.356876426e+01 +3.0852e+00 -3.8070e-01 -3.3709e+00 -9.4280e-02 -1.1280e+00 -1.0906e-02 -3.7708e+00 -4.1340e+00 +1.4179e+00 +8.5754e-01
733 0 +8.862698312e+00 +4.964269831e+01 +4.964269831e+01 +3.5474e+00 -2.3686e-01 -3.2234e+00 -5.3400e-02 -1.6469e+00 +1.1504e+00 -2.4468e+00 -3.7639e+00 +1.6261e+00 +2.1055e+00
843 0 +6.903302605e+00 +4.768330261e+01 +4.768330261e+01 +4.7090e+00 +5.1258e-01 -3.8647e+00 -2.6396e-01 -1.1867e+00 +6.7708e-01 -2.8857e+00 -4.4688e+00 +5.0480e-01 +3.0813e+00
938 0 +6.703477336e+00 +4.748347734e+01 +4.748347734e+01 +4.4704e+00 +7.6217e-02 -2.8363e+00 +4.4698e-01 -1.7973e+00 +6.9786e-01 -3.3686e+00 -3.4540e+00 +1.5918e+00 +2.5780e+00
953 0 +3.389266060e+00 +4.416926606e+01 +4.416926606e+01 +4.3170e+00 +2.9984e-01 -3.5034e+00 +8.9919e-02 -1.0417e+00 -4.5411e-01 -3.5201e+00 -5.2068e+00 +2.6225e+00 +3.0674e+00
1124 0 +2.523497823e+00 +4.330349782e+01 +4.330349782e+01 +4.0149e+00 +1.1721e+00 -3.8601e+00 +2.1362e-01 -1.4357e+00 -4.4343e-01 -2.8730e+00 -4.8603e+00 +1.4758e+00 +2.9467e+00
1178 0 +2.343081962e+00 +4.312308196e+01 +4.312308196e+01 +3.7699e+00 +9.6668e-01 -3.3518e+00 +4.6776e-01 -1.8520e+00 +1.8544e-01 -3.2337e+00 -5.0607e+00 +2.0548e+00 +2.5314e+00
1254 0 +2.114131764e+00 +4.289413176e+01 +4.289413176e+01 +4.2915e+00 +9.2306e-01 -3.7098e+00 -1.2895e-01 -1.0310e+00 -1.5324e-01 -2.9196e+00 -3.8716e+00 +1.5250e+00 +2.4507e+00
1511 0 +1.989540336e+00 +4.276954034e+01 +4.276954034e+01 +4.2712e+00 +1.3412e+00 -3.5712e+00 +2.2468e-01 -5.4816e-01 +5.1462e-01 -3.3631e+00 -4.6398e+00 +1.7802e+00 +2.4990e+00
1512 0 +1.899406863e+00 +4.267940686e+01 +4.267940686e+01 +4.3143e+00 +6.5408e-01 -3.3445e+00 +4.9645e-02 -6.8213e-01 +1.2180e-01 -3.2538e+00 -4.2678e+00 +2.0933e+00 +2.3308e+00
1646 0 +1.746975595e+00 +4.252697560e+01 +4.252697560e+01 +4.3369e+00 +8.3762e-01 -3.8081e+00 +3.9643e-02 -1.2508e+00 +5.0347e-01 -3.2535e+00 -4.2825e+00 +1.8336e+00 +2.4243e+00
1793 0 +1.430146281e+00 +4.221014628e+01 +4.221014628e+01 +4.2068e+00 +9.3543e-01 -3.5967e+00 +4.5143e-03 -1.0471e+00 +2.0860e-01 -3.5433e+00 -4.5936e+00 +1.9753e+00 +2.4710e+00
2437 0 +1.402812407e+00 +4.218281241e+01 +4.218281241e+01 +4.3474e+00 +8.6893e-01 -3.5658e+00 +3.5000e-01 -1.1735e+00 +1.3880e-01 -3.5311e+00 -4.3943e+00 +2.0072e+00 +2.6850e+00
2527 0 +1.367855362e+00 +4.214785536e+01 +4.214785536e+01 +4.2984e+00 +7.0345e-01 -3.6385e+00 +2.4776e-01 -1.1096e+00 +1.5226e-01 -3.5141e+00 -4.4801e+00 +2.0391e+00 +2.7125e+00
2634 0 +1.334277362e+00 +4.211427736e+01 +4.211427736e+01 +4.2612e+00 +7.7437e-01 -3.7350e+00 +1.3070e-01 -1.0019e+00 +3.2715e-01 -3.4207e+00 -4.5410e+00 +2.0281e+00 +2.6320e+00
2673 0 +1.300605641e+00 +4.208060564e+01 +4.208060564e+01 +4.2067e+00 +8.5040e-01 -3.6749e+00 +1.8888e-01 -1.0917e+00 +3.2471e-01 -3.3903e+00 -4.4897e+00 +2.0654e+00 +2.7340e+00
2849 0 +1.285424098e+00 +4.206542410e+01 +4.206542410e+01 +4.1523e+00 +8.2189e-01 -3.6627e+00 +2.1484e-01 -1.0326e+00 +1.6982e-01 -3.4581e+00 -4.4250e+00 +1.9815e+00 +2.6519e+00
3127 0 +1.254908027e+00 +4.203490803e+01 +4.203490803e+01 +4.2121e+00 +8.7722e-01 -3.6543e+00 +1.7009e-01 -1.0518e+00 +2.2711e-01 -3.3642e+00 -4.5083e+00 +2.0252e+00 +2.6556e+00
10511 0 +1.245255535e+00 +4.202525554e+01 +4.202525554e+01 +4.2330e+00 +8.8372e-01 -3.6473e+00 +1.9536e-01 -1.0718e+00 +2.0698e-01 -3.4006e+00 -4.4745e+00 +2.0194e+00 +2.6272e+00
% f evaluations | g evaluations | best noise-free fitness - Fopt (-1.600000000000e+00) + sum g_i+ | measured fitness | best measured fitness or single-digit g-values | x1 | x2...
1 0 +7.884153396e+01 +7.724153396e+01 +7.724153396e+01 +0.0000e+00 +0.0000e+00 +0.0000e+00 +0.0000e+00 +0.0000e+00 +0.0000e+00 +0.0000e+00 +0.0000e+00 +0.0000e+00 +0.0000e+00
5 0 +7.612759112e+01 +7.452759112e+01 +7.452759112e+01 -3.6053e+00 +4.2371e-01 -4.4881e+00 +3.5360e+00 -1.8487e+00 +1.1300e+00 -2.2953e+00 +2.2185e+00 +3.3195e+00 +1.7811e+00
6 0 +7.291030161e+01 +7.131030161e+01 +7.131030161e+01 -5.0899e-01 -2.7630e+00 -3.9379e-01 +1.9218e+00 +3.9619e+00 +9.4588e-01 +1.6892e-01 -1.8687e+00 +4.1931e+00 +1.4508e+00
18 0 +7.187506945e+01 +7.027506945e+01 +7.027506945e+01 -2.6123e+00 +2.9320e+00 -2.3938e+00 +1.9979e+00 -2.6683e+00 +1.6311e+00 -2.8657e+00 +1.8370e+00 +2.7242e+00 +9.9204e-01
23 0 +6.805142364e+01 +6.645142364e+01 +6.645142364e+01 -5.5149e-01 +1.9104e+00 -1.0531e+00 +2.6771e+00 -1.0986e+00 +8.8928e-01 -2.5132e+00 +2.1947e-01 +3.2182e+00 +1.3296e+00
43 0 +6.700968675e+01 +6.540968675e+01 +6.540968675e+01 -2.4043e+00 +2.7849e+00 +1.3321e+00 -9.0224e-01 +1.6929e+00 +2.6597e-01 -3.6862e+00 -3.3115e-01 +3.1104e-01 +1.9875e+00
89 0 +6.244519841e+01 +6.084519841e+01 +6.084519841e+01 +2.1211e+00 +3.0085e+00 +1.8140e+00 -2.0671e+00 +4.1394e+00 +4.0264e-01 -1.4504e+00 -1.5812e+00 +2.8414e+00 +1.5513e+00
295 0 +4.882399383e+01 +4.722399383e+01 +4.722399383e+01 +2.2495e+00 -7.8209e-02 -1.4394e-01 +2.0918e+00 -1.0519e-01 -1.5803e+00 -1.5351e+00 -2.0147e+00 +3.6393e-01 -1.3642e+00
441 0 +2.727143100e+01 +2.567143100e+01 +2.567143100e+01 +1.0935e+00 -3.5986e+00 -3.1163e+00 -4.4921e+00 +4.3975e-01 +9.7871e-01 -4.8841e-01 -3.0862e+00 +5.4341e-01 -2.0643e+00
454 0 +2.460011982e+01 +2.300011982e+01 +2.300011982e+01 +1.6681e+00 -2.9803e+00 -1.5325e+00 -3.4047e+00 +5.7665e-01 +2.8837e+00 -6.8929e-01 -5.1081e+00 +2.3925e-01 -2.5169e+00
531 0 +2.005570812e+01 +1.845570812e+01 +1.845570812e+01 +7.5890e-01 -2.4596e+00 -2.4282e+00 -4.7754e+00 -4.1341e-01 +2.1476e+00 +4.5589e-02 -4.9800e+00 +1.0050e+00 -3.6651e+00
699 0 +1.295555072e+01 +1.135555072e+01 +1.135555072e+01 +1.5891e+00 -2.6677e+00 -2.3414e+00 -4.4685e+00 +7.2536e-01 +8.2144e-01 -3.5550e-01 -4.5449e+00 +7.5536e-01 -3.2101e+00
781 0 +8.194189688e+00 +6.594189688e+00 +6.594189688e+00 +1.1737e+00 -9.2890e-01 -2.5023e+00 -3.8935e+00 +2.7590e-01 +1.3164e+00 +4.2062e-01 -4.8628e+00 -1.2983e+00 -3.2844e+00
805 0 +7.762983915e+00 +6.162983915e+00 +6.162983915e+00 +1.3366e+00 -2.6682e+00 -2.5882e+00 -3.0249e+00 +6.8092e-01 +1.0919e+00 +1.7265e+00 -4.6015e+00 -4.9727e-01 -3.9656e+00
1011 0 +6.325807347e+00 +4.725807347e+00 +4.725807347e+00 +6.3186e-01 -2.2804e+00 -1.9447e+00 -3.2605e+00 +5.3299e-01 +1.5097e+00 +5.6815e-01 -4.5317e+00 -1.1651e+00 -3.5563e+00
1254 0 +5.339906799e+00 +3.739906799e+00 +3.739906799e+00 +1.4908e+00 -2.3946e+00 -2.5783e+00 -3.5271e+00 +1.0882e+00 +1.3116e+00 +4.0658e-02 -4.6590e+00 -9.6560e-01 -3.2111e+00
1372 0 +4.409581787e+00 +2.809581787e+00 +2.809581787e+00 +1.2132e+00 -2.8787e+00 -3.1510e+00 -3.6992e+00 +6.6411e-01 +1.0241e+00 +4.3224e-01 -4.3689e+00 -4.8543e-01 -3.4750e+00
1543 0 +3.402109743e+00 +1.802109743e+00 +1.802109743e+00 +1.0868e+00 -2.1833e+00 -3.0368e+00 -3.7986e+00 +7.4786e-01 +1.2083e+00 +3.3093e-01 -4.4597e+00 -1.2266e+00 -3.5700e+00
1607 0 +2.961243233e+00 +1.361243233e+00 +1.361243233e+00 +1.3916e+00 -2.2320e+00 -2.8411e+00 -3.6041e+00 +6.3787e-01 +1.1604e+00 +5.0326e-01 -4.4105e+00 -1.1082e+00 -3.9572e+00
1789 0 +2.919391216e+00 +1.319391216e+00 +1.319391216e+00 +1.2620e+00 -2.6138e+00 -2.9016e+00 -3.6597e+00 +6.3979e-01 +9.5482e-01 +4.8835e-01 -4.3332e+00 -9.6195e-01 -4.0172e+00
1826 0 +2.815961844e+00 +1.215961844e+00 +1.215961844e+00 +1.2039e+00 -2.5352e+00 -2.8965e+00 -3.4290e+00 +4.3919e-01 +1.0139e+00 +4.6278e-01 -4.6701e+00 -1.2936e+00 -3.7164e+00
1947 0 +2.708170628e+00 +1.108170628e+00 +1.108170628e+00 +1.1513e+00 -2.4067e+00 -2.6790e+00 -3.6755e+00 +4.6211e-01 +9.5888e-01 +5.3967e-01 -4.7382e+00 -1.2022e+00 -3.6525e+00
2069 0 +2.669564755e+00 +1.069564755e+00 +1.069564755e+00 +1.1346e+00 -2.5045e+00 -2.7952e+00 -3.6446e+00 +4.4980e-01 +1.2278e+00 +4.8339e-01 -4.6777e+00 -1.2294e+00 -3.7250e+00
2096 0 +2.555187560e+00 +9.551875599e-01 +9.551875599e-01 +1.2116e+00 -2.4311e+00 -2.6495e+00 -3.6262e+00 +5.5117e-01 +1.1125e+00 +3.3222e-01 -4.7672e+00 -1.0453e+00 -3.9592e+00
2695 0 +2.511845135e+00 +9.118451354e-01 +9.118451354e-01 +1.0953e+00 -2.4316e+00 -2.7346e+00 -3.6404e+00 +6.0554e-01 +1.1094e+00 +4.4890e-01 -4.7793e+00 -1.0215e+00 -3.8057e+00
10503 0 +2.472973858e+00 +8.729738584e-01 +8.729738584e-01 +1.1238e+00 -2.4473e+00 -2.8407e+00 -3.6939e+00 +5.7401e-01 +1.0729e+00 +4.2509e-01 -4.7717e+00 -1.0018e+00 -3.9031e+00
% f evaluations | g evaluations | best noise-free fitness - Fopt (-3.708400000000e+02) + sum g_i+ | measured fitness | best measured fitness or single-digit g-values | x1 | x2...
1 0 +6.478493794e+01 -3.060550621e+02 -3.060550621e+02 +0.0000e+00 +0.0000e+00 +0.0000e+00 +0.0000e+00 +0.0000e+00 +0.0000e+00 +0.0000e+00 +0.0000e+00 +0.0000e+00 +0.0000e+00
10 0 +5.788297956e+01 -3.129570204e+02 -3.129570204e+02 +4.3608e-01 -2.0167e+00 +3.4134e+00 -5.8589e-01 -7.7468e-01 +2.6424e+00 -3.1398e-01 +5.0381e-01 +8.7170e-01 -4.9094e-01
184 0 +4.729732849e+01 -3.235426715e+02 -3.235426715e+02 -4.0563e-01 -2.4748e+00 +1.9643e+00 -1.1453e-01 -1.7865e+00 -1.4410e-01 -3.9237e+00 +8.9177e-01 +1.2319e+00 +2.4141e+00
195 0 +3.109464759e+01 -3.397453524e+02 -3.397453524e+02 +2.6697e+00 +1.1301e+00 +9.1808e-01 -3.1551e+00 -1.9034e-01 -3.6131e-01 -4.5775e+00 +4.3740e+00 +2.7770e+00 +2.2332e+00
454 0 +9.523015520e+00 -3.613169845e+02 -3.613169845e+02 +3.9712e+00 +2.5018e+00 +5.5323e-01 -3.7292e+00 -7.7428e-01 -1.2354e-01 -4.2977e-02 +2.1888e+00 -1.8495e+00 +2.4551e-01
686 0 +9.327784374e+00 -3.615122156e+02 -3.615122156e+02 +2.2643e+00 -7.3096e-01 -1.0865e+00 +1.6412e-01 +1.4877e+00 +8.3959e-01 -1.1883e+00 +3.1140e+00 -2.6187e+00 +1.0206e+00
706 0 +1.806552306e+00 -3.690334477e+02 -3.690334477e+02 +4.2316e+00 -4.5053e-03 +1.8006e-01 +1.8913e+00 +4.6025e-01 -3.6308e-01 -2.4877e+00 +1.5845e+00 -3.3504e+00 -3.5887e-01
1090 0 +1.204720021e+00 -3.696352800e+02 -3.696352800e+02 +3.1650e+00 -4.6366e-01 -1.1440e+00 +2.2099e+00 +3.6020e-02 +2.4177e-01 -1.6753e+00 +1.3561e+00 -2.4368e+00 -8.1215e-01
1200 0 +1.111141650e+00 -3.697288583e+02 -3.697288583e+02 +2.5319e+00 -8.4905e-01 -1.1953e+00 +2.2021e+00 +6.0795e-01 +3.7964e-01 -1.3111e+00 +1.7799e+00 -3.2655e+00 -7.8065e-02
1242 0 +6.446233422e-01 -3.701953767e+02 -3.701953767e+02 +2.4570e+00 -1.3368e+00 -2.8078e+00 +2.6870e+00 +1.0970e+00 +1.7660e+00 -3.6940e-01 +2.0155e+00 -3.5578e+00 -8.4580e-01
1262 0 +2.114817680e-01 -3.706285182e+02 -3.706285182e+02 +3.0985e+00 -1.4847e+00 -2.0034e+00 +1.8877e+00 +8.5579e-01 +8.6599e-01 -9.7223e-01 +1.6964e+00 -3.1256e+00 +1.1961e-01
1528 0 +8.931207995e-02 -3.707506879e+02 -3.707506879e+02 +2.9542e+00 -1.2489e+00 -1.8218e+00 +1.5173e+00 +6.2834e-01 +1.0064e+00 -7.7178e-01 +1.9840e+00 -2.9693e+00 -1.1923e-01
2005 0 +8.744551201e-02 -3.707525545e+02 -3.707525545e+02 +2.7008e+00 -5.5394e-01 -1.8845e+00 +2.1466e+00 +3.3710e-01 +8.3514e-01 -1.2977e+00 +1.6309e+00 -2.9234e+00 -6.3569e-01
2110 0 +4.357290609e-02 -3.707964271e+02 -3.707964271e+02 +3.1914e+00 -6.7173e-01 -1.5473e+00 +1.6413e+00 +3.6047e-01 +1.2903e+00 -1.4058e+00 +1.8365e+00 -3.0024e+00 -4.4852e-01
2316 0 +1.283392813e-02 -3.708271661e+02 -3.708271661e+02 +3.3675e+00 -8.8308e-01 -1.6901e+00 +1.6452e+00 +2.5585e-01 +5.3955e-01 -1.1266e+00 +1.8753e+00 -2.8370e+00 -2.8404e-01
3026 0 +4.893842752e-03 -3.708351062e+02 -3.708351062e+02 +3.1311e+00 -8.9317e-01 -1.4508e+00 +2.1956e+00 +7.8832e-01 +7.6942e-01 -1.1245e+00 +1.6576e+00 -3.2174e+00 -5.0394e-01
3203 0 +3.776068775e-03 -3.708362239e+02 -3.708362239e+02 +2.9158e+00 -6.7296e-01 -1.5985e+00 +1.9066e+00 +5.0106e-01 +7.0367e-01 -1.2685e+00 +1.6737e+00 -3.0229e+00 -5.8997e-01
3314 0 +1.154306683e-03 -3.708388457e+02 -3.708388457e+02 +3.1319e+00 -7.8377e-01 -1.6128e+00 +1.9746e+00 +7.2719e-01 +7.2378e-01 -1.2365e+00 +1.6396e+00 -3.1791e+00 -4.5797e-01
3705 0 +7.826450865e-04 -3.708392174e+02 -3.708392174e+02 +3.2278e+00 -7.2209e-01 -1.3787e+00 +1.8241e+00 +5.6433e-01 +8.0004e-01 -1.4181e+00 +1.7143e+00 -3.1374e+00 -4.4804e-01
3778 0 +2.088398049e-04 -3.708397912e+02 -3.708397912e+02 +3.1958e+00 -8.8243e-01 -1.5162e+00 +1.9622e+00 +5.5631e-01 +6.6771e-01 -1.3281e+00 +1.6637e+00 -3.2175e+00 -5.1067e-01
4024 0 +1.713539732e-04 -3.708398286e+02 -3.708398286e+02 +3.1246e+00 -8.3402e-01 -1.6728e+00 +1.8339e+00 +5.9251e-01 +8.7480e-01 -1.2097e+00 +1.8083e+00 -3.1414e+00 -3.8579e-01
4036 0 +1.019708032e-04 -3.708398980e+02 -3.708398980e+02 +3.1519e+00 -8.6440e-01 -1.6958e+00 +1.9254e+00 +5.6541e-01 +8.3697e-01 -1.1304e+00 +1.7944e+00 -3.1468e+00 -4.4867e-01
4047 0 +6.262092114e-05 -3.708399374e+02 -3.708399374e+02 +3.1176e+00 -8.4373e-01 -1.5847e+00 +1.8661e+00 +5.8233e-01 +8.1279e-01 -1.2169e+00 +1.8201e+00 -3.1238e+00 -4.1115e-01
4373 0 +6.258147266e-06 -3.708399937e+02 -3.708399937e+02 +3.1109e+00 -7.7938e-01 -1.5935e+00 +1.9307e+00 +6.0013e-01 +8.5278e-01 -1.2076e+00 +1.7610e+00 -3.1565e+00 -4.4589e-01
4956 0 +3.479074792e-06 -3.708399965e+02 -3.708399965e+02 +3.0748e+00 -7.9698e-01 -1.6129e+00 +1.9428e+00 +6.1786e-01 +8.7734e-01 -1.2432e+00 +1.7441e+00 -3.1377e+00 -4.6922e-01
4985 0 +2.850850819e-06 -3.708399971e+02 -3.708399971e+02 +3.1250e+00 -8.1802e-01 -1.5823e+00 +1.9633e+00 +6.0673e-01 +8.3843e-01 -1.2452e+00 +1.6899e+00 -3.1688e+00 -4.7898e-01
5023 0 +1.872871849e-06 -3.708399981e+02 -3.708399981e+02 +3.0833e+00 -8.0046e-01 -1.5735e+00 +1.9222e+00 +6.1388e-01 +8.6825e-01 -1.2296e+00 +1.7341e+00 -3.1521e+00 -4.6442e-01
5105 0 +1.309742800e-06 -3.708399987e+02 -3.708399987e+02 +3.1109e+00 -8.0214e-01 -1.6160e+00 +1.9155e+00 +5.9467e-01 +8.0338e-01 -1.2206e+00 +1.7504e+00 -3.1316e+00 -4.5102e-01
5390 0 +4.065232702e-07 -3.708399996e+02 -3.708399996e+02 +3.1355e+00 -7.9314e-01 -1.5719e+00 +1.9423e+00 +5.8615e-01 +8.1508e-01 -1.2425e+00 +1.7114e+00 -3.1473e+00 -4.5830e-01
5548 0 +3.232763106e-07 -3.708399997e+02 -3.708399997e+02 +3.1425e+00 -8.0427e-01 -1.5819e+00 +1.9158e+00 +5.9427e-01 +8.3322e-01 -1.2404e+00 +1.7338e+00 -3.1426e+00 -4.5732e-01
5552 0 +3.116526273e-07 -3.708399997e+02 -3.708399997e+02 +3.1227e+00 -7.9214e-01 -1.5837e+00 +1.9315e+00 +5.8989e-01 +8.3441e-01 -1.2403e+00 +1.7244e+00 -3.1311e+00 -4.5711e-01
5564 0 +2.144813038e-07 -3.708399998e+02 -3.708399998e+02 +3.1189e+00 -8.0633e-01 -1.5714e+00 +1.9217e+00 +5.9751e-01 +8.1267e-01 -1.2433e+00 +1.7290e+00 -3.1451e+00 -4.7070e-01
5631 0 +9.673539125e-08 -3.708399999e+02 -3.708399999e+02 +3.1248e+00 -8.0041e-01 -1.5810e+00 +1.9232e+00 +5.9396e-01 +8.0515e-01 -1.2441e+00 +1.7427e+00 -3.1429e+00 -4.6239e-01
6097 0 +6.065681646e-08 -3.708399999e+02 -3.708399999e+02 +3.1182e+00 -8.0511e-01 -1.5698e+00 +1.9224e+00 +6.0592e-01 +8.2552e-01 -1.2393e+00 +1.7332e+00 -3.1336e+00 -4.4709e-01
6100 0 +5.069682629e-08 -3.708399999e+02 -3.708399999e+02 +3.1188e+00 -8.0560e-01 -1.5728e+00 +1.9400e+00 +6.1196e-01 +8.3231e-01 -1.2308e+00 +1.7269e+00 -3.1462e+00 -4.7111e-01
6403 0 +4.821794164e-08 -3.708400000e+02 -3.708400000e+02 +3.1218e+00 -8.0718e-01 -1.5910e+00 +1.9258e+00 +5.8733e-01 +8.1072e-01 -1.2251e+00 +1.7349e+00 -3.1337e+00 -4.5633e-01
6441 0 +4.702559409e-08 -3.708400000e+02 -3.708400000e+02 +3.1199e+00 -8.1366e-01 -1.6051e+00 +1.9174e+00 +5.8973e-01 +8.2751e-01 -1.2180e+00 +1.7386e+00 -3.1320e+00 -4.6197e-01
6459 0 +1.263322247e-08 -3.708400000e+02 -3.708400000e+02 +3.1284e+00 -8.0907e-01 -1.5899e+00 +1.9269e+00 +5.9416e-01 +8.2542e-01 -1.2211e+00 +1.7347e+00 -3.1372e+00 -4.6538e-01
6667 0 +1.238214509e-08 -3.708400000e+02 -3.708400000e+02 +3.1168e+00 -8.1748e-01 -1.5970e+00 +1.9362e+00 +6.0160e-01 +8.1325e-01 -1.2244e+00 +1.7293e+00 -3.1396e+00 -4.6970e-01
6684 0 +2.978708835e-09 -3.708400000e+02 -3.708400000e+02 +3.1166e+00 -8.0771e-01 -1.5929e+00 +1.9286e+00 +5.9519e-01 +8.2021e-01 -1.2273e+00 +1.7293e+00 -3.1351e+00 -4.5950e-01
9597 0 +6.252776075e-13 -3.708400000e+02 -3.708400000e+02 +3.1134e+00 -8.0860e-01 -1.5910e+00 +1.9336e+00 +6.0563e-01 +8.2870e-01 -1.2279e+00 +1.7327e+00 -3.1420e+00 -4.6026e-01
10359 0 +0.000000000e+00 -3.708400000e+02 -3.708400000e+02 +3.1144e+00 -8.0870e-01 -1.5909e+00 +1.9331e+00 +6.0530e-01 +8.2926e-01 -1.2285e+00 +1.7339e+00 -3.1419e+00 -4.6017e-01
100004 0 +0.000000000e+00 -3.708400000e+02 -3.708400000e+02 +3.1144e+00 -8.0870e-01 -1.5909e+00 +1.9331e+00 +6.0530e-01 +8.2926e-01 -1.2285e+00 +1.7339e+00 -3.1419e+00 -4.6017e-01
% f evaluations | g evaluations | best noise-free fitness - Fopt (-3.256000000000e+01) + sum g_i+ | measured fitness | best measured fitness or single-digit g-values | x1 | x2...
1 0 +7.687366610e+01 +4.431366610e+01 +4.431366610e+01 +0.0000e+00 +0.0000e+00 +0.0000e+00 +0.0000e+00 +0.0000e+00 +0.0000e+00 +0.0000e+00 +0.0000e+00 +0.0000e+00 +0.0000e+00
3 0 +6.523634146e+01 +3.267634146e+01 +3.267634146e+01 -1.6437e+00 -2.1387e+00 -6.3661e-01 +4.9044e+00 -1.6815e+00 +2.5432e+00 -3.6562e+00 -1.3557e-01 +1.4277e+00 -2.3005e+00
17 0 +6.030534801e+01 +2.774534801e+01 +2.774534801e+01 +8.1782e-01 -2.5804e+00 -6.6559e-01 +3.3279e+00 -8.8488e-01 +3.4083e+00 -3.9428e+00 +1.2234e+00 +1.2359e+00 -2.3389e+00
26 0 +5.333262726e+01 +2.077262726e+01 +2.077262726e+01 +6.0615e-01 -1.5755e+00 +7.2621e-01 +1.7697e-02 -1.3153e-02 +3.4733e+00 -2.4162e+00 -1.7154e+00 +1.7162e+00 -1.8141e+00
35 0 +4.484663112e+01 +1.228663112e+01 +1.228663112e+01 +1.0840e+00 -1.9529e+00 +5.1178e-01 +9.8265e-01 -1.0423e+00 +2.4324e+00 -2.8400e+00 -3.8922e-01 +3.3836e+00 -1.7686e+00
47 0 +3.807423272e+01 +5.514232723e+00 +5.514232723e+00 +2.0504e+00 -2.7991e+00 -1.9150e+00 +2.9870e+00 -2.3710e+00 +3.8967e-01 -2.8953e+00 -1.5705e+00 -6.0555e-01 -1.2321e+00
65 0 +1.622726418e+01 -1.633273582e+01 -1.633273582e+01 -7.6057e-02 -1.5157e+00 -2.1286e+00 +2.2971e+00 -2.5310e+00 +1.9562e+00 -2.2299e+00 +1.2230e+00 -6.5164e-01 -1.2316e+00
350 0 +1.215926809e+01 -2.040073191e+01 -2.040073191e+01 +3.3893e-01 -2.6616e+00 +2.5868e+00 +9.1863e-01 +4.1842e-01 -2.1179e+00 -8.5510e-01 -4.3312e+00 +2.4745e-01 -3.1825e+00
553 0 +1.007956785e+01 -2.248043215e+01 -2.248043215e+01 -3.6435e-01 -2.6439e+00 +3.0604e+00 +1.7800e+00 +8.3523e-01 -2.2187e+00 +2.4354e-01 -4.7391e+00 -1.1319e+00 -2.7942e+00
615 0 +7.107885478e+00 -2.545211452e+01 -2.545211452e+01 -5.3338e-01 -2.9441e+00 +5.1673e+00 +2.4197e+00 +4.9581e-01 -2.4042e+00 -4.3819e-01 -5.0444e+00 +2.4297e-01 -3.6629e+00
740 0 +6.717052882e+00 -2.584294712e+01 -2.584294712e+01 -7.6696e-01 -2.6112e+00 +4.3234e+00 +2.2023e+00 +2.9118e-01 -2.0306e+00 -9.7550e-01 -4.7331e+00 +1.0537e+00 -3.9268e+00
1079 0 +5.371888679e+00 -2.718811132e+01 -2.718811132e+01 -4.5006e-01 -3.3771e+00 +2.8693e+00 +3.2862e+00 +7.6865e-01 -3.1748e+00 -4.7766e-01 -4.4397e+00 -9.1794e-01 -4.3700e+00
1111 0 +5.174071301e+00 -2.738592870e+01 -2.738592870e+01 -1.1170e+00 -3.3428e+00 +3.1339e+00 +1.6166e+00 +5.3859e-01 -3.1452e+00 -6.7810e-01 -4.2288e+00 -6.6890e-01 -4.6351e+00
1173 0 +3.838198494e+00 -2.872180151e+01 -2.872180151e+01 -3.8373e-01 -1.9435e+00 +3.6304e+00 +2.6134e+00 +2.5406e-01 -2.5535e+00 -1.6373e+00 -4.0139e+00 -1.2840e-01 -4.2092e+00
1184 0 +2.869458461e+00 -2.969054154e+01 -2.969054154e+01 +2.2507e-01 -3.1110e+00 +3.5311e+00 +2.6800e+00 +6.0533e-01 -3.1929e+00 -4.2455e-01 -4.2461e+00 -1.1202e-01 -4.6493e+00
1303 0 +2.557602360e+00 -3.000239764e+01 -3.000239764e+01 -5.5414e-01 -2.8742e+00 +3.7654e+00 +1.6497e+00 +7.1216e-01 -2.4757e+00 -6.4274e-01 -4.1137e+00 -3.7673e-02 -3.7844e+00
1443 0 +2.296248911e+00 -3.026375109e+01 -3.026375109e+01 -3.5113e-01 -2.0936e+00 +3.7595e+00 +2.8045e+00 -6.5873e-02 -2.0684e+00 -5.2153e-01 -4.4296e+00 -1.2587e-01 -4.4133e+00
1457 0 +2.287063519e+00 -3.027293648e+01 -3.027293648e+01 -4.1483e-01 -2.3946e+00 +2.9587e+00 +2.4570e+00 -1.7301e-02 -2.3566e+00 -4.1809e-01 -4.2290e+00 -5.1622e-01 -4.2514e+00
1501 0 +2.189587160e+00 -3.037041284e+01 -3.037041284e+01 -6.2984e-01 -2.5396e+00 +3.1022e+00 +2.1057e+00 +9.9070e-01 -2.2195e+00 -3.9725e-01 -4.2134e+00 -7.8113e-01 -4.3456e+00
1550 0 +2.091322010e+00 -3.046867799e+01 -3.046867799e+01 -5.3864e-01 -2.2279e+00 +3.2825e+00 +2.0168e+00 +6.5942e-01 -2.4592e+00 -1.8555e-01 -4.5119e+00 +7.7546e-02 -4.8041e+00
1577 0 +1.962375556e+00 -3.059762444e+01 -3.059762444e+01 -2.1794e-01 -2.2440e+00 +3.5741e+00 +2.4895e+00 +4.0797e-01 -2.7158e+00 -6.5589e-01 -4.4771e+00 +9.2631e-02 -4.2925e+00
1857 0 +1.930632556e+00 -3.062936744e+01 -3.062936744e+01 -6.4617e-01 -2.5121e+00 +3.2390e+00 +2.3722e+00 +5.5487e-01 -2.7121e+00 -3.8301e-01 -4.5287e+00 -4.2625e-01 -4.4630e+00
1960 0 +1.744306187e+00 -3.081569381e+01 -3.081569381e+01 -5.9693e-01 -2.6633e+00 +3.5616e+00 +2.2571e+00 +7.3567e-01 -2.6892e+00 -8.2843e-01 -4.6540e+00 -2.2859e-01 -4.1989e+00
2146 0 +1.721741174e+00 -3.083825883e+01 -3.083825883e+01 -4.0777e-01 -2.3019e+00 +3.6571e+00 +2.3524e+00 +7.8105e-01 -2.4479e+00 -4.5844e-01 -4.6944e+00 -1.1526e-01 -4.3279e+00
2180 0 +1.680850694e+00 -3.087914931e+01 -3.087914931e+01 -4.8193e-01 -2.4419e+00 +3.4717e+00 +2.2821e+00 +7.2832e-01 -2.2884e+00 -6.3367e-01 -4.7237e+00 -2.8278e-01 -4.3515e+00
2222 0 +1.650235927e+00 -3.090976407e+01 -3.090976407e+01 -4.8664e-01 -2.6280e+00 +3.4487e+00 +2.2361e+00 +6.4117e-01 -2.4997e+00 -5.8627e-01 -4.5862e+00 -2.9529e-01 -4.2885e+00
2429 0 +1.617428676e+00 -3.094257132e+01 -3.094257132e+01 -4.9859e-01 -2.4589e+00 +3.6069e+00 +2.4110e+00 +7.7637e-01 -2.6173e+00 -6.3603e-01 -4.7290e+00 -2.5466e-01 -4.2985e+00
2722 0 +1.584112945e+00 -3.097588705e+01 -3.097588705e+01 -3.7495e-01 -2.5292e+00 +3.5369e+00 +2.3752e+00 +6.5999e-01 -2.5167e+00 -6.2008e-01 -4.6141e+00 -2.5920e-01 -4.3424e+00
10321 0 +1.563009857e+00 -3.099699014e+01 -3.099699014e+01 -4.2691e-01 -2.5213e+00 +3.5624e+00 +2.3710e+00 +7.1042e-01 -2.5160e+00 -6.2108e-01 -4.6677e+00 -2.6559e-01 -4.2715e+00
% f evaluations | g evaluations | best noise-free fitness - Fopt (5.154000000000e+02) + sum g_i+ | measured fitness | best measured fitness or single-digit g-values | x1 | x2...
1 0 +5.354617306e+01 +5.689461731e+02 +5.689461731e+02 +0.0000e+00 +0.0000e+00 +0.0000e+00 +0.0000e+00 +0.0000e+00 +0.0000e+00 +0.0000e+00 +0.0000e+00 +0.0000e+00 +0.0000e+00
38 0 +5.093963972e+01 +5.663396397e+02 +5.663396397e+02 +3.8106e+00 -4.6853e-01 +2.4834e-01 +1.0463e+00 +9.4052e-01 -1.5591e-01 -1.7130e+00 -1.8220e+00 -5.7521e-01 +5.2063e-02
137 0 +4.915283396e+01 +5.645528340e+02 +5.645528340e+02 +3.6214e+00 +2.2650e+00 +1.2713e+00 +2.6442e+00 +9.3565e-02 -7.5508e-01 -2.1766e+00 +1.6903e-01 -6.1612e-01 +4.5276e-01
198 0 +1.815998046e+01 +5.335599805e+02 +5.335599805e+02 -2.7178e+00 -1.2002e+00 -2.6272e+00 +1.1726e+00 -4.5107e-01 -2.5255e+00 +3.1350e-01 +2.7220e+00 -2.3834e+00 +7.4571e-01
200 0 +1.060918294e+01 +5.260091829e+02 +5.260091829e+02 -1.9782e+00 -6.8465e-01 -1.6201e+00 +1.4117e+00 -2.6509e+00 -2.4873e+00 -1.5927e+00 +1.3336e+00 -3.3574e+00 +1.6172e+00
665 0 +5.105147914e+00 +5.205051479e+02 +5.205051479e+02 -4.0863e+00 -1.6202e+00 -1.4296e+00 +5.3457e-01 -1.2328e+00 -2.1586e+00 -1.9522e+00 +2.0161e+00 -3.5384e+00 +3.8293e-01
733 0 +2.449642709e+00 +5.178496427e+02 +5.178496427e+02 -2.8005e+00 -1.0526e+00 -2.7648e+00 +4.6272e-01 -4.3763e+00 -3.0502e+00 -2.1536e+00 +1.4852e+00 -2.7151e+00 +1.8301e+00
1139 0 +2.356198054e+00 +5.177561981e+02 +5.177561981e+02 -3.2917e+00 -1.6221e+00 -2.1555e+00 +4.2549e-01 -1.8946e+00 -2.4328e+00 -2.9921e+00 +2.1173e+00 -4.0791e+00 -7.5654e-01
1183 0 +2.037811383e+00 +5.174378114e+02 +5.174378114e+02 -3.7381e+00 -6.0771e-01 -2.1499e+00 +6.5179e-01 -2.7268e+00 -1.2180e+00 -2.2612e+00 +1.7200e+00 -3.3084e+00 +2.3400e-01
1203 0 +7.862456365e-01 +5.161862456e+02 +5.161862456e+02 -3.9003e+00 -1.2562e+00 -2.2107e+00 +1.4039e-01 -2.3962e+00 -2.1824e+00 -3.3698e+00 +2.0039e+00 -3.0677e+00 +1.1229e+00
1441 0 +6.890349587e-01 +5.160890350e+02 +5.160890350e+02 -2.9413e+00 -1.2696e+00 -3.2460e+00 +8.1549e-01 -2.2545e+00 -2.4158e+00 -3.2299e+00 +2.0477e+00 -3.6718e+00 +8.2339e-01
1519 0 +5.541678990e-01 +5.159541679e+02 +5.159541679e+02 -3.5301e+00 -1.1920e+00 -3.2678e+00 +4.8475e-01 -2.2738e+00 -1.7742e+00 -2.7169e+00 +7.4077e-01 -3.0395e+00 +1.3853e+00
1525 0 +1.879948763e-01 +5.155879949e+02 +5.155879949e+02 -3.0220e+00 -1.0637e+00 -2.9657e+00 +2.8596e-01 -2.6716e+00 -2.2523e+00 -2.9057e+00 +9.4655e-01 -3.1568e+00 +1.0350e+00
1643 0 +1.410179478e-01 +5.155410179e+02 +5.155410179e+02 -3.0528e+00 -5.9482e-01 -2.6566e+00 +2.7899e-01 -2.0816e+00 -2.5318e+00 -2.7471e+00 +1.3374e+00 -2.8326e+00 +8.0673e-01
1923 0 +1.626151526e-02 +5.154162615e+02 +5.154162615e+02 -3.6838e+00 -7.6080e-01 -2.1405e+00 +1.7331e-01 -1.9380e+00 -2.1827e+00 -2.7016e+00 +1.0652e+00 -2.8400e+00 +3.3045e-01
2469 0 +5.182684329e-03 +5.154051827e+02 +5.154051827e+02 -3.3323e+00 -7.4863e-01 -2.7566e+00 +4.0836e-01 -2.5656e+00 -2.2079e+00 -2.6555e+00 +1.2937e+00 -3.0280e+00 +9.1313e-01
2798 0 +1.124326615e-03 +5.154011243e+02 +5.154011243e+02 -3.5742e+00 -5.9157e-01 -2.4095e+00 +1.8649e-01 -2.5545e+00 -2.2778e+00 -2.6098e+00 +8.3946e-01 -2.7924e+00 +9.8496e-01
3063 0 +8.759434346e-04 +5.154008759e+02 +5.154008759e+02 -3.4302e+00 -7.5276e-01 -2.6169e+00 +4.6386e-01 -2.5013e+00 -2.2175e+00 -2.7475e+00 +7.8260e-01 -2.9075e+00 +7.7537e-01
3092 0 +6.022278100e-04 +5.154006022e+02 +5.154006022e+02 -3.5761e+00 -7.6388e-01 -2.5913e+00 +4.2029e-01 -2.5282e+00 -2.1344e+00 -2.7093e+00 +1.0220e+00 -2.8855e+00 +9.1574e-01
3260 0 +5.543368684e-04 +5.154005543e+02 +5.154005543e+02 -3.5422e+00 -7.4643e-01 -2.6791e+00 +4.6923e-01 -2.3899e+00 -2.0886e+00 -2.6003e+00 +8.0174e-01 -2.8987e+00 +8.7135e-01
3265 0 +4.125530011e-04 +5.154004126e+02 +5.154004126e+02 -3.4002e+00 -6.6054e-01 -2.6278e+00 +3.7375e-01 -2.4494e+00 -2.2721e+00 -2.6136e+00 +7.9657e-01 -3.0242e+00 +8.3391e-01
3288 0 +3.572391321e-04 +5.154003572e+02 +5.154003572e+02 -3.4284e+00 -8.0386e-01 -2.6093e+00 +5.0763e-01 -2.2555e+00 -2.2374e+00 -2.5943e+00 +1.0142e+00 -2.9611e+00 +7.7789e-01
3374 0 +2.434719755e-04 +5.154002435e+02 +5.154002435e+02 -3.3973e+00 -7.5796e-01 -2.6971e+00 +5.4681e-01 -2.3912e+00 -2.1815e+00 -2.6608e+00 +9.9410e-01 -3.0447e+00 +7.7891e-01
3448 0 +2.368581057e-04 +5.154002369e+02 +5.154002369e+02 -3.4091e+00 -7.7766e-01 -2.6540e+00 +5.1490e-01 -2.4520e+00 -2.1741e+00 -2.6467e+00 +1.0197e+00 -3.0419e+00 +8.0300e-01
3531 0 +1.776002620e-04 +5.154001776e+02 +5.154001776e+02 -3.4145e+00 -6.5926e-01 -2.5889e+00 +4.3837e-01 -2.3882e+00 -2.2702e+00 -2.6224e+00 +1.0037e+00 -2.9227e+00 +9.5058e-01
3646 0 +1.368212357e-04 +5.154001368e+02 +5.154001368e+02 -3.4467e+00 -7.4408e-01 -2.5990e+00 +3.9689e-01 -2.4527e+00 -2.2034e+00 -2.7063e+00 +9.8621e-01 -2.9852e+00 +9.2835e-01
3649 0 +8.292604969e-05 +5.154000829e+02 +5.154000829e+02 -3.4539e+00 -7.5385e-01 -2.6186e+00 +3.7309e-01 -2.4896e+00 -2.2518e+00 -2.6010e+00 +9.1884e-01 -2.9361e+00 +9.0144e-01
3653 0 +3.922065594e-05 +5.154000392e+02 +5.154000392e+02 -3.4567e+00 -7.0013e-01 -2.6106e+00 +4.5446e-01 -2.4422e+00 -2.2413e+00 -2.5828e+00 +9.1671e-01 -2.9541e+00 +8.8221e-01
3735 0 +3.612423541e-05 +5.154000361e+02 +5.154000361e+02 -3.4911e+00 -6.9741e-01 -2.5883e+00 +3.9751e-01 -2.3975e+00 -2.2549e+00 -2.6379e+00 +8.4612e-01 -2.8822e+00 +8.9485e-01
3743 0 +2.297983281e-05 +5.154000230e+02 +5.154000230e+02 -3.4173e+00 -7.1953e-01 -2.5977e+00 +4.3187e-01 -2.4456e+00 -2.2144e+00 -2.6961e+00 +9.0373e-01 -2.9592e+00 +8.6579e-01
3867 0 +8.156488889e-06 +5.154000082e+02 +5.154000082e+02 -3.4358e+00 -7.0579e-01 -2.5781e+00 +4.0929e-01 -2.3728e+00 -2.2449e+00 -2.6995e+00 +9.4685e-01 -2.9334e+00 +8.6227e-01
4365 0 +7.526266359e-06 +5.154000075e+02 +5.154000075e+02 -3.4459e+00 -6.9735e-01 -2.6464e+00 +4.5091e-01 -2.4735e+00 -2.2322e+00 -2.7255e+00 +8.9683e-01 -2.9505e+00 +9.1465e-01
4435 0 +7.204876965e-06 +5.154000072e+02 +5.154000072e+02 -3.4052e+00 -7.1766e-01 -2.5847e+00 +4.3754e-01 -2.3994e+00 -2.2561e+00 -2.6846e+00 +9.1402e-01 -2.9734e+00 +8.6450e-01
4507 0 +6.344823873e-06 +5.154000063e+02 +5.154000063e+02 -3.4550e+00 -7.2909e-01 -2.5954e+00 +4.2413e-01 -2.4725e+00 -2.2296e+00 -2.6843e+00 +9.4459e-01 -2.9670e+00 +8.7106e-01
4526 0 +4.372701937e-06 +5.154000044e+02 +5.154000044e+02 -3.4786e+00 -7.1366e-01 -2.5960e+00 +4.1799e-01 -2.4576e+00 -2.2225e+00 -2.7165e+00 +8.6275e-01 -2.9498e+00 +8.5455e-01
4589 0 +1.895178002e-06 +5.154000019e+02 +5.154000019e+02 -3.4726e+00 -7.1096e-01 -2.5579e+00 +4.1408e-01 -2.3582e+00 -2.2388e+00 -2.6904e+00 +9.2152e-01 -2.9568e+00 +8.2655e-01
4796 0 +1.728757525e-06 +5.154000017e+02 +5.154000017e+02 -3.4821e+00 -7.2165e-01 -2.5893e+00 +4.0915e-01 -2.4503e+00 -2.2110e+00 -2.7262e+00 +9.1373e-01 -2.9398e+00 +8.5841e-01
4852 0 +1.628351811e-06 +5.154000016e+02 +5.154000016e+02 -3.4654e+00 -7.1969e-01 -2.6064e+00 +4.1195e-01 -2.4380e+00 -2.2382e+00 -2.6904e+00 +8.6810e-01 -2.9465e+00 +8.6323e-01
4952 0 +1.598480708e-06 +5.154000016e+02 +5.154000016e+02 -3.4504e+00 -7.1188e-01 -2.5913e+00 +4.1784e-01 -2.4136e+00 -2.2514e+00 -2.6802e+00 +9.2314e-01 -2.9604e+00 +8.7208e-01
4965 0 +1.526983851e-06 +5.154000015e+02 +5.154000015e+02 -3.4410e+00 -7.0080e-01 -2.5995e+00 +4.2740e-01 -2.4178e+00 -2.2519e+00 -2.6838e+00 +9.0590e-01 -2.9587e+00 +8.6345e-01
4978 0 +1.216227929e-06 +5.154000012e+02 +5.154000012e+02 -3.4413e+00 -7.0805e-01 -2.6186e+00 +4.4361e-01 -2.4146e+00 -2.2157e+00 -2.6625e+00 +9.0483e-01 -2.9624e+00 +8.6950e-01
5029 0 +7.363174745e-07 +5.154000007e+02 +5.154000007e+02 -3.4466e+00 -7.1412e-01 -2.6159e+00 +4.1451e-01 -2.4107e+00 -2.2435e+00 -2.6979e+00 +9.0405e-01 -2.9474e+00 +8.5342e-01
5140 0 +5.304405022e-07 +5.154000005e+02 +5.154000005e+02 -3.4437e+00 -7.0839e-01 -2.6099e+00 +4.1328e-01 -2.4149e+00 -2.2309e+00 -2.7026e+00 +8.7231e-01 -2.9417e+00 +8.6211e-01
5256 0 +3.264034376e-07 +5.154000003e+02 +5.154000003e+02 -3.4521e+00 -7.2393e-01 -2.5874e+00 +4.0632e-01 -2.4133e+00 -2.2469e+00 -2.7004e+00 +9.1582e-01 -2.9499e+00 +8.5016e-01
5299 0 +2.632626774e-07 +5.154000003e+02 +5.154000003e+02 -3.4503e+00 -7.2665e-01 -2.6090e+00 +4.2623e-01 -2.3749e+00 -2.2222e+00 -2.7266e+00 +8.9298e-01 -2.9568e+00 +8.3509e-01
5339 0 +2.521512670e-07 +5.154000003e+02 +5.154000003e+02 -3.4487e+00 -7.2287e-01 -2.5945e+00 +4.2583e-01 -2.3859e+00 -2.2221e+00 -2.6833e+00 +8.8751e-01 -2.9475e+00 +8.3615e-01
5351 0 +2.085001825e-07 +5.154000002e+02 +5.154000002e+02 -3.4575e+00 -7.2110e-01 -2.6007e+00 +4.2349e-01 -2.3713e+00 -2.2273e+00 -2.7042e+00 +8.8176e-01 -2.9473e+00 +8.2146e-01
5452 0 +1.220984132e-07 +5.154000001e+02 +5.154000001e+02 -3.4675e+00 -7.2413e-01 -2.6087e+00 +4.2709e-01 -2.3863e+00 -2.2149e+00 -2.6986e+00 +8.8228e-01 -2.9444e+00 +8.4756e-01
5514 0 +8.429617537e-08 +5.154000001e+02 +5.154000001e+02 -3.4706e+00 -7.3459e-01 -2.6114e+00 +4.3130e-01 -2.3752e+00 -2.2125e+00 -2.7268e+00 +8.7263e-01 -2.9451e+00 +8.2274e-01
5526 0 +6.006189324e-08 +5.154000001e+02 +5.154000001e+02 -3.4737e+00 -7.3377e-01 -2.5897e+00 +4.2607e-01 -2.3750e+00 -2.2123e+00 -2.7005e+00 +8.8816e-01 -2.9468e+00 +8.2146e-01
5646 0 +5.226854682e-08 +5.154000001e+02 +5.154000001e+02 -3.4662e+00 -7.1187e-01 -2.5952e+00 +4.1208e-01 -2.4050e+00 -2.2282e+00 -2.7132e+00 +8.8591e-01 -2.9410e+00 +8.4160e-01
5718 0 +4.596665804e-08 +5.154000000e+02 +5.154000000e+02 -3.4622e+00 -7.1886e-01 -2.6010e+00 +4.2044e-01 -2.4040e+00 -2.2296e+00 -2.7074e+00 +8.9105e-01 -2.9515e+00 +8.4776e-01
5762 0 +2.153558398e-08 +5.154000000e+02 +5.154000000e+02 -3.4637e+00 -7.2445e-01 -2.5955e+00 +4.1752e-01 -2.3907e+00 -2.2151e+00 -2.7026e+00 +9.0366e-01 -2.9503e+00 +8.3154e-01
6074 0 +1.506305125e-08 +5.154000000e+02 +5.154000000e+02 -3.4815e+00 -7.2553e-01 -2.5917e+00 +4.0898e-01 -2.4046e+00 -2.2162e+00 -2.7135e+00 +9.0484e-01 -2.9465e+00 +8.3945e-01
6083 0 +1.198338850e-08 +5.154000000e+02 +5.154000000e+02 -3.4695e+00 -7.2188e-01 -2.5880e+00 +4.0757e-01 -2.4074e+00 -2.2270e+00 -2.7065e+00 +9.0313e-01 -2.9409e+00 +8.4938e-01
6150 0 +1.030218755e-08 +5.154000000e+02 +5.154000000e+02 -3.4691e+00 -7.2430e-01 -2.5865e+00 +4.1545e-01 -2.3948e+00 -2.2265e+00 -2.7053e+00 +8.9336e-01 -2.9431e+00 +8.2900e-01
6287 0 +5.897959454e-09 +5.154000000e+02 +5.154000000e+02 -3.4692e+00 -7.2487e-01 -2.5945e+00 +4.1216e-01 -2.4113e+00 -2.2220e+00 -2.7008e+00 +8.9889e-01 -2.9431e+00 +8.4557e-01
9184 0 +7.958078641e-13 +5.154000000e+02 +5.154000000e+02 -3.4726e+00 -7.2836e-01 -2.5937e+00 +4.1602e-01 -2.3948e+00 -2.2208e+00 -2.7099e+00 +8.9711e-01 -2.9433e+00 +8.3369e-01
9764 0 +0.000000000e+00 +5.154000000e+02 +5.154000000e+02 -3.4723e+00 -7.2845e-01 -2.5934e+00 +4.1575e-01 -2.3949e+00 -2.2207e+00 -2.7106e+00 +8.9757e-01 -2.9435e+00 +8.3386e-01
100001 0 +0.000000000e+00 +5.154000000e+02 +5.154000000e+02 -3.4723e+00 -7.2845e-01 -2.5934e+00 +4.1575e-01 -2.3949e+00 -2.2207e+00 -2.7106e+00 +8.9757e-01 -2.9435e+00 +8.3386e-01
% f evaluations | g evaluations | best noise-free fitness - Fopt (-8.628000000000e+01) + sum g_i+ | measured fitness | best measured fitness or single-digit g-values | x1 | x2...
1 0 +7.491911124e+01 -1.136088876e+01 -1.136088876e+01 +0.0000e+00 +0.0000e+00 +0.0000e+00 +0.0000e+00 +0.0000e+00 +0.0000e+00 +0.0000e+00 +0.0000e+00 +0.0000e+00 +0.0000e+00
7 0 +6.346425737e+01 -2.281574263e+01 -2.281574263e+01 +4.8981e+00 +4.7153e+00 +1.8272e+00 -1.3936e+00 +3.3315e+00 +6.8178e-01 -2.5314e+00 +4.6287e+00 +2.9577e+00 -2.1682e+00
116 0 +3.564227449e+01 -5.063772551e+01 -5.063772551e+01 -2.0707e+00 -3.9998e+00 -2.2862e+00 -3.9526e+00 +7.1042e-01 +6.9467e-01 +7.5885e-01 -2.6635e-01 -3.6371e+00 +1.2988e+00
323 0 +3.050483737e+01 -5.577516263e+01 -5.577516263e+01 -1.6390e+00 +3.3427e+00 +2.9851e+00 +1.6453e+00 +2.7816e+00 -1.4672e-01 +1.3628e+00 +2.5809e+00 +2.2375e+00 -5.5623e-01
370 0 +1.702933884e+01 -6.925066116e+01 -6.925066116e+01 +1.1250e+00 -2.5845e+00 -1.5774e+00 -1.6760e+00 +3.8097e+00 -4.9545e-01 +7.0808e-01 +1.2337e+00 -3.6774e+00 +2.4318e+00
1111 0 +7.972479722e+00 -7.830752028e+01 -7.830752028e+01 -2.9852e+00 +3.4566e+00 +1.2803e+00 -8.1247e-01 +2.1852e+00 -2.1337e+00 -6.9276e-01 +3.3757e-01 -2.1447e-01 +1.9627e+00
1241 0 +7.738753253e+00 -7.854124675e+01 -7.854124675e+01 -3.6016e+00 +2.4957e+00 +8.9534e-01 +8.3027e-02 +3.2552e+00 -1.3651e+00 -1.3553e+00 -2.1591e+00 -5.0352e-01 +2.4499e+00
1245 0 +7.259060473e+00 -7.902093953e+01 -7.902093953e+01 -2.6095e+00 +2.2664e+00 +7.4989e-01 +2.0936e-01 +3.2017e+00 -2.0230e+00 -2.4036e-02 +4.4865e-01 +5.9534e-01 +1.5530e+00
1261 0 +6.146516315e+00 -8.013348368e+01 -8.013348368e+01 -3.0298e+00 +2.8637e+00 +9.2878e-01 -1.0904e+00 +2.6352e+00 -2.2648e+00 -1.1881e+00 -5.2442e-01 -1.0582e+00 +2.6284e+00
1293 0 +5.474077733e+00 -8.080592227e+01 -8.080592227e+01 -2.8968e+00 +1.1353e+00 +2.8147e+00 -1.3733e+00 +2.0820e+00 -2.9436e+00 -2.1304e+00 -1.2777e+00 -1.1698e+00 +2.4045e+00
1306 0 +3.743542572e+00 -8.253645743e+01 -8.253645743e+01 -2.8013e+00 +2.0994e+00 +1.5398e+00 -1.7988e-01 +1.4944e+00 -1.9875e+00 -1.6788e+00 -2.6478e-01 -9.0843e-01 +3.9203e+00
1311 0 +2.925604659e+00 -8.335439534e+01 -8.335439534e+01 -2.6622e+00 +1.3440e+00 +1.1169e+00 -7.2850e-01 +2.2832e+00 -2.0680e+00 -1.7167e+00 -3.0929e-01 -5.4016e-01 +3.4087e+00
1331 0 +2.503627586e+00 -8.377637241e+01 -8.377637241e+01 -3.2305e+00 +2.0679e+00 +1.4481e+00 -6.1998e-02 +2.0521e+00 -1.5160e+00 -7.5930e-01 -6.9529e-01 -5.2664e-01 +2.3231e+00
1452 0 +2.202364800e+00 -8.407763520e+01 -8.407763520e+01 -3.4591e+00 +2.5724e+00 +1.8751e+00 -5.0444e-01 +1.6437e+00 -2.5248e+00 -6.6228e-01 -4.3917e-01 -1.3983e+00 +2.7618e+00
1654 0 +2.023766047e+00 -8.425623395e+01 -8.425623395e+01 -3.1991e+00 +2.5090e+00 +3.4728e+00 +1.2272e-01 +2.1399e+00 -2.5915e+00 -3.2776e-01 -2.5715e+00 -3.2132e-01 +1.9728e+00
1663 0 +1.827136835e+00 -8.445286316e+01 -8.445286316e+01 -2.9611e+00 +2.1424e+00 +2.1164e+00 +4.9867e-01 +1.1348e+00 -2.9481e+00 -8.1116e-01 -5.0565e-01 +3.7260e-02 +2.6745e+00
1714 0 +9.398388435e-01 -8.534016116e+01 -8.534016116e+01 -3.1202e+00 +2.5863e+00 +2.7652e+00 +6.3068e-01 +2.1825e+00 -3.8809e+00 -1.8441e+00 -2.2552e+00 +7.3952e-02 +2.9112e+00
1715 0 +8.234566418e-01 -8.545654336e+01 -8.545654336e+01 -3.1584e+00 +2.2766e+00 +2.1066e+00 +7.7343e-01 +1.7357e+00 -3.3240e+00 -1.1515e+00 -6.6828e-01 -2.5261e-01 +2.9352e+00
1739 0 +5.606074296e-01 -8.571939257e+01 -8.571939257e+01 -2.9392e+00 +1.7804e+00 +1.9964e+00 +3.9864e-01 +2.2442e+00 -3.4609e+00 -1.3358e+00 -4.4401e-01 +2.8465e-01 +2.8394e+00
1744 0 +4.986384564e-01 -8.578136154e+01 -8.578136154e+01 -3.3210e+00 +2.5314e+00 +3.1466e+00 -1.7236e-01 +1.8046e+00 -3.6602e+00 -8.7206e-01 -1.5432e+00 +2.7760e-01 +2.3558e+00
1761 0 +4.468389157e-01 -8.583316108e+01 -8.583316108e+01 -3.2511e+00 +2.5008e+00 +2.3305e+00 -1.7550e-01 +2.3610e+00 -2.4959e+00 -1.3250e+00 -1.7875e+00 -1.0169e-01 +2.6074e+00
1781 0 +1.777277489e-01 -8.610227225e+01 -8.610227225e+01 -2.9897e+00 +2.0150e+00 +2.6907e+00 -1.2526e-02 +2.2057e+00 -3.5597e+00 -1.1125e+00 -2.1399e+00 +1.9592e-01 +2.9039e+00
1979 0 +1.146442336e-01 -8.616535577e+01 -8.616535577e+01 -3.0807e+00 +2.7267e+00 +2.9120e+00 -1.6276e-01 +2.6935e+00 -3.2771e+00 -8.2048e-01 -2.2515e+00 +6.6431e-01 +2.3542e+00
2046 0 +8.493392225e-02 -8.619506608e+01 -8.619506608e+01 -2.8261e+00 +2.9175e+00 +2.8805e+00 -2.5945e-02 +2.6457e+00 -3.1432e+00 -1.0314e+00 -2.0707e+00 +6.4359e-01 +2.1091e+00
2105 0 +3.331764453e-02 -8.624668236e+01 -8.624668236e+01 -2.8114e+00 +2.9178e+00 +2.7596e+00 +6.8028e-02 +2.3311e+00 -3.0266e+00 -8.7939e-01 -1.8233e+00 +5.9352e-01 +2.4325e+00
2168 0 +3.045993509e-02 -8.624954006e+01 -8.624954006e+01 -2.5596e+00 +2.2520e+00 +2.9899e+00 -2.1110e-01 +1.9949e+00 -3.3827e+00 -1.1848e+00 -1.5554e+00 +5.1463e-01 +2.7172e+00
2754 0 +2.647107663e-02 -8.625352892e+01 -8.625352892e+01 -2.7602e+00 +2.3562e+00 +3.0151e+00 +4.7043e-01 +2.2184e+00 -3.7146e+00 -1.2015e+00 -1.4976e+00 +9.4996e-01 +2.5285e+00
2757 0 +2.267438462e-02 -8.625732562e+01 -8.625732562e+01 -2.2870e+00 +2.3315e+00 +2.8332e+00 +4.1558e-01 +2.4243e+00 -3.6303e+00 -1.3408e+00 -1.3768e+00 +9.8160e-01 +2.4654e+00
2932 0 +1.327635555e-02 -8.626672364e+01 -8.626672364e+01 -2.5461e+00 +2.5290e+00 +2.8522e+00 +6.6662e-01 +2.1621e+00 -3.5139e+00 -1.1424e+00 -1.4845e+00 +9.2672e-01 +2.6004e+00
2938 0 +7.624732511e-03 -8.627237527e+01 -8.627237527e+01 -2.4466e+00 +2.3301e+00 +3.0526e+00 +1.3028e-01 +2.0167e+00 -3.4233e+00 -9.3892e-01 -1.3721e+00 +5.8063e-01 +2.2927e+00
3095 0 +4.064506304e-03 -8.627593549e+01 -8.627593549e+01 -2.2851e+00 +2.4500e+00 +3.1598e+00 +4.1201e-01 +2.1173e+00 -3.4918e+00 -1.1840e+00 -1.6838e+00 +8.5976e-01 +2.4141e+00
3288 0 +3.914598643e-03 -8.627608540e+01 -8.627608540e+01 -2.4159e+00 +2.3307e+00 +3.1006e+00 +3.9022e-01 +2.0933e+00 -3.5541e+00 -1.1466e+00 -1.5669e+00 +9.7235e-01 +2.6784e+00
3295 0 +3.626085620e-03 -8.627637391e+01 -8.627637391e+01 -2.5040e+00 +2.3861e+00 +3.1090e+00 +2.3178e-01 +2.0694e+00 -3.4492e+00 -9.8464e-01 -1.6389e+00 +6.8677e-01 +2.5458e+00
3297 0 +1.978373816e-03 -8.627802163e+01 -8.627802163e+01 -2.4027e+00 +2.5847e+00 +3.2075e+00 +2.6111e-01 +2.2326e+00 -3.4631e+00 -1.2006e+00 -1.7646e+00 +9.2828e-01 +2.3983e+00
3374 0 +1.934620956e-03 -8.627806538e+01 -8.627806538e+01 -2.5012e+00 +2.4475e+00 +2.9230e+00 +3.5399e-01 +2.2343e+00 -3.4669e+00 -1.1556e+00 -1.4476e+00 +7.8759e-01 +2.4817e+00
3565 0 +9.077917726e-04 -8.627909221e+01 -8.627909221e+01 -2.5415e+00 +2.3388e+00 +3.1485e+00 +3.3587e-01 +2.2896e+00 -3.6451e+00 -1.1332e+00 -1.8724e+00 +8.5441e-01 +2.4941e+00
3619 0 +5.988485058e-04 -8.627940115e+01 -8.627940115e+01 -2.4020e+00 +2.2806e+00 +3.1402e+00 +1.5121e-01 +2.2558e+00 -3.6328e+00 -1.0939e+00 -1.8308e+00 +8.2708e-01 +2.3858e+00
3822 0 +4.729407878e-04 -8.627952706e+01 -8.627952706e+01 -2.3547e+00 +2.3875e+00 +3.1548e+00 +2.4584e-01 +2.3268e+00 -3.7175e+00 -1.2504e+00 -1.8895e+00 +1.1003e+00 +2.5217e+00
3984 0 +4.069424951e-04 -8.627959306e+01 -8.627959306e+01 -2.4054e+00 +2.4460e+00 +3.2506e+00 +2.7963e-01 +2.3422e+00 -3.6901e+00 -1.1447e+00 -1.9200e+00 +1.0223e+00 +2.3927e+00
4317 0 +9.829351727e-05 -8.627990171e+01 -8.627990171e+01 -2.4111e+00 +2.2830e+00 +3.1566e+00 +2.0932e-01 +2.2345e+00 -3.6304e+00 -1.2131e+00 -1.7530e+00 +9.0196e-01 +2.4875e+00
4555 0 +8.487740268e-05 -8.627991512e+01 -8.627991512e+01 -2.4298e+00 +2.3150e+00 +3.1387e+00 +2.7555e-01 +2.1835e+00 -3.6051e+00 -1.1206e+00 -1.7280e+00 +8.5060e-01 +2.3962e+00
4584 0 +2.797897653e-05 -8.627997202e+01 -8.627997202e+01 -2.5340e+00 +2.4010e+00 +3.0216e+00 +2.1526e-01 +2.2321e+00 -3.4932e+00 -1.1580e+00 -1.7812e+00 +7.8174e-01 +2.5024e+00
4976 0 +1.883490908e-05 -8.627998117e+01 -8.627998117e+01 -2.4668e+00 +2.3639e+00 +3.0332e+00 +2.8215e-01 +2.2412e+00 -3.4768e+00 -1.1671e+00 -1.6699e+00 +8.3642e-01 +2.4521e+00
5029 0 +1.472120285e-05 -8.627998528e+01 -8.627998528e+01 -2.4444e+00 +2.4645e+00 +3.0606e+00 +2.6595e-01 +2.2898e+00 -3.4438e+00 -1.1652e+00 -1.7539e+00 +9.3235e-01 +2.4562e+00
5142 0 +5.677889447e-06 -8.627999432e+01 -8.627999432e+01 -2.4536e+00 +2.3953e+00 +3.0443e+00 +2.1452e-01 +2.2908e+00 -3.5156e+00 -1.1525e+00 -1.7053e+00 +9.0284e-01 +2.4528e+00
5305 0 +3.174603862e-06 -8.627999683e+01 -8.627999683e+01 -2.4685e+00 +2.4112e+00 +3.1011e+00 +2.2122e-01 +2.2980e+00 -3.5197e+00 -1.1425e+00 -1.8099e+00 +9.1321e-01 +2.4456e+00
5312 0 +5.801612701e-07 -8.627999942e+01 -8.627999942e+01 -2.4685e+00 +2.4255e+00 +3.0652e+00 +2.4233e-01 +2.2947e+00 -3.5063e+00 -1.1442e+00 -1.8096e+00 +9.0213e-01 +2.4647e+00
5566 0 +4.625415926e-07 -8.627999954e+01 -8.627999954e+01 -2.4335e+00 +2.4101e+00 +3.0585e+00 +2.5281e-01 +2.2827e+00 -3.4947e+00 -1.1684e+00 -1.7441e+00 +9.2798e-01 +2.4904e+00
5765 0 +2.456085753e-07 -8.627999975e+01 -8.627999975e+01 -2.4382e+00 +2.4015e+00 +3.0808e+00 +2.5127e-01 +2.2753e+00 -3.5472e+00 -1.1508e+00 -1.7602e+00 +9.2501e-01 +2.4698e+00
5931 0 +1.978030042e-07 -8.627999980e+01 -8.627999980e+01 -2.4624e+00 +2.4184e+00 +3.0777e+00 +2.6908e-01 +2.2696e+00 -3.5109e+00 -1.1512e+00 -1.7534e+00 +9.1202e-01 +2.4616e+00
6280 0 +1.744343194e-07 -8.627999983e+01 -8.627999983e+01 -2.4364e+00 +2.4034e+00 +3.0839e+00 +2.5611e-01 +2.2742e+00 -3.5182e+00 -1.1420e+00 -1.7700e+00 +9.2431e-01 +2.4630e+00
6337 0 +9.875968487e-08 -8.627999990e+01 -8.627999990e+01 -2.4443e+00 +2.4143e+00 +3.0700e+00 +2.4951e-01 +2.2965e+00 -3.5269e+00 -1.1485e+00 -1.7692e+00 +9.3136e-01 +2.4673e+00
6370 0 +7.020540238e-08 -8.627999993e+01 -8.627999993e+01 -2.4570e+00 +2.4213e+00 +3.0719e+00 +2.4900e-01 +2.2811e+00 -3.5067e+00 -1.1495e+00 -1.7906e+00 +9.0816e-01 +2.4716e+00
6376 0 +6.624311766e-08 -8.627999993e+01 -8.627999993e+01 -2.4404e+00 +2.4102e+00 +3.0676e+00 +2.6360e-01 +2.2900e+00 -3.5156e+00 -1.1626e+00 -1.7500e+00 +9.3363e-01 +2.4676e+00
6465 0 +6.533011288e-08 -8.627999993e+01 -8.627999993e+01 -2.4492e+00 +2.4190e+00 +3.0725e+00 +2.5085e-01 +2.2942e+00 -3.5295e+00 -1.1600e+00 -1.7797e+00 +9.3818e-01 +2.4794e+00
6531 0 +5.097228950e-08 -8.627999995e+01 -8.627999995e+01 -2.4515e+00 +2.4057e+00 +3.0723e+00 +2.3660e-01 +2.2874e+00 -3.5174e+00 -1.1547e+00 -1.7683e+00 +9.0632e-01 +2.4652e+00
6659 0 +2.015511313e-08 -8.627999998e+01 -8.627999998e+01 -2.4546e+00 +2.4128e+00 +3.0713e+00 +2.5004e-01 +2.2809e+00 -3.5142e+00 -1.1651e+00 -1.7864e+00 +9.0636e-01 +2.4778e+00
6662 0 +1.206603883e-08 -8.627999999e+01 -8.627999999e+01 -2.4570e+00 +2.4126e+00 +3.0696e+00 +2.4974e-01 +2.2799e+00 -3.5207e+00 -1.1588e+00 -1.7667e+00 +9.0940e-01 +2.4811e+00
7078 0 +1.037072650e-08 -8.627999999e+01 -8.627999999e+01 -2.4499e+00 +2.4148e+00 +3.0693e+00 +2.6328e-01 +2.2855e+00 -3.5233e+00 -1.1634e+00 -1.7705e+00 +9.2531e-01 +2.4710e+00
7085 0 +8.343633340e-09 -8.627999999e+01 -8.627999999e+01 -2.4534e+00 +2.4247e+00 +3.0648e+00 +2.6145e-01 +2.2885e+00 -3.5196e+00 -1.1589e+00 -1.7729e+00 +9.2667e-01 +2.4737e+00
9165 0 +5.968558980e-13 -8.628000000e+01 -8.628000000e+01 -2.4529e+00 +2.4126e+00 +3.0682e+00 +2.5502e-01 +2.2795e+00 -3.5163e+00 -1.1553e+00 -1.7647e+00 +9.1415e-01 +2.4728e+00
10350 0 +0.000000000e+00 -8.628000000e+01 -8.628000000e+01 -2.4524e+00 +2.4119e+00 +3.0684e+00 +2.5526e-01 +2.2795e+00 -3.5164e+00 -1.1556e+00 -1.7650e+00 +9.1448e-01 +2.4725e+00
100004 0 +0.000000000e+00 -8.628000000e+01 -8.628000000e+01 -2.4524e+00 +2.4119e+00 +3.0684e+00 +2.5526e-01 +2.2795e+00 -3.5164e+00 -1.1556e+00 -1.7650e+00 +9.1448e-01 +2.4725e+00
% f evaluations | g evaluations | best noise-free fitness - Fopt (2.224000000000e+01) + sum g_i+ | measured fitness | best measured fitness or single-digit g-values | x1 | x2...
1 0 +7.156193876e+01 +9.380193876e+01 +9.380193876e+01 +0.0000e+00 +0.0000e+00 +0.0000e+00 +0.0000e+00 +0.0000e+00 +0.0000e+00 +0.0000e+00 +0.0000e+00 +0.0000e+00 +0.0000e+00
4 0 +6.948628572e+01 +9.172628572e+01 +9.172628572e+01 +1.4940e+00 +3.3142e+00 +2.6665e+00 +3.5775e+00 +1.1133e+00 +2.2084e-01 -2.4391e+00 +1.0748e+00 -1.9528e+00 -1.6204e+00
5 0 +6.859512991e+01 +9.083512991e+01 +9.083512991e+01 -4.2410e-03 -1.8649e+00 +2.2996e+00 +3.7289e+00 -3.3498e+00 -6.0353e-02 -3.3815e+00 -3.6390e+00 +3.0906e+00 -1.6359e+00
16 0 +3.803818774e+01 +6.027818774e+01 +6.027818774e+01 +3.8371e+00 -1.7684e+00 -1.4707e+00 -5.5747e-03 -1.6426e+00 -1.8415e+00 -2.1562e-01 +4.8107e+00 -2.9102e+00 +3.1703e+00
190 0 +3.789742235e+01 +6.013742235e+01 +6.013742235e+01 +1.1900e+00 +9.9146e-01 +1.3672e+00 +1.9507e+00 -3.2420e+00 +1.3192e+00 -3.6291e+00 +1.3699e+00 +1.9893e+00 +5.8623e+00
344 0 +1.820400675e+01 +4.044400675e+01 +4.044400675e+01 +3.2923e+00 +1.3396e+00 +2.7922e+00 +3.5065e+00 -2.9350e+00 -1.2956e-01 -2.9787e-01 -1.2171e+00 -3.9864e-02 +5.5871e-01
627 0 +1.785851248e+01 +4.009851248e+01 +4.009851248e+01 +4.4112e+00 +3.7259e+00 +1.3805e+00 +1.9037e+00 -1.8935e+00 +1.6219e+00 -3.7758e+00 -1.8257e+00 +2.5406e-01 +6.5502e-01
644 0 +1.105825547e+01 +3.329825547e+01 +3.329825547e+01 +2.5152e+00 +4.0235e-01 +1.7038e+00 +2.3733e+00 -3.2905e+00 +7.0818e-01 -3.4932e+00 -3.9374e-01 +3.3324e+00 +2.6674e-01
700 0 +8.981633683e+00 +3.122163368e+01 +3.122163368e+01 +2.0658e+00 +1.0875e+00 +2.8097e+00 +2.4150e+00 -3.7667e+00 +4.5255e-01 -2.5818e+00 +1.0236e+00 +1.2652e+00 +7.6966e-01
790 0 +6.143673162e+00 +2.838367316e+01 +2.838367316e+01 +2.3052e+00 +2.2870e+00 +4.4202e-01 +3.5024e+00 -2.5834e+00 +2.4838e-01 -2.0901e+00 -1.4251e+00 +1.7188e+00 +1.9218e-01
809 0 +3.488598814e+00 +2.572859881e+01 +2.572859881e+01 +2.6082e+00 +2.9469e+00 +1.7647e+00 +2.9976e+00 -2.9747e+00 -6.8774e-01 -2.9655e+00 -4.3232e-01 +1.2627e+00 +2.4846e+00
1003 0 +2.430276908e+00 +2.467027691e+01 +2.467027691e+01 +2.3792e+00 +1.4260e+00 +1.9627e+00 +3.2408e+00 -2.5796e+00 -4.5152e-01 -4.0304e+00 +6.2206e-02 +1.4012e+00 +1.7097e+00
1046 0 +2.367364807e+00 +2.460736481e+01 +2.460736481e+01 +3.8694e+00 +1.8313e+00 +1.4126e+00 +1.9417e+00 -2.9869e+00 +2.2310e-01 -2.8679e+00 -1.7154e+00 -1.1754e-01 +1.3026e+00
1061 0 +2.010662615e+00 +2.425066262e+01 +2.425066262e+01 +3.1687e+00 +1.8139e+00 +2.0989e+00 +2.8804e+00 -1.9983e+00 +5.7358e-01 -2.6938e+00 -6.8472e-01 +1.2911e+00 +2.8035e-01
1146 0 +1.919128715e+00 +2.415912872e+01 +2.415912872e+01 +2.7803e+00 +1.9355e+00 +3.2036e+00 +2.7690e+00 -3.3831e+00 -3.1992e-01 -2.9159e+00 -2.6414e-01 +1.8621e+00 +7.5589e-01
1153 0 +1.874051768e+00 +2.411405177e+01 +2.411405177e+01 +3.4166e+00 +1.8847e+00 +3.5889e+00 +2.9074e+00 -3.6392e+00 +4.7374e-01 -3.0776e+00 -1.0854e+00 +5.6572e-01 +1.5533e+00
1167 0 +5.496203541e-01 +2.278962035e+01 +2.278962035e+01 +3.5297e+00 +7.3668e-01 +1.6135e+00 +2.4205e+00 -3.5067e+00 -6.4582e-02 -2.8361e+00 -7.8503e-01 +6.3734e-01 +1.3565e+00
1234 0 +4.078544099e-01 +2.264785441e+01 +2.264785441e+01 +2.1606e+00 +1.6804e+00 +2.2282e+00 +2.9672e+00 -3.6772e+00 +2.4190e-01 -2.8118e+00 -9.7757e-01 +1.2777e+00 +1.8556e+00
1337 0 +1.106803249e-01 +2.235068032e+01 +2.235068032e+01 +2.1504e+00 +1.1493e+00 +2.8450e+00 +2.5288e+00 -4.0319e+00 +4.3890e-01 -2.2730e+00 -2.4076e-01 +1.2424e+00 +1.8473e+00
1498 0 +9.880559330e-02 +2.233880559e+01 +2.233880559e+01 +2.6199e+00 +1.1903e+00 +2.3096e+00 +2.9508e+00 -3.5006e+00 +4.5325e-01 -2.6513e+00 -9.1103e-01 +1.3199e+00 +7.3260e-01
1874 0 +4.372996252e-02 +2.228372996e+01 +2.228372996e+01 +2.5233e+00 +4.8902e-01 +2.7551e+00 +2.7527e+00 -4.0065e+00 +1.2726e-01 -2.0740e+00 -9.5383e-01 +1.4553e+00 +7.8865e-01
2137 0 +3.192843088e-02 +2.227192843e+01 +2.227192843e+01 +2.4249e+00 +1.0656e+00 +2.6906e+00 +2.7935e+00 -4.2034e+00 +2.2249e-01 -2.3725e+00 -9.0699e-01 +1.5255e+00 +1.0047e+00
2175 0 +3.646392017e-03 +2.224364639e+01 +2.224364639e+01 +2.6178e+00 +9.8229e-01 +2.8130e+00 +2.8014e+00 -3.7943e+00 +1.5833e-01 -2.4010e+00 -6.4813e-01 +1.1061e+00 +1.0175e+00
2542 0 +3.537529466e-03 +2.224353753e+01 +2.224353753e+01 +2.3089e+00 +1.1220e+00 +2.5903e+00 +2.8282e+00 -4.0046e+00 +9.7762e-02 -2.4074e+00 -6.4408e-01 +1.4269e+00 +1.1510e+00
2835 0 +1.423123754e-03 +2.224142312e+01 +2.224142312e+01 +2.4206e+00 +1.2070e+00 +2.7087e+00 +2.7840e+00 -3.8446e+00 +1.7953e-01 -2.7797e+00 -4.6850e-01 +1.3796e+00 +1.5035e+00
2921 0 +1.152449618e-03 +2.224115245e+01 +2.224115245e+01 +2.2965e+00 +1.2265e+00 +2.3419e+00 +2.8422e+00 -3.8017e+00 +8.9688e-02 -2.6442e+00 -5.0191e-01 +1.3366e+00 +1.4319e+00
3005 0 +1.001864088e-03 +2.224100186e+01 +2.224100186e+01 +2.4019e+00 +1.0979e+00 +2.6624e+00 +2.8165e+00 -3.9371e+00 +1.2937e-01 -2.6996e+00 -5.1410e-01 +1.3074e+00 +1.4546e+00
3037 0 +8.992429216e-04 +2.224089924e+01 +2.224089924e+01 +2.7189e+00 +1.2436e+00 +2.3779e+00 +2.7355e+00 -3.7508e+00 +1.3504e-01 -2.5804e+00 -7.8735e-01 +1.0950e+00 +1.3866e+00
3064 0 +6.619978812e-04 +2.224066200e+01 +2.224066200e+01 +2.4390e+00 +1.2249e+00 +2.3264e+00 +2.8200e+00 -3.7204e+00 +1.9179e-02 -2.6108e+00 -6.2714e-01 +1.3048e+00 +1.3880e+00
3216 0 +4.431050001e-04 +2.224044311e+01 +2.224044311e+01 +2.4285e+00 +1.1827e+00 +2.6420e+00 +2.7517e+00 -3.8120e+00 +2.3036e-01 -2.5989e+00 -5.3566e-01 +1.3388e+00 +1.4283e+00
3376 0 +4.016638825e-04 +2.224040166e+01 +2.224040166e+01 +2.6556e+00 +1.1659e+00 +2.5717e+00 +2.6411e+00 -3.8968e+00 +1.3015e-01 -2.4890e+00 -8.3226e-01 +1.1019e+00 +1.3420e+00
3397 0 +3.285961315e-04 +2.224032860e+01 +2.224032860e+01 +2.4679e+00 +1.3331e+00 +2.4674e+00 +2.6536e+00 -3.8153e+00 +5.7328e-02 -2.4994e+00 -6.1893e-01 +1.2004e+00 +1.4572e+00
3436 0 +2.394000462e-04 +2.224023940e+01 +2.224023940e+01 +2.6211e+00 +1.1812e+00 +2.3918e+00 +2.6688e+00 -3.8175e+00 +1.0035e-01 -2.5762e+00 -7.5189e-01 +1.1960e+00 +1.3567e+00
3525 0 +9.195140566e-05 +2.224009195e+01 +2.224009195e+01 +2.4742e+00 +1.0957e+00 +2.4309e+00 +2.7537e+00 -3.8458e+00 +8.0110e-02 -2.4709e+00 -7.8782e-01 +1.2386e+00 +1.2309e+00
4112 0 +6.805455299e-05 +2.224006805e+01 +2.224006805e+01 +2.4586e+00 +1.1707e+00 +2.4940e+00 +2.7248e+00 -3.7790e+00 +1.4053e-01 -2.5703e+00 -5.9160e-01 +1.3492e+00 +1.3672e+00
4220 0 +4.550215203e-05 +2.224004550e+01 +2.224004550e+01 +2.4369e+00 +1.2250e+00 +2.4754e+00 +2.7551e+00 -3.8276e+00 +9.0820e-02 -2.6127e+00 -6.0730e-01 +1.3102e+00 +1.4146e+00
4364 0 +2.584048794e-05 +2.224002584e+01 +2.224002584e+01 +2.4309e+00 +1.2288e+00 +2.4982e+00 +2.7141e+00 -3.7989e+00 +1.0692e-01 -2.5363e+00 -6.2738e-01 +1.3112e+00 +1.3421e+00
4526 0 +1.018378028e-05 +2.224001018e+01 +2.224001018e+01 +2.4809e+00 +1.1561e+00 +2.5877e+00 +2.7220e+00 -3.8698e+00 +9.9979e-02 -2.5689e+00 -6.3150e-01 +1.2602e+00 +1.3585e+00
4555 0 +9.462863268e-06 +2.224000946e+01 +2.224000946e+01 +2.4853e+00 +1.2264e+00 +2.5446e+00 +2.7208e+00 -3.8227e+00 +1.0908e-01 -2.5910e+00 -6.0949e-01 +1.2501e+00 +1.3862e+00
4607 0 +5.662256498e-06 +2.224000566e+01 +2.224000566e+01 +2.4816e+00 +1.1897e+00 +2.5084e+00 +2.7162e+00 -3.8161e+00 +1.1806e-01 -2.5799e+00 -6.1266e-01 +1.2710e+00 +1.3665e+00
4621 0 +4.557913879e-06 +2.224000456e+01 +2.224000456e+01 +2.5229e+00 +1.1936e+00 +2.5285e+00 +2.7003e+00 -3.8328e+00 +1.1088e-01 -2.5777e+00 -6.4574e-01 +1.2177e+00 +1.3836e+00
4846 0 +1.660377745e-06 +2.224000166e+01 +2.224000166e+01 +2.4957e+00 +1.2041e+00 +2.5022e+00 +2.6917e+00 -3.8439e+00 +1.2393e-01 -2.5428e+00 -6.6047e-01 +1.2403e+00 +1.3721e+00
4981 0 +6.968296518e-07 +2.224000070e+01 +2.224000070e+01 +2.5007e+00 +1.1931e+00 +2.5297e+00 +2.7130e+00 -3.8438e+00 +1.1726e-01 -2.5330e+00 -6.6497e-01 +1.2237e+00 +1.3672e+00
5004 0 +4.705028758e-07 +2.224000047e+01 +2.224000047e+01 +2.5117e+00 +1.1990e+00 +2.5105e+00 +2.6957e+00 -3.8322e+00 +1.2212e-01 -2.5395e+00 -6.6696e-01 +1.2324e+00 +1.3525e+00
5238 0 +4.336470596e-07 +2.224000043e+01 +2.224000043e+01 +2.5277e+00 +1.1853e+00 +2.5192e+00 +2.7149e+00 -3.8142e+00 +1.4000e-01 -2.5133e+00 -6.8131e-01 +1.2179e+00 +1.3335e+00
5258 0 +1.047817477e-07 +2.224000010e+01 +2.224000010e+01 +2.4953e+00 +1.1784e+00 +2.5151e+00 +2.7210e+00 -3.8230e+00 +1.1921e-01 -2.5271e+00 -6.6441e-01 +1.2359e+00 +1.3278e+00
5665 0 +4.952226007e-08 +2.224000005e+01 +2.224000005e+01 +2.5002e+00 +1.1763e+00 +2.5151e+00 +2.7178e+00 -3.8237e+00 +1.2364e-01 -2.5278e+00 -6.7022e-01 +1.2332e+00 +1.3316e+00
5677 0 +4.601220382e-08 +2.224000005e+01 +2.224000005e+01 +2.5032e+00 +1.1764e+00 +2.5192e+00 +2.7117e+00 -3.8338e+00 +1.2089e-01 -2.5235e+00 -6.7590e-01 +1.2373e+00 +1.3253e+00
6049 0 +2.059486093e-08 +2.224000002e+01 +2.224000002e+01 +2.5042e+00 +1.1745e+00 +2.5147e+00 +2.7154e+00 -3.8281e+00 +1.1639e-01 -2.5262e+00 -6.7355e-01 +1.2362e+00 +1.3308e+00
6065 0 +1.100566038e-08 +2.224000001e+01 +2.224000001e+01 +2.5159e+00 +1.1746e+00 +2.5263e+00 +2.7123e+00 -3.8266e+00 +1.2094e-01 -2.5215e+00 -6.7064e-01 +1.2266e+00 +1.3269e+00
6414 0 +7.131792046e-09 +2.224000001e+01 +2.224000001e+01 +2.5072e+00 +1.1647e+00 +2.5156e+00 +2.7178e+00 -3.8317e+00 +1.1971e-01 -2.5189e+00 -6.7412e-01 +1.2347e+00 +1.3224e+00
8479 0 +6.394884622e-13 +2.224000000e+01 +2.224000000e+01 +2.5232e+00 +1.1649e+00 +2.5175e+00 +2.7165e+00 -3.8269e+00 +1.1998e-01 -2.5171e+00 -6.8279e-01 +1.2210e+00 +1.3163e+00
10302 0 +0.000000000e+00 +2.224000000e+01 +2.224000000e+01 +2.5228e+00 +1.1649e+00 +2.5175e+00 +2.7170e+00 -3.8269e+00 +1.2034e-01 -2.5163e+00 -6.8309e-01 +1.2209e+00 +1.3156e+00
100002 0 +0.000000000e+00 +2.224000000e+01 +2.224000000e+01 +2.5228e+00 +1.1649e+00 +2.5175e+00 +2.7170e+00 -3.8269e+00 +1.2034e-01 -2.5163e+00 -6.8309e-01 +1.2209e+00 +1.3156e+00
% f evaluations | g evaluations | best noise-free fitness - Fopt (-2.301000000000e+01) + sum g_i+ | measured fitness | best measured fitness or single-digit g-values | x1 | x2...
1 0 +7.591553088e+01 +5.290553088e+01 +5.290553088e+01 +0.0000e+00 +0.0000e+00 +0.0000e+00 +0.0000e+00 +0.0000e+00 +0.0000e+00 +0.0000e+00 +0.0000e+00 +0.0000e+00 +0.0000e+00
2 0 +7.030742171e+01 +4.729742171e+01 +4.729742171e+01 -3.8458e+00 -1.7741e+00 +1.2422e+00 +4.4841e+00 +2.0200e+00 +1.5657e+00 -4.8425e-01 -9.3207e-01 -3.7425e+00 -3.1457e+00
9 0 +6.828026592e+01 +4.527026592e+01 +4.527026592e+01 +1.4397e+00 -1.7539e+00 +6.8718e-01 +4.6426e+00 -3.9332e+00 -9.3081e-01 +2.7954e+00 +8.2191e-01 +3.5271e-01 +4.5701e-01
10 0 +5.824802661e+01 +3.523802661e+01 +3.523802661e+01 -6.1359e-01 -1.7033e+00 -2.3038e+00 -4.4515e+00 +9.0036e-01 +2.9314e+00 +1.1739e-01 +2.9653e+00 -1.2142e+00 -2.5124e-01
57 0 +4.865694059e+01 +2.564694059e+01 +2.564694059e+01 -4.7105e-01 +1.0765e-01 +1.3576e+00 -2.5720e-01 +4.4443e+00 +1.7657e+00 -3.6356e+00 +3.8641e+00 +2.6310e+00 +1.0592e+00
60 0 +4.770213505e+01 +2.469213505e+01 +2.469213505e+01 +2.3132e+00 -1.3434e+00 +6.5826e-01 +2.8631e+00 +4.0682e-01 +1.5673e+00 -3.1045e+00 +1.9097e+00 +8.0339e-02 +1.0834e+00
102 0 +4.670335331e+01 +2.369335331e+01 +2.369335331e+01 +5.8020e-01 -1.9081e-01 +1.2864e+00 +5.4207e-01 +2.0962e+00 +1.3458e+00 -2.6128e+00 +4.2569e+00 +1.5793e+00 +2.7085e+00
123 0 +4.429537869e+01 +2.128537869e+01 +2.128537869e+01 -1.4332e+00 -8.6575e-01 +2.3994e+00 +3.9276e+00 +5.3846e-01 -9.3921e-01 -3.0024e+00 +1.4972e+00 -1.0927e+00 -1.6929e+00
174 0 +2.806129451e+01 +5.051294513e+00 +5.051294513e+00 +1.6749e+00 -4.3509e+00 -7.0511e-01 +2.5628e+00 +1.4331e+00 +1.7108e+00 -1.5179e+00 +5.4780e-01 +2.2593e+00 +6.6854e-01
328 0 +2.693298455e+01 +3.922984552e+00 +3.922984552e+00 +1.9268e+00 -2.5419e+00 -2.2436e+00 +1.2724e+00 +6.1001e-01 +1.9886e+00 -1.8583e+00 +2.9230e+00 +1.4867e+00 +7.6474e-01
410 0 +8.684737226e+00 -1.432526277e+01 -1.432526277e+01 -6.0193e-01 -3.7612e+00 +2.1194e+00 +1.6142e+00 +8.1754e-01 -1.1170e+00 -1.0108e+00 -6.0699e-01 -2.9478e+00 +1.2541e-01
1068 0 +8.016544549e+00 -1.499345545e+01 -1.499345545e+01 -2.6916e+00 +3.8619e-01 -7.9250e-01 +4.7338e-01 +3.3393e+00 -2.0984e+00 +2.1552e+00 +1.7156e-01 +2.4261e+00 +1.8936e+00
1097 0 +7.536573141e+00 -1.547342686e+01 -1.547342686e+01 -3.6343e+00 +1.2490e+00 -1.8629e+00 +1.5690e+00 +3.1983e+00 -3.0551e+00 +3.0153e+00 +1.7396e+00 +3.4064e+00 +2.3655e+00
1201 0 +6.232154118e+00 -1.677784588e+01 -1.677784588e+01 -3.5171e+00 +6.5390e-01 -1.1291e+00 +3.9022e-01 +3.3395e+00 -1.9535e+00 +4.1422e+00 +1.7764e+00 +3.1349e+00 +2.9042e+00
1291 0 +5.711289154e+00 -1.729871085e+01 -1.729871085e+01 -2.8869e+00 +8.2655e-01 -8.9650e-01 +4.6948e-01 +3.6107e+00 -2.4824e+00 +3.5531e+00 +9.3919e-01 +2.3114e+00 +2.4963e+00
1352 0 +4.344962290e+00 -1.866503771e+01 -1.866503771e+01 -2.9610e+00 +6.5550e-01 -1.8043e+00 +4.9569e-01 +3.5331e+00 -2.1187e+00 +4.1749e+00 +1.1267e+00 +3.3490e+00 +1.6845e+00
1450 0 +3.916913432e+00 -1.909308657e+01 -1.909308657e+01 -2.8123e+00 +8.9263e-01 -1.4177e+00 +6.0543e-01 +4.1143e+00 -2.0583e+00 +3.4391e+00 +8.7901e-01 +2.6110e+00 +1.9051e+00
1647 0 +3.034843543e+00 -1.997515646e+01 -1.997515646e+01 -3.2155e+00 +9.4821e-01 -1.5525e+00 +3.1101e-01 +4.3960e+00 -2.6270e+00 +3.8335e+00 +1.5837e+00 +3.3702e+00 +1.8963e+00
1848 0 +2.099274145e+00 -2.091072585e+01 -2.091072585e+01 -3.5320e+00 +3.1684e-01 -2.2633e+00 -1.2313e-01 +3.7375e+00 -1.5870e+00 +3.7322e+00 +1.6357e+00 +3.3988e+00 +1.7021e+00
2242 0 +2.076124577e+00 -2.093387542e+01 -2.093387542e+01 -3.5748e+00 +3.4139e-01 -1.8912e+00 -7.4893e-02 +3.8823e+00 -1.6446e+00 +4.1763e+00 +1.7988e+00 +3.2273e+00 +1.8227e+00
2332 0 +2.040535534e+00 -2.096946447e+01 -2.096946447e+01 -3.8773e+00 +3.3506e-01 -1.8926e+00 +3.1432e-01 +3.8985e+00 -1.5697e+00 +3.8712e+00 +1.8702e+00 +3.2957e+00 +1.8236e+00
13371 0 +1.999384883e+00 -2.101061512e+01 -2.101061512e+01 -3.6772e+00 +5.2380e-01 -1.6911e+00 +1.2837e-01 +3.9060e+00 -1.7898e+00 +3.7449e+00 +1.6140e+00 +3.1976e+00 +1.8709e+00
% f evaluations | g evaluations | best noise-free fitness - Fopt (-3.323700000000e+02) + sum g_i+ | measured fitness | best measured fitness or single-digit g-values | x1 | x2...
1 0 +7.420506315e+01 -2.581649368e+02 -2.581649368e+02 +0.0000e+00 +0.0000e+00 +0.0000e+00 +0.0000e+00 +0.0000e+00 +0.0000e+00 +0.0000e+00 +0.0000e+00 +0.0000e+00 +0.0000e+00
3 0 +7.399673765e+01 -2.583732624e+02 -2.583732624e+02 -7.0987e-01 -3.4353e+00 -1.6498e-01 +1.0426e-01 -4.5284e+00 +1.2194e+00 +3.0541e+00 -3.1999e+00 +3.1491e+00 +1.1613e+00
6 0 +6.357561315e+01 -2.687943868e+02 -2.687943868e+02 -2.5694e-01 +1.9143e+00 -1.3617e+00 +3.0189e+00 +1.2131e+00 -3.6851e+00 +2.1724e+00 +3.0030e+00 +6.7092e-01 +1.7711e+00
158 0 +5.280078767e+01 -2.795692123e+02 -2.795692123e+02 -1.2204e+00 +2.7871e+00 -2.3277e+00 +3.9169e+00 +1.8157e+00 +1.1060e+00 +2.8739e+00 +1.9433e+00 +7.5287e-02 -1.1045e+00
172 0 +3.909780182e+01 -2.932721982e+02 -2.932721982e+02 -2.6228e+00 +2.1661e+00 -1.0459e+00 -2.0443e+00 +1.9307e+00 +3.9413e+00 +1.8901e+00 -4.1840e+00 +1.4125e-01 -2.8786e+00
207 0 +3.061120433e+01 -3.017587957e+02 -3.017587957e+02 -5.1896e-01 +3.7549e-01 +2.2968e-01 -1.5936e+00 -1.3775e+00 +4.5961e+00 +2.2768e+00 +4.0098e+00 -2.9082e-01 -2.2647e+00
370 0 +2.480721595e+01 -3.075627840e+02 -3.075627840e+02 +1.9937e+00 -2.4994e+00 +2.1869e+00 +1.5710e+00 +1.2509e+00 -2.7436e+00 -5.0905e-01 +8.1334e-01 -6.1006e-01 -2.3046e+00
543 0 +1.851346495e+01 -3.138565351e+02 -3.138565351e+02 +2.4780e-01 -3.2774e+00 +2.3069e+00 -3.5213e-01 +6.0772e-01 -3.3593e+00 -1.7837e+00 -4.9250e-01 +1.3045e+00 -3.0469e+00
1464 0 +1.775121943e+01 -3.146187806e+02 -3.146187806e+02 +5.8253e-01 -1.8649e+00 +3.7145e+00 +1.0701e+00 -5.3658e-01 -1.9549e+00 +1.5671e+00 -3.6775e+00 -5.7195e-01 -4.1488e+00
1666 0 +1.722075766e+01 -3.151492423e+02 -3.151492423e+02 +4.8007e-02 -2.2371e+00 +2.9772e+00 +2.4244e-01 -4.1479e-01 -2.8621e+00 +1.2740e+00 -3.3417e+00 +1.9733e-01 -3.8716e+00
1801 0 +1.669821774e+01 -3.156717823e+02 -3.156717823e+02 +2.0179e-01 -2.1276e+00 +3.1121e+00 +2.4179e-01 -4.8046e-01 -2.2115e+00 +1.7434e+00 -3.6197e+00 +1.3882e-01 -3.5588e+00
1885 0 +1.624315500e+01 -3.161268450e+02 -3.161268450e+02 +2.4406e-02 -1.7570e+00 +3.2835e+00 +3.7609e-01 -5.4327e-01 -2.4110e+00 +1.3111e+00 -3.9777e+00 +6.2858e-02 -4.1267e+00
2038 0 +1.619703732e+01 -3.161729627e+02 -3.161729627e+02 +4.3466e-01 -1.5631e+00 +3.7311e+00 +5.1055e-01 -6.7849e-01 -2.2149e+00 +1.4572e+00 -3.9799e+00 -9.5148e-02 -4.3096e+00
2609 0 +1.583233971e+01 -3.165376603e+02 -3.165376603e+02 +1.4837e-01 -1.9049e+00 +3.4126e+00 +3.3748e-01 -5.9933e-01 -2.4002e+00 +1.2857e+00 -3.8995e+00 -7.1130e-02 -3.9009e+00
12410 0 +1.568228304e+01 -3.166877170e+02 -3.166877170e+02 +1.7539e-01 -1.7860e+00 +3.5170e+00 +3.4610e-01 -5.2003e-01 -2.3112e+00 +1.4457e+00 -3.8548e+00 -7.1847e-02 -3.9677e+00
% f evaluations | g evaluations | best noise-free fitness - Fopt (-1.231300000000e+02) + sum g_i+ | measured fitness | best measured fitness or single-digit g-values | x1 | x2...
1 0 +6.217285891e+01 -6.095714109e+01 -6.095714109e+01 +0.0000e+00 +0.0000e+00 +0.0000e+00 +0.0000e+00 +0.0000e+00 +0.0000e+00 +0.0000e+00 +0.0000e+00 +0.0000e+00 +0.0000e+00
62 0 +5.550338338e+01 -6.762661662e+01 -6.762661662e+01 -2.4910e+00 -1.0828e+00 +1.2948e+00 +3.4883e+00 -2.2712e+00 -2.9749e+00 -1.1917e+00 +6.3231e-01 -3.0735e+00 +8.3188e-01
129 0 +5.459657749e+01 -6.853342251e+01 -6.853342251e+01 -4.3176e+00 -1.9272e+00 +2.1802e+00 +5.2288e+00 -1.8717e+00 -2.4064e+00 -1.8621e+00 +1.1443e+00 -1.7816e+00 +1.8438e+00
259 0 +3.044148064e+01 -9.268851936e+01 -9.268851936e+01 -3.5391e+00 -1.1299e+00 +2.8062e+00 -3.9591e-01 +2.3164e-01 -3.6617e+00 -3.2719e+00 +3.7962e+00 -9.8188e-01 +1.4499e+00
577 0 +1.757089880e+01 -1.055591012e+02 -1.055591012e+02 -1.4634e-01 +4.7193e+00 -3.3456e+00 +2.5588e+00 -2.2474e-01 -3.5222e+00 -2.7140e+00 +1.3217e+00 -2.5770e+00 -1.3355e+00
826 0 +1.674348430e+01 -1.063865157e+02 -1.063865157e+02 -9.1309e-01 +2.8399e+00 -1.2890e+00 +1.3514e+00 +4.3474e+00 -1.6201e+00 -3.5634e+00 +1.4832e-01 -3.3264e+00 -1.4162e+00
835 0 +1.024651359e+01 -1.128834864e+02 -1.128834864e+02 -1.4259e+00 +3.6417e+00 -1.8037e-01 +1.6594e+00 +2.7439e+00 -1.5797e+00 -3.4650e+00 -6.8880e-01 -3.6583e+00 -2.1923e+00
1272 0 +9.728386560e+00 -1.134016134e+02 -1.134016134e+02 -1.0268e+00 +4.0265e+00 +4.1078e-01 +2.6867e-01 +3.7814e+00 -1.0913e+00 -2.4122e+00 +1.9395e-01 -4.4041e+00 -3.1255e+00
1294 0 +8.980601226e+00 -1.141493988e+02 -1.141493988e+02 -1.3005e+00 +3.5846e+00 +1.2419e+00 +3.5768e-01 +3.7455e+00 -7.0330e-01 -2.9796e+00 +6.9208e-02 -3.8634e+00 -3.1894e+00
1301 0 +8.137359183e+00 -1.149926408e+02 -1.149926408e+02 -1.5067e+00 +4.4638e+00 +5.6686e-01 +8.9679e-01 +3.3388e+00 -1.6663e+00 -2.8353e+00 +9.6968e-01 -4.9822e+00 -2.7845e+00
1322 0 +7.401174418e+00 -1.157288256e+02 -1.157288256e+02 -1.7837e+00 +3.9068e+00 +6.9340e-01 +1.5731e+00 +3.1386e+00 -1.3133e+00 -3.1968e+00 +1.8923e-02 -4.1594e+00 -3.4844e+00
1339 0 +7.181261670e+00 -1.159487383e+02 -1.159487383e+02 -1.3623e+00 +3.9166e+00 +1.1254e+00 +1.2096e+00 +3.2661e+00 -1.1093e+00 -4.1140e+00 -3.0177e-01 -3.9572e+00 -3.4185e+00
1414 0 +6.983687956e+00 -1.161463120e+02 -1.161463120e+02 -1.5900e+00 +3.8306e+00 +2.0924e-01 +9.7130e-01 +3.4022e+00 -1.5344e+00 -3.9143e+00 +7.4794e-01 -4.3369e+00 -2.3411e+00
1445 0 +6.106009655e+00 -1.170239903e+02 -1.170239903e+02 -1.9331e+00 +4.1279e+00 +4.2923e-01 +1.2821e+00 +3.1969e+00 -1.5078e+00 -3.7877e+00 +3.9833e-01 -4.5636e+00 -2.9990e+00
1463 0 +5.892007983e+00 -1.172379920e+02 -1.172379920e+02 -1.4769e+00 +4.1370e+00 +1.1554e+00 +1.2742e+00 +3.0991e+00 -1.2156e+00 -4.1945e+00 -4.1263e-01 -4.5474e+00 -3.1428e+00
1570 0 +5.486130163e+00 -1.176438698e+02 -1.176438698e+02 -1.4958e+00 +4.1819e+00 +4.5003e-01 +1.4424e+00 +3.8553e+00 -1.5540e+00 -3.7369e+00 -1.6622e-01 -4.2919e+00 -2.4775e+00
1813 0 +5.124373548e+00 -1.180056265e+02 -1.180056265e+02 -9.5794e-01 +4.2371e+00 +8.1428e-01 +1.2532e+00 +3.5242e+00 -1.2198e+00 -4.0714e+00 -1.9445e-01 -4.5720e+00 -2.7062e+00
1842 0 +4.538016527e+00 -1.185919835e+02 -1.185919835e+02 -1.2023e+00 +4.0474e+00 +2.1594e-01 +1.0569e+00 +3.5335e+00 -1.5096e+00 -4.2159e+00 +1.6978e-02 -4.5821e+00 -2.4834e+00
2119 0 +4.336738656e+00 -1.187932613e+02 -1.187932613e+02 -1.2377e+00 +4.0005e+00 +5.3253e-01 +1.0173e+00 +3.5033e+00 -1.4479e+00 -4.2300e+00 -1.0185e-02 -4.4897e+00 -2.5763e+00
2419 0 +4.250957467e+00 -1.188790425e+02 -1.188790425e+02 -1.2992e+00 +4.0709e+00 +6.0169e-01 +1.0154e+00 +3.5311e+00 -1.3095e+00 -4.0992e+00 -1.2931e-01 -4.5609e+00 -2.7502e+00
3383 0 +4.168087071e+00 -1.189619129e+02 -1.189619129e+02 -1.3177e+00 +4.0683e+00 +5.9594e-01 +1.1224e+00 +3.5554e+00 -1.3894e+00 -4.1393e+00 -6.7772e-02 -4.6051e+00 -2.7149e+00
10771 0 +4.161779138e+00 -1.189682209e+02 -1.189682209e+02 -1.2733e+00 +4.0665e+00 +5.9796e-01 +1.1253e+00 +3.5655e+00 -1.3845e+00 -4.1521e+00 -6.9094e-02 -4.6039e+00 -2.7183e+00
% f evaluations | g evaluations | best noise-free fitness - Fopt (-1.537900000000e+02) + sum g_i+ | measured fitness | best measured fitness or single-digit g-values | x1 | x2...
1 0 +7.009686110e+01 -8.369313890e+01 -8.369313890e+01 +0.0000e+00 +0.0000e+00 +0.0000e+00 +0.0000e+00 +0.0000e+00 +0.0000e+00 +0.0000e+00 +0.0000e+00 +0.0000e+00 +0.0000e+00
3 0 +6.754622254e+01 -8.624377746e+01 -8.624377746e+01 +3.5806e+00 +1.1381e+00 -4.4616e+00 -9.4892e-01 +2.7456e+00 -3.1401e+00 +4.7960e+00 -4.9783e+00 -4.4812e+00 +3.5652e+00
203 0 +6.484089724e+01 -8.894910276e+01 -8.894910276e+01 +3.2400e+00 +3.2443e+00 +3.2118e-01 +1.2401e+00 -1.3645e+00 -1.7648e+00 +1.1510e+00 +4.1173e+00 +4.2762e-01 +2.0605e+00
218 0 +5.779349324e+01 -9.599650676e+01 -9.599650676e+01 +3.2543e+00 +2.0406e+00 -2.3535e+00 +1.6688e+00 -1.7224e+00 -1.6663e+00 +5.0996e+00 +4.7424e+00 -1.4406e+00 +2.0800e+00
224 0 +5.513796568e+01 -9.865203432e+01 -9.865203432e+01 +2.2632e+00 -7.1089e-01 +7.6461e-01 +3.5051e+00 +1.5882e+00 -3.6157e+00 -3.0548e+00 +2.7064e+00 +1.4444e+00 +2.1426e+00
322 0 +5.379377569e+01 -9.999622431e+01 -9.999622431e+01 +2.6094e+00 -1.1871e+00 -7.2085e-01 +2.3572e+00 +9.3535e-01 -2.8337e+00 -1.6690e+00 +2.4172e+00 -2.2147e+00 +1.2427e+00
346 0 +3.924795124e+01 -1.145420488e+02 -1.145420488e+02 +3.4645e-02 -3.8972e-01 -7.3334e-01 +1.1001e+00 -3.0634e+00 -1.2491e+00 +7.2593e-01 +5.0342e+00 -1.4701e+00 +8.8768e-01
583 0 +3.503156620e+01 -1.187584338e+02 -1.187584338e+02 +1.2767e-01 -7.6322e-01 -3.4761e+00 +1.5483e+00 -2.0181e+00 -2.1070e+00 -1.0398e+00 -4.4710e+00 -1.7889e+00 +2.4664e-01
617 0 +3.314137220e+01 -1.206486278e+02 -1.206486278e+02 -2.1769e+00 -4.7813e-01 -4.0194e+00 +1.9316e+00 -1.9988e+00 -3.2407e+00 +7.4792e-01 -2.0714e+00 -1.7466e+00 +2.0663e+00
621 0 +2.113821197e+01 -1.326517880e+02 -1.326517880e+02 -8.2789e-01 -1.5077e+00 -2.0051e+00 +4.8408e-01 -1.7880e+00 -1.6921e+00 +1.0034e+00 -2.1066e+00 -2.8824e+00 +1.7502e+00
782 0 +1.310799166e+01 -1.406820083e+02 -1.406820083e+02 -1.2166e+00 +1.3641e+00 -1.9242e+00 +4.9753e+00 -3.6956e+00 -8.8669e-01 -5.6200e-01 -3.8826e+00 -3.3453e+00 +2.5507e+00
816 0 +1.091582492e+01 -1.428741751e+02 -1.428741751e+02 -2.0273e+00 +1.9931e-01 -2.9116e+00 +3.3074e+00 -2.7768e+00 -2.0901e+00 -9.7437e-01 -4.9830e+00 -3.7286e+00 +8.3383e-01
821 0 +8.982674456e+00 -1.448073255e+02 -1.448073255e+02 -2.0304e+00 +4.3289e-01 -2.6805e+00 +4.2262e+00 -2.4275e+00 -2.7220e+00 +1.2909e+00 -2.8321e+00 -4.4346e+00 +1.8195e+00
1245 0 +8.450487955e+00 -1.453395120e+02 -1.453395120e+02 -3.0558e+00 -3.5395e+00 -8.3506e-01 +2.1005e+00 -2.8841e+00 -3.3854e+00 +1.5789e+00 -3.7415e+00 -1.2626e+00 +1.6973e+00
1423 0 +7.839946907e+00 -1.459500531e+02 -1.459500531e+02 -1.7639e+00 -9.3493e-01 -2.7658e+00 +4.8026e+00 -3.6700e+00 -3.5898e+00 -1.8953e-01 -3.6592e+00 -3.1595e+00 +1.4515e+00
1622 0 +7.220634221e+00 -1.465693658e+02 -1.465693658e+02 -1.5718e+00 +7.0606e-01 -3.2711e+00 +4.4645e+00 -3.4037e+00 -3.1119e+00 +4.8443e-01 -4.0954e+00 -2.8394e+00 +1.0142e+00
1639 0 +6.096024308e+00 -1.476939757e+02 -1.476939757e+02 -1.1020e+00 +1.7913e-01 -2.2997e+00 +3.8196e+00 -2.5740e+00 -2.3741e+00 -7.1616e-01 -4.1471e+00 -3.1072e+00 +1.1925e+00
1642 0 +5.260360719e+00 -1.485296393e+02 -1.485296393e+02 -1.6456e+00 +4.7878e-01 -2.2018e+00 +3.7803e+00 -2.5120e+00 -2.6013e+00 +2.4042e-01 -3.4233e+00 -4.3549e+00 +9.4530e-01
1723 0 +2.544447418e+00 -1.512455526e+02 -1.512455526e+02 -1.4907e+00 +1.7241e-01 -2.1244e+00 +4.6477e+00 -3.4717e+00 -2.6894e+00 +2.9165e-01 -2.8821e+00 -3.8033e+00 +1.0261e+00
1920 0 +2.171663605e+00 -1.516183364e+02 -1.516183364e+02 -1.8364e+00 +4.7244e-01 -2.6102e+00 +4.2946e+00 -3.4623e+00 -2.6778e+00 -5.5198e-02 -3.7240e+00 -3.6879e+00 +9.8697e-01
2010 0 +2.038383676e+00 -1.517516163e+02 -1.517516163e+02 -1.5610e+00 +3.4858e-01 -2.4722e+00 +4.1463e+00 -3.6058e+00 -2.1043e+00 +4.9268e-02 -3.4254e+00 -3.5201e+00 +1.1385e+00
2201 0 +1.993668101e+00 -1.517963319e+02 -1.517963319e+02 -1.6564e+00 +4.3600e-02 -2.3988e+00 +4.3293e+00 -3.5213e+00 -2.3600e+00 +2.3374e-01 -3.7356e+00 -3.4671e+00 +1.1702e+00
3189 0 +1.949401471e+00 -1.518405985e+02 -1.518405985e+02 -1.6335e+00 -1.0202e-03 -2.3574e+00 +4.5377e+00 -3.2898e+00 -2.2371e+00 +1.3140e-01 -3.5821e+00 -3.6082e+00 +1.3503e+00
10657 0 +1.937740496e+00 -1.518522595e+02 -1.518522595e+02 -1.5785e+00 +9.9741e-02 -2.3662e+00 +4.4819e+00 -3.3015e+00 -2.2247e+00 +1.0510e-01 -3.6193e+00 -3.6221e+00 +1.2687e+00
% f evaluations | g evaluations | best noise-free fitness - Fopt (-4.860000000000e+01) + sum g_i+ | measured fitness | best measured fitness or single-digit g-values | x1 | x2...
1 0 +5.650257136e+01 +7.902571361e+00 +7.902571361e+00 +0.0000e+00 +0.0000e+00 +0.0000e+00 +0.0000e+00 +0.0000e+00 +0.0000e+00 +0.0000e+00 +0.0000e+00 +0.0000e+00 +0.0000e+00
7 0 +2.660145934e+01 -2.199854066e+01 -2.199854066e+01 -3.8212e+00 -8.2323e-01 -4.2622e+00 +3.2473e+00 -1.6945e+00 -4.5503e+00 -3.6971e+00 -1.8679e+00 +2.1498e+00 -3.6584e+00
770 0 +2.323726095e+01 -2.536273905e+01 -2.536273905e+01 +2.8482e+00 -2.6236e+00 +8.0067e-01 +7.7422e-01 -2.8968e+00 -4.6571e+00 +3.4285e+00 +1.0378e+00 +4.4587e-01 -3.5570e+00
835 0 +2.261639366e+01 -2.598360634e+01 -2.598360634e+01 +1.2937e+00 -2.2973e+00 +9.9278e-01 +1.7287e+00 -3.3887e+00 -3.7228e+00 +3.3927e+00 +2.0391e+00 -1.6439e+00 -4.0866e+00
1054 0 +1.980249688e+01 -2.879750312e+01 -2.879750312e+01 +2.1858e+00 -2.8816e+00 +2.0666e+00 +1.2051e+00 -3.0805e+00 -4.1745e+00 +2.9466e+00 +1.3439e+00 -1.3279e+00 -4.0085e+00
1093 0 +1.871927785e+01 -2.988072215e+01 -2.988072215e+01 +2.3482e+00 -2.3478e+00 +9.2368e-01 +3.3598e+00 -3.1550e+00 -4.0955e+00 +1.7352e+00 +1.7743e+00 +2.5317e-01 -3.4461e+00
1186 0 +1.758091691e+01 -3.101908309e+01 -3.101908309e+01 +2.1866e+00 -1.5140e+00 +2.4451e-01 +2.6314e+00 -2.6048e+00 -3.9262e+00 +2.6827e+00 +2.0155e-01 -6.3977e-01 -3.6290e+00
1212 0 +1.497234072e+01 -3.362765928e+01 -3.362765928e+01 +3.0453e+00 -1.8029e+00 +5.5512e-02 +1.4036e+00 -1.4168e+00 -3.9851e+00 +2.9165e+00 +8.1378e-01 -1.6368e+00 -3.5745e+00
1326 0 +1.230866146e+01 -3.629133854e+01 -3.629133854e+01 +1.9575e+00 -4.0494e-01 +2.4119e-01 +2.1296e+00 -2.6644e+00 -4.1365e+00 +3.7852e+00 +2.1426e+00 -1.8235e-01 -3.2854e+00
1347 0 +1.185114825e+01 -3.674885175e+01 -3.674885175e+01 +1.6589e+00 -6.6041e-01 +1.2588e+00 +1.1851e+00 -2.7940e+00 -4.9116e+00 +2.7157e+00 +1.4160e+00 -1.0864e+00 -3.2812e+00
1526 0 +1.143457150e+01 -3.716542850e+01 -3.716542850e+01 +2.5418e+00 -1.6046e+00 +3.3630e-01 +2.0588e+00 -1.3530e+00 -3.7742e+00 +3.2076e+00 +1.2830e+00 -1.2503e+00 -4.3214e+00
1578 0 +9.845093106e+00 -3.875490689e+01 -3.875490689e+01 +2.5392e+00 -1.5104e+00 +9.2846e-01 +1.8078e+00 -1.9650e+00 -4.2563e+00 +3.7219e+00 +1.3369e+00 -1.2962e+00 -3.8440e+00
1693 0 +8.954848520e+00 -3.964515148e+01 -3.964515148e+01 +1.6871e+00 -1.4456e+00 +1.7415e-02 +2.9576e+00 -1.8200e+00 -4.0721e+00 +3.2222e+00 +1.8753e+00 -9.3221e-01 -3.3861e+00
1736 0 +8.582631977e+00 -4.001736802e+01 -4.001736802e+01 +1.7853e+00 -1.0537e+00 +3.6987e-01 +2.9362e+00 -1.7561e+00 -3.9592e+00 +3.1761e+00 +1.8647e+00 -6.2883e-01 -3.1636e+00
1792 0 +8.352782537e+00 -4.024721746e+01 -4.024721746e+01 +2.0749e+00 -1.2517e+00 +3.7234e-01 +2.5941e+00 -2.3688e+00 -4.5627e+00 +2.9990e+00 +1.2691e+00 -6.0876e-01 -3.6643e+00
1803 0 +8.090717939e+00 -4.050928206e+01 -4.050928206e+01 +1.5337e+00 -1.4223e+00 +7.2684e-01 +2.4393e+00 -2.2759e+00 -4.3475e+00 +3.0579e+00 +1.6568e+00 -1.1110e+00 -3.8152e+00
1820 0 +7.670377108e+00 -4.092962289e+01 -4.092962289e+01 +1.8559e+00 -1.1022e+00 +5.0707e-01 +2.0827e+00 -1.9785e+00 -4.4769e+00 +3.3529e+00 +1.8960e+00 -9.4290e-01 -3.5077e+00
2221 0 +7.580284351e+00 -4.101971565e+01 -4.101971565e+01 +2.2345e+00 -1.3186e+00 +4.4344e-01 +2.3275e+00 -1.5614e+00 -4.5338e+00 +2.7425e+00 +1.7796e+00 -6.8790e-01 -3.7510e+00
2273 0 +7.363689111e+00 -4.123631089e+01 -4.123631089e+01 +2.1552e+00 -1.1843e+00 +7.3453e-01 +2.5578e+00 -1.7197e+00 -4.5274e+00 +2.8157e+00 +1.9981e+00 -9.0806e-01 -3.9190e+00
2523 0 +7.241488978e+00 -4.135851102e+01 -4.135851102e+01 +1.8098e+00 -1.2364e+00 +7.7759e-01 +2.2769e+00 -2.1239e+00 -4.7320e+00 +2.6575e+00 +1.9473e+00 -7.8031e-01 -3.9634e+00
2929 0 +7.065407116e+00 -4.153459288e+01 -4.153459288e+01 +1.7648e+00 -1.2365e+00 +6.8555e-01 +2.4398e+00 -2.0753e+00 -4.7176e+00 +2.7254e+00 +2.0063e+00 -8.2206e-01 -3.7558e+00
10601 0 +7.011098034e+00 -4.158890197e+01 -4.158890197e+01 +1.8576e+00 -1.2548e+00 +6.7209e-01 +2.4160e+00 -1.9783e+00 -4.8058e+00 +2.8028e+00 +2.0201e+00 -8.0909e-01 -3.7479e+00
% f evaluations | g evaluations | best noise-free fitness - Fopt (2.770000000000e+01) + sum g_i+ | measured fitness | best measured fitness or single-digit g-values | x1 | x2...
1 0 +7.538900726e+01 +1.030890073e+02 +1.030890073e+02 +0.0000e+00 +0.0000e+00 +0.0000e+00 +0.0000e+00 +0.0000e+00 +0.0000e+00 +0.0000e+00 +0.0000e+00 +0.0000e+00 +0.0000e+00
2 0 +7.178459362e+01 +9.948459362e+01 +9.948459362e+01 -2.1736e+00 +2.5742e+00 -2.5365e+00 -4.6901e+00 -4.4834e-02 -2.7094e+00 -3.3984e+00 -9.1878e-01 -1.9741e+00 -1.5122e+00
8 0 +7.039069689e+01 +9.809069689e+01 +9.809069689e+01 -3.5046e+00 -2.2462e+00 +2.9410e+00 +1.8403e+00 -1.9429e+00 +6.1626e-01 +1.3617e+00 +3.1248e+00 -3.4911e+00 +3.9581e+00
12 0 +6.794934512e+01 +9.564934512e+01 +9.564934512e+01 -2.0678e+00 -1.7351e+00 +2.9107e+00 +3.2431e+00 +1.0994e-01 +6.0450e-01 +3.2609e+00 -2.3661e+00 +1.0852e+00 -3.4274e+00
20 0 +5.431534756e+01 +8.201534756e+01 +8.201534756e+01 -3.8514e+00 -5.3612e-02 +4.0331e+00 -2.0061e+00 -1.8489e+00 -4.9127e-01 -9.4025e-01 +2.6250e+00 -2.4882e+00 +2.6262e+00
33 0 +3.968062645e+01 +6.738062645e+01 +6.738062645e+01 -1.0243e+00 -1.9847e+00 +6.7344e-01 +2.3213e+00 +2.5863e-01 +2.7242e+00 +3.7242e+00 +1.8548e-01 +1.0587e-01 -8.8892e-01
170 0 +1.145748543e+01 +3.915748543e+01 +3.915748543e+01 +7.0626e-01 +1.9642e+00 +1.1265e-02 -6.3577e-01 -3.7704e+00 +5.3030e-02 +1.6776e+00 +1.8675e+00 -2.6719e+00 +5.2787e-01
1484 0 +8.628121114e+00 +3.632812111e+01 +3.632812111e+01 +1.5292e+00 -5.3071e-01 +3.3984e+00 +2.7464e+00 -1.6530e-01 -1.9044e+00 -1.4682e+00 +3.6549e+00 +3.9030e-01 +2.1691e+00
1610 0 +6.486638387e+00 +3.418663839e+01 +3.418663839e+01 +1.3739e+00 +4.9821e-01 +3.1730e+00 +3.7501e+00 -9.4465e-02 -2.1860e+00 -1.8031e+00 +3.1500e+00 +1.0965e+00 +2.2606e+00
1683 0 +5.756110506e+00 +3.345611051e+01 +3.345611051e+01 +1.5053e+00 -6.1525e-01 +3.6022e+00 +3.2538e+00 +1.0249e+00 -1.4255e+00 -1.7075e+00 +2.3330e+00 +5.5042e-01 +1.9079e+00
1802 0 +5.360631261e+00 +3.306063126e+01 +3.306063126e+01 +1.4191e+00 +2.3266e-01 +3.1981e+00 +4.3331e+00 +3.5600e-01 -7.9119e-01 -1.3458e+00 +2.7585e+00 +4.9005e-01 +1.7827e+00
1860 0 +3.607949329e+00 +3.130794933e+01 +3.130794933e+01 +1.0332e+00 -5.2515e-01 +3.6923e+00 +3.5921e+00 +8.2041e-01 -1.5351e+00 -1.4697e+00 +1.8431e+00 +4.8998e-01 +2.5618e+00
2225 0 +3.475757910e+00 +3.117575791e+01 +3.117575791e+01 +1.3579e+00 -1.2784e-01 +3.5533e+00 +3.4602e+00 +3.9440e-01 -1.7378e+00 -1.5540e+00 +1.9884e+00 +5.9717e-01 +2.1531e+00
2246 0 +3.302153504e+00 +3.100215350e+01 +3.100215350e+01 +7.1351e-01 -4.4592e-01 +2.8596e+00 +3.8886e+00 +5.9524e-01 -1.4386e+00 -2.0419e+00 +2.2232e+00 +5.4669e-01 +1.7425e+00
2251 0 +3.020569386e+00 +3.072056939e+01 +3.072056939e+01 +1.6741e+00 -1.6542e-01 +3.1777e+00 +3.8787e+00 +5.0056e-01 -1.4465e+00 -1.7722e+00 +1.9492e+00 +9.1182e-01 +1.6088e+00
2260 0 +2.689374689e+00 +3.038937469e+01 +3.038937469e+01 +1.5499e+00 +1.2095e-01 +3.0500e+00 +3.4899e+00 +2.4774e-01 -1.5103e+00 -1.6043e+00 +2.5173e+00 +7.0976e-01 +2.2933e+00
2514 0 +2.630175778e+00 +3.033017578e+01 +3.033017578e+01 +1.4089e+00 +9.4607e-02 +3.2341e+00 +3.8707e+00 +1.6039e-01 -1.3667e+00 -1.9033e+00 +2.5058e+00 +5.5319e-01 +1.9267e+00
2589 0 +2.381885839e+00 +3.008188584e+01 +3.008188584e+01 +1.2407e+00 +2.3414e-02 +3.1392e+00 +3.5276e+00 +3.0561e-01 -1.4761e+00 -1.7303e+00 +2.6084e+00 +4.5084e-01 +2.4116e+00
3013 0 +2.336892660e+00 +3.003689266e+01 +3.003689266e+01 +1.2519e+00 -7.7229e-02 +3.3188e+00 +3.5979e+00 +4.3537e-01 -1.1417e+00 -1.8543e+00 +2.6782e+00 +2.2649e-01 +2.5673e+00
3638 0 +2.287768967e+00 +2.998776897e+01 +2.998776897e+01 +1.3150e+00 -6.1337e-02 +3.0886e+00 +3.6629e+00 +3.6355e-01 -1.2609e+00 -1.7479e+00 +2.4643e+00 +4.3284e-01 +2.3843e+00
15206 0 +2.255804624e+00 +2.995580462e+01 +2.995580462e+01 +1.4271e+00 -5.4120e-02 +3.0608e+00 +3.6752e+00 +3.8736e-01 -1.2085e+00 -1.8915e+00 +2.4245e+00 +3.9262e-01 +2.3591e+00
% f evaluations | g evaluations | best noise-free fitness - Fopt (2.993000000000e+01) + sum g_i+ | measured fitness | best measured fitness or single-digit g-values | x1 | x2...
1 0 +7.167228148e+01 +1.016022815e+02 +1.016022815e+02 +0.0000e+00 +0.0000e+00 +0.0000e+00 +0.0000e+00 +0.0000e+00 +0.0000e+00 +0.0000e+00 +0.0000e+00 +0.0000e+00 +0.0000e+00
3 0 +6.218736978e+01 +9.211736978e+01 +9.211736978e+01 +4.3539e-01 +4.4886e+00 +4.0398e-01 -8.1511e-01 +3.5055e+00 +1.9610e+00 -9.7022e-01 +9.4661e-01 -8.5067e-01 +3.8884e+00
35 0 +6.019841125e+01 +9.012841125e+01 +9.012841125e+01 +8.5675e-01 -5.2102e+00 +2.5065e+00 +1.8905e-02 +1.0300e+00 -3.3867e+00 +3.3914e-01 -8.2372e-02 +3.1144e+00 -8.2914e-01
70 0 +5.489817964e+01 +8.482817964e+01 +8.482817964e+01 -1.2116e+00 -2.5652e+00 +3.6799e+00 -1.4142e+00 +1.5152e+00 -3.2342e+00 -3.2007e+00 -6.9794e-01 -1.0867e+00 +1.8836e-01
84 0 +5.150829213e+01 +8.143829213e+01 +8.143829213e+01 -2.3608e+00 -2.9414e+00 +3.3010e+00 -7.5549e-01 +1.2211e+00 -3.0296e+00 -3.4871e+00 -1.4376e+00 +7.2564e-01 -8.0899e-01
93 0 +4.486286392e+01 +7.479286392e+01 +7.479286392e+01 +1.3946e+00 -4.9931e+00 +1.2601e+00 -9.1289e-01 -2.6895e+00 -2.9699e-01 +2.1287e+00 -3.1188e-01 +3.2221e+00 -2.7742e+00
194 0 +3.372737921e+01 +6.365737921e+01 +6.365737921e+01 +3.9723e-01 -3.6420e+00 +2.6638e+00 -1.7740e+00 -1.5923e+00 -2.1341e-01 -1.4232e+00 +2.0117e+00 -3.5316e-01 +1.6430e+00
401 0 +3.247520593e+01 +6.240520593e+01 +6.240520593e+01 -1.8568e+00 -1.2168e+00 -1.0178e+00 -2.8441e-01 +3.7531e-01 +1.7082e-01 +7.6246e-01 +1.3089e+00 -3.6673e+00 -1.2610e+00
481 0 +2.823396754e+01 +5.816396754e+01 +5.816396754e+01 -2.2905e-01 -2.3210e+00 +4.1477e-01 -1.0107e-01 +5.0727e-01 +1.9475e+00 +1.9544e+00 +7.7516e-01 -4.7157e+00 +2.1099e-01
647 0 +1.932025732e+01 +4.925025732e+01 +4.925025732e+01 +3.2464e-01 +1.8619e-01 +3.4560e+00 -1.9804e+00 +1.6928e+00 -1.7671e+00 +1.4521e+00 +1.8582e+00 +1.4203e+00 +6.5603e-01
800 0 +1.749020802e+01 +4.742020802e+01 +4.742020802e+01 +2.6707e-01 +1.8737e+00 +1.1780e+00 +9.8633e-01 +1.5308e-01 +8.0254e-01 +3.6537e+00 +3.2738e+00 -1.0285e+00 -5.6900e-01
838 0 +1.402433277e+01 +4.395433277e+01 +4.395433277e+01 +7.7315e-01 +2.1539e+00 +2.6824e+00 +2.3856e+00 +1.7486e+00 +8.4917e-01 +4.4063e+00 +3.5396e+00 +6.8963e-02 -4.2125e-01
1003 0 +1.302475774e+01 +4.295475774e+01 +4.295475774e+01 +2.4452e-01 +1.1347e+00 +2.5805e+00 +2.3190e+00 -1.5465e-01 +1.3733e+00 +2.2637e+00 +3.0284e+00 +1.1689e+00 -1.7150e-01
1133 0 +8.235552908e+00 +3.816555291e+01 +3.816555291e+01 +9.0044e-01 +1.2026e+00 +1.7377e+00 +1.2238e+00 +4.5895e-01 +9.2498e-01 +2.6442e+00 +2.6195e+00 +2.3803e-01 -5.5375e-01
1181 0 +6.986699480e+00 +3.691669948e+01 +3.691669948e+01 +4.4791e-01 +1.3621e+00 +3.4100e-01 +1.9598e+00 -1.9121e-01 +1.3536e+00 +3.2918e+00 +3.2174e+00 +1.1608e+00 -3.9260e-01
1233 0 +4.756668394e+00 +3.468666839e+01 +3.468666839e+01 +5.6947e-02 +1.8184e+00 +6.8515e-02 +1.7918e+00 +1.2456e+00 +4.4378e-02 +4.7557e+00 +2.2283e+00 +1.3317e+00 -5.8401e-01
2049 0 +3.266087822e+00 +3.319608782e+01 +3.319608782e+01 +2.7426e-01 +2.1637e+00 +1.0695e+00 +1.8557e+00 +6.8249e-01 +1.5857e+00 +4.5477e+00 +2.7436e+00 +1.3648e+00 -1.0866e-01
2106 0 +3.022002848e+00 +3.295200285e+01 +3.295200285e+01 +1.1182e+00 +1.7811e+00 +4.0521e-01 +1.6961e+00 +1.0065e+00 +1.2533e+00 +4.5156e+00 +2.9451e+00 +1.2938e+00 -1.5995e-01
2135 0 +2.563651101e+00 +3.249365110e+01 +3.249365110e+01 +5.2184e-01 +1.8867e+00 +3.5795e-01 +1.6478e+00 +4.4753e-01 +1.0652e+00 +4.4974e+00 +2.6885e+00 +1.6917e+00 -7.1221e-02
2152 0 +2.371817744e+00 +3.230181774e+01 +3.230181774e+01 +6.4763e-01 +1.7203e+00 +2.4142e-01 +1.8213e+00 +1.0211e+00 +1.0834e+00 +4.8562e+00 +2.8124e+00 +1.7576e+00 +3.0149e-02
2410 0 +2.316321153e+00 +3.224632115e+01 +3.224632115e+01 +7.8032e-01 +1.7194e+00 +9.1600e-01 +1.9611e+00 +1.4008e+00 +3.7414e-01 +4.4559e+00 +2.3836e+00 +1.2999e+00 -7.8916e-02
2446 0 +2.191884598e+00 +3.212188460e+01 +3.212188460e+01 +9.9736e-01 +1.4117e+00 +5.2051e-01 +2.0383e+00 +1.0045e+00 +3.6518e-01 +4.2274e+00 +2.4183e+00 +1.7530e+00 -3.5742e-01
2578 0 +2.142680184e+00 +3.207268018e+01 +3.207268018e+01 +6.7130e-01 +1.5791e+00 +4.2411e-01 +2.0048e+00 +8.0573e-01 +7.9748e-01 +4.3657e+00 +2.6436e+00 +1.5909e+00 -1.8003e-01
2648 0 +2.126151627e+00 +3.205615163e+01 +3.205615163e+01 +6.9164e-01 +1.7063e+00 +7.4210e-01 +1.9030e+00 +9.8487e-01 +6.9477e-01 +4.5751e+00 +2.5870e+00 +1.5791e+00 -1.6677e-01
3144 0 +2.084691374e+00 +3.201469137e+01 +3.201469137e+01 +8.0795e-01 +1.8116e+00 +5.0095e-01 +2.4377e+00 +1.1891e+00 +7.1083e-01 +4.6732e+00 +2.3077e+00 +1.5958e+00 -2.1835e-01
14902 0 +2.043661109e+00 +3.197366111e+01 +3.197366111e+01 +7.1471e-01 +1.8199e+00 +4.1993e-01 +2.2699e+00 +1.2087e+00 +5.2266e-01 +4.7267e+00 +2.4613e+00 +1.6503e+00 -2.0440e-01
% f evaluations | g evaluations | best noise-free fitness - Fopt (-1.983000000000e+01) + sum g_i+ | measured fitness | best measured fitness or single-digit g-values | x1 | x2...
1 0 +5.476883662e+01 +3.493883662e+01 +3.493883662e+01 +0.0000e+00 +0.0000e+00 +0.0000e+00 +0.0000e+00 +0.0000e+00 +0.0000e+00 +0.0000e+00 +0.0000e+00 +0.0000e+00 +0.0000e+00
2 0 +4.626419529e+01 +2.643419529e+01 +2.643419529e+01 +3.8182e+00 -3.1099e+00 +4.0163e+00 +3.1317e-02 -4.5663e+00 -4.2191e+00 -1.6938e+00 +7.2855e-01 -3.5075e+00 -3.3047e+00
142 0 +1.914600532e+01 -6.839946759e-01 -6.839946759e-01 -9.3839e-01 -3.5360e-01 -6.9690e-01 -3.1586e-01 -1.2312e+00 -1.3471e+00 +3.9417e+00 +5.3060e-01 -1.9475e-01 -3.9344e+00
1236 0 +1.876862544e+01 -1.061374556e+00 -1.061374556e+00 +1.9461e+00 -1.1135e+00 +8.2493e-01 +2.3102e+00 +4.3136e+00 +1.5525e+00 +9.8657e-01 +6.9880e-01 -2.0108e+00 -8.2040e-01
1296 0 +1.731470259e+01 -2.515297413e+00 -2.515297413e+00 +2.5272e+00 -1.8799e+00 +1.8893e+00 +9.6527e-01 +3.6593e+00 +4.2202e-01 +8.7448e-01 +1.7628e+00 -3.6014e+00 -1.7613e+00
1351 0 +1.618010638e+01 -3.649893624e+00 -3.649893624e+00 +3.2466e+00 -1.3994e+00 +8.9555e-01 +1.6531e+00 +3.7326e+00 +1.0241e+00 +1.6914e+00 +1.7778e+00 -2.3253e+00 -5.5684e-01
1381 0 +1.403164808e+01 -5.798351922e+00 -5.798351922e+00 +2.8107e+00 -2.0126e+00 +1.5560e+00 +2.2471e+00 +3.4985e+00 +1.0802e+00 +7.9165e-01 +1.3094e+00 -2.0168e+00 -9.5016e-01
1478 0 +1.359496994e+01 -6.235030059e+00 -6.235030059e+00 +2.6352e+00 -1.6984e+00 +1.6508e+00 +1.2330e+00 +4.2351e+00 +1.1312e+00 -4.8035e-02 +1.0946e+00 -2.6492e+00 -1.7099e+00
1638 0 +1.348704292e+01 -6.342957081e+00 -6.342957081e+00 +2.7630e+00 -1.3105e+00 +1.0262e+00 +8.2527e-01 +4.4809e+00 +8.1092e-01 +6.9584e-01 +9.2227e-01 -2.3563e+00 -1.7061e+00
1667 0 +1.194292091e+01 -7.887079092e+00 -7.887079092e+00 +2.5357e+00 -1.6179e+00 +1.2137e+00 +2.1474e+00 +4.3564e+00 +1.0726e+00 +5.3502e-01 +1.3093e+00 -2.3725e+00 -1.1759e+00
1812 0 +1.157949638e+01 -8.250503622e+00 -8.250503622e+00 +3.3133e+00 -1.6252e+00 +1.4662e+00 +1.5066e+00 +4.1571e+00 +1.1415e+00 +5.7197e-01 +4.0391e-01 -2.8634e+00 -9.4570e-01
1914 0 +1.113175359e+01 -8.698246409e+00 -8.698246409e+00 +2.7233e+00 -1.5001e+00 +1.4259e+00 +1.5971e+00 +4.1469e+00 +8.2783e-01 +1.2019e+00 +6.4370e-01 -2.7295e+00 -1.0981e+00
1917 0 +1.066735488e+01 -9.162645118e+00 -9.162645118e+00 +3.1882e+00 -1.3191e+00 +1.4691e+00 +1.9514e+00 +4.0970e+00 +9.5227e-01 +5.8461e-01 +1.1334e+00 -3.0795e+00 -8.9176e-01
2179 0 +1.044889425e+01 -9.381105745e+00 -9.381105745e+00 +3.0310e+00 -1.4455e+00 +1.4919e+00 +1.6664e+00 +3.7736e+00 +9.3341e-01 +5.6007e-01 +9.1723e-01 -2.7569e+00 -1.0195e+00
2339 0 +1.015688287e+01 -9.673117128e+00 -9.673117128e+00 +2.8389e+00 -1.4517e+00 +1.5403e+00 +1.5404e+00 +4.0286e+00 +9.5046e-01 +7.4518e-01 +1.1494e+00 -2.7784e+00 -1.2089e+00
2681 0 +9.998571487e+00 -9.831428513e+00 -9.831428513e+00 +2.9952e+00 -1.4729e+00 +1.3874e+00 +1.7328e+00 +4.0148e+00 +9.5001e-01 +6.5324e-01 +1.0616e+00 -2.8167e+00 -1.1591e+00
10634 0 +9.930446911e+00 -9.899553089e+00 -9.899553089e+00 +2.9871e+00 -1.5322e+00 +1.3547e+00 +1.6531e+00 +4.1194e+00 +8.8113e-01 +6.8581e-01 +1.0560e+00 -2.8628e+00 -1.1854e+00
