% f evaluations | g evaluations | best noise-free fitness - Fopt (4.078000000000e+01) + sum g_i+ | measured fitness | best measured fitness or single-digit g-values | x1 | x2...
1 0 +3.454477296e+01 +7.532477296e+01 +7.532477296e+01 +0.0000e+00 +0.0000e+00 +0.0000e+00 +0.0000e+00 +0.0000e+00
11 0 +2.782777508e+01 +6.860777508e+01 +6.860777508e+01 -1.7190e+00 +2.9915e+00 -2.1492e+00 +5.3575e-01 +6.3043e-01
22 0 +2.705828397e+01 +6.783828397e+01 +6.783828397e+01 -1.3216e+00 -8.0683e-02 -8.1042e-01 -8.8375e-01 -9.5368e-01
24 0 +6.500320425e+00 +4.728032042e+01 +4.728032042e+01 -1.6385e+00 +4.9362e-01 -2.7397e+00 +4.4422e+00 +2.8681e+00
184 0 +4.956440121e+00 +4.573644012e+01 +4.573644012e+01 -2.0067e+00 +9.5820e-01 +3.2806e-01 -1.7821e+00 +1.5638e+00
240 0 +2.253147869e+00 +4.303314787e+01 +4.303314787e+01 -1.4226e+00 +1.3065e+00 +8.1070e-01 -1.1519e+00 +1.1301e+00
552 0 +2.049419568e+00 +4.282941957e+01 +4.282941957e+01 -1.4342e+00 +1.3761e+00 +3.3965e-02 -1.1824e+00 +4.4286e-01
565 0 +1.977838695e+00 +4.275783870e+01 +4.275783870e+01 -1.6729e+00 +8.2110e-01 +1.8239e-01 -1.5150e+00 +5.3175e-01
649 0 +1.818398046e+00 +4.259839805e+01 +4.259839805e+01 -1.9204e+00 +1.5696e+00 +6.4769e-01 -1.4818e+00 +3.6829e-01
650 0 +1.443837268e+00 +4.222383727e+01 +4.222383727e+01 -1.7366e+00 +1.3397e+00 +5.1788e-01 -1.3777e+00 +3.7230e-01
859 0 +1.403770046e+00 +4.218377005e+01 +4.218377005e+01 -1.8497e+00 +1.1214e+00 +4.5579e-01 -1.5388e+00 +5.1647e-01
873 0 +1.378059107e+00 +4.215805911e+01 +4.215805911e+01 -1.5462e+00 +1.2438e+00 +5.7530e-01 -1.5494e+00 +6.1205e-01
912 0 +1.335053575e+00 +4.211505358e+01 +4.211505358e+01 -1.8424e+00 +1.2885e+00 +4.7220e-01 -1.4648e+00 +5.0543e-01
943 0 +1.297927799e+00 +4.207792780e+01 +4.207792780e+01 -1.6995e+00 +1.2240e+00 +4.5114e-01 -1.5595e+00 +4.9002e-01
1138 0 +1.288067919e+00 +4.206806792e+01 +4.206806792e+01 -1.6931e+00 +1.2302e+00 +4.5590e-01 -1.4747e+00 +5.7520e-01
1247 0 +1.257723070e+00 +4.203772307e+01 +4.203772307e+01 -1.7318e+00 +1.2153e+00 +5.1604e-01 -1.5327e+00 +5.2419e-01
4274 0 +1.245255535e+00 +4.202525554e+01 +4.202525554e+01 -1.7181e+00 +1.2593e+00 +5.4114e-01 -1.5171e+00 +5.4431e-01
% f evaluations | g evaluations | best noise-free fitness - Fopt (-1.600000000000e+00) + sum g_i+ | measured fitness | best measured fitness or single-digit g-values | x1 | x2...
1 0 +4.431357451e+01 +4.271357451e+01 +4.271357451e+01 +0.0000e+00 +0.0000e+00 +0.0000e+00 +0.0000e+00 +0.0000e+00
11 0 +3.206267599e+01 +3.046267599e+01 +3.046267599e+01 +4.5339e+00 +2.0239e+00 -2.8767e+00 +2.1585e+00 -2.5147e+00
13 0 +2.845751751e+01 +2.685751751e+01 +2.685751751e+01 -3.9455e+00 +1.5619e+00 +1.6258e+00 +1.9205e+00 +3.2652e+00
25 0 +2.591083589e+01 +2.431083589e+01 +2.431083589e+01 -2.0039e+00 +2.2226e+00 +3.9742e-01 +1.3755e+00 +2.4167e+00
43 0 +2.566587670e+01 +2.406587670e+01 +2.406587670e+01 +7.0131e-01 -4.7977e-01 +2.6948e+00 +4.4500e-01 +2.3558e+00
64 0 +1.787452004e+01 +1.627452004e+01 +1.627452004e+01 +1.1632e+00 +5.0152e-01 -3.3479e+00 +4.8638e+00 -5.7631e+00
69 0 +1.092843790e+01 +9.328437895e+00 +9.328437895e+00 +3.2997e+00 +1.7648e+00 +1.2711e+00 +2.6064e-01 -2.4434e+00
132 0 +8.647609462e+00 +7.047609462e+00 +7.047609462e+00 -3.2211e+00 +3.5451e+00 +1.1499e+00 -5.8705e-01 +3.8059e+00
137 0 +4.519126746e+00 +2.919126746e+00 +2.919126746e+00 -4.1247e+00 +2.8216e+00 +1.4297e+00 +2.0494e-01 +3.2531e+00
331 0 +1.489751327e+00 -1.102486733e-01 -1.102486733e-01 +1.8401e+00 +2.3902e-01 +1.3417e+00 -3.8592e+00 -2.4535e+00
4444 0 +1.489751327e+00 -1.102486733e-01 -1.102486733e-01 +1.8401e+00 +2.3902e-01 +1.3417e+00 -3.8592e+00 -2.4535e+00
% f evaluations | g evaluations | best noise-free fitness - Fopt (-3.708400000000e+02) + sum g_i+ | measured fitness | best measured fitness or single-digit g-values | x1 | x2...
1 0 +6.618478373e+01 -3.046552163e+02 -3.046552163e+02 +0.0000e+00 +0.0000e+00 +0.0000e+00 +0.0000e+00 +0.0000e+00
2 0 +5.115834280e+01 -3.196816572e+02 -3.196816572e+02 +4.0135e+00 -2.9549e+00 -4.4675e+00 +1.8072e-01 -4.2992e+00
12 0 +3.517799248e+01 -3.356620075e+02 -3.356620075e+02 +4.3276e+00 -2.7261e+00 -1.5546e+00 +2.6438e+00 -5.0400e+00
16 0 +2.238457856e+01 -3.484554214e+02 -3.484554214e+02 +5.8013e+00 -1.4993e+00 +2.2432e+00 +2.5460e+00 +2.6966e-01
21 0 +1.520682370e+01 -3.556331763e+02 -3.556331763e+02 +5.3753e+00 -9.0227e-01 +1.5338e+00 +2.5069e+00 +3.9643e-01
99 0 +6.679814051e-01 -3.701720186e+02 -3.701720186e+02 +3.0022e+00 -1.9722e+00 -1.5994e+00 +2.4029e+00 +8.5423e-01
738 0 +5.330086213e-01 -3.703069914e+02 -3.703069914e+02 +3.1782e+00 -2.1251e+00 -1.3362e+00 +1.7440e+00 +7.1683e-01
765 0 +5.075416050e-01 -3.703324584e+02 -3.703324584e+02 +3.6358e+00 -1.1330e+00 -1.4339e+00 +2.1964e+00 +1.3757e-01
842 0 +4.952428275e-01 -3.703447572e+02 -3.703447572e+02 +2.8180e+00 -5.1390e-01 -2.2092e+00 +1.1736e+00 +5.5376e-01
918 0 +1.217675367e-01 -3.707182325e+02 -3.707182325e+02 +2.4947e+00 -7.1848e-01 -2.3451e+00 +1.8691e+00 +8.7538e-01
950 0 +1.356989368e-02 -3.708264301e+02 -3.708264301e+02 +2.9123e+00 -9.1243e-01 -1.9895e+00 +1.6865e+00 +8.2164e-01
998 0 +1.013101571e-02 -3.708298690e+02 -3.708298690e+02 +2.9488e+00 -8.5943e-01 -1.9111e+00 +2.0477e+00 +6.8904e-01
1037 0 +8.183329875e-03 -3.708318167e+02 -3.708318167e+02 +2.8883e+00 -7.4865e-01 -1.7143e+00 +1.8976e+00 +6.8820e-01
1167 0 +3.404421091e-03 -3.708365956e+02 -3.708365956e+02 +3.0601e+00 -8.9498e-01 -1.5373e+00 +2.0439e+00 +6.8807e-01
1185 0 +3.372555938e-03 -3.708366274e+02 -3.708366274e+02 +2.9414e+00 -8.1592e-01 -1.9150e+00 +1.7888e+00 +6.0581e-01
1210 0 +3.290580859e-03 -3.708367094e+02 -3.708367094e+02 +2.9198e+00 -7.0522e-01 -1.8517e+00 +1.8564e+00 +5.7865e-01
1290 0 +1.531562736e-03 -3.708384684e+02 -3.708384684e+02 +2.9695e+00 -5.7116e-01 -1.7356e+00 +1.9544e+00 +6.1828e-01
1358 0 +1.132923910e-03 -3.708388671e+02 -3.708388671e+02 +2.9992e+00 -7.6673e-01 -1.6295e+00 +1.9840e+00 +6.6109e-01
1373 0 +8.227789420e-04 -3.708391772e+02 -3.708391772e+02 +3.0472e+00 -8.5433e-01 -1.6690e+00 +1.7750e+00 +6.8566e-01
1436 0 +7.982678937e-06 -3.708399920e+02 -3.708399920e+02 +3.0530e+00 -7.7570e-01 -1.6776e+00 +1.8932e+00 +6.2603e-01
1684 0 +7.214916820e-06 -3.708399928e+02 -3.708399928e+02 +3.0958e+00 -7.9418e-01 -1.6217e+00 +1.8898e+00 +5.9841e-01
1748 0 +3.997466763e-06 -3.708399960e+02 -3.708399960e+02 +3.0761e+00 -7.5258e-01 -1.6403e+00 +1.9238e+00 +6.1022e-01
1766 0 +1.107433604e-06 -3.708399989e+02 -3.708399989e+02 +3.1190e+00 -8.2165e-01 -1.5892e+00 +1.9056e+00 +6.1114e-01
1957 0 +1.002527881e-06 -3.708399990e+02 -3.708399990e+02 +3.1322e+00 -8.1782e-01 -1.5461e+00 +1.9571e+00 +5.9062e-01
1967 0 +5.526355835e-07 -3.708399994e+02 -3.708399994e+02 +3.1313e+00 -8.3861e-01 -1.5652e+00 +1.9613e+00 +5.9669e-01
2138 0 +9.491543551e-08 -3.708399999e+02 -3.708399999e+02 +3.1091e+00 -7.8631e-01 -1.5921e+00 +1.9374e+00 +6.0768e-01
2149 0 +1.551842388e-08 -3.708400000e+02 -3.708400000e+02 +3.1079e+00 -8.0152e-01 -1.5974e+00 +1.9335e+00 +6.1235e-01
2224 0 +1.250884907e-08 -3.708400000e+02 -3.708400000e+02 +3.1207e+00 -8.1956e-01 -1.5858e+00 +1.9362e+00 +6.0724e-01
2529 0 +1.166387165e-08 -3.708400000e+02 -3.708400000e+02 +3.1211e+00 -8.2267e-01 -1.5838e+00 +1.9394e+00 +6.0019e-01
2546 0 +1.101653879e-08 -3.708400000e+02 -3.708400000e+02 +3.1194e+00 -8.2292e-01 -1.5801e+00 +1.9351e+00 +6.0517e-01
2547 0 +8.623260328e-09 -3.708400000e+02 -3.708400000e+02 +3.1203e+00 -8.1468e-01 -1.5875e+00 +1.9304e+00 +6.0293e-01
3515 0 +5.684341886e-14 -3.708400000e+02 -3.708400000e+02 +3.1149e+00 -8.0865e-01 -1.5905e+00 +1.9330e+00 +6.0516e-01
3662 0 +0.000000000e+00 -3.708400000e+02 -3.708400000e+02 +3.1149e+00 -8.0893e-01 -1.5905e+00 +1.9334e+00 +6.0511e-01
50003 0 +0.000000000e+00 -3.708400000e+02 -3.708400000e+02 +3.1149e+00 -8.0893e-01 -1.5905e+00 +1.9334e+00 +6.0511e-01
% f evaluations | g evaluations | best noise-free fitness - Fopt (-3.256000000000e+01) + sum g_i+ | measured fitness | best measured fitness or single-digit g-values | x1 | x2...
1 0 +5.577473827e+01 +2.321473827e+01 +2.321473827e+01 +0.0000e+00 +0.0000e+00 +0.0000e+00 +0.0000e+00 +0.0000e+00
3 0 +4.261962777e+01 +1.005962777e+01 +1.005962777e+01 +9.9127e-01 +1.0381e-01 -9.9239e-01 +1.3894e+00 -1.6253e-01
4 0 +2.875377585e+01 -3.806224155e+00 -3.806224155e+00 -2.6669e+00 +2.5224e-01 +7.2096e-01 +4.0509e+00 +4.6911e+00
9 0 +1.310961943e+01 -1.945038057e+01 -1.945038057e+01 -1.2043e+00 +2.1143e+00 +4.8718e+00 -4.4653e+00 +1.6640e+00
16 0 +8.601890326e+00 -2.395810967e+01 -2.395810967e+01 +1.0887e+00 +9.1264e-01 +2.6999e+00 -5.5722e+00 +1.4413e-01
269 0 +8.022829774e+00 -2.453717023e+01 -2.453717023e+01 +1.5359e+00 -4.7290e+00 -6.0150e-01 +1.9527e+00 -1.2887e+00
407 0 +7.110665940e+00 -2.544933406e+01 -2.544933406e+01 +9.8204e-01 -3.1966e+00 -1.5439e-01 +2.2447e+00 -1.0338e+00
463 0 +3.500085638e+00 -2.905991436e+01 -2.905991436e+01 +1.5512e+00 -3.0790e+00 -5.1493e-01 +3.1522e+00 -5.7183e-01
529 0 +1.177750833e+00 -3.138224917e+01 -3.138224917e+01 +5.3177e-01 -3.3509e+00 -3.5179e-01 +3.5281e+00 -1.0214e+00
626 0 +1.060075720e+00 -3.149992428e+01 -3.149992428e+01 +1.4885e+00 -3.0764e+00 -1.5873e+00 +3.1030e+00 -8.8269e-01
631 0 +9.793521320e-01 -3.158064787e+01 -3.158064787e+01 +4.2927e-01 -3.6903e+00 -8.8997e-01 +3.2560e+00 -6.1009e-01
637 0 +9.710442197e-02 -3.246289558e+01 -3.246289558e+01 +6.5067e-01 -3.4144e+00 -9.6745e-01 +3.5399e+00 -8.9021e-01
709 0 +7.183044809e-02 -3.248816955e+01 -3.248816955e+01 +1.1365e+00 -3.2677e+00 -1.0909e+00 +3.2326e+00 -1.0033e+00
906 0 +5.860441508e-02 -3.250139558e+01 -3.250139558e+01 +1.4192e+00 -3.2207e+00 -1.8928e+00 +3.4674e+00 -1.3761e+00
928 0 +1.611472473e-02 -3.254388528e+01 -3.254388528e+01 +1.1157e+00 -3.3689e+00 -1.4693e+00 +3.6864e+00 -1.2190e+00
966 0 +9.040483937e-03 -3.255095952e+01 -3.255095952e+01 +1.1887e+00 -2.9556e+00 -1.7090e+00 +3.7617e+00 -1.0884e+00
968 0 +2.980981375e-04 -3.255970190e+01 -3.255970190e+01 +1.0222e+00 -3.2756e+00 -1.5766e+00 +3.6638e+00 -1.1628e+00
1513 0 +2.186341161e-04 -3.255978137e+01 -3.255978137e+01 +1.0153e+00 -3.1503e+00 -1.6077e+00 +3.6315e+00 -1.1892e+00
1537 0 +1.690762419e-04 -3.255983092e+01 -3.255983092e+01 +1.0661e+00 -3.1921e+00 -1.5489e+00 +3.6872e+00 -1.1977e+00
1557 0 +8.123513524e-07 -3.255999919e+01 -3.255999919e+01 +1.0634e+00 -3.2221e+00 -1.5939e+00 +3.6136e+00 -1.2310e+00
1957 0 +7.206973720e-07 -3.255999928e+01 -3.255999928e+01 +1.0603e+00 -3.2413e+00 -1.5704e+00 +3.5816e+00 -1.2473e+00
2001 0 +1.103614267e-07 -3.255999989e+01 -3.255999989e+01 +1.0449e+00 -3.2459e+00 -1.5913e+00 +3.6185e+00 -1.2369e+00
2115 0 +5.501570399e-08 -3.255999994e+01 -3.255999994e+01 +1.0492e+00 -3.2627e+00 -1.5659e+00 +3.5843e+00 -1.2479e+00
2264 0 +1.213410883e-08 -3.255999999e+01 -3.255999999e+01 +1.0518e+00 -3.2413e+00 -1.5687e+00 +3.6049e+00 -1.2405e+00
2411 0 +1.201639321e-08 -3.255999999e+01 -3.255999999e+01 +1.0521e+00 -3.2591e+00 -1.5598e+00 +3.5994e+00 -1.2445e+00
2448 0 +5.778915124e-09 -3.255999999e+01 -3.255999999e+01 +1.0485e+00 -3.2582e+00 -1.5702e+00 +3.5958e+00 -1.2505e+00
3156 0 +1.350031198e-13 -3.256000000e+01 -3.256000000e+01 +1.0505e+00 -3.2542e+00 -1.5675e+00 +3.5993e+00 -1.2451e+00
3850 0 +0.000000000e+00 -3.256000000e+01 -3.256000000e+01 +1.0501e+00 -3.2542e+00 -1.5677e+00 +3.5999e+00 -1.2448e+00
50008 0 +0.000000000e+00 -3.256000000e+01 -3.256000000e+01 +1.0501e+00 -3.2542e+00 -1.5677e+00 +3.5999e+00 -1.2448e+00
% f evaluations | g evaluations | best noise-free fitness - Fopt (5.154000000000e+02) + sum g_i+ | measured fitness | best measured fitness or single-digit g-values | x1 | x2...
1 0 +2.019037433e+01 +5.355903743e+02 +5.355903743e+02 +0.0000e+00 +0.0000e+00 +0.0000e+00 +0.0000e+00 +0.0000e+00
46 0 +1.729638427e+01 +5.326963843e+02 +5.326963843e+02 +3.3209e+00 -3.6586e+00 -1.8517e+00 +1.2146e+00 -1.7816e-01
166 0 +5.152094820e+00 +5.205520948e+02 +5.205520948e+02 -2.9000e-01 -2.8059e+00 -4.5700e-01 +7.3510e-01 -1.0150e+00
342 0 +5.033604833e+00 +5.204336048e+02 +5.204336048e+02 +2.0183e-01 -3.2512e+00 -2.6718e-01 +3.4319e-01 -1.5771e+00
404 0 +4.552553306e+00 +5.199525533e+02 +5.199525533e+02 -2.2570e+00 -9.5639e-01 -1.8832e+00 +4.5228e-01 -7.4698e-01
923 0 +4.096288345e+00 +5.194962883e+02 +5.194962883e+02 -2.7278e+00 +3.4200e+00 -1.0686e+00 +3.5650e+00 -3.6721e+00
933 0 +4.072542669e+00 +5.194725427e+02 +5.194725427e+02 -2.6679e+00 +3.1946e+00 -7.7936e-01 +3.4665e+00 -3.5416e+00
978 0 +3.871853787e+00 +5.192718538e+02 +5.192718538e+02 -2.5185e+00 +3.3641e+00 -9.5310e-01 +3.3786e+00 -3.5200e+00
1192 0 +3.749954605e+00 +5.191499546e+02 +5.191499546e+02 -2.7238e+00 +3.4556e+00 -7.8723e-01 +3.5032e+00 -3.4579e+00
1231 0 +3.701123399e+00 +5.191011234e+02 +5.191011234e+02 -2.7257e+00 +3.4406e+00 -9.2903e-01 +3.4723e+00 -3.4410e+00
5014 0 +3.637835368e+00 +5.190378354e+02 +5.190378354e+02 -2.7170e+00 +3.3765e+00 -9.1625e-01 +3.5011e+00 -3.5109e+00
% f evaluations | g evaluations | best noise-free fitness - Fopt (-8.628000000000e+01) + sum g_i+ | measured fitness | best measured fitness or single-digit g-values | x1 | x2...
1 0 +6.603546277e+01 -2.024453723e+01 -2.024453723e+01 +0.0000e+00 +0.0000e+00 +0.0000e+00 +0.0000e+00 +0.0000e+00
2 0 +6.347531211e+01 -2.280468789e+01 -2.280468789e+01 -2.6894e+00 -4.5867e+00 +2.8713e+00 +2.4674e+00 -1.8115e-01
12 0 +5.562347378e+01 -3.065652622e+01 -3.065652622e+01 +1.3584e+00 +1.6286e+00 -2.4468e+00 -7.4856e-01 +1.2050e+00
15 0 +2.095904487e+01 -6.532095513e+01 -6.532095513e+01 +3.4746e-01 +1.9068e+00 +1.1790e+00 -2.9772e+00 +2.3263e+00
35 0 +1.037434608e+01 -7.590565392e+01 -7.590565392e+01 -1.0839e+00 +1.2768e+00 +3.8139e+00 -9.2892e-01 +2.0886e+00
148 0 +6.468279214e+00 -7.981172079e+01 -7.981172079e+01 -2.1322e+00 +1.0760e+00 -7.0316e-01 -4.0691e+00 +2.6895e+00
202 0 +7.565101092e-01 -8.552348989e+01 -8.552348989e+01 -2.9673e+00 +2.3151e+00 +3.7391e+00 -2.7903e-01 +2.1116e+00
5428 0 +7.565101092e-01 -8.552348989e+01 -8.552348989e+01 -2.9673e+00 +2.3151e+00 +3.7391e+00 -2.7903e-01 +2.1116e+00
% f evaluations | g evaluations | best noise-free fitness - Fopt (2.224000000000e+01) + sum g_i+ | measured fitness | best measured fitness or single-digit g-values | x1 | x2...
1 0 +4.904064728e+01 +7.128064728e+01 +7.128064728e+01 +0.0000e+00 +0.0000e+00 +0.0000e+00 +0.0000e+00 +0.0000e+00
6 0 +2.465903638e+01 +4.689903638e+01 +4.689903638e+01 -2.0464e+00 +6.2033e-01 -5.0533e-01 -3.1349e+00 +1.1959e+00
97 0 +1.887988884e+01 +4.111988884e+01 +4.111988884e+01 -9.7462e-01 -2.4848e-01 +6.7058e-02 +1.7474e+00 +2.5670e-01
114 0 +1.012688944e+01 +3.236688944e+01 +3.236688944e+01 +1.6068e+00 +9.9924e-01 +2.8425e+00 +2.0728e+00 -4.5017e+00
185 0 +8.338495546e+00 +3.057849555e+01 +3.057849555e+01 -1.5357e-01 -1.4677e+00 -2.5523e+00 +1.2356e+00 -1.6639e+00
434 0 +6.983538492e+00 +2.922353849e+01 +2.922353849e+01 -6.7218e-01 -5.0516e-01 -3.0556e+00 -2.7265e-01 -2.2338e+00
439 0 +4.082466948e+00 +2.632246695e+01 +2.632246695e+01 -7.3204e-01 +3.0059e+00 -3.1447e+00 +2.0184e+00 -3.7155e+00
503 0 +2.315210806e+00 +2.455521081e+01 +2.455521081e+01 +8.4309e-02 -8.9794e-01 -2.4397e+00 -3.1178e-01 -2.9504e+00
511 0 +2.084879420e+00 +2.432487942e+01 +2.432487942e+01 +1.8644e-01 -2.2243e-01 -2.2734e+00 -3.3150e-01 -2.4077e+00
571 0 +2.003915218e+00 +2.424391522e+01 +2.424391522e+01 -1.3592e-01 -5.4330e-01 -2.6526e+00 +1.5169e-01 -2.6051e+00
698 0 +1.952062400e+00 +2.419206240e+01 +2.419206240e+01 +2.8122e-01 -4.3052e-01 -2.4281e+00 +4.3596e-02 -2.2386e+00
699 0 +1.886894749e+00 +2.412689475e+01 +2.412689475e+01 +1.8439e-01 -7.6119e-01 -2.5792e+00 +3.6700e-02 -2.0260e+00
748 0 +1.832162495e+00 +2.407216250e+01 +2.407216250e+01 +3.5671e-01 -8.3029e-01 -2.4363e+00 +1.5807e-01 -2.4657e+00
779 0 +1.775256424e+00 +2.401525642e+01 +2.401525642e+01 +4.9960e-01 -8.5258e-01 -2.3704e+00 -3.2795e-01 -2.3795e+00
790 0 +1.692226323e+00 +2.393222632e+01 +2.393222632e+01 +2.0717e-01 -8.8723e-01 -2.2495e+00 -1.3680e-01 -2.3391e+00
815 0 +1.594767100e+00 +2.383476710e+01 +2.383476710e+01 +1.9665e-01 -7.6909e-01 -2.4307e+00 -1.2723e-01 -2.2778e+00
1141 0 +1.584767749e+00 +2.382476775e+01 +2.382476775e+01 +2.0370e-01 -7.6708e-01 -2.4152e+00 -1.1085e-01 -2.2892e+00
4883 0 +1.563009857e+00 +2.380300986e+01 +2.380300986e+01 +2.7570e-01 -8.0267e-01 -2.3893e+00 -1.2497e-01 -2.3008e+00
% f evaluations | g evaluations | best noise-free fitness - Fopt (-2.301000000000e+01) + sum g_i+ | measured fitness | best measured fitness or single-digit g-values | x1 | x2...
1 0 +5.294176883e+01 +2.993176883e+01 +2.993176883e+01 +0.0000e+00 +0.0000e+00 +0.0000e+00 +0.0000e+00 +0.0000e+00
21 0 +4.634912450e+01 +2.333912450e+01 +2.333912450e+01 -1.3677e-01 +1.2216e+00 -1.8217e-01 +6.8751e-01 +5.2388e-01
23 0 +2.120237351e+01 -1.807626487e+00 -1.807626487e+00 +2.1029e+00 -2.0464e+00 +1.4796e+00 -7.3596e-01 +1.6719e+00
150 0 +1.041861318e+01 -1.259138682e+01 -1.259138682e+01 +1.6373e+00 +4.9011e-01 -1.7434e+00 +3.6451e-01 -2.9323e-01
396 0 +7.791506996e+00 -1.521849300e+01 -1.521849300e+01 +7.5524e-01 -1.5921e+00 -8.8139e-01 -1.6368e+00 -3.4801e+00
402 0 +7.544860355e+00 -1.546513964e+01 -1.546513964e+01 -2.6672e-01 -2.3347e+00 +2.9381e+00 -3.5455e+00 -3.6353e+00
431 0 +2.325207543e+00 -2.068479246e+01 -2.068479246e+01 -4.4078e-01 -2.1373e+00 +3.2450e+00 -2.7773e+00 -4.1600e+00
493 0 +2.119813123e+00 -2.089018688e+01 -2.089018688e+01 -3.4240e-01 -2.2700e+00 +3.1336e+00 -1.8627e+00 -4.8590e+00
502 0 +1.998343910e+00 -2.101165609e+01 -2.101165609e+01 -7.7210e-01 -2.8232e+00 +3.2639e+00 -2.2886e+00 -3.9223e+00
586 0 +1.923380748e+00 -2.108661925e+01 -2.108661925e+01 -3.3382e-01 -2.8212e+00 +3.2653e+00 -2.4470e+00 -4.1382e+00
651 0 +1.437265500e+00 -2.157273450e+01 -2.157273450e+01 -1.6309e-01 -2.2311e+00 +2.6194e+00 -1.9096e+00 -4.3752e+00
736 0 +1.354337019e+00 -2.165566298e+01 -2.165566298e+01 -3.0070e-01 -2.5454e+00 +2.7394e+00 -1.9922e+00 -4.0589e+00
774 0 +1.309437151e+00 -2.170056285e+01 -2.170056285e+01 -8.2140e-02 -2.5524e+00 +3.0641e+00 -2.2288e+00 -4.3092e+00
776 0 +1.238183269e+00 -2.177181673e+01 -2.177181673e+01 -4.3286e-01 -2.5418e+00 +2.6371e+00 -2.1624e+00 -4.1835e+00
793 0 +1.216089800e+00 -2.179391020e+01 -2.179391020e+01 -5.6776e-01 -2.5272e+00 +2.8626e+00 -1.9239e+00 -4.2001e+00
814 0 +1.186495451e+00 -2.182350455e+01 -2.182350455e+01 -4.1857e-01 -2.5278e+00 +3.0737e+00 -2.3316e+00 -4.2011e+00
817 0 +1.053093138e+00 -2.195690686e+01 -2.195690686e+01 -2.0992e-01 -2.5284e+00 +2.7244e+00 -2.0419e+00 -4.3464e+00
887 0 +1.013465844e+00 -2.199653416e+01 -2.199653416e+01 -4.7328e-01 -2.3900e+00 +2.8693e+00 -2.0864e+00 -4.3320e+00
945 0 +9.787489039e-01 -2.203125110e+01 -2.203125110e+01 -2.2810e-01 -2.4246e+00 +2.8637e+00 -2.1757e+00 -4.2947e+00
998 0 +9.541722680e-01 -2.205582773e+01 -2.205582773e+01 -2.9072e-01 -2.5346e+00 +2.8749e+00 -2.1385e+00 -4.2529e+00
1334 0 +9.318784243e-01 -2.207812158e+01 -2.207812158e+01 -3.4505e-01 -2.4713e+00 +2.8637e+00 -2.1255e+00 -4.2870e+00
4017 0 +9.299973893e-01 -2.208000261e+01 -2.208000261e+01 -3.2307e-01 -2.4711e+00 +2.8559e+00 -2.1089e+00 -4.2801e+00
% f evaluations | g evaluations | best noise-free fitness - Fopt (-3.323700000000e+02) + sum g_i+ | measured fitness | best measured fitness or single-digit g-values | x1 | x2...
1 0 +3.411457941e+01 -2.982554206e+02 -2.982554206e+02 +0.0000e+00 +0.0000e+00 +0.0000e+00 +0.0000e+00 +0.0000e+00
16 0 +1.528641263e+01 -3.170835874e+02 -3.170835874e+02 -4.4129e+00 +1.4700e+00 -3.5416e+00 +4.0239e+00 -2.1729e+00
175 0 +1.007546654e+01 -3.222945335e+02 -3.222945335e+02 -7.0356e-01 -4.3343e+00 +1.1993e+00 +3.0080e+00 -1.2667e-01
286 0 +8.992445310e+00 -3.233775547e+02 -3.233775547e+02 -1.3189e+00 -7.2584e-01 -9.8983e-01 +2.2698e+00 +2.2709e-01
449 0 +8.016643827e+00 -3.243533562e+02 -3.243533562e+02 +1.0356e+00 -2.5443e+00 -2.7761e+00 +1.7060e+00 -3.3055e+00
686 0 +6.744224948e+00 -3.256257751e+02 -3.256257751e+02 +1.7616e-01 -5.0785e+00 +1.2539e+00 +1.9086e+00 +6.4947e-01
922 0 +5.947363785e+00 -3.264226362e+02 -3.264226362e+02 +5.6930e-01 -4.8853e+00 +1.0971e+00 +5.7862e-01 +1.7481e+00
1115 0 +5.691009692e+00 -3.266789903e+02 -3.266789903e+02 +6.3095e-01 +4.4719e+00 +3.5741e-01 +5.0794e-01 +4.3099e-01
1213 0 +5.261307649e+00 -3.271086924e+02 -3.271086924e+02 +6.3255e-01 +3.4645e+00 +1.5221e+00 +1.8328e+00 -1.3192e-01
1313 0 +4.902249028e+00 -3.274677510e+02 -3.274677510e+02 -2.5062e-01 +3.8838e+00 +2.0301e+00 +1.6715e+00 +4.0088e-01
1315 0 +4.354020092e+00 -3.280159799e+02 -3.280159799e+02 +5.1800e-02 +3.3699e+00 +2.3045e+00 +1.6623e+00 +1.0014e-03
1369 0 +3.433192257e+00 -3.289368077e+02 -3.289368077e+02 +2.4679e-01 +3.7058e+00 +1.9346e+00 +1.6973e+00 -1.1329e-01
1480 0 +3.264400607e+00 -3.291055994e+02 -3.291055994e+02 +2.8156e-01 +3.5520e+00 +1.9766e+00 +1.7392e+00 +5.5825e-02
1730 0 +3.208628221e+00 -3.291613718e+02 -3.291613718e+02 +2.4638e-01 +3.7071e+00 +2.0598e+00 +1.7838e+00 +9.2427e-02
4837 0 +3.169805587e+00 -3.292001944e+02 -3.292001944e+02 +1.9339e-01 +3.6558e+00 +2.0444e+00 +1.7368e+00 +7.1922e-02
% f evaluations | g evaluations | best noise-free fitness - Fopt (-1.231300000000e+02) + sum g_i+ | measured fitness | best measured fitness or single-digit g-values | x1 | x2...
1 0 +4.870488075e+01 -7.442511925e+01 -7.442511925e+01 +0.0000e+00 +0.0000e+00 +0.0000e+00 +0.0000e+00 +0.0000e+00
25 0 +2.581562812e+01 -9.731437188e+01 -9.731437188e+01 +4.9250e-01 -1.9936e+00 +1.6670e+00 -6.0733e-01 +1.8002e+00
41 0 +2.167174108e+01 -1.014582589e+02 -1.014582589e+02 -1.9752e+00 +9.3590e-01 -1.9730e+00 +2.1195e+00 -1.9694e+00
49 0 +1.496534844e+01 -1.081646516e+02 -1.081646516e+02 -2.5873e+00 +1.1454e+00 -4.1257e-01 +9.8023e-01 -8.7889e-02
213 0 +1.050674987e+01 -1.126232501e+02 -1.126232501e+02 -1.9273e+00 -1.2539e+00 +5.7394e-01 -3.7848e+00 -5.8825e-01
340 0 +9.624341065e+00 -1.135056589e+02 -1.135056589e+02 -2.1196e+00 -1.2719e+00 +1.6622e+00 -3.2626e+00 +9.3818e-01
494 0 +9.453654495e+00 -1.136763455e+02 -1.136763455e+02 -1.5999e+00 -2.0217e-02 +7.9498e-01 -3.7990e+00 +6.4942e-01
510 0 +8.507170701e+00 -1.146228293e+02 -1.146228293e+02 -2.1066e+00 -1.4529e+00 +3.8179e-01 -3.1366e+00 +2.0833e-01
606 0 +8.226953115e+00 -1.149030469e+02 -1.149030469e+02 -2.5028e+00 -1.1035e+00 +6.5394e-01 -3.4549e+00 +1.5721e-01
618 0 +6.969951297e+00 -1.161600487e+02 -1.161600487e+02 -2.0896e+00 -9.0365e-01 +4.5412e-01 -3.4735e+00 +6.2923e-01
774 0 +6.690794412e+00 -1.164392056e+02 -1.164392056e+02 -2.2869e+00 -8.2958e-01 +5.4668e-01 -3.5518e+00 +7.3914e-01
5099 0 +6.658550568e+00 -1.164714494e+02 -1.164714494e+02 -2.2115e+00 -8.4855e-01 +5.8625e-01 -3.5691e+00 +7.0054e-01
% f evaluations | g evaluations | best noise-free fitness - Fopt (-1.537900000000e+02) + sum g_i+ | measured fitness | best measured fitness or single-digit g-values | x1 | x2...
1 0 +2.690004999e+01 -1.268899500e+02 -1.268899500e+02 +0.0000e+00 +0.0000e+00 +0.0000e+00 +0.0000e+00 +0.0000e+00
7 0 +1.054484205e+01 -1.432451580e+02 -1.432451580e+02 +2.3796e+00 +4.5130e+00 -3.8103e+00 +3.2846e+00 +1.3788e+00
13 0 +8.207329949e+00 -1.455826701e+02 -1.455826701e+02 +2.1460e+00 +3.2393e+00 -2.5806e+00 +2.3823e+00 +6.1078e-01
58 0 +4.821147238e+00 -1.489688528e+02 -1.489688528e+02 +1.5703e+00 +3.7583e+00 -3.5202e+00 +2.3518e+00 +4.5648e-01
951 0 +3.620179075e+00 -1.501698209e+02 -1.501698209e+02 +1.1022e+00 -2.3459e-01 +1.7098e+00 +3.2608e+00 +4.1350e-01
1152 0 +3.265551805e+00 -1.505244482e+02 -1.505244482e+02 +6.9991e-01 -2.8125e-01 +2.0894e+00 +3.6943e+00 +3.6057e-01
1209 0 +2.880514801e+00 -1.509094852e+02 -1.509094852e+02 +4.9377e-01 -2.4221e-01 +1.3544e+00 +3.4272e+00 +4.4986e-01
1566 0 +2.447079437e+00 -1.513429206e+02 -1.513429206e+02 +6.0507e-01 -3.2847e-01 +1.3149e+00 +3.6499e+00 +1.9564e-01
1733 0 +2.347720448e+00 -1.514422796e+02 -1.514422796e+02 +6.3034e-01 -2.5966e-01 +1.2652e+00 +3.5943e+00 +7.3750e-02
1751 0 +2.309477290e+00 -1.514805227e+02 -1.514805227e+02 +8.7092e-01 -5.0160e-01 +1.7981e+00 +3.4681e+00 +5.1379e-01
2146 0 +2.290575736e+00 -1.514994243e+02 -1.514994243e+02 +7.5623e-01 -6.0737e-01 +1.8516e+00 +3.4045e+00 +6.8446e-01
9202 0 +2.255804624e+00 -1.515341954e+02 -1.515341954e+02 +7.6995e-01 -5.1013e-01 +1.6147e+00 +3.4603e+00 +4.5190e-01
% f evaluations | g evaluations | best noise-free fitness - Fopt (-4.860000000000e+01) + sum g_i+ | measured fitness | best measured fitness or single-digit g-values | x1 | x2...
1 0 +6.245396759e+01 +1.385396759e+01 +1.385396759e+01 +0.0000e+00 +0.0000e+00 +0.0000e+00 +0.0000e+00 +0.0000e+00
5 0 +5.976494996e+01 +1.116494996e+01 +1.116494996e+01 -3.4306e+00 -1.6141e+00 -3.1515e+00 -4.7173e+00 +1.3944e+00
7 0 +3.350151952e+01 -1.509848048e+01 -1.509848048e+01 +1.5511e-01 +2.4918e+00 +2.9006e-01 -2.1001e+00 +2.2226e+00
9 0 +1.344223540e+01 -3.515776460e+01 -3.515776460e+01 -4.0128e-01 +3.4912e+00 -1.2860e+00 -1.6281e+00 +9.1384e-01
37 0 +7.491693670e+00 -4.110830633e+01 -4.110830633e+01 -3.6939e+00 -3.2293e+00 +2.8927e-01 -3.1451e+00 +1.3123e+00
54 0 +6.222031718e+00 -4.237796828e+01 -4.237796828e+01 -1.5166e+00 -2.7932e-01 +5.8940e-01 -2.3484e+00 +4.7150e-01
61 0 +2.558320664e+00 -4.604167934e+01 -4.604167934e+01 -2.3447e+00 -1.1189e+00 -9.1259e-01 -1.4156e+00 +5.8207e-01
249 0 +8.544890009e-01 -4.774551100e+01 -4.774551100e+01 -1.7805e+00 -1.7496e+00 +6.1642e-01 -2.2579e+00 -2.4504e-01
729 0 +8.498951994e-01 -4.775010480e+01 -4.775010480e+01 -1.5796e+00 -1.8572e+00 -6.4541e-01 -1.2975e+00 +1.1492e-01
745 0 +5.722593912e-01 -4.802774061e+01 -4.802774061e+01 -1.3643e+00 -2.3334e+00 -1.4833e+00 -2.3029e+00 -5.6820e-01
798 0 +4.909287098e-01 -4.810907129e+01 -4.810907129e+01 -1.6145e+00 -2.0953e+00 -1.2794e-01 -2.3303e+00 -4.6637e-01
839 0 +4.826222638e-01 -4.811737774e+01 -4.811737774e+01 -1.8650e+00 -2.4171e+00 -3.6368e-01 -2.3309e+00 -4.4745e-01
931 0 +3.853040192e-01 -4.821469598e+01 -4.821469598e+01 -1.5630e+00 -1.3999e+00 -4.1798e-01 -2.2953e+00 -1.2881e-01
963 0 +2.563684052e-01 -4.834363159e+01 -4.834363159e+01 -1.2373e+00 -1.8964e+00 -3.2458e-01 -2.3850e+00 -2.1453e-03
978 0 +1.386176798e-01 -4.846138232e+01 -4.846138232e+01 -1.7197e+00 -2.0014e+00 -2.2918e-01 -2.2512e+00 +3.9376e-03
1020 0 +9.283255125e-02 -4.850716745e+01 -4.850716745e+01 -2.2525e+00 -1.5904e+00 -1.7014e-01 -1.9273e+00 -3.6220e-01
1032 0 +3.798596961e-02 -4.856201403e+01 -4.856201403e+01 -2.3885e+00 -1.2294e+00 -4.0897e-01 -1.6742e+00 -5.0442e-02
1039 0 +4.243781393e-03 -4.859575622e+01 -4.859575622e+01 -2.3332e+00 -1.3745e+00 -3.7832e-01 -1.6465e+00 -5.5664e-02
1347 0 +2.913372072e-03 -4.859708663e+01 -4.859708663e+01 -2.0901e+00 -1.4893e+00 -4.1509e-01 -1.7358e+00 +2.9209e-02
1355 0 +1.292187108e-03 -4.859870781e+01 -4.859870781e+01 -1.9743e+00 -1.6253e+00 -1.7322e-01 -2.0040e+00 -3.3358e-02
1370 0 +9.390762869e-04 -4.859906092e+01 -4.859906092e+01 -2.1536e+00 -1.4379e+00 -3.2575e-02 -1.8105e+00 +8.0365e-02
1378 0 +6.681342694e-04 -4.859933187e+01 -4.859933187e+01 -2.1028e+00 -1.6289e+00 -2.4741e-01 -1.7785e+00 -6.8956e-02
1395 0 +3.361884104e-04 -4.859966381e+01 -4.859966381e+01 -2.3353e+00 -1.4547e+00 -3.3133e-02 -1.7275e+00 +5.4222e-03
1438 0 +5.585261159e-05 -4.859994415e+01 -4.859994415e+01 -2.2870e+00 -1.3996e+00 -9.6081e-02 -1.8025e+00 -1.4120e-02
1527 0 +7.981311470e-06 -4.859999202e+01 -4.859999202e+01 -2.2852e+00 -1.4266e+00 -1.1141e-01 -1.7498e+00 -1.8859e-02
1551 0 +9.529782616e-07 -4.859999905e+01 -4.859999905e+01 -2.1915e+00 -1.4650e+00 -1.4970e-01 -1.7768e+00 -2.0422e-02
1941 0 +2.824354439e-07 -4.859999972e+01 -4.859999972e+01 -2.2015e+00 -1.4822e+00 -1.4586e-01 -1.8019e+00 -4.2608e-02
2009 0 +1.664504907e-07 -4.859999983e+01 -4.859999983e+01 -2.1921e+00 -1.4661e+00 -1.2848e-01 -1.8043e+00 -2.6127e-02
2202 0 +6.481048587e-08 -4.859999994e+01 -4.859999994e+01 -2.2064e+00 -1.4622e+00 -1.4583e-01 -1.8038e+00 -2.9980e-02
2328 0 +4.403099041e-08 -4.859999996e+01 -4.859999996e+01 -2.2069e+00 -1.4556e+00 -1.3013e-01 -1.8042e+00 -2.4398e-02
2451 0 +1.188099219e-08 -4.859999999e+01 -4.859999999e+01 -2.1984e+00 -1.4804e+00 -1.4712e-01 -1.8034e+00 -3.0676e-02
2546 0 +3.668461090e-09 -4.860000000e+01 -4.860000000e+01 -2.2059e+00 -1.4723e+00 -1.3982e-01 -1.7942e+00 -2.9470e-02
3408 0 +1.847411113e-13 -4.860000000e+01 -4.860000000e+01 -2.2057e+00 -1.4673e+00 -1.3879e-01 -1.7984e+00 -2.6713e-02
3718 0 +0.000000000e+00 -4.860000000e+01 -4.860000000e+01 -2.2059e+00 -1.4668e+00 -1.3834e-01 -1.7985e+00 -2.6250e-02
50001 0 +0.000000000e+00 -4.860000000e+01 -4.860000000e+01 -2.2059e+00 -1.4668e+00 -1.3834e-01 -1.7985e+00 -2.6250e-02
% f evaluations | g evaluations | best noise-free fitness - Fopt (2.770000000000e+01) + sum g_i+ | measured fitness | best measured fitness or single-digit g-values | x1 | x2...
1 0 +6.975185162e+01 +9.745185162e+01 +9.745185162e+01 +0.0000e+00 +0.0000e+00 +0.0000e+00 +0.0000e+00 +0.0000e+00
2 0 +6.388474106e+01 +9.158474106e+01 +9.158474106e+01 +4.9537e+00 +1.4230e+00 +3.3358e+00 +1.7846e+00 -2.2816e+00
5 0 +3.572401730e+01 +6.342401730e+01 +6.342401730e+01 +4.3159e+00 +6.1633e-01 -6.5256e-01 +6.7988e-01 -3.1254e+00
15 0 +3.268497689e+01 +6.038497689e+01 +6.038497689e+01 +1.3067e+00 -1.5143e+00 -4.0582e+00 +1.6825e+00 -1.7607e+00
28 0 +3.058186039e+01 +5.828186039e+01 +5.828186039e+01 -5.2398e-01 -8.2031e-02 -2.5661e+00 +4.1261e+00 +2.8485e+00
52 0 +2.988732580e+01 +5.758732580e+01 +5.758732580e+01 +2.3867e+00 -1.1856e+00 -3.6504e+00 +1.1914e+00 +1.1051e-01
71 0 +2.276226367e+01 +5.046226367e+01 +5.046226367e+01 -1.8582e+00 +3.0165e+00 -2.0594e+00 +2.5215e+00 -1.1673e+00
81 0 +1.402066456e+01 +4.172066456e+01 +4.172066456e+01 -9.0119e-01 +1.4749e+00 -7.1084e-01 +2.7721e-01 +2.6766e+00
117 0 +1.349934106e+01 +4.119934106e+01 +4.119934106e+01 -2.5682e+00 +3.5021e+00 -2.1307e+00 +3.6863e+00 -1.6065e+00
169 0 +8.271936318e+00 +3.597193632e+01 +3.597193632e+01 +2.2550e+00 +9.6586e-01 -4.4192e+00 +1.1207e+00 +2.2565e+00
484 0 +6.935818635e+00 +3.463581864e+01 +3.463581864e+01 -2.1148e+00 +1.0534e+00 -2.0447e+00 -8.5313e-03 +3.1526e+00
541 0 +5.478910822e+00 +3.317891082e+01 +3.317891082e+01 -1.9326e+00 +1.7316e+00 -2.2805e+00 -4.7636e-01 +3.2019e+00
653 0 +4.417241766e+00 +3.211724177e+01 +3.211724177e+01 -1.7668e+00 +1.9803e+00 -1.9768e+00 -4.1228e-01 +3.1194e+00
678 0 +4.074219171e+00 +3.177421917e+01 +3.177421917e+01 -1.5824e+00 +1.6150e+00 -1.9970e+00 -3.6043e-01 +3.6665e+00
682 0 +3.523582337e+00 +3.122358234e+01 +3.122358234e+01 -1.7979e+00 +1.7971e+00 -1.6689e+00 -1.6839e-01 +3.1954e+00
819 0 +3.437165535e+00 +3.113716553e+01 +3.113716553e+01 -1.8513e+00 +1.7037e+00 -1.5701e+00 -1.3144e-01 +3.4268e+00
849 0 +3.354361565e+00 +3.105436157e+01 +3.105436157e+01 -1.7851e+00 +1.8123e+00 -1.7411e+00 -2.2004e-01 +3.2661e+00
859 0 +3.200742675e+00 +3.090074268e+01 +3.090074268e+01 -1.6761e+00 +1.7426e+00 -1.7429e+00 -1.7413e-01 +3.4712e+00
4268 0 +3.169805587e+00 +3.086980559e+01 +3.086980559e+01 -1.7075e+00 +1.7061e+00 -1.7446e+00 -2.1322e-01 +3.4126e+00
% f evaluations | g evaluations | best noise-free fitness - Fopt (2.993000000000e+01) + sum g_i+ | measured fitness | best measured fitness or single-digit g-values | x1 | x2...
1 0 +6.962862681e+01 +9.955862681e+01 +9.955862681e+01 +0.0000e+00 +0.0000e+00 +0.0000e+00 +0.0000e+00 +0.0000e+00
2 0 +6.447317380e+01 +9.440317380e+01 +9.440317380e+01 -1.4014e+00 +4.4657e+00 -7.4935e-01 +2.7121e+00 +2.0755e+00
7 0 +3.412603279e+01 +6.405603279e+01 +6.405603279e+01 +1.5540e+00 +3.2473e+00 -1.6397e+00 -2.8627e+00 +3.5531e+00
44 0 +3.293046371e+01 +6.286046371e+01 +6.286046371e+01 -3.1211e+00 +1.2601e+00 +2.4109e+00 +4.3766e+00 -1.2796e+00
85 0 +2.426174123e+01 +5.419174123e+01 +5.419174123e+01 -3.7684e+00 -3.9360e-01 +3.2511e+00 +4.2586e-01 +5.3121e+00
109 0 +1.689273374e+01 +4.682273374e+01 +4.682273374e+01 -2.2764e+00 +1.3991e+00 +2.5992e+00 -4.8825e+00 +4.2676e+00
120 0 +8.512912787e+00 +3.844291279e+01 +3.844291279e+01 -3.6729e+00 +3.4334e-01 +1.2834e+00 -9.4622e-01 +5.7242e+00
159 0 +5.196578928e+00 +3.512657893e+01 +3.512657893e+01 -3.5133e+00 +1.5454e+00 +1.2947e+00 -3.0721e-01 +4.4833e+00
4321 0 +5.196578928e+00 +3.512657893e+01 +3.512657893e+01 -3.5133e+00 +1.5454e+00 +1.2947e+00 -3.0721e-01 +4.4833e+00
% f evaluations | g evaluations | best noise-free fitness - Fopt (-1.983000000000e+01) + sum g_i+ | measured fitness | best measured fitness or single-digit g-values | x1 | x2...
1 0 +1.500691314e+01 -4.823086858e+00 -4.823086858e+00 +0.0000e+00 +0.0000e+00 +0.0000e+00 +0.0000e+00 +0.0000e+00
22 0 +6.916516232e+00 -1.291348377e+01 -1.291348377e+01 +1.1694e+00 +1.8881e+00 +4.6230e-01 -8.8664e-01 -1.5151e+00
33 0 +4.997769481e+00 -1.483223052e+01 -1.483223052e+01 +3.6908e-01 -3.0320e-01 +8.2085e-01 +1.1360e+00 +2.0413e-01
45 0 +4.841460996e-01 -1.934585390e+01 -1.934585390e+01 +1.1034e+00 +7.7939e-01 +4.3080e-01 +1.5357e+00 +9.7556e-02
352 0 +2.099725861e-01 -1.962002741e+01 -1.962002741e+01 +7.1728e-01 +1.6799e+00 +8.2680e-01 +1.9408e-01 -4.4501e-01
5316 0 +2.099725861e-01 -1.962002741e+01 -1.962002741e+01 +7.1728e-01 +1.6799e+00 +8.2680e-01 +1.9408e-01 -4.4501e-01
