% f evaluations | g evaluations | best noise-free fitness - Fopt (4.078000000000e+01) + sum g_i+ | measured fitness | best measured fitness or single-digit g-values | x1 | x2...
1 0 +7.944186909e+01 +1.202218691e+02 +1.202218691e+02
47 0 +7.932055197e+01 +1.201005520e+02 +1.201005520e+02
1701 0 +7.402894082e+01 +1.148089408e+02 +1.148089408e+02
2853 0 +7.224754209e+01 +1.130275421e+02 +1.130275421e+02
2866 0 +7.018100856e+01 +1.109610086e+02 +1.109610086e+02
4478 0 +6.835601150e+01 +1.091360115e+02 +1.091360115e+02
4518 0 +6.733776666e+01 +1.081177667e+02 +1.081177667e+02
4804 0 +6.584375343e+01 +1.066237534e+02 +1.066237534e+02
4815 0 +6.374049690e+01 +1.045204969e+02 +1.045204969e+02
4832 0 +6.281650972e+01 +1.035965097e+02 +1.035965097e+02
4873 0 +6.014238563e+01 +1.009223856e+02 +1.009223856e+02
4888 0 +5.637825829e+01 +9.715825829e+01 +9.715825829e+01
4908 0 +5.270505667e+01 +9.348505667e+01 +9.348505667e+01
4938 0 +5.188693922e+01 +9.266693922e+01 +9.266693922e+01
4960 0 +4.715103171e+01 +8.793103171e+01 +8.793103171e+01
5408 0 +4.399852779e+01 +8.477852779e+01 +8.477852779e+01
5739 0 +4.145575966e+01 +8.223575966e+01 +8.223575966e+01
5746 0 +3.961542864e+01 +8.039542864e+01 +8.039542864e+01
5762 0 +3.478588572e+01 +7.556588572e+01 +7.556588572e+01
5774 0 +3.367026999e+01 +7.445026999e+01 +7.445026999e+01
5876 0 +3.305042314e+01 +7.383042314e+01 +7.383042314e+01
6048 0 +2.964183477e+01 +7.042183477e+01 +7.042183477e+01
6093 0 +2.837039750e+01 +6.915039750e+01 +6.915039750e+01
6152 0 +2.551715484e+01 +6.629715484e+01 +6.629715484e+01
6174 0 +2.309318529e+01 +6.387318529e+01 +6.387318529e+01
6219 0 +2.177447502e+01 +6.255447502e+01 +6.255447502e+01
6251 0 +2.122355459e+01 +6.200355459e+01 +6.200355459e+01
6757 0 +1.969606620e+01 +6.047606620e+01 +6.047606620e+01
6772 0 +1.526211210e+01 +5.604211210e+01 +5.604211210e+01
7071 0 +1.467133389e+01 +5.545133389e+01 +5.545133389e+01
7168 0 +1.349796787e+01 +5.427796787e+01 +5.427796787e+01
7198 0 +1.302188900e+01 +5.380188900e+01 +5.380188900e+01
7608 0 +1.234669539e+01 +5.312669539e+01 +5.312669539e+01
7657 0 +1.219955950e+01 +5.297955950e+01 +5.297955950e+01
7744 0 +1.141876093e+01 +5.219876093e+01 +5.219876093e+01
7811 0 +1.062527667e+01 +5.140527667e+01 +5.140527667e+01
7853 0 +1.030879246e+01 +5.108879246e+01 +5.108879246e+01
8464 0 +1.009258472e+01 +5.087258472e+01 +5.087258472e+01
8600 0 +9.631989817e+00 +5.041198982e+01 +5.041198982e+01
8921 0 +9.085923444e+00 +4.986592344e+01 +4.986592344e+01
8943 0 +8.795250556e+00 +4.957525056e+01 +4.957525056e+01
8966 0 +8.353250117e+00 +4.913325012e+01 +4.913325012e+01
9041 0 +8.115994457e+00 +4.889599446e+01 +4.889599446e+01
9156 0 +7.884757627e+00 +4.866475763e+01 +4.866475763e+01
10127 0 +7.591843273e+00 +4.837184327e+01 +4.837184327e+01
10253 0 +7.504785617e+00 +4.828478562e+01 +4.828478562e+01
10629 0 +7.332266280e+00 +4.811226628e+01 +4.811226628e+01
10864 0 +7.219448834e+00 +4.799944883e+01 +4.799944883e+01
10981 0 +6.959835486e+00 +4.773983549e+01 +4.773983549e+01
11335 0 +6.830136375e+00 +4.761013637e+01 +4.761013637e+01
12098 0 +6.677450162e+00 +4.745745016e+01 +4.745745016e+01
12227 0 +6.488508319e+00 +4.726850832e+01 +4.726850832e+01
12316 0 +6.417441351e+00 +4.719744135e+01 +4.719744135e+01
12666 0 +6.297748048e+00 +4.707774805e+01 +4.707774805e+01
13230 0 +6.143118125e+00 +4.692311813e+01 +4.692311813e+01
14269 0 +6.020105897e+00 +4.680010590e+01 +4.680010590e+01
15560 0 +5.886585988e+00 +4.666658599e+01 +4.666658599e+01
53236 0 +5.781197372e+00 +4.656119737e+01 +4.656119737e+01
% f evaluations | g evaluations | best noise-free fitness - Fopt (-1.600000000000e+00) + sum g_i+ | measured fitness | best measured fitness or single-digit g-values | x1 | x2...
1 0 +8.349974860e+01 +8.189974860e+01 +8.189974860e+01
39 0 +8.335514068e+01 +8.175514068e+01 +8.175514068e+01
60 0 +8.306983810e+01 +8.146983810e+01 +8.146983810e+01
1342 0 +8.122012080e+01 +7.962012080e+01 +7.962012080e+01
2702 0 +7.761401148e+01 +7.601401148e+01 +7.601401148e+01
2962 0 +7.521994800e+01 +7.361994800e+01 +7.361994800e+01
3289 0 +7.305535419e+01 +7.145535419e+01 +7.145535419e+01
3423 0 +7.170022898e+01 +7.010022898e+01 +7.010022898e+01
3518 0 +6.952462741e+01 +6.792462741e+01 +6.792462741e+01
3603 0 +6.745228823e+01 +6.585228823e+01 +6.585228823e+01
3736 0 +6.580522776e+01 +6.420522776e+01 +6.420522776e+01
3737 0 +6.307485068e+01 +6.147485068e+01 +6.147485068e+01
4428 0 +6.066575987e+01 +5.906575987e+01 +5.906575987e+01
4430 0 +5.908487968e+01 +5.748487968e+01 +5.748487968e+01
4692 0 +5.069264071e+01 +4.909264071e+01 +4.909264071e+01
5174 0 +4.761139220e+01 +4.601139220e+01 +4.601139220e+01
5254 0 +4.225594863e+01 +4.065594863e+01 +4.065594863e+01
5270 0 +3.677111244e+01 +3.517111244e+01 +3.517111244e+01
5311 0 +3.374871374e+01 +3.214871374e+01 +3.214871374e+01
5659 0 +3.114942473e+01 +2.954942473e+01 +2.954942473e+01
6460 0 +3.078200721e+01 +2.918200721e+01 +2.918200721e+01
6765 0 +3.017792230e+01 +2.857792230e+01 +2.857792230e+01
6943 0 +2.938491359e+01 +2.778491359e+01 +2.778491359e+01
6999 0 +2.820648516e+01 +2.660648516e+01 +2.660648516e+01
7119 0 +2.624857166e+01 +2.464857166e+01 +2.464857166e+01
7372 0 +2.488441080e+01 +2.328441080e+01 +2.328441080e+01
7388 0 +2.449609346e+01 +2.289609346e+01 +2.289609346e+01
7406 0 +2.327064147e+01 +2.167064147e+01 +2.167064147e+01
7719 0 +2.258162501e+01 +2.098162501e+01 +2.098162501e+01
7762 0 +1.956999781e+01 +1.796999781e+01 +1.796999781e+01
7791 0 +1.889502291e+01 +1.729502291e+01 +1.729502291e+01
7840 0 +1.781526750e+01 +1.621526750e+01 +1.621526750e+01
8025 0 +1.748050482e+01 +1.588050482e+01 +1.588050482e+01
8028 0 +1.727701910e+01 +1.567701910e+01 +1.567701910e+01
8226 0 +1.691339183e+01 +1.531339183e+01 +1.531339183e+01
8416 0 +1.569192900e+01 +1.409192900e+01 +1.409192900e+01
8554 0 +1.534561088e+01 +1.374561088e+01 +1.374561088e+01
8616 0 +1.435755488e+01 +1.275755488e+01 +1.275755488e+01
8739 0 +1.359649883e+01 +1.199649883e+01 +1.199649883e+01
9239 0 +1.311117560e+01 +1.151117560e+01 +1.151117560e+01
9403 0 +1.271316151e+01 +1.111316151e+01 +1.111316151e+01
9541 0 +1.252713830e+01 +1.092713830e+01 +1.092713830e+01
9983 0 +1.229089704e+01 +1.069089704e+01 +1.069089704e+01
10868 0 +1.187114764e+01 +1.027114764e+01 +1.027114764e+01
11093 0 +1.171561617e+01 +1.011561617e+01 +1.011561617e+01
11317 0 +1.136468152e+01 +9.764681523e+00 +9.764681523e+00
11556 0 +1.117700508e+01 +9.577005084e+00 +9.577005084e+00
12434 0 +1.091974502e+01 +9.319745016e+00 +9.319745016e+00
13649 0 +1.071500895e+01 +9.115008946e+00 +9.115008946e+00
16651 0 +1.046961379e+01 +8.869613789e+00 +8.869613789e+00
51196 0 +1.042870149e+01 +8.828701491e+00 +8.828701491e+00
% f evaluations | g evaluations | best noise-free fitness - Fopt (-3.708400000000e+02) + sum g_i+ | measured fitness | best measured fitness or single-digit g-values | x1 | x2...
1 0 +8.299573837e+01 -2.878442616e+02 -2.878442616e+02
32 0 +8.275437787e+01 -2.880856221e+02 -2.880856221e+02
247 0 +8.090481307e+01 -2.899351869e+02 -2.899351869e+02
663 0 +7.664447480e+01 -2.941955252e+02 -2.941955252e+02
2965 0 +7.566836983e+01 -2.951716302e+02 -2.951716302e+02
3049 0 +7.193724620e+01 -2.989027538e+02 -2.989027538e+02
3474 0 +7.000797609e+01 -3.008320239e+02 -3.008320239e+02
3702 0 +6.555093170e+01 -3.052890683e+02 -3.052890683e+02
5091 0 +6.054329895e+01 -3.102967010e+02 -3.102967010e+02
5212 0 +5.941526337e+01 -3.114247366e+02 -3.114247366e+02
5223 0 +5.853272479e+01 -3.123072752e+02 -3.123072752e+02
5461 0 +5.680027949e+01 -3.140397205e+02 -3.140397205e+02
5750 0 +5.437333234e+01 -3.164666677e+02 -3.164666677e+02
5766 0 +5.269396121e+01 -3.181460388e+02 -3.181460388e+02
5858 0 +4.785814841e+01 -3.229818516e+02 -3.229818516e+02
5874 0 +4.369044037e+01 -3.271495596e+02 -3.271495596e+02
6165 0 +3.730897516e+01 -3.335310248e+02 -3.335310248e+02
6184 0 +3.360069324e+01 -3.372393068e+02 -3.372393068e+02
6325 0 +3.179396926e+01 -3.390460307e+02 -3.390460307e+02
6353 0 +2.331352254e+01 -3.475264775e+02 -3.475264775e+02
6494 0 +2.197405024e+01 -3.488659498e+02 -3.488659498e+02
6800 0 +1.993749525e+01 -3.509025048e+02 -3.509025048e+02
7046 0 +1.907277972e+01 -3.517672203e+02 -3.517672203e+02
7220 0 +1.872112250e+01 -3.521188775e+02 -3.521188775e+02
7375 0 +1.813683979e+01 -3.527031602e+02 -3.527031602e+02
7464 0 +1.547951378e+01 -3.553604862e+02 -3.553604862e+02
7543 0 +1.488572324e+01 -3.559542768e+02 -3.559542768e+02
7552 0 +1.251430767e+01 -3.583256923e+02 -3.583256923e+02
7624 0 +1.110608829e+01 -3.597339117e+02 -3.597339117e+02
7901 0 +1.052304918e+01 -3.603169508e+02 -3.603169508e+02
8193 0 +9.669218620e+00 -3.611707814e+02 -3.611707814e+02
8381 0 +9.428086466e+00 -3.614119135e+02 -3.614119135e+02
8405 0 +8.179966571e+00 -3.626600334e+02 -3.626600334e+02
8735 0 +7.848749716e+00 -3.629912503e+02 -3.629912503e+02
9203 0 +7.748447710e+00 -3.630915523e+02 -3.630915523e+02
9275 0 +7.416579283e+00 -3.634234207e+02 -3.634234207e+02
9937 0 +7.280331757e+00 -3.635596682e+02 -3.635596682e+02
9974 0 +6.991291950e+00 -3.638487081e+02 -3.638487081e+02
10180 0 +6.735900113e+00 -3.641040999e+02 -3.641040999e+02
10337 0 +6.541010393e+00 -3.642989896e+02 -3.642989896e+02
10395 0 +6.328273091e+00 -3.645117269e+02 -3.645117269e+02
10545 0 +6.233659513e+00 -3.646063405e+02 -3.646063405e+02
10633 0 +6.141082519e+00 -3.646989175e+02 -3.646989175e+02
10939 0 +5.920742925e+00 -3.649192571e+02 -3.649192571e+02
11207 0 +5.622000583e+00 -3.652179994e+02 -3.652179994e+02
11643 0 +5.486885803e+00 -3.653531142e+02 -3.653531142e+02
12180 0 +5.353624827e+00 -3.654863752e+02 -3.654863752e+02
12663 0 +5.124472515e+00 -3.657155275e+02 -3.657155275e+02
13317 0 +5.004202871e+00 -3.658357971e+02 -3.658357971e+02
14329 0 +4.860116138e+00 -3.659798839e+02 -3.659798839e+02
15331 0 +4.778112161e+00 -3.660618878e+02 -3.660618878e+02
50311 0 +4.713722127e+00 -3.661262779e+02 -3.661262779e+02
% f evaluations | g evaluations | best noise-free fitness - Fopt (-3.256000000000e+01) + sum g_i+ | measured fitness | best measured fitness or single-digit g-values | x1 | x2...
1 0 +8.127101306e+01 +4.871101306e+01 +4.871101306e+01
391 0 +8.095060509e+01 +4.839060509e+01 +4.839060509e+01
1687 0 +7.592115205e+01 +4.336115205e+01 +4.336115205e+01
3477 0 +7.562319094e+01 +4.306319094e+01 +4.306319094e+01
5027 0 +6.880993386e+01 +3.624993386e+01 +3.624993386e+01
5437 0 +6.578906510e+01 +3.322906510e+01 +3.322906510e+01
5557 0 +6.432316512e+01 +3.176316512e+01 +3.176316512e+01
5574 0 +6.068656103e+01 +2.812656103e+01 +2.812656103e+01
5651 0 +5.884987759e+01 +2.628987759e+01 +2.628987759e+01
5722 0 +5.668087742e+01 +2.412087742e+01 +2.412087742e+01
7144 0 +5.053405308e+01 +1.797405308e+01 +1.797405308e+01
7262 0 +4.718761458e+01 +1.462761458e+01 +1.462761458e+01
7264 0 +4.664504852e+01 +1.408504852e+01 +1.408504852e+01
7374 0 +4.245521629e+01 +9.895216289e+00 +9.895216289e+00
7387 0 +3.250095580e+01 -5.904419986e-02 -5.904419986e-02
8094 0 +3.033657829e+01 -2.223421709e+00 -2.223421709e+00
8236 0 +2.705398857e+01 -5.506011431e+00 -5.506011431e+00
8318 0 +2.280414235e+01 -9.755857647e+00 -9.755857647e+00
8732 0 +2.119678709e+01 -1.136321291e+01 -1.136321291e+01
8872 0 +1.946491717e+01 -1.309508283e+01 -1.309508283e+01
8906 0 +1.722643177e+01 -1.533356823e+01 -1.533356823e+01
8992 0 +1.585588339e+01 -1.670411661e+01 -1.670411661e+01
9278 0 +1.338492471e+01 -1.917507529e+01 -1.917507529e+01
9568 0 +1.274913146e+01 -1.981086854e+01 -1.981086854e+01
9573 0 +1.212232973e+01 -2.043767027e+01 -2.043767027e+01
9605 0 +1.155768833e+01 -2.100231167e+01 -2.100231167e+01
9772 0 +1.110864677e+01 -2.145135323e+01 -2.145135323e+01
9778 0 +1.076456422e+01 -2.179543578e+01 -2.179543578e+01
9849 0 +1.068598477e+01 -2.187401523e+01 -2.187401523e+01
9851 0 +1.021087949e+01 -2.234912051e+01 -2.234912051e+01
9864 0 +9.170737527e+00 -2.338926247e+01 -2.338926247e+01
10242 0 +8.764715058e+00 -2.379528494e+01 -2.379528494e+01
10276 0 +8.230006096e+00 -2.432999390e+01 -2.432999390e+01
10431 0 +7.927854022e+00 -2.463214598e+01 -2.463214598e+01
11241 0 +7.495741365e+00 -2.506425863e+01 -2.506425863e+01
11514 0 +7.279070730e+00 -2.528092927e+01 -2.528092927e+01
12135 0 +7.010480506e+00 -2.554951949e+01 -2.554951949e+01
12159 0 +6.891694668e+00 -2.566830533e+01 -2.566830533e+01
12228 0 +6.689648567e+00 -2.587035143e+01 -2.587035143e+01
12274 0 +6.416740242e+00 -2.614325976e+01 -2.614325976e+01
12417 0 +6.108328418e+00 -2.645167158e+01 -2.645167158e+01
12858 0 +5.900911285e+00 -2.665908871e+01 -2.665908871e+01
12867 0 +5.843551360e+00 -2.671644864e+01 -2.671644864e+01
13018 0 +5.457250658e+00 -2.710274934e+01 -2.710274934e+01
13042 0 +5.307052415e+00 -2.725294758e+01 -2.725294758e+01
13112 0 +5.120844771e+00 -2.743915523e+01 -2.743915523e+01
13188 0 +4.991568965e+00 -2.756843104e+01 -2.756843104e+01
13262 0 +4.786885970e+00 -2.777311403e+01 -2.777311403e+01
13750 0 +4.683255338e+00 -2.787674466e+01 -2.787674466e+01
13758 0 +4.603360234e+00 -2.795663977e+01 -2.795663977e+01
14037 0 +4.550968028e+00 -2.800903197e+01 -2.800903197e+01
14065 0 +4.372209839e+00 -2.818779016e+01 -2.818779016e+01
14085 0 +4.266928277e+00 -2.829307172e+01 -2.829307172e+01
14616 0 +4.265013191e+00 -2.829498681e+01 -2.829498681e+01
15282 0 +4.138636273e+00 -2.842136373e+01 -2.842136373e+01
15544 0 +4.050688421e+00 -2.850931158e+01 -2.850931158e+01
15912 0 +3.916113976e+00 -2.864388602e+01 -2.864388602e+01
16720 0 +3.889681362e+00 -2.867031864e+01 -2.867031864e+01
17691 0 +3.756581090e+00 -2.880341891e+01 -2.880341891e+01
18482 0 +3.704250015e+00 -2.885574999e+01 -2.885574999e+01
58719 0 +3.637835368e+00 -2.892216463e+01 -2.892216463e+01
% f evaluations | g evaluations | best noise-free fitness - Fopt (5.154000000000e+02) + sum g_i+ | measured fitness | best measured fitness or single-digit g-values | x1 | x2...
1 0 +8.183801339e+01 +5.972380134e+02 +5.972380134e+02
104 0 +7.857146478e+01 +5.939714648e+02 +5.939714648e+02
2133 0 +7.745420264e+01 +5.928542026e+02 +5.928542026e+02
3585 0 +7.522365491e+01 +5.906236549e+02 +5.906236549e+02
4628 0 +7.312297864e+01 +5.885229786e+02 +5.885229786e+02
4669 0 +7.223034821e+01 +5.876303482e+02 +5.876303482e+02
5070 0 +6.855441898e+01 +5.839544190e+02 +5.839544190e+02
5142 0 +6.717683835e+01 +5.825768384e+02 +5.825768384e+02
5178 0 +6.575574064e+01 +5.811557406e+02 +5.811557406e+02
5208 0 +5.519235939e+01 +5.705923594e+02 +5.705923594e+02
5496 0 +5.469450315e+01 +5.700945032e+02 +5.700945032e+02
5519 0 +5.312605662e+01 +5.685260566e+02 +5.685260566e+02
5524 0 +5.157429723e+01 +5.669742972e+02 +5.669742972e+02
5529 0 +3.974276938e+01 +5.551427694e+02 +5.551427694e+02
5923 0 +3.423963571e+01 +5.496396357e+02 +5.496396357e+02
5959 0 +3.185119322e+01 +5.472511932e+02 +5.472511932e+02
6047 0 +2.946809509e+01 +5.448680951e+02 +5.448680951e+02
6666 0 +2.701176295e+01 +5.424117629e+02 +5.424117629e+02
6848 0 +2.627877440e+01 +5.416787744e+02 +5.416787744e+02
6861 0 +2.444867468e+01 +5.398486747e+02 +5.398486747e+02
7009 0 +2.357570194e+01 +5.389757019e+02 +5.389757019e+02
7088 0 +2.327097677e+01 +5.386709768e+02 +5.386709768e+02
7096 0 +2.059340238e+01 +5.359934024e+02 +5.359934024e+02
7109 0 +1.959020366e+01 +5.349902037e+02 +5.349902037e+02
7144 0 +1.808036885e+01 +5.334803689e+02 +5.334803689e+02
7312 0 +1.736845578e+01 +5.327684558e+02 +5.327684558e+02
7351 0 +1.661569551e+01 +5.320156955e+02 +5.320156955e+02
7514 0 +1.549704162e+01 +5.308970416e+02 +5.308970416e+02
7558 0 +1.493288069e+01 +5.303328807e+02 +5.303328807e+02
7579 0 +1.097630772e+01 +5.263763077e+02 +5.263763077e+02
7684 0 +1.064228839e+01 +5.260422884e+02 +5.260422884e+02
7885 0 +9.468335618e+00 +5.248683356e+02 +5.248683356e+02
7910 0 +8.685366732e+00 +5.240853667e+02 +5.240853667e+02
8319 0 +7.532058353e+00 +5.229320584e+02 +5.229320584e+02
8965 0 +7.407608475e+00 +5.228076085e+02 +5.228076085e+02
8988 0 +7.235145455e+00 +5.226351455e+02 +5.226351455e+02
9221 0 +6.915547732e+00 +5.223155477e+02 +5.223155477e+02
9251 0 +6.340364524e+00 +5.217403645e+02 +5.217403645e+02
9348 0 +5.999574342e+00 +5.213995743e+02 +5.213995743e+02
9501 0 +5.076339242e+00 +5.204763392e+02 +5.204763392e+02
9896 0 +4.591790392e+00 +5.199917904e+02 +5.199917904e+02
10133 0 +4.496797697e+00 +5.198967977e+02 +5.198967977e+02
10521 0 +4.427082116e+00 +5.198270821e+02 +5.198270821e+02
10600 0 +4.301425183e+00 +5.197014252e+02 +5.197014252e+02
10912 0 +4.151725234e+00 +5.195517252e+02 +5.195517252e+02
11138 0 +3.821142348e+00 +5.192211423e+02 +5.192211423e+02
11212 0 +3.696555194e+00 +5.190965552e+02 +5.190965552e+02
11893 0 +3.568592540e+00 +5.189685925e+02 +5.189685925e+02
11933 0 +3.508198950e+00 +5.189081989e+02 +5.189081989e+02
11940 0 +3.459066902e+00 +5.188590669e+02 +5.188590669e+02
12021 0 +3.295812792e+00 +5.186958128e+02 +5.186958128e+02
12611 0 +3.189603681e+00 +5.185896037e+02 +5.185896037e+02
13087 0 +3.127899455e+00 +5.185278995e+02 +5.185278995e+02
13662 0 +3.084385435e+00 +5.184843854e+02 +5.184843854e+02
13950 0 +3.014171993e+00 +5.184141720e+02 +5.184141720e+02
14392 0 +2.921453950e+00 +5.183214540e+02 +5.183214540e+02
15202 0 +2.866485911e+00 +5.182664859e+02 +5.182664859e+02
16636 0 +2.816213012e+00 +5.182162130e+02 +5.182162130e+02
53892 0 +2.777988407e+00 +5.181779884e+02 +5.181779884e+02
% f evaluations | g evaluations | best noise-free fitness - Fopt (-8.628000000000e+01) + sum g_i+ | measured fitness | best measured fitness or single-digit g-values | x1 | x2...
1 0 +8.088668363e+01 -5.393316374e+00 -5.393316374e+00
1838 0 +7.947563338e+01 -6.804366617e+00 -6.804366617e+00
4461 0 +7.908304036e+01 -7.196959644e+00 -7.196959644e+00
5439 0 +7.714895394e+01 -9.131046057e+00 -9.131046057e+00
5858 0 +7.514581992e+01 -1.113418008e+01 -1.113418008e+01
5920 0 +7.355186166e+01 -1.272813834e+01 -1.272813834e+01
7099 0 +7.198173944e+01 -1.429826056e+01 -1.429826056e+01
7717 0 +6.912158335e+01 -1.715841665e+01 -1.715841665e+01
7789 0 +6.524242828e+01 -2.103757172e+01 -2.103757172e+01
7870 0 +6.367753618e+01 -2.260246382e+01 -2.260246382e+01
8045 0 +6.196069081e+01 -2.431930919e+01 -2.431930919e+01
8442 0 +6.046350092e+01 -2.581649908e+01 -2.581649908e+01
8454 0 +6.012019737e+01 -2.615980263e+01 -2.615980263e+01
8775 0 +5.869379007e+01 -2.758620993e+01 -2.758620993e+01
8804 0 +5.560519747e+01 -3.067480253e+01 -3.067480253e+01
9058 0 +5.386737839e+01 -3.241262161e+01 -3.241262161e+01
9242 0 +5.366007281e+01 -3.261992719e+01 -3.261992719e+01
9578 0 +5.237354044e+01 -3.390645956e+01 -3.390645956e+01
9628 0 +5.021774637e+01 -3.606225363e+01 -3.606225363e+01
10191 0 +4.979779325e+01 -3.648220675e+01 -3.648220675e+01
10416 0 +4.890955461e+01 -3.737044539e+01 -3.737044539e+01
10480 0 +4.746166642e+01 -3.881833358e+01 -3.881833358e+01
10654 0 +4.645017666e+01 -3.982982334e+01 -3.982982334e+01
10707 0 +4.495704505e+01 -4.132295495e+01 -4.132295495e+01
10914 0 +4.370516139e+01 -4.257483861e+01 -4.257483861e+01
11051 0 +4.316856418e+01 -4.311143582e+01 -4.311143582e+01
11375 0 +4.200514973e+01 -4.427485027e+01 -4.427485027e+01
11769 0 +4.137093837e+01 -4.490906163e+01 -4.490906163e+01
12068 0 +4.068586036e+01 -4.559413964e+01 -4.559413964e+01
12771 0 +3.966853779e+01 -4.661146221e+01 -4.661146221e+01
12879 0 +3.867559926e+01 -4.760440074e+01 -4.760440074e+01
13686 0 +3.799979105e+01 -4.828020895e+01 -4.828020895e+01
16361 0 +3.706154506e+01 -4.921845494e+01 -4.921845494e+01
62446 0 +3.655925094e+01 -4.972074906e+01 -4.972074906e+01
% f evaluations | g evaluations | best noise-free fitness - Fopt (2.224000000000e+01) + sum g_i+ | measured fitness | best measured fitness or single-digit g-values | x1 | x2...
1 0 +7.739188818e+01 +9.963188818e+01 +9.963188818e+01
1012 0 +7.690366030e+01 +9.914366030e+01 +9.914366030e+01
3476 0 +7.380714781e+01 +9.604714781e+01 +9.604714781e+01
3488 0 +7.154539925e+01 +9.378539925e+01 +9.378539925e+01
3550 0 +7.076575897e+01 +9.300575897e+01 +9.300575897e+01
3603 0 +6.907598311e+01 +9.131598311e+01 +9.131598311e+01
3652 0 +6.554484634e+01 +8.778484634e+01 +8.778484634e+01
4171 0 +6.260679088e+01 +8.484679088e+01 +8.484679088e+01
4610 0 +5.775820632e+01 +7.999820632e+01 +7.999820632e+01
4639 0 +5.487175061e+01 +7.711175061e+01 +7.711175061e+01
4715 0 +5.239150107e+01 +7.463150107e+01 +7.463150107e+01
4716 0 +5.112565457e+01 +7.336565457e+01 +7.336565457e+01
4721 0 +4.864237078e+01 +7.088237078e+01 +7.088237078e+01
4780 0 +4.732959475e+01 +6.956959475e+01 +6.956959475e+01
4857 0 +4.666415693e+01 +6.890415693e+01 +6.890415693e+01
4894 0 +4.262189407e+01 +6.486189407e+01 +6.486189407e+01
4914 0 +4.078036379e+01 +6.302036379e+01 +6.302036379e+01
4917 0 +3.987923689e+01 +6.211923689e+01 +6.211923689e+01
4931 0 +3.512858249e+01 +5.736858249e+01 +5.736858249e+01
4957 0 +3.118344041e+01 +5.342344041e+01 +5.342344041e+01
4970 0 +2.871275071e+01 +5.095275071e+01 +5.095275071e+01
4976 0 +2.523817597e+01 +4.747817597e+01 +4.747817597e+01
5237 0 +2.483986756e+01 +4.707986756e+01 +4.707986756e+01
5435 0 +2.299627373e+01 +4.523627373e+01 +4.523627373e+01
5582 0 +2.256354371e+01 +4.480354371e+01 +4.480354371e+01
5717 0 +2.178474697e+01 +4.402474697e+01 +4.402474697e+01
5734 0 +2.055001325e+01 +4.279001325e+01 +4.279001325e+01
5782 0 +1.902329622e+01 +4.126329622e+01 +4.126329622e+01
5838 0 +1.804611109e+01 +4.028611109e+01 +4.028611109e+01
6305 0 +1.666460645e+01 +3.890460645e+01 +3.890460645e+01
6760 0 +1.477292002e+01 +3.701292002e+01 +3.701292002e+01
6829 0 +1.443047423e+01 +3.667047423e+01 +3.667047423e+01
6876 0 +1.248540677e+01 +3.472540677e+01 +3.472540677e+01
7086 0 +1.145115204e+01 +3.369115204e+01 +3.369115204e+01
7361 0 +1.046823935e+01 +3.270823935e+01 +3.270823935e+01
7416 0 +9.908216677e+00 +3.214821668e+01 +3.214821668e+01
7576 0 +9.613226368e+00 +3.185322637e+01 +3.185322637e+01
7594 0 +9.534268499e+00 +3.177426850e+01 +3.177426850e+01
7700 0 +8.920801564e+00 +3.116080156e+01 +3.116080156e+01
7712 0 +8.760952394e+00 +3.100095239e+01 +3.100095239e+01
7740 0 +8.228613205e+00 +3.046861320e+01 +3.046861320e+01
7885 0 +7.959513321e+00 +3.019951332e+01 +3.019951332e+01
7912 0 +7.818238276e+00 +3.005823828e+01 +3.005823828e+01
7944 0 +7.642721165e+00 +2.988272117e+01 +2.988272117e+01
7984 0 +7.434869622e+00 +2.967486962e+01 +2.967486962e+01
8188 0 +6.984526182e+00 +2.922452618e+01 +2.922452618e+01
8851 0 +6.582789026e+00 +2.882278903e+01 +2.882278903e+01
9034 0 +6.272773678e+00 +2.851277368e+01 +2.851277368e+01
10131 0 +6.033493196e+00 +2.827349320e+01 +2.827349320e+01
10407 0 +5.900939427e+00 +2.814093943e+01 +2.814093943e+01
10446 0 +5.868748509e+00 +2.810874851e+01 +2.810874851e+01
10549 0 +5.744967780e+00 +2.798496778e+01 +2.798496778e+01
10598 0 +5.568347276e+00 +2.780834728e+01 +2.780834728e+01
10916 0 +5.452777383e+00 +2.769277738e+01 +2.769277738e+01
11027 0 +5.370143989e+00 +2.761014399e+01 +2.761014399e+01
11095 0 +5.234120810e+00 +2.747412081e+01 +2.747412081e+01
11327 0 +5.065029591e+00 +2.730502959e+01 +2.730502959e+01
11343 0 +4.942932376e+00 +2.718293238e+01 +2.718293238e+01
11862 0 +4.807267826e+00 +2.704726783e+01 +2.704726783e+01
12003 0 +4.784385292e+00 +2.702438529e+01 +2.702438529e+01
12154 0 +4.654755629e+00 +2.689475563e+01 +2.689475563e+01
12775 0 +4.567272184e+00 +2.680727218e+01 +2.680727218e+01
12974 0 +4.463634605e+00 +2.670363460e+01 +2.670363460e+01
13388 0 +4.343939669e+00 +2.658393967e+01 +2.658393967e+01
13851 0 +4.250713482e+00 +2.649071348e+01 +2.649071348e+01
18587 0 +4.168377863e+00 +2.640837786e+01 +2.640837786e+01
50086 0 +4.161779138e+00 +2.640177914e+01 +2.640177914e+01
% f evaluations | g evaluations | best noise-free fitness - Fopt (-2.301000000000e+01) + sum g_i+ | measured fitness | best measured fitness or single-digit g-values | x1 | x2...
1 0 +8.261644214e+01 +5.960644214e+01 +5.960644214e+01
41 0 +8.240181469e+01 +5.939181469e+01 +5.939181469e+01
4129 0 +8.094551185e+01 +5.793551185e+01 +5.793551185e+01
4164 0 +7.931193978e+01 +5.630193978e+01 +5.630193978e+01
5075 0 +7.754559234e+01 +5.453559234e+01 +5.453559234e+01
5347 0 +7.450926084e+01 +5.149926084e+01 +5.149926084e+01
5451 0 +7.398031050e+01 +5.097031050e+01 +5.097031050e+01
5605 0 +7.178261619e+01 +4.877261619e+01 +4.877261619e+01
6181 0 +6.958401852e+01 +4.657401852e+01 +4.657401852e+01
6245 0 +6.684690179e+01 +4.383690179e+01 +4.383690179e+01
6407 0 +6.579992420e+01 +4.278992420e+01 +4.278992420e+01
6423 0 +6.327674593e+01 +4.026674593e+01 +4.026674593e+01
6453 0 +6.171002076e+01 +3.870002076e+01 +3.870002076e+01
6470 0 +6.128273604e+01 +3.827273604e+01 +3.827273604e+01
6919 0 +5.996493938e+01 +3.695493938e+01 +3.695493938e+01
6957 0 +5.826215381e+01 +3.525215381e+01 +3.525215381e+01
6972 0 +5.517626112e+01 +3.216626112e+01 +3.216626112e+01
7215 0 +5.449016970e+01 +3.148016970e+01 +3.148016970e+01
7296 0 +5.328641979e+01 +3.027641979e+01 +3.027641979e+01
7335 0 +4.524614060e+01 +2.223614060e+01 +2.223614060e+01
7583 0 +4.436907026e+01 +2.135907026e+01 +2.135907026e+01
7808 0 +3.825910225e+01 +1.524910225e+01 +1.524910225e+01
7968 0 +3.688186504e+01 +1.387186504e+01 +1.387186504e+01
8007 0 +3.325354844e+01 +1.024354844e+01 +1.024354844e+01
8212 0 +3.112343619e+01 +8.113436193e+00 +8.113436193e+00
8299 0 +3.006435970e+01 +7.054359700e+00 +7.054359700e+00
8333 0 +2.762885850e+01 +4.618858501e+00 +4.618858501e+00
8419 0 +2.691511358e+01 +3.905113575e+00 +3.905113575e+00
8568 0 +2.538731340e+01 +2.377313401e+00 +2.377313401e+00
8590 0 +2.419879016e+01 +1.188790162e+00 +1.188790162e+00
8598 0 +2.303105918e+01 +2.105918191e-02 +2.105918191e-02
8697 0 +2.199249161e+01 -1.017508393e+00 -1.017508393e+00
8719 0 +2.126089313e+01 -1.749106873e+00 -1.749106873e+00
8720 0 +1.968677405e+01 -3.323225954e+00 -3.323225954e+00
9026 0 +1.933372324e+01 -3.676276755e+00 -3.676276755e+00
9256 0 +1.880173660e+01 -4.208263399e+00 -4.208263399e+00
9269 0 +1.816143629e+01 -4.848563709e+00 -4.848563709e+00
9494 0 +1.776119056e+01 -5.248809438e+00 -5.248809438e+00
9501 0 +1.709630463e+01 -5.913695366e+00 -5.913695366e+00
9656 0 +1.596445324e+01 -7.045546765e+00 -7.045546765e+00
9803 0 +1.501250582e+01 -7.997494181e+00 -7.997494181e+00
9806 0 +1.451659766e+01 -8.493402337e+00 -8.493402337e+00
9871 0 +1.429593085e+01 -8.714069153e+00 -8.714069153e+00
9998 0 +1.266235049e+01 -1.034764951e+01 -1.034764951e+01
10832 0 +1.241143669e+01 -1.059856331e+01 -1.059856331e+01
10908 0 +1.152920099e+01 -1.148079901e+01 -1.148079901e+01
11135 0 +1.116964877e+01 -1.184035123e+01 -1.184035123e+01
11213 0 +1.073912112e+01 -1.227087888e+01 -1.227087888e+01
11713 0 +1.068261169e+01 -1.232738831e+01 -1.232738831e+01
11743 0 +1.035914591e+01 -1.265085409e+01 -1.265085409e+01
12325 0 +1.018887579e+01 -1.282112421e+01 -1.282112421e+01
12690 0 +9.958205088e+00 -1.305179491e+01 -1.305179491e+01
12725 0 +9.761307113e+00 -1.324869289e+01 -1.324869289e+01
13744 0 +9.458137819e+00 -1.355186218e+01 -1.355186218e+01
14680 0 +9.270870662e+00 -1.373912934e+01 -1.373912934e+01
18597 0 +9.116752873e+00 -1.389324713e+01 -1.389324713e+01
57436 0 +9.080543103e+00 -1.392945690e+01 -1.392945690e+01
% f evaluations | g evaluations | best noise-free fitness - Fopt (-3.323700000000e+02) + sum g_i+ | measured fitness | best measured fitness or single-digit g-values | x1 | x2...
1 0 +8.076601157e+01 -2.516039884e+02 -2.516039884e+02
373 0 +8.066699259e+01 -2.517030074e+02 -2.517030074e+02
1480 0 +7.773636344e+01 -2.546336366e+02 -2.546336366e+02
2469 0 +7.746554335e+01 -2.549044566e+02 -2.549044566e+02
2564 0 +7.430735582e+01 -2.580626442e+02 -2.580626442e+02
3365 0 +7.394016194e+01 -2.584298381e+02 -2.584298381e+02
3410 0 +7.187262721e+01 -2.604973728e+02 -2.604973728e+02
3498 0 +7.070733456e+01 -2.616626654e+02 -2.616626654e+02
3857 0 +6.784389718e+01 -2.645261028e+02 -2.645261028e+02
3946 0 +6.731327173e+01 -2.650567283e+02 -2.650567283e+02
4312 0 +6.548974068e+01 -2.668802593e+02 -2.668802593e+02
4363 0 +6.186992322e+01 -2.705000768e+02 -2.705000768e+02
4383 0 +6.126117857e+01 -2.711088214e+02 -2.711088214e+02
4505 0 +5.783557915e+01 -2.745344208e+02 -2.745344208e+02
4536 0 +5.680619041e+01 -2.755638096e+02 -2.755638096e+02
4643 0 +5.494599768e+01 -2.774240023e+02 -2.774240023e+02
4663 0 +5.361236651e+01 -2.787576335e+02 -2.787576335e+02
5328 0 +4.961546821e+01 -2.827545318e+02 -2.827545318e+02
5348 0 +4.844966361e+01 -2.839203364e+02 -2.839203364e+02
5372 0 +4.501540126e+01 -2.873545987e+02 -2.873545987e+02
5520 0 +4.359532513e+01 -2.887746749e+02 -2.887746749e+02
5577 0 +3.897601168e+01 -2.933939883e+02 -2.933939883e+02
5636 0 +3.839070238e+01 -2.939792976e+02 -2.939792976e+02
5779 0 +3.772287753e+01 -2.946471225e+02 -2.946471225e+02
5828 0 +3.482449573e+01 -2.975455043e+02 -2.975455043e+02
5993 0 +3.331506396e+01 -2.990549360e+02 -2.990549360e+02
6185 0 +3.109601922e+01 -3.012739808e+02 -3.012739808e+02
6344 0 +2.996880444e+01 -3.024011956e+02 -3.024011956e+02
6463 0 +2.910527298e+01 -3.032647270e+02 -3.032647270e+02
6467 0 +2.788530423e+01 -3.044846958e+02 -3.044846958e+02
6577 0 +2.634823159e+01 -3.060217684e+02 -3.060217684e+02
6632 0 +2.322917302e+01 -3.091408270e+02 -3.091408270e+02
7116 0 +2.253706029e+01 -3.098329397e+02 -3.098329397e+02
7207 0 +2.186568576e+01 -3.105043142e+02 -3.105043142e+02
7656 0 +2.118306452e+01 -3.111869355e+02 -3.111869355e+02
7787 0 +2.039400877e+01 -3.119759912e+02 -3.119759912e+02
7790 0 +1.939065710e+01 -3.129793429e+02 -3.129793429e+02
8199 0 +1.837786358e+01 -3.139921364e+02 -3.139921364e+02
8862 0 +1.816407935e+01 -3.142059206e+02 -3.142059206e+02
8975 0 +1.754216876e+01 -3.148278312e+02 -3.148278312e+02
9588 0 +1.733442060e+01 -3.150355794e+02 -3.150355794e+02
9663 0 +1.695824505e+01 -3.154117550e+02 -3.154117550e+02
10096 0 +1.639020143e+01 -3.159797986e+02 -3.159797986e+02
10173 0 +1.604817821e+01 -3.163218218e+02 -3.163218218e+02
10964 0 +1.579432717e+01 -3.165756728e+02 -3.165756728e+02
12320 0 +1.539065255e+01 -3.169793474e+02 -3.169793474e+02
14096 0 +1.513026464e+01 -3.172397354e+02 -3.172397354e+02
50791 0 +1.496249423e+01 -3.174075058e+02 -3.174075058e+02
% f evaluations | g evaluations | best noise-free fitness - Fopt (-1.231300000000e+02) + sum g_i+ | measured fitness | best measured fitness or single-digit g-values | x1 | x2...
1 0 +7.983776437e+01 -4.329223563e+01 -4.329223563e+01
97 0 +7.910956251e+01 -4.402043749e+01 -4.402043749e+01
270 0 +7.683614734e+01 -4.629385266e+01 -4.629385266e+01
3717 0 +7.534726615e+01 -4.778273385e+01 -4.778273385e+01
4099 0 +7.344075143e+01 -4.968924857e+01 -4.968924857e+01
4148 0 +7.220542399e+01 -5.092457601e+01 -5.092457601e+01
4154 0 +7.014111974e+01 -5.298888026e+01 -5.298888026e+01
4519 0 +6.878349754e+01 -5.434650246e+01 -5.434650246e+01
4625 0 +6.672462361e+01 -5.640537639e+01 -5.640537639e+01
4801 0 +6.579340280e+01 -5.733659720e+01 -5.733659720e+01
5064 0 +6.350537860e+01 -5.962462140e+01 -5.962462140e+01
5279 0 +5.939169496e+01 -6.373830504e+01 -6.373830504e+01
5511 0 +5.800403211e+01 -6.512596789e+01 -6.512596789e+01
5523 0 +5.629832339e+01 -6.683167661e+01 -6.683167661e+01
5533 0 +4.396403746e+01 -7.916596254e+01 -7.916596254e+01
5737 0 +4.309672304e+01 -8.003327696e+01 -8.003327696e+01
5784 0 +4.167572962e+01 -8.145427038e+01 -8.145427038e+01
5952 0 +3.948778038e+01 -8.364221962e+01 -8.364221962e+01
6021 0 +3.252953152e+01 -9.060046848e+01 -9.060046848e+01
6048 0 +2.864422298e+01 -9.448577702e+01 -9.448577702e+01
6120 0 +2.534898528e+01 -9.778101472e+01 -9.778101472e+01
6320 0 +2.501066116e+01 -9.811933884e+01 -9.811933884e+01
6370 0 +2.192344129e+01 -1.012065587e+02 -1.012065587e+02
6415 0 +1.991174771e+01 -1.032182523e+02 -1.032182523e+02
6753 0 +1.820435546e+01 -1.049256445e+02 -1.049256445e+02
6764 0 +1.525645547e+01 -1.078735445e+02 -1.078735445e+02
6917 0 +1.171666614e+01 -1.114133339e+02 -1.114133339e+02
6937 0 +1.087983000e+01 -1.122501700e+02 -1.122501700e+02
7070 0 +8.332417511e+00 -1.147975825e+02 -1.147975825e+02
7130 0 +7.814133121e+00 -1.153158669e+02 -1.153158669e+02
7449 0 +7.307291861e+00 -1.158227081e+02 -1.158227081e+02
7601 0 +6.105122410e+00 -1.170248776e+02 -1.170248776e+02
7645 0 +4.191389878e+00 -1.189386101e+02 -1.189386101e+02
8434 0 +3.672390527e+00 -1.194576095e+02 -1.194576095e+02
8509 0 +2.720237331e+00 -1.204097627e+02 -1.204097627e+02
9355 0 +2.401256022e+00 -1.207287440e+02 -1.207287440e+02
9433 0 +2.166109204e+00 -1.209638908e+02 -1.209638908e+02
9548 0 +2.016871240e+00 -1.211131288e+02 -1.211131288e+02
9627 0 +1.959488366e+00 -1.211705116e+02 -1.211705116e+02
9643 0 +1.717078909e+00 -1.214129211e+02 -1.214129211e+02
9996 0 +1.617283338e+00 -1.215127167e+02 -1.215127167e+02
10509 0 +1.119600186e+00 -1.220103998e+02 -1.220103998e+02
10836 0 +1.026393508e+00 -1.221036065e+02 -1.221036065e+02
10884 0 +9.800945319e-01 -1.221499055e+02 -1.221499055e+02
10904 0 +7.726936947e-01 -1.223573063e+02 -1.223573063e+02
11059 0 +5.199872098e-01 -1.226100128e+02 -1.226100128e+02
11750 0 +4.807450850e-01 -1.226492549e+02 -1.226492549e+02
11931 0 +3.139216333e-01 -1.228160784e+02 -1.228160784e+02
12167 0 +2.588078108e-01 -1.228711922e+02 -1.228711922e+02
12608 0 +1.359989764e-01 -1.229940010e+02 -1.229940010e+02
13760 0 +1.170762209e-01 -1.230129238e+02 -1.230129238e+02
13793 0 +1.096976522e-01 -1.230203023e+02 -1.230203023e+02
13795 0 +1.084841029e-01 -1.230215159e+02 -1.230215159e+02
13908 0 +8.358194656e-02 -1.230464181e+02 -1.230464181e+02
13978 0 +7.038352660e-02 -1.230596165e+02 -1.230596165e+02
13998 0 +5.820603023e-02 -1.230717940e+02 -1.230717940e+02
14973 0 +5.694065336e-02 -1.230730593e+02 -1.230730593e+02
15020 0 +5.226822913e-02 -1.230777318e+02 -1.230777318e+02
15290 0 +4.301710952e-02 -1.230869829e+02 -1.230869829e+02
15408 0 +3.734576608e-02 -1.230926542e+02 -1.230926542e+02
15555 0 +2.589399774e-02 -1.231041060e+02 -1.231041060e+02
16041 0 +1.570253990e-02 -1.231142975e+02 -1.231142975e+02
16074 0 +1.533918144e-02 -1.231146608e+02 -1.231146608e+02
16078 0 +1.186842725e-02 -1.231181316e+02 -1.231181316e+02
16889 0 +9.974445485e-03 -1.231200256e+02 -1.231200256e+02
16940 0 +8.533585322e-03 -1.231214664e+02 -1.231214664e+02
17401 0 +8.434698401e-03 -1.231215653e+02 -1.231215653e+02
17415 0 +6.231309401e-03 -1.231237687e+02 -1.231237687e+02
17628 0 +4.644242498e-03 -1.231253558e+02 -1.231253558e+02
17840 0 +3.570709563e-03 -1.231264293e+02 -1.231264293e+02
18581 0 +3.444752654e-03 -1.231265552e+02 -1.231265552e+02
19270 0 +3.256907922e-03 -1.231267431e+02 -1.231267431e+02
19396 0 +3.205434092e-03 -1.231267946e+02 -1.231267946e+02
19672 0 +2.987004911e-03 -1.231270130e+02 -1.231270130e+02
19724 0 +2.947392911e-03 -1.231270526e+02 -1.231270526e+02
19729 0 +2.840627873e-03 -1.231271594e+02 -1.231271594e+02
19750 0 +2.348196085e-03 -1.231276518e+02 -1.231276518e+02
19790 0 +1.905553742e-03 -1.231280944e+02 -1.231280944e+02
19900 0 +9.198614854e-04 -1.231290801e+02 -1.231290801e+02
20517 0 +8.991815622e-04 -1.231291008e+02 -1.231291008e+02
20607 0 +8.658702902e-04 -1.231291341e+02 -1.231291341e+02
20895 0 +7.724735537e-04 -1.231292275e+02 -1.231292275e+02
20958 0 +5.677665381e-04 -1.231294322e+02 -1.231294322e+02
21270 0 +4.286175031e-04 -1.231295714e+02 -1.231295714e+02
21715 0 +3.161504115e-04 -1.231296838e+02 -1.231296838e+02
21771 0 +2.487900713e-04 -1.231297512e+02 -1.231297512e+02
21951 0 +2.421779952e-04 -1.231297578e+02 -1.231297578e+02
22021 0 +2.300378991e-04 -1.231297700e+02 -1.231297700e+02
22189 0 +1.909557196e-04 -1.231298090e+02 -1.231298090e+02
22903 0 +1.818854147e-04 -1.231298181e+02 -1.231298181e+02
22929 0 +1.630081764e-04 -1.231298370e+02 -1.231298370e+02
23296 0 +1.074703206e-04 -1.231298925e+02 -1.231298925e+02
23482 0 +9.675059347e-05 -1.231299032e+02 -1.231299032e+02
23505 0 +9.491198082e-05 -1.231299051e+02 -1.231299051e+02
23596 0 +5.718939740e-05 -1.231299428e+02 -1.231299428e+02
23987 0 +4.756442900e-05 -1.231299524e+02 -1.231299524e+02
24236 0 +3.217651793e-05 -1.231299678e+02 -1.231299678e+02
24301 0 +2.667636758e-05 -1.231299733e+02 -1.231299733e+02
24367 0 +2.558113880e-05 -1.231299744e+02 -1.231299744e+02
24733 0 +1.970445513e-05 -1.231299803e+02 -1.231299803e+02
24995 0 +1.339160112e-05 -1.231299866e+02 -1.231299866e+02
25198 0 +1.036929605e-05 -1.231299896e+02 -1.231299896e+02
25567 0 +7.986193353e-06 -1.231299920e+02 -1.231299920e+02
25586 0 +7.673522234e-06 -1.231299923e+02 -1.231299923e+02
25596 0 +6.329851544e-06 -1.231299937e+02 -1.231299937e+02
25639 0 +3.661596352e-06 -1.231299963e+02 -1.231299963e+02
26804 0 +1.981915247e-06 -1.231299980e+02 -1.231299980e+02
26986 0 +1.730898887e-06 -1.231299983e+02 -1.231299983e+02
27102 0 +1.597721180e-06 -1.231299984e+02 -1.231299984e+02
27460 0 +1.549754558e-06 -1.231299985e+02 -1.231299985e+02
27990 0 +1.543911893e-06 -1.231299985e+02 -1.231299985e+02
28276 0 +1.497150421e-06 -1.231299985e+02 -1.231299985e+02
28312 0 +1.148022648e-06 -1.231299989e+02 -1.231299989e+02
28480 0 +8.916220935e-07 -1.231299991e+02 -1.231299991e+02
28675 0 +8.171588064e-07 -1.231299992e+02 -1.231299992e+02
28687 0 +4.322693741e-07 -1.231299996e+02 -1.231299996e+02
29493 0 +3.401419946e-07 -1.231299997e+02 -1.231299997e+02
29554 0 +3.384175500e-07 -1.231299997e+02 -1.231299997e+02
29859 0 +3.163177524e-07 -1.231299997e+02 -1.231299997e+02
29928 0 +2.992460821e-07 -1.231299997e+02 -1.231299997e+02
30005 0 +2.303375197e-07 -1.231299998e+02 -1.231299998e+02
30019 0 +1.685398558e-07 -1.231299998e+02 -1.231299998e+02
30759 0 +1.421626763e-07 -1.231299999e+02 -1.231299999e+02
30816 0 +1.332211639e-07 -1.231299999e+02 -1.231299999e+02
30834 0 +1.242267729e-07 -1.231299999e+02 -1.231299999e+02
30836 0 +9.258624800e-08 -1.231299999e+02 -1.231299999e+02
30864 0 +7.128578261e-08 -1.231299999e+02 -1.231299999e+02
31111 0 +5.771755696e-08 -1.231299999e+02 -1.231299999e+02
32108 0 +5.504283251e-08 -1.231299999e+02 -1.231299999e+02
32213 0 +4.996567782e-08 -1.231300000e+02 -1.231300000e+02
32310 0 +4.871949955e-08 -1.231300000e+02 -1.231300000e+02
32706 0 +4.338063775e-08 -1.231300000e+02 -1.231300000e+02
32713 0 +4.161483957e-08 -1.231300000e+02 -1.231300000e+02
32722 0 +3.960674633e-08 -1.231300000e+02 -1.231300000e+02
32751 0 +2.240265928e-08 -1.231300000e+02 -1.231300000e+02
33128 0 +2.000153643e-08 -1.231300000e+02 -1.231300000e+02
33134 0 +1.178422337e-08 -1.231300000e+02 -1.231300000e+02
33178 0 +1.083915890e-08 -1.231300000e+02 -1.231300000e+02
33204 0 +9.436149639e-09 -1.231300000e+02 -1.231300000e+02
43537 0 +9.947598301e-13 -1.231300000e+02 -1.231300000e+02
49999 0 +0.000000000e+00 -1.231300000e+02 -1.231300000e+02
400012 0 +0.000000000e+00 -1.231300000e+02 -1.231300000e+02
% f evaluations | g evaluations | best noise-free fitness - Fopt (-1.537900000000e+02) + sum g_i+ | measured fitness | best measured fitness or single-digit g-values | x1 | x2...
1 0 +8.227076370e+01 -7.151923630e+01 -7.151923630e+01
1179 0 +8.177192085e+01 -7.201807915e+01 -7.201807915e+01
3068 0 +8.115036554e+01 -7.263963446e+01 -7.263963446e+01
4009 0 +7.928502331e+01 -7.450497669e+01 -7.450497669e+01
4018 0 +7.548345149e+01 -7.830654851e+01 -7.830654851e+01
5257 0 +7.400196096e+01 -7.978803904e+01 -7.978803904e+01
5296 0 +7.126961108e+01 -8.252038892e+01 -8.252038892e+01
5355 0 +6.982844672e+01 -8.396155328e+01 -8.396155328e+01
5686 0 +6.770102297e+01 -8.608897703e+01 -8.608897703e+01
5810 0 +6.522249500e+01 -8.856750500e+01 -8.856750500e+01
5822 0 +6.425853461e+01 -8.953146539e+01 -8.953146539e+01
5880 0 +6.037445672e+01 -9.341554328e+01 -9.341554328e+01
5939 0 +5.758982122e+01 -9.620017878e+01 -9.620017878e+01
5945 0 +5.150924586e+01 -1.022807541e+02 -1.022807541e+02
6011 0 +4.812747431e+01 -1.056625257e+02 -1.056625257e+02
6074 0 +3.829539885e+01 -1.154946011e+02 -1.154946011e+02
7268 0 +3.786242332e+01 -1.159275767e+02 -1.159275767e+02
7280 0 +3.509405957e+01 -1.186959404e+02 -1.186959404e+02
7308 0 +3.061426621e+01 -1.231757338e+02 -1.231757338e+02
7506 0 +2.819086040e+01 -1.255991396e+02 -1.255991396e+02
7906 0 +2.798388852e+01 -1.258061115e+02 -1.258061115e+02
7961 0 +2.681622152e+01 -1.269737785e+02 -1.269737785e+02
7969 0 +2.587270847e+01 -1.279172915e+02 -1.279172915e+02
7994 0 +2.461020035e+01 -1.291797997e+02 -1.291797997e+02
8016 0 +2.434498521e+01 -1.294450148e+02 -1.294450148e+02
8054 0 +2.324700362e+01 -1.305429964e+02 -1.305429964e+02
8086 0 +2.264368976e+01 -1.311463102e+02 -1.311463102e+02
8087 0 +1.935549185e+01 -1.344345081e+02 -1.344345081e+02
8270 0 +1.855044330e+01 -1.352395567e+02 -1.352395567e+02
8324 0 +1.482469144e+01 -1.389653086e+02 -1.389653086e+02
8470 0 +1.209307085e+01 -1.416969292e+02 -1.416969292e+02
8865 0 +1.088231433e+01 -1.429076857e+02 -1.429076857e+02
9114 0 +1.003831418e+01 -1.437516858e+02 -1.437516858e+02
9218 0 +8.455494235e+00 -1.453345058e+02 -1.453345058e+02
9368 0 +7.754378796e+00 -1.460356212e+02 -1.460356212e+02
10988 0 +7.423659399e+00 -1.463663406e+02 -1.463663406e+02
11001 0 +7.296096251e+00 -1.464939037e+02 -1.464939037e+02
11118 0 +7.196396476e+00 -1.465936035e+02 -1.465936035e+02
11169 0 +6.917377441e+00 -1.468726226e+02 -1.468726226e+02
11188 0 +6.721743717e+00 -1.470682563e+02 -1.470682563e+02
11241 0 +6.521937690e+00 -1.472680623e+02 -1.472680623e+02
11668 0 +6.338393488e+00 -1.474516065e+02 -1.474516065e+02
11683 0 +6.271541826e+00 -1.475184582e+02 -1.475184582e+02
11720 0 +5.457073764e+00 -1.483329262e+02 -1.483329262e+02
11767 0 +5.343924800e+00 -1.484460752e+02 -1.484460752e+02
11777 0 +5.101434892e+00 -1.486885651e+02 -1.486885651e+02
11898 0 +4.929040873e+00 -1.488609591e+02 -1.488609591e+02
11922 0 +4.321438974e+00 -1.494685610e+02 -1.494685610e+02
12164 0 +3.907438194e+00 -1.498825618e+02 -1.498825618e+02
12209 0 +3.766697913e+00 -1.500233021e+02 -1.500233021e+02
12255 0 +3.699581726e+00 -1.500904183e+02 -1.500904183e+02
12256 0 +2.913868528e+00 -1.508761315e+02 -1.508761315e+02
13006 0 +2.869320419e+00 -1.509206796e+02 -1.509206796e+02
13087 0 +2.768311088e+00 -1.510216889e+02 -1.510216889e+02
13203 0 +2.726690050e+00 -1.510633100e+02 -1.510633100e+02
13534 0 +2.604617329e+00 -1.511853827e+02 -1.511853827e+02
13672 0 +2.502459757e+00 -1.512875402e+02 -1.512875402e+02
13904 0 +2.408937175e+00 -1.513810628e+02 -1.513810628e+02
13977 0 +2.334661853e+00 -1.514553381e+02 -1.514553381e+02
14375 0 +2.241328062e+00 -1.515486719e+02 -1.515486719e+02
14468 0 +2.238402405e+00 -1.515515976e+02 -1.515515976e+02
14844 0 +2.165275997e+00 -1.516247240e+02 -1.516247240e+02
15614 0 +2.134235391e+00 -1.516557646e+02 -1.516557646e+02
15842 0 +2.083666020e+00 -1.517063340e+02 -1.517063340e+02
17032 0 +2.041089374e+00 -1.517489106e+02 -1.517489106e+02
76089 0 +1.999384883e+00 -1.517906151e+02 -1.517906151e+02
% f evaluations | g evaluations | best noise-free fitness - Fopt (-4.860000000000e+01) + sum g_i+ | measured fitness | best measured fitness or single-digit g-values | x1 | x2...
1 0 +7.990610427e+01 +3.130610427e+01 +3.130610427e+01
3327 0 +7.880821915e+01 +3.020821915e+01 +3.020821915e+01
3841 0 +7.721528046e+01 +2.861528046e+01 +2.861528046e+01
4038 0 +7.575577944e+01 +2.715577944e+01 +2.715577944e+01
4136 0 +7.384742489e+01 +2.524742489e+01 +2.524742489e+01
4280 0 +7.127776590e+01 +2.267776590e+01 +2.267776590e+01
4521 0 +7.023877330e+01 +2.163877330e+01 +2.163877330e+01
4615 0 +6.810948297e+01 +1.950948297e+01 +1.950948297e+01
4654 0 +6.569613784e+01 +1.709613784e+01 +1.709613784e+01
4863 0 +6.413880444e+01 +1.553880444e+01 +1.553880444e+01
5297 0 +6.183934536e+01 +1.323934536e+01 +1.323934536e+01
5546 0 +6.039419750e+01 +1.179419750e+01 +1.179419750e+01
5602 0 +5.948881694e+01 +1.088881694e+01 +1.088881694e+01
5606 0 +5.866618897e+01 +1.006618897e+01 +1.006618897e+01
5769 0 +5.713810242e+01 +8.538102416e+00 +8.538102416e+00
6243 0 +5.258548056e+01 +3.985480564e+00 +3.985480564e+00
6289 0 +5.166383086e+01 +3.063830861e+00 +3.063830861e+00
6294 0 +5.115125977e+01 +2.551259772e+00 +2.551259772e+00
7231 0 +4.935336495e+01 +7.533649501e-01 +7.533649501e-01
7272 0 +4.859033954e+01 -9.660456891e-03 -9.660456891e-03
7636 0 +4.759247773e+01 -1.007522273e+00 -1.007522273e+00
7705 0 +4.613193325e+01 -2.468066750e+00 -2.468066750e+00
7788 0 +4.502169164e+01 -3.578308355e+00 -3.578308355e+00
8175 0 +4.390114863e+01 -4.698851374e+00 -4.698851374e+00
8530 0 +4.363587990e+01 -4.964120098e+00 -4.964120098e+00
9159 0 +4.249811374e+01 -6.101886264e+00 -6.101886264e+00
9254 0 +4.128272345e+01 -7.317276550e+00 -7.317276550e+00
9970 0 +4.070986143e+01 -7.890138569e+00 -7.890138569e+00
11066 0 +3.979239311e+01 -8.807606889e+00 -8.807606889e+00
48908 0 +3.916386064e+01 -9.436139358e+00 -9.436139358e+00
% f evaluations | g evaluations | best noise-free fitness - Fopt (2.770000000000e+01) + sum g_i+ | measured fitness | best measured fitness or single-digit g-values | x1 | x2...
1 0 +8.278314183e+01 +1.104831418e+02 +1.104831418e+02
44 0 +8.056538011e+01 +1.082653801e+02 +1.082653801e+02
933 0 +7.931454498e+01 +1.070145450e+02 +1.070145450e+02
1103 0 +7.761669577e+01 +1.053166958e+02 +1.053166958e+02
1260 0 +7.292676395e+01 +1.006267640e+02 +1.006267640e+02
1311 0 +7.204070653e+01 +9.974070653e+01 +9.974070653e+01
1585 0 +6.915529670e+01 +9.685529670e+01 +9.685529670e+01
3068 0 +6.686734335e+01 +9.456734335e+01 +9.456734335e+01
3375 0 +6.369018000e+01 +9.139018000e+01 +9.139018000e+01
3470 0 +6.174988042e+01 +8.944988042e+01 +8.944988042e+01
3508 0 +6.147873764e+01 +8.917873764e+01 +8.917873764e+01
4079 0 +5.772110641e+01 +8.542110641e+01 +8.542110641e+01
4127 0 +5.424257041e+01 +8.194257041e+01 +8.194257041e+01
4169 0 +4.853053382e+01 +7.623053382e+01 +7.623053382e+01
4176 0 +4.439341713e+01 +7.209341713e+01 +7.209341713e+01
4253 0 +4.348284307e+01 +7.118284307e+01 +7.118284307e+01
4483 0 +4.254511755e+01 +7.024511755e+01 +7.024511755e+01
5378 0 +3.859529527e+01 +6.629529527e+01 +6.629529527e+01
5668 0 +3.556953303e+01 +6.326953303e+01 +6.326953303e+01
5740 0 +3.039613184e+01 +5.809613184e+01 +5.809613184e+01
5825 0 +3.016219626e+01 +5.786219626e+01 +5.786219626e+01
6248 0 +2.796963718e+01 +5.566963718e+01 +5.566963718e+01
6474 0 +2.661730599e+01 +5.431730599e+01 +5.431730599e+01
6576 0 +2.618908214e+01 +5.388908214e+01 +5.388908214e+01
6695 0 +2.470109802e+01 +5.240109802e+01 +5.240109802e+01
6861 0 +2.363107966e+01 +5.133107966e+01 +5.133107966e+01
6904 0 +2.343390635e+01 +5.113390635e+01 +5.113390635e+01
7042 0 +2.173566284e+01 +4.943566284e+01 +4.943566284e+01
7253 0 +2.119232442e+01 +4.889232442e+01 +4.889232442e+01
7264 0 +1.936887620e+01 +4.706887620e+01 +4.706887620e+01
7508 0 +1.692039391e+01 +4.462039391e+01 +4.462039391e+01
8051 0 +1.590753675e+01 +4.360753675e+01 +4.360753675e+01
8196 0 +1.539461600e+01 +4.309461600e+01 +4.309461600e+01
8455 0 +1.512660670e+01 +4.282660670e+01 +4.282660670e+01
8477 0 +1.479033113e+01 +4.249033113e+01 +4.249033113e+01
8515 0 +1.413142933e+01 +4.183142933e+01 +4.183142933e+01
8562 0 +1.400918825e+01 +4.170918825e+01 +4.170918825e+01
8578 0 +1.279010098e+01 +4.049010098e+01 +4.049010098e+01
9603 0 +1.244801079e+01 +4.014801079e+01 +4.014801079e+01
9609 0 +1.201663169e+01 +3.971663169e+01 +3.971663169e+01
10030 0 +1.172699832e+01 +3.942699832e+01 +3.942699832e+01
10511 0 +1.145463626e+01 +3.915463626e+01 +3.915463626e+01
11405 0 +1.107384088e+01 +3.877384088e+01 +3.877384088e+01
11984 0 +1.094739535e+01 +3.864739535e+01 +3.864739535e+01
12867 0 +1.071247233e+01 +3.841247233e+01 +3.841247233e+01
15850 0 +1.047009095e+01 +3.817009095e+01 +3.817009095e+01
51031 0 +1.042870149e+01 +3.812870149e+01 +3.812870149e+01
% f evaluations | g evaluations | best noise-free fitness - Fopt (2.993000000000e+01) + sum g_i+ | measured fitness | best measured fitness or single-digit g-values | x1 | x2...
1 0 +7.934748225e+01 +1.092774823e+02 +1.092774823e+02
793 0 +7.872090019e+01 +1.086509002e+02 +1.086509002e+02
2027 0 +7.662989740e+01 +1.065598974e+02 +1.065598974e+02
5145 0 +7.568822550e+01 +1.056182255e+02 +1.056182255e+02
5208 0 +7.326534330e+01 +1.031953433e+02 +1.031953433e+02
5250 0 +7.185332683e+01 +1.017833268e+02 +1.017833268e+02
5322 0 +7.061673844e+01 +1.005467384e+02 +1.005467384e+02
5932 0 +6.776688613e+01 +9.769688613e+01 +9.769688613e+01
6148 0 +6.675836900e+01 +9.668836900e+01 +9.668836900e+01
6160 0 +6.170245188e+01 +9.163245188e+01 +9.163245188e+01
6626 0 +5.902231821e+01 +8.895231821e+01 +8.895231821e+01
6797 0 +5.494217842e+01 +8.487217842e+01 +8.487217842e+01
6869 0 +5.014303825e+01 +8.007303825e+01 +8.007303825e+01
6992 0 +4.865356272e+01 +7.858356272e+01 +7.858356272e+01
7062 0 +4.715539577e+01 +7.708539577e+01 +7.708539577e+01
7068 0 +4.367523109e+01 +7.360523109e+01 +7.360523109e+01
7151 0 +4.054058593e+01 +7.047058593e+01 +7.047058593e+01
7630 0 +3.317253099e+01 +6.310253099e+01 +6.310253099e+01
7712 0 +3.282472429e+01 +6.275472429e+01 +6.275472429e+01
7725 0 +3.138704333e+01 +6.131704333e+01 +6.131704333e+01
7730 0 +2.924451666e+01 +5.917451666e+01 +5.917451666e+01
7787 0 +2.866943717e+01 +5.859943717e+01 +5.859943717e+01
7922 0 +2.632234597e+01 +5.625234597e+01 +5.625234597e+01
8117 0 +2.610578768e+01 +5.603578768e+01 +5.603578768e+01
8337 0 +2.336906863e+01 +5.329906863e+01 +5.329906863e+01
8407 0 +2.210316078e+01 +5.203316078e+01 +5.203316078e+01
8676 0 +2.106050005e+01 +5.099050005e+01 +5.099050005e+01
8691 0 +2.083575264e+01 +5.076575264e+01 +5.076575264e+01
9007 0 +1.571913659e+01 +4.564913659e+01 +4.564913659e+01
9131 0 +1.497800164e+01 +4.490800164e+01 +4.490800164e+01
9381 0 +1.466171148e+01 +4.459171148e+01 +4.459171148e+01
9478 0 +1.072491199e+01 +4.065491199e+01 +4.065491199e+01
9564 0 +9.123165307e+00 +3.905316531e+01 +3.905316531e+01
9797 0 +8.536792801e+00 +3.846679280e+01 +3.846679280e+01
10176 0 +8.460483412e+00 +3.839048341e+01 +3.839048341e+01
10227 0 +8.312554206e+00 +3.824255421e+01 +3.824255421e+01
10784 0 +7.850372879e+00 +3.778037288e+01 +3.778037288e+01
10816 0 +7.608011237e+00 +3.753801124e+01 +3.753801124e+01
10932 0 +7.432201905e+00 +3.736220191e+01 +3.736220191e+01
10955 0 +7.186465406e+00 +3.711646541e+01 +3.711646541e+01
11005 0 +7.037257983e+00 +3.696725798e+01 +3.696725798e+01
11158 0 +6.847843399e+00 +3.677784340e+01 +3.677784340e+01
11214 0 +6.500397302e+00 +3.643039730e+01 +3.643039730e+01
11224 0 +4.947164556e+00 +3.487716456e+01 +3.487716456e+01
12260 0 +4.552654477e+00 +3.448265448e+01 +3.448265448e+01
13273 0 +4.128561065e+00 +3.405856106e+01 +3.405856106e+01
13311 0 +3.810458606e+00 +3.374045861e+01 +3.374045861e+01
13409 0 +3.601238502e+00 +3.353123850e+01 +3.353123850e+01
13905 0 +3.516764973e+00 +3.344676497e+01 +3.344676497e+01
13917 0 +3.420778157e+00 +3.335077816e+01 +3.335077816e+01
14275 0 +3.360157872e+00 +3.329015787e+01 +3.329015787e+01
14282 0 +3.263146534e+00 +3.319314653e+01 +3.319314653e+01
14291 0 +3.073229839e+00 +3.300322984e+01 +3.300322984e+01
15030 0 +2.953177592e+00 +3.288317759e+01 +3.288317759e+01
15396 0 +2.855792061e+00 +3.278579206e+01 +3.278579206e+01
15837 0 +2.816862400e+00 +3.274686240e+01 +3.274686240e+01
15965 0 +2.735582827e+00 +3.266558283e+01 +3.266558283e+01
16824 0 +2.685342141e+00 +3.261534214e+01 +3.261534214e+01
17098 0 +2.619750843e+00 +3.254975084e+01 +3.254975084e+01
18325 0 +2.569508905e+00 +3.249950891e+01 +3.249950891e+01
19641 0 +2.502203676e+00 +3.243220368e+01 +3.243220368e+01
62655 0 +2.472973858e+00 +3.240297386e+01 +3.240297386e+01
% f evaluations | g evaluations | best noise-free fitness - Fopt (-1.983000000000e+01) + sum g_i+ | measured fitness | best measured fitness or single-digit g-values | x1 | x2...
1 0 +7.165806248e+01 +5.182806248e+01 +5.182806248e+01
3400 0 +6.870044792e+01 +4.887044792e+01 +4.887044792e+01
3544 0 +6.752794430e+01 +4.769794430e+01 +4.769794430e+01
3783 0 +6.510806340e+01 +4.527806340e+01 +4.527806340e+01
3884 0 +6.230431229e+01 +4.247431229e+01 +4.247431229e+01
4158 0 +5.868276604e+01 +3.885276604e+01 +3.885276604e+01
4359 0 +5.576737228e+01 +3.593737228e+01 +3.593737228e+01
4468 0 +4.447548207e+01 +2.464548207e+01 +2.464548207e+01
5328 0 +4.357699915e+01 +2.374699915e+01 +2.374699915e+01
5400 0 +4.021676681e+01 +2.038676681e+01 +2.038676681e+01
5699 0 +3.467601726e+01 +1.484601726e+01 +1.484601726e+01
5765 0 +3.302146672e+01 +1.319146672e+01 +1.319146672e+01
5977 0 +3.071505969e+01 +1.088505969e+01 +1.088505969e+01
6077 0 +2.941221626e+01 +9.582216256e+00 +9.582216256e+00
6087 0 +2.661088374e+01 +6.780883738e+00 +6.780883738e+00
6502 0 +2.434927058e+01 +4.519270580e+00 +4.519270580e+00
6609 0 +1.960347587e+01 -2.265241344e-01 -2.265241344e-01
6728 0 +1.864061672e+01 -1.189383276e+00 -1.189383276e+00
6921 0 +1.459373241e+01 -5.236267594e+00 -5.236267594e+00
7056 0 +1.384859673e+01 -5.981403269e+00 -5.981403269e+00
7063 0 +1.353612258e+01 -6.293877416e+00 -6.293877416e+00
7095 0 +1.315248212e+01 -6.677517884e+00 -6.677517884e+00
7103 0 +1.131999831e+01 -8.510001693e+00 -8.510001693e+00
7146 0 +1.110670216e+01 -8.723297844e+00 -8.723297844e+00
7149 0 +8.334081341e+00 -1.149591866e+01 -1.149591866e+01
7225 0 +7.976845043e+00 -1.185315496e+01 -1.185315496e+01
7299 0 +6.578582879e+00 -1.325141712e+01 -1.325141712e+01
7323 0 +3.972242634e+00 -1.585775737e+01 -1.585775737e+01
7941 0 +3.617798604e+00 -1.621220140e+01 -1.621220140e+01
7963 0 +3.511736960e+00 -1.631826304e+01 -1.631826304e+01
8123 0 +2.810155675e+00 -1.701984433e+01 -1.701984433e+01
8156 0 +2.581111754e+00 -1.724888825e+01 -1.724888825e+01
8540 0 +2.365602435e+00 -1.746439756e+01 -1.746439756e+01
8797 0 +2.052664913e+00 -1.777733509e+01 -1.777733509e+01
8887 0 +1.970994298e+00 -1.785900570e+01 -1.785900570e+01
8991 0 +1.839612280e+00 -1.799038772e+01 -1.799038772e+01
9791 0 +1.807932245e+00 -1.802206775e+01 -1.802206775e+01
9815 0 +1.765122141e+00 -1.806487786e+01 -1.806487786e+01
9837 0 +1.619335861e+00 -1.821066414e+01 -1.821066414e+01
9857 0 +1.495462242e+00 -1.833453776e+01 -1.833453776e+01
9901 0 +1.438871944e+00 -1.839112806e+01 -1.839112806e+01
10231 0 +9.664806441e-01 -1.886351936e+01 -1.886351936e+01
10271 0 +7.780539804e-01 -1.905194602e+01 -1.905194602e+01
10736 0 +7.684593981e-01 -1.906154060e+01 -1.906154060e+01
10778 0 +5.045284379e-01 -1.932547156e+01 -1.932547156e+01
10817 0 +4.951495616e-01 -1.933485044e+01 -1.933485044e+01
10938 0 +4.118150669e-01 -1.941818493e+01 -1.941818493e+01
10939 0 +3.437023805e-01 -1.948629762e+01 -1.948629762e+01
11467 0 +1.763201304e-01 -1.965367987e+01 -1.965367987e+01
11846 0 +1.407547159e-01 -1.968924528e+01 -1.968924528e+01
11861 0 +1.330305646e-01 -1.969696944e+01 -1.969696944e+01
12160 0 +1.155750006e-01 -1.971442500e+01 -1.971442500e+01
12322 0 +7.237664820e-02 -1.975762335e+01 -1.975762335e+01
12621 0 +6.224585954e-02 -1.976775414e+01 -1.976775414e+01
12734 0 +4.959719678e-02 -1.978040280e+01 -1.978040280e+01
12776 0 +3.248154734e-02 -1.979751845e+01 -1.979751845e+01
13151 0 +3.223959517e-02 -1.979776040e+01 -1.979776040e+01
13206 0 +1.986600647e-02 -1.981013399e+01 -1.981013399e+01
13662 0 +1.819624745e-02 -1.981180375e+01 -1.981180375e+01
13734 0 +1.662631183e-02 -1.981337369e+01 -1.981337369e+01
14590 0 +1.646867718e-02 -1.981353132e+01 -1.981353132e+01
14785 0 +1.417519165e-02 -1.981582481e+01 -1.981582481e+01
15021 0 +1.327971630e-02 -1.981672028e+01 -1.981672028e+01
15690 0 +1.194636985e-02 -1.981805363e+01 -1.981805363e+01
15695 0 +1.152466288e-02 -1.981847534e+01 -1.981847534e+01
15724 0 +1.125385167e-02 -1.981874615e+01 -1.981874615e+01
15737 0 +9.100157392e-03 -1.982089984e+01 -1.982089984e+01
15748 0 +6.120470984e-03 -1.982387953e+01 -1.982387953e+01
15899 0 +5.651425413e-03 -1.982434857e+01 -1.982434857e+01
15972 0 +5.579374260e-03 -1.982442063e+01 -1.982442063e+01
16004 0 +5.429394371e-03 -1.982457061e+01 -1.982457061e+01
16260 0 +3.336250518e-03 -1.982666375e+01 -1.982666375e+01
17144 0 +3.240983861e-03 -1.982675902e+01 -1.982675902e+01
17206 0 +1.237991335e-03 -1.982876201e+01 -1.982876201e+01
17664 0 +1.170470819e-03 -1.982882953e+01 -1.982882953e+01
17686 0 +1.001675121e-03 -1.982899832e+01 -1.982899832e+01
17726 0 +9.317982118e-04 -1.982906820e+01 -1.982906820e+01
17774 0 +9.000281031e-04 -1.982909997e+01 -1.982909997e+01
17853 0 +8.415836294e-04 -1.982915842e+01 -1.982915842e+01
18189 0 +7.551011556e-04 -1.982924490e+01 -1.982924490e+01
18775 0 +6.929436360e-04 -1.982930706e+01 -1.982930706e+01
18808 0 +5.243522811e-04 -1.982947565e+01 -1.982947565e+01
18855 0 +4.430455281e-04 -1.982955695e+01 -1.982955695e+01
18859 0 +3.848347212e-04 -1.982961517e+01 -1.982961517e+01
19037 0 +2.994394180e-04 -1.982970056e+01 -1.982970056e+01
19115 0 +2.833850568e-04 -1.982971661e+01 -1.982971661e+01
19120 0 +2.221708809e-04 -1.982977783e+01 -1.982977783e+01
19186 0 +2.161315645e-04 -1.982978387e+01 -1.982978387e+01
19238 0 +2.076753040e-04 -1.982979232e+01 -1.982979232e+01
19370 0 +1.745365187e-04 -1.982982546e+01 -1.982982546e+01
19567 0 +1.550976814e-04 -1.982984490e+01 -1.982984490e+01
19721 0 +1.299387266e-04 -1.982987006e+01 -1.982987006e+01
20119 0 +9.913682873e-05 -1.982990086e+01 -1.982990086e+01
20300 0 +8.386473503e-05 -1.982991614e+01 -1.982991614e+01
20795 0 +6.502457138e-05 -1.982993498e+01 -1.982993498e+01
20804 0 +2.617832713e-05 -1.982997382e+01 -1.982997382e+01
22071 0 +2.332701152e-05 -1.982997667e+01 -1.982997667e+01
22293 0 +1.690306900e-05 -1.982998310e+01 -1.982998310e+01
22509 0 +7.209894996e-06 -1.982999279e+01 -1.982999279e+01
23401 0 +6.649429288e-06 -1.982999335e+01 -1.982999335e+01
23418 0 +6.567769503e-06 -1.982999343e+01 -1.982999343e+01
23435 0 +6.357089376e-06 -1.982999364e+01 -1.982999364e+01
23847 0 +6.197627187e-06 -1.982999380e+01 -1.982999380e+01
24003 0 +6.119447391e-06 -1.982999388e+01 -1.982999388e+01
24138 0 +5.970439194e-06 -1.982999403e+01 -1.982999403e+01
24310 0 +5.507242633e-06 -1.982999449e+01 -1.982999449e+01
24337 0 +3.486888740e-06 -1.982999651e+01 -1.982999651e+01
24702 0 +2.821279310e-06 -1.982999718e+01 -1.982999718e+01
24849 0 +1.633889305e-06 -1.982999837e+01 -1.982999837e+01
25545 0 +1.611779076e-06 -1.982999839e+01 -1.982999839e+01
25751 0 +1.583978058e-06 -1.982999842e+01 -1.982999842e+01
25787 0 +1.442469316e-06 -1.982999856e+01 -1.982999856e+01
25808 0 +1.216019914e-06 -1.982999878e+01 -1.982999878e+01
25880 0 +1.129496592e-06 -1.982999887e+01 -1.982999887e+01
26258 0 +9.372488599e-07 -1.982999906e+01 -1.982999906e+01
26391 0 +8.603632580e-07 -1.982999914e+01 -1.982999914e+01
26601 0 +6.685609897e-07 -1.982999933e+01 -1.982999933e+01
26912 0 +5.884891188e-07 -1.982999941e+01 -1.982999941e+01
26936 0 +5.386172930e-07 -1.982999946e+01 -1.982999946e+01
27064 0 +3.824462063e-07 -1.982999962e+01 -1.982999962e+01
27105 0 +2.732254742e-07 -1.982999973e+01 -1.982999973e+01
27418 0 +2.592183570e-07 -1.982999974e+01 -1.982999974e+01
28435 0 +2.550631741e-07 -1.982999974e+01 -1.982999974e+01
28724 0 +2.326047017e-07 -1.982999977e+01 -1.982999977e+01
28740 0 +2.215800556e-07 -1.982999978e+01 -1.982999978e+01
28783 0 +1.559624820e-07 -1.982999984e+01 -1.982999984e+01
29453 0 +1.543273527e-07 -1.982999985e+01 -1.982999985e+01
29504 0 +1.392437383e-07 -1.982999986e+01 -1.982999986e+01
29554 0 +1.374014147e-07 -1.982999986e+01 -1.982999986e+01
29619 0 +7.533486368e-08 -1.982999992e+01 -1.982999992e+01
29877 0 +6.863269775e-08 -1.982999993e+01 -1.982999993e+01
30402 0 +6.631339744e-08 -1.982999993e+01 -1.982999993e+01
30410 0 +5.409779646e-08 -1.982999995e+01 -1.982999995e+01
30411 0 +5.254890922e-08 -1.982999995e+01 -1.982999995e+01
30678 0 +4.469860571e-08 -1.982999996e+01 -1.982999996e+01
30749 0 +4.421825039e-08 -1.982999996e+01 -1.982999996e+01
30979 0 +3.657536496e-08 -1.982999996e+01 -1.982999996e+01
30995 0 +3.435457430e-08 -1.982999997e+01 -1.982999997e+01
31200 0 +3.187522069e-08 -1.982999997e+01 -1.982999997e+01
31317 0 +2.657181852e-08 -1.982999997e+01 -1.982999997e+01
31553 0 +1.644978198e-08 -1.982999998e+01 -1.982999998e+01
31704 0 +1.308229614e-08 -1.982999999e+01 -1.982999999e+01
31713 0 +1.229521374e-08 -1.982999999e+01 -1.982999999e+01
31744 0 +1.185183507e-08 -1.982999999e+01 -1.982999999e+01
32262 0 +1.159567020e-08 -1.982999999e+01 -1.982999999e+01
32360 0 +1.112022119e-08 -1.982999999e+01 -1.982999999e+01
32418 0 +1.079763834e-08 -1.982999999e+01 -1.982999999e+01
32689 0 +6.162771626e-09 -1.982999999e+01 -1.982999999e+01
43424 0 +8.704148513e-13 -1.983000000e+01 -1.983000000e+01
49968 0 +0.000000000e+00 -1.983000000e+01 -1.983000000e+01
400006 0 +0.000000000e+00 -1.983000000e+01 -1.983000000e+01
