% f evaluations | g evaluations | best noise-free fitness - Fopt (1.238300000000e+02) + sum g_i+ | measured fitness | best measured fitness or single-digit g-values | x1 | x2...
1 0 +2.535000000e+02 +3.773300000e+02 +3.773300000e+02
10572 0 +2.510581699e+02 +3.748881699e+02 +3.748881699e+02
10874 0 +2.448664199e+02 +3.686964199e+02 +3.686964199e+02
10941 0 +2.302169551e+02 +3.540469551e+02 +3.540469551e+02
11242 0 +2.070168925e+02 +3.308468925e+02 +3.308468925e+02
11315 0 +1.821848931e+02 +3.060148931e+02 +3.060148931e+02
11420 0 +1.708488803e+02 +2.946788803e+02 +2.946788803e+02
12001 0 +1.389299600e+02 +2.627599600e+02 +2.627599600e+02
12065 0 +1.295349817e+02 +2.533649817e+02 +2.533649817e+02
12394 0 +1.176915330e+02 +2.415215330e+02 +2.415215330e+02
12839 0 +1.108735106e+02 +2.347035106e+02 +2.347035106e+02
12883 0 +9.905237439e+01 +2.228823744e+02 +2.228823744e+02
13068 0 +9.326225453e+01 +2.170922545e+02 +2.170922545e+02
13474 0 +8.885766348e+01 +2.126876635e+02 +2.126876635e+02
13483 0 +8.215673094e+01 +2.059867309e+02 +2.059867309e+02
13836 0 +8.040890252e+01 +2.042389025e+02 +2.042389025e+02
13942 0 +7.752078545e+01 +2.013507855e+02 +2.013507855e+02
13962 0 +7.177839584e+01 +1.956083958e+02 +1.956083958e+02
14007 0 +6.777318569e+01 +1.916031857e+02 +1.916031857e+02
14281 0 +6.529607335e+01 +1.891260734e+02 +1.891260734e+02
14297 0 +6.246807846e+01 +1.862980785e+02 +1.862980785e+02
14423 0 +6.101232761e+01 +1.848423276e+02 +1.848423276e+02
14452 0 +5.798863664e+01 +1.818186366e+02 +1.818186366e+02
14808 0 +5.478990960e+01 +1.786199096e+02 +1.786199096e+02
14919 0 +5.019978348e+01 +1.740297835e+02 +1.740297835e+02
15308 0 +4.779919686e+01 +1.716291969e+02 +1.716291969e+02
15474 0 +4.617629651e+01 +1.700062965e+02 +1.700062965e+02
15932 0 +4.506295072e+01 +1.688929507e+02 +1.688929507e+02
16328 0 +4.338595832e+01 +1.672159583e+02 +1.672159583e+02
16705 0 +4.256680455e+01 +1.663968045e+02 +1.663968045e+02
17013 0 +4.159651544e+01 +1.654265154e+02 +1.654265154e+02
17682 0 +4.064779995e+01 +1.644778000e+02 +1.644778000e+02
18144 0 +3.974831404e+01 +1.635783140e+02 +1.635783140e+02
18831 0 +3.876851810e+01 +1.625985181e+02 +1.625985181e+02
19509 0 +3.792082567e+01 +1.617508257e+02 +1.617508257e+02
20906 0 +3.710838046e+01 +1.609383805e+02 +1.609383805e+02
23953 0 +3.627739027e+01 +1.601073903e+02 +1.601073903e+02
29221 0 +3.548013117e+01 +1.593101312e+02 +1.593101312e+02
36489 0 +3.467239673e+01 +1.585023967e+02 +1.585023967e+02
44852 0 +3.388257259e+01 +1.577125726e+02 +1.577125726e+02
53543 0 +3.311256899e+01 +1.569425690e+02 +1.569425690e+02
62829 0 +3.235823117e+01 +1.561882312e+02 +1.561882312e+02
71938 0 +3.162225760e+01 +1.554522576e+02 +1.554522576e+02
78804 0 +3.090276526e+01 +1.547327653e+02 +1.547327653e+02
86643 0 +3.019720615e+01 +1.540272061e+02 +1.540272061e+02
95036 0 +2.950917052e+01 +1.533391705e+02 +1.533391705e+02
104180 0 +2.883744470e+01 +1.526674447e+02 +1.526674447e+02
113157 0 +2.818152513e+01 +1.520115251e+02 +1.520115251e+02
122311 0 +2.754128826e+01 +1.513712883e+02 +1.513712883e+02
132348 0 +2.691502195e+01 +1.507450219e+02 +1.507450219e+02
141236 0 +2.629987019e+01 +1.501298702e+02 +1.501298702e+02
150707 0 +2.570254029e+01 +1.495325403e+02 +1.495325403e+02
159477 0 +2.511592396e+01 +1.489459240e+02 +1.489459240e+02
166394 0 +2.454612640e+01 +1.483761264e+02 +1.483761264e+02
174537 0 +2.398802708e+01 +1.478180271e+02 +1.478180271e+02
185522 0 +2.344162209e+01 +1.472716221e+02 +1.472716221e+02
195022 0 +2.290632133e+01 +1.467363213e+02 +1.467363213e+02
204140 0 +2.238677966e+01 +1.462167797e+02 +1.462167797e+02
213062 0 +2.187567098e+01 +1.457056710e+02 +1.457056710e+02
221527 0 +2.137846334e+01 +1.452084633e+02 +1.452084633e+02
229404 0 +2.089200087e+01 +1.447220009e+02 +1.447220009e+02
237435 0 +2.041669215e+01 +1.442466922e+02 +1.442466922e+02
246159 0 +1.995031164e+01 +1.437803116e+02 +1.437803116e+02
255594 0 +1.949831920e+01 +1.433283192e+02 +1.433283192e+02
265360 0 +1.905392537e+01 +1.428839254e+02 +1.428839254e+02
275868 0 +1.861974985e+01 +1.424497499e+02 +1.424497499e+02
285250 0 +1.819683528e+01 +1.420268353e+02 +1.420268353e+02
295182 0 +1.778276603e+01 +1.416127660e+02 +1.416127660e+02
304852 0 +1.737576803e+01 +1.412057680e+02 +1.412057680e+02
313386 0 +1.698057665e+01 +1.408105767e+02 +1.408105767e+02
319962 0 +1.659371619e+01 +1.404237162e+02 +1.404237162e+02
327716 0 +1.621540046e+01 +1.400454005e+02 +1.400454005e+02
336726 0 +1.584886394e+01 +1.396788639e+02 +1.396788639e+02
343170 0 +1.548639726e+01 +1.393163973e+02 +1.393163973e+02
350226 0 +1.513547544e+01 +1.389654754e+02 +1.389654754e+02
356125 0 +1.479032587e+01 +1.386203259e+02 +1.386203259e+02
362277 0 +1.445406859e+01 +1.382840686e+02 +1.382840686e+02
368589 0 +1.412522184e+01 +1.379552218e+02 +1.379552218e+02
374250 0 +1.380369820e+01 +1.376336982e+02 +1.376336982e+02
379774 0 +1.348932131e+01 +1.373193213e+02 +1.373193213e+02
385235 0 +1.318207869e+01 +1.370120787e+02 +1.370120787e+02
390831 0 +1.288226382e+01 +1.367122638e+02 +1.367122638e+02
395525 0 +1.258844088e+01 +1.364184409e+02 +1.364184409e+02
400014 0 +1.235722619e+01 +1.361872262e+02 +1.361872262e+02
% f evaluations | g evaluations | best noise-free fitness - Fopt (4.751000000000e+01) + sum g_i+ | measured fitness | best measured fitness or single-digit g-values | x1 | x2...
1 0 +2.535000000e+02 +3.010100000e+02 +3.010100000e+02
11537 0 +2.476819526e+02 +2.951919526e+02 +2.951919526e+02
11625 0 +2.385260830e+02 +2.860360830e+02 +2.860360830e+02
11659 0 +2.276596382e+02 +2.751696382e+02 +2.751696382e+02
12179 0 +2.133981012e+02 +2.609081012e+02 +2.609081012e+02
12433 0 +2.043172683e+02 +2.518272683e+02 +2.518272683e+02
12773 0 +2.014427684e+02 +2.489527684e+02 +2.489527684e+02
12981 0 +1.916506629e+02 +2.391606629e+02 +2.391606629e+02
13076 0 +1.853392146e+02 +2.328492146e+02 +2.328492146e+02
13293 0 +1.547089533e+02 +2.022189533e+02 +2.022189533e+02
13962 0 +1.490952029e+02 +1.966052029e+02 +1.966052029e+02
14102 0 +1.442415026e+02 +1.917515026e+02 +1.917515026e+02
14513 0 +1.391583135e+02 +1.866683135e+02 +1.866683135e+02
14557 0 +1.370307300e+02 +1.845407300e+02 +1.845407300e+02
14609 0 +1.329802243e+02 +1.804902243e+02 +1.804902243e+02
14621 0 +1.230421629e+02 +1.705521629e+02 +1.705521629e+02
15497 0 +1.229485368e+02 +1.704585368e+02 +1.704585368e+02
15682 0 +1.193598005e+02 +1.668698005e+02 +1.668698005e+02
15830 0 +1.153530831e+02 +1.628630831e+02 +1.628630831e+02
15998 0 +1.140984065e+02 +1.616084065e+02 +1.616084065e+02
16093 0 +1.118117924e+02 +1.593217924e+02 +1.593217924e+02
16167 0 +1.083302656e+02 +1.558402656e+02 +1.558402656e+02
16557 0 +1.059891928e+02 +1.534991928e+02 +1.534991928e+02
16688 0 +1.026308723e+02 +1.501408723e+02 +1.501408723e+02
17007 0 +1.021859667e+02 +1.496959667e+02 +1.496959667e+02
17507 0 +9.935095523e+01 +1.468609552e+02 +1.468609552e+02
17865 0 +9.664428206e+01 +1.441542821e+02 +1.441542821e+02
18224 0 +9.515682738e+01 +1.426668274e+02 +1.426668274e+02
18769 0 +9.319807249e+01 +1.407080725e+02 +1.407080725e+02
19025 0 +9.114378676e+01 +1.386537868e+02 +1.386537868e+02
19073 0 +8.906464313e+01 +1.365746431e+02 +1.365746431e+02
19143 0 +8.681019809e+01 +1.343201981e+02 +1.343201981e+02
19237 0 +8.490135546e+01 +1.324113555e+02 +1.324113555e+02
19294 0 +8.283477850e+01 +1.303447785e+02 +1.303447785e+02
19357 0 +8.115326465e+01 +1.286632647e+02 +1.286632647e+02
19393 0 +7.838789330e+01 +1.258978933e+02 +1.258978933e+02
19475 0 +7.751822153e+01 +1.250282215e+02 +1.250282215e+02
19512 0 +7.584039559e+01 +1.233503956e+02 +1.233503956e+02
19569 0 +7.403448449e+01 +1.215444845e+02 +1.215444845e+02
19600 0 +7.160856276e+01 +1.191185628e+02 +1.191185628e+02
19639 0 +7.074380236e+01 +1.182538024e+02 +1.182538024e+02
19681 0 +6.851018773e+01 +1.160201877e+02 +1.160201877e+02
19705 0 +6.623976492e+01 +1.137497649e+02 +1.137497649e+02
19725 0 +6.601104314e+01 +1.135210431e+02 +1.135210431e+02
19787 0 +6.275988159e+01 +1.102698816e+02 +1.102698816e+02
19890 0 +6.106846447e+01 +1.085784645e+02 +1.085784645e+02
19926 0 +6.022089103e+01 +1.077308910e+02 +1.077308910e+02
19947 0 +5.867482795e+01 +1.061848280e+02 +1.061848280e+02
20043 0 +5.652701606e+01 +1.040370161e+02 +1.040370161e+02
20109 0 +5.589983102e+01 +1.034098310e+02 +1.034098310e+02
20167 0 +5.411662553e+01 +1.016266255e+02 +1.016266255e+02
20192 0 +5.300948315e+01 +1.005194831e+02 +1.005194831e+02
20232 0 +5.004589811e+01 +9.755589811e+01 +9.755589811e+01
20281 0 +4.859730138e+01 +9.610730138e+01 +9.610730138e+01
20351 0 +4.755087987e+01 +9.506087987e+01 +9.506087987e+01
20490 0 +4.662921426e+01 +9.413921426e+01 +9.413921426e+01
20560 0 +4.539467104e+01 +9.290467104e+01 +9.290467104e+01
20569 0 +4.440829211e+01 +9.191829211e+01 +9.191829211e+01
20761 0 +4.324087901e+01 +9.075087901e+01 +9.075087901e+01
20762 0 +4.250901125e+01 +9.001901125e+01 +9.001901125e+01
20926 0 +4.111713892e+01 +8.862713892e+01 +8.862713892e+01
20936 0 +4.053315984e+01 +8.804315984e+01 +8.804315984e+01
21222 0 +3.930294911e+01 +8.681294911e+01 +8.681294911e+01
22064 0 +3.873054631e+01 +8.624054631e+01 +8.624054631e+01
22520 0 +3.777164766e+01 +8.528164766e+01 +8.528164766e+01
25613 0 +3.705219473e+01 +8.456219473e+01 +8.456219473e+01
27308 0 +3.630618228e+01 +8.381618228e+01 +8.381618228e+01
31145 0 +3.547630138e+01 +8.298630138e+01 +8.298630138e+01
37680 0 +3.467212144e+01 +8.218212144e+01 +8.218212144e+01
45534 0 +3.388164986e+01 +8.139164986e+01 +8.139164986e+01
54233 0 +3.310902200e+01 +8.061902200e+01 +8.061902200e+01
62435 0 +3.235427248e+01 +7.986427248e+01 +7.986427248e+01
71246 0 +3.162089190e+01 +7.913089190e+01 +7.913089190e+01
81640 0 +3.089994178e+01 +7.840994178e+01 +7.840994178e+01
91659 0 +3.019857812e+01 +7.770857812e+01 +7.770857812e+01
100759 0 +2.951173758e+01 +7.702173758e+01 +7.702173758e+01
109436 0 +2.883783677e+01 +7.634783677e+01 +7.634783677e+01
118929 0 +2.818191456e+01 +7.569191456e+01 +7.569191456e+01
126868 0 +2.753932689e+01 +7.504932689e+01 +7.504932689e+01
136453 0 +2.691502131e+01 +7.442502131e+01 +7.442502131e+01
144704 0 +2.630148996e+01 +7.381148996e+01 +7.381148996e+01
153340 0 +2.570387558e+01 +7.321387558e+01 +7.321387558e+01
162715 0 +2.511681292e+01 +7.262681292e+01 +7.262681292e+01
171993 0 +2.454549911e+01 +7.205549911e+01 +7.205549911e+01
180911 0 +2.398582376e+01 +7.149582376e+01 +7.149582376e+01
189939 0 +2.344155899e+01 +7.095155899e+01 +7.095155899e+01
198161 0 +2.290752783e+01 +7.041752783e+01 +7.041752783e+01
206841 0 +2.238682531e+01 +6.989682531e+01 +6.989682531e+01
216453 0 +2.187675102e+01 +6.938675102e+01 +6.938675102e+01
225627 0 +2.137941074e+01 +6.888941074e+01 +6.888941074e+01
234945 0 +2.089243134e+01 +6.840243134e+01 +6.840243134e+01
244076 0 +2.041699518e+01 +6.792699518e+01 +6.792699518e+01
253584 0 +1.995190880e+01 +6.746190880e+01 +6.746190880e+01
262253 0 +1.949649041e+01 +6.700649041e+01 +6.700649041e+01
270720 0 +1.905278628e+01 +6.656278628e+01 +6.656278628e+01
278799 0 +1.861783168e+01 +6.612783168e+01 +6.612783168e+01
286905 0 +1.819566257e+01 +6.570566257e+01 +6.570566257e+01
295467 0 +1.778195757e+01 +6.529195757e+01 +6.529195757e+01
303894 0 +1.737754453e+01 +6.488754453e+01 +6.488754453e+01
310723 0 +1.698152764e+01 +6.449152764e+01 +6.449152764e+01
317503 0 +1.659566552e+01 +6.410566552e+01 +6.410566552e+01
324944 0 +1.621729968e+01 +6.372729968e+01 +6.372729968e+01
332296 0 +1.584864224e+01 +6.335864224e+01 +6.335864224e+01
340297 0 +1.548798131e+01 +6.299798131e+01 +6.299798131e+01
348278 0 +1.513417308e+01 +6.264417308e+01 +6.264417308e+01
355695 0 +1.479086162e+01 +6.230086162e+01 +6.230086162e+01
363031 0 +1.445394765e+01 +6.196394765e+01 +6.196394765e+01
371572 0 +1.412517826e+01 +6.163517826e+01 +6.163517826e+01
380144 0 +1.380351008e+01 +6.131351008e+01 +6.131351008e+01
388389 0 +1.348666670e+01 +6.099666670e+01 +6.099666670e+01
396901 0 +1.318227627e+01 +6.069227627e+01 +6.069227627e+01
400011 0 +1.306492087e+01 +6.057492087e+01 +6.057492087e+01
% f evaluations | g evaluations | best noise-free fitness - Fopt (5.534000000000e+01) + sum g_i+ | measured fitness | best measured fitness or single-digit g-values | x1 | x2...
1 0 +2.535000000e+02 +3.088400000e+02 +3.088400000e+02
10719 0 +2.500149570e+02 +3.053549570e+02 +3.053549570e+02
10796 0 +2.428999852e+02 +2.982399852e+02 +2.982399852e+02
10901 0 +1.970873952e+02 +2.524273952e+02 +2.524273952e+02
11129 0 +1.727342238e+02 +2.280742238e+02 +2.280742238e+02
11210 0 +1.640936177e+02 +2.194336177e+02 +2.194336177e+02
11802 0 +1.609887297e+02 +2.163287297e+02 +2.163287297e+02
11988 0 +1.496976926e+02 +2.050376926e+02 +2.050376926e+02
12096 0 +1.463167408e+02 +2.016567408e+02 +2.016567408e+02
12192 0 +1.305764363e+02 +1.859164363e+02 +1.859164363e+02
12318 0 +1.279218872e+02 +1.832618872e+02 +1.832618872e+02
12334 0 +1.223907447e+02 +1.777307447e+02 +1.777307447e+02
12399 0 +1.201571370e+02 +1.754971370e+02 +1.754971370e+02
12412 0 +9.986226821e+01 +1.552022682e+02 +1.552022682e+02
13024 0 +9.703915529e+01 +1.523791553e+02 +1.523791553e+02
13248 0 +8.824928429e+01 +1.435892843e+02 +1.435892843e+02
13343 0 +7.794184709e+01 +1.332818471e+02 +1.332818471e+02
13496 0 +7.024898257e+01 +1.255889826e+02 +1.255889826e+02
13580 0 +6.045040391e+01 +1.157904039e+02 +1.157904039e+02
14968 0 +5.732469198e+01 +1.126646920e+02 +1.126646920e+02
15096 0 +5.246528882e+01 +1.078052888e+02 +1.078052888e+02
15615 0 +5.110026412e+01 +1.064402641e+02 +1.064402641e+02
15642 0 +4.939166178e+01 +1.047316618e+02 +1.047316618e+02
15869 0 +4.770527324e+01 +1.030452732e+02 +1.030452732e+02
16038 0 +4.621263706e+01 +1.015526371e+02 +1.015526371e+02
16272 0 +4.496208088e+01 +1.003020809e+02 +1.003020809e+02
16323 0 +4.397910522e+01 +9.931910522e+01 +9.931910522e+01
16708 0 +4.342723023e+01 +9.876723023e+01 +9.876723023e+01
16710 0 +4.263230307e+01 +9.797230307e+01 +9.797230307e+01
17080 0 +4.055905596e+01 +9.589905596e+01 +9.589905596e+01
17862 0 +3.969164953e+01 +9.503164953e+01 +9.503164953e+01
17947 0 +3.867189474e+01 +9.401189474e+01 +9.401189474e+01
18456 0 +3.786027447e+01 +9.320027447e+01 +9.320027447e+01
20187 0 +3.712039916e+01 +9.246039916e+01 +9.246039916e+01
22349 0 +3.618976452e+01 +9.152976452e+01 +9.152976452e+01
25428 0 +3.548127686e+01 +9.082127686e+01 +9.082127686e+01
30898 0 +3.466639682e+01 +9.000639682e+01 +9.000639682e+01
37814 0 +3.387782648e+01 +8.921782648e+01 +8.921782648e+01
46425 0 +3.311291481e+01 +8.845291481e+01 +8.845291481e+01
55679 0 +3.235820115e+01 +8.769820115e+01 +8.769820115e+01
63386 0 +3.162049165e+01 +8.696049165e+01 +8.696049165e+01
70610 0 +3.090231708e+01 +8.624231708e+01 +8.624231708e+01
79322 0 +3.019853512e+01 +8.553853512e+01 +8.553853512e+01
87501 0 +2.951040966e+01 +8.485040966e+01 +8.485040966e+01
96571 0 +2.883908808e+01 +8.417908808e+01 +8.417908808e+01
104467 0 +2.818290546e+01 +8.352290546e+01 +8.352290546e+01
113901 0 +2.754180377e+01 +8.288180377e+01 +8.288180377e+01
124208 0 +2.691420077e+01 +8.225420077e+01 +8.225420077e+01
134145 0 +2.630174862e+01 +8.164174862e+01 +8.164174862e+01
144268 0 +2.570324642e+01 +8.104324642e+01 +8.104324642e+01
154469 0 +2.511754991e+01 +8.045754991e+01 +8.045754991e+01
164316 0 +2.454435194e+01 +7.988435194e+01 +7.988435194e+01
173105 0 +2.398644666e+01 +7.932644666e+01 +7.932644666e+01
184178 0 +2.344200663e+01 +7.878200663e+01 +7.878200663e+01
193664 0 +2.290759909e+01 +7.824759909e+01 +7.824759909e+01
202363 0 +2.238580539e+01 +7.772580539e+01 +7.772580539e+01
210759 0 +2.187686460e+01 +7.721686460e+01 +7.721686460e+01
220453 0 +2.137813439e+01 +7.671813439e+01 +7.671813439e+01
230086 0 +2.089290965e+01 +7.623290965e+01 +7.623290965e+01
241863 0 +2.041729836e+01 +7.575729836e+01 +7.575729836e+01
252320 0 +1.995092223e+01 +7.529092223e+01 +7.529092223e+01
261742 0 +1.949685115e+01 +7.483685115e+01 +7.483685115e+01
270868 0 +1.905423134e+01 +7.439423134e+01 +7.439423134e+01
279284 0 +1.862065885e+01 +7.396065885e+01 +7.396065885e+01
288173 0 +1.819699160e+01 +7.353699160e+01 +7.353699160e+01
296541 0 +1.778169208e+01 +7.312169208e+01 +7.312169208e+01
304495 0 +1.737759982e+01 +7.271759982e+01 +7.271759982e+01
313392 0 +1.698017198e+01 +7.232017198e+01 +7.232017198e+01
320785 0 +1.659532854e+01 +7.193532854e+01 +7.193532854e+01
329240 0 +1.621755520e+01 +7.155755520e+01 +7.155755520e+01
338327 0 +1.584864914e+01 +7.118864914e+01 +7.118864914e+01
347212 0 +1.548530378e+01 +7.082530378e+01 +7.082530378e+01
354621 0 +1.513442145e+01 +7.047442145e+01 +7.047442145e+01
363422 0 +1.479108222e+01 +7.013108222e+01 +7.013108222e+01
371625 0 +1.445425311e+01 +6.979425311e+01 +6.979425311e+01
380726 0 +1.412384718e+01 +6.946384718e+01 +6.946384718e+01
390963 0 +1.380347499e+01 +6.914347499e+01 +6.914347499e+01
399919 0 +1.348660123e+01 +6.882660123e+01 +6.882660123e+01
400002 0 +1.348598121e+01 +6.882598121e+01 +6.882598121e+01
% f evaluations | g evaluations | best noise-free fitness - Fopt (-9.033000000000e+01) + sum g_i+ | measured fitness | best measured fitness or single-digit g-values | x1 | x2...
1 0 +2.535000000e+02 +1.631700000e+02 +1.631700000e+02
9443 0 +2.388448873e+02 +1.485148873e+02 +1.485148873e+02
9545 0 +2.282878106e+02 +1.379578106e+02 +1.379578106e+02
9652 0 +2.219240844e+02 +1.315940844e+02 +1.315940844e+02
9684 0 +2.079322095e+02 +1.176022095e+02 +1.176022095e+02
9773 0 +1.745103015e+02 +8.418030154e+01 +8.418030154e+01
9926 0 +1.690003882e+02 +7.867038817e+01 +7.867038817e+01
9990 0 +1.524137770e+02 +6.208377704e+01 +6.208377704e+01
10015 0 +1.322196661e+02 +4.188966612e+01 +4.188966612e+01
10772 0 +1.265171573e+02 +3.618715727e+01 +3.618715727e+01
10792 0 +1.205234912e+02 +3.019349124e+01 +3.019349124e+01
10844 0 +1.197645431e+02 +2.943454312e+01 +2.943454312e+01
10954 0 +1.101452880e+02 +1.981528803e+01 +1.981528803e+01
11198 0 +9.821908634e+01 +7.889086335e+00 +7.889086335e+00
11804 0 +9.449336347e+01 +4.163363465e+00 +4.163363465e+00
11922 0 +9.178581400e+01 +1.455813997e+00 +1.455813997e+00
12043 0 +8.908760233e+01 -1.242397667e+00 -1.242397667e+00
12194 0 +8.677000816e+01 -3.559991842e+00 -3.559991842e+00
12204 0 +7.568468127e+01 -1.464531873e+01 -1.464531873e+01
12519 0 +7.362580916e+01 -1.670419084e+01 -1.670419084e+01
12760 0 +6.495854274e+01 -2.537145726e+01 -2.537145726e+01
13181 0 +6.143222789e+01 -2.889777211e+01 -2.889777211e+01
13189 0 +5.900785947e+01 -3.132214053e+01 -3.132214053e+01
13909 0 +5.645440015e+01 -3.387559985e+01 -3.387559985e+01
14020 0 +5.497788196e+01 -3.535211804e+01 -3.535211804e+01
14265 0 +5.385304466e+01 -3.647695534e+01 -3.647695534e+01
14682 0 +5.231770600e+01 -3.801229400e+01 -3.801229400e+01
14810 0 +4.685677402e+01 -4.347322598e+01 -4.347322598e+01
15527 0 +4.424343457e+01 -4.608656543e+01 -4.608656543e+01
15966 0 +4.334267383e+01 -4.698732617e+01 -4.698732617e+01
16434 0 +4.227737428e+01 -4.805262572e+01 -4.805262572e+01
16700 0 +4.162045333e+01 -4.870954667e+01 -4.870954667e+01
16909 0 +4.012669633e+01 -5.020330367e+01 -5.020330367e+01
17854 0 +3.973016631e+01 -5.059983369e+01 -5.059983369e+01
18209 0 +3.875672520e+01 -5.157327480e+01 -5.157327480e+01
20651 0 +3.801525826e+01 -5.231474174e+01 -5.231474174e+01
22171 0 +3.711908440e+01 -5.321091560e+01 -5.321091560e+01
25546 0 +3.630411112e+01 -5.402588888e+01 -5.402588888e+01
31164 0 +3.548010916e+01 -5.484989084e+01 -5.484989084e+01
39029 0 +3.467247760e+01 -5.565752240e+01 -5.565752240e+01
46987 0 +3.388291058e+01 -5.644708942e+01 -5.644708942e+01
54083 0 +3.311296542e+01 -5.721703458e+01 -5.721703458e+01
61092 0 +3.235750846e+01 -5.797249154e+01 -5.797249154e+01
68004 0 +3.162195508e+01 -5.870804492e+01 -5.870804492e+01
77451 0 +3.090239597e+01 -5.942760403e+01 -5.942760403e+01
88011 0 +3.019934491e+01 -6.013065509e+01 -6.013065509e+01
97261 0 +2.950860318e+01 -6.082139682e+01 -6.082139682e+01
104627 0 +2.883464782e+01 -6.149535218e+01 -6.149535218e+01
112382 0 +2.818374284e+01 -6.214625716e+01 -6.214625716e+01
121005 0 +2.754092582e+01 -6.278907418e+01 -6.278907418e+01
130359 0 +2.691523123e+01 -6.341476877e+01 -6.341476877e+01
139568 0 +2.630029821e+01 -6.402970179e+01 -6.402970179e+01
148741 0 +2.570028589e+01 -6.462971411e+01 -6.462971411e+01
157979 0 +2.511853442e+01 -6.521146558e+01 -6.521146558e+01
168203 0 +2.454507148e+01 -6.578492852e+01 -6.578492852e+01
179327 0 +2.398793841e+01 -6.634206159e+01 -6.634206159e+01
189781 0 +2.343976591e+01 -6.689023409e+01 -6.689023409e+01
201816 0 +2.290850964e+01 -6.742149036e+01 -6.742149036e+01
212180 0 +2.238616352e+01 -6.794383648e+01 -6.794383648e+01
222521 0 +2.187714256e+01 -6.845285744e+01 -6.845285744e+01
232950 0 +2.137864515e+01 -6.895135485e+01 -6.895135485e+01
241477 0 +2.089272473e+01 -6.943727527e+01 -6.943727527e+01
249543 0 +2.041706536e+01 -6.991293464e+01 -6.991293464e+01
258376 0 +1.995046119e+01 -7.037953881e+01 -7.037953881e+01
268584 0 +1.949842570e+01 -7.083157430e+01 -7.083157430e+01
278313 0 +1.905354081e+01 -7.127645919e+01 -7.127645919e+01
286435 0 +1.862062369e+01 -7.170937631e+01 -7.170937631e+01
294814 0 +1.819419575e+01 -7.213580425e+01 -7.213580425e+01
302710 0 +1.778144758e+01 -7.254855242e+01 -7.254855242e+01
310452 0 +1.737710973e+01 -7.295289027e+01 -7.295289027e+01
319369 0 +1.698136103e+01 -7.334863897e+01 -7.334863897e+01
328196 0 +1.659539116e+01 -7.373460884e+01 -7.373460884e+01
336324 0 +1.621806254e+01 -7.411193746e+01 -7.411193746e+01
343508 0 +1.584699322e+01 -7.448300678e+01 -7.448300678e+01
352092 0 +1.548744715e+01 -7.484255285e+01 -7.484255285e+01
359770 0 +1.513473044e+01 -7.519526956e+01 -7.519526956e+01
366225 0 +1.478907099e+01 -7.554092901e+01 -7.554092901e+01
373051 0 +1.445351068e+01 -7.587648932e+01 -7.587648932e+01
379958 0 +1.412399755e+01 -7.620600245e+01 -7.620600245e+01
387350 0 +1.380280666e+01 -7.652719334e+01 -7.652719334e+01
394785 0 +1.348541489e+01 -7.684458511e+01 -7.684458511e+01
400003 0 +1.329007295e+01 -7.703992705e+01 -7.703992705e+01
% f evaluations | g evaluations | best noise-free fitness - Fopt (6.561000000000e+01) + sum g_i+ | measured fitness | best measured fitness or single-digit g-values | x1 | x2...
1 0 +2.535000000e+02 +3.191100000e+02 +3.191100000e+02
9284 0 +2.457269280e+02 +3.113369280e+02 +3.113369280e+02
9302 0 +2.450123258e+02 +3.106223258e+02 +3.106223258e+02
9333 0 +2.269845665e+02 +2.925945665e+02 +2.925945665e+02
9774 0 +2.191978903e+02 +2.848078903e+02 +2.848078903e+02
9808 0 +2.063156684e+02 +2.719256684e+02 +2.719256684e+02
9881 0 +2.017153872e+02 +2.673253872e+02 +2.673253872e+02
9925 0 +1.823430456e+02 +2.479530456e+02 +2.479530456e+02
10348 0 +1.771635801e+02 +2.427735801e+02 +2.427735801e+02
10435 0 +1.561385303e+02 +2.217485303e+02 +2.217485303e+02
10454 0 +1.255032361e+02 +1.911132361e+02 +1.911132361e+02
11397 0 +1.161331141e+02 +1.817431141e+02 +1.817431141e+02
11421 0 +1.071032779e+02 +1.727132779e+02 +1.727132779e+02
11760 0 +8.825137334e+01 +1.538613733e+02 +1.538613733e+02
11900 0 +7.331798813e+01 +1.389279881e+02 +1.389279881e+02
12098 0 +6.849714394e+01 +1.341071439e+02 +1.341071439e+02
12625 0 +6.711872346e+01 +1.327287235e+02 +1.327287235e+02
12805 0 +6.606734550e+01 +1.316773455e+02 +1.316773455e+02
13038 0 +6.233893675e+01 +1.279489367e+02 +1.279489367e+02
13197 0 +6.097857239e+01 +1.265885724e+02 +1.265885724e+02
13254 0 +5.888190057e+01 +1.244919006e+02 +1.244919006e+02
13444 0 +5.674667626e+01 +1.223566763e+02 +1.223566763e+02
13806 0 +5.470625282e+01 +1.203162528e+02 +1.203162528e+02
14178 0 +5.269960435e+01 +1.183096044e+02 +1.183096044e+02
14343 0 +5.142850866e+01 +1.170385087e+02 +1.170385087e+02
14427 0 +5.116508797e+01 +1.167750880e+02 +1.167750880e+02
14451 0 +4.994218133e+01 +1.155521813e+02 +1.155521813e+02
15012 0 +4.744853362e+01 +1.130585336e+02 +1.130585336e+02
15063 0 +4.650470810e+01 +1.121147081e+02 +1.121147081e+02
15297 0 +4.484236190e+01 +1.104523619e+02 +1.104523619e+02
15451 0 +4.443649135e+01 +1.100464913e+02 +1.100464913e+02
15723 0 +4.346411796e+01 +1.090741180e+02 +1.090741180e+02
15899 0 +4.258237388e+01 +1.081923739e+02 +1.081923739e+02
16574 0 +4.157492647e+01 +1.071849265e+02 +1.071849265e+02
17129 0 +4.057724283e+01 +1.061872428e+02 +1.061872428e+02
17901 0 +3.963950318e+01 +1.052495032e+02 +1.052495032e+02
20086 0 +3.884220640e+01 +1.044522064e+02 +1.044522064e+02
21925 0 +3.797034806e+01 +1.035803481e+02 +1.035803481e+02
25964 0 +3.714910247e+01 +1.027591025e+02 +1.027591025e+02
31210 0 +3.630751372e+01 +1.019175137e+02 +1.019175137e+02
38175 0 +3.547675314e+01 +1.010867531e+02 +1.010867531e+02
45688 0 +3.467339485e+01 +1.002833949e+02 +1.002833949e+02
54316 0 +3.388361372e+01 +9.949361372e+01 +9.949361372e+01
63069 0 +3.311059110e+01 +9.872059110e+01 +9.872059110e+01
71149 0 +3.235385505e+01 +9.796385505e+01 +9.796385505e+01
79031 0 +3.162251608e+01 +9.723251608e+01 +9.723251608e+01
88226 0 +3.090194034e+01 +9.651194034e+01 +9.651194034e+01
99143 0 +3.019312792e+01 +9.580312792e+01 +9.580312792e+01
108795 0 +2.951197565e+01 +9.512197565e+01 +9.512197565e+01
119180 0 +2.883922062e+01 +9.444922062e+01 +9.444922062e+01
129167 0 +2.818024826e+01 +9.379024826e+01 +9.379024826e+01
139002 0 +2.754177312e+01 +9.315177312e+01 +9.315177312e+01
148296 0 +2.691334237e+01 +9.252334237e+01 +9.252334237e+01
156872 0 +2.630069925e+01 +9.191069925e+01 +9.191069925e+01
164933 0 +2.570182323e+01 +9.131182323e+01 +9.131182323e+01
174632 0 +2.511778270e+01 +9.072778270e+01 +9.072778270e+01
184030 0 +2.454694819e+01 +9.015694819e+01 +9.015694819e+01
193423 0 +2.398736887e+01 +8.959736887e+01 +8.959736887e+01
202150 0 +2.344150182e+01 +8.905150182e+01 +8.905150182e+01
210403 0 +2.290811321e+01 +8.851811321e+01 +8.851811321e+01
217584 0 +2.238558080e+01 +8.799558080e+01 +8.799558080e+01
224545 0 +2.187678587e+01 +8.748678587e+01 +8.748678587e+01
231062 0 +2.137796449e+01 +8.698796449e+01 +8.698796449e+01
238285 0 +2.088788231e+01 +8.649788231e+01 +8.649788231e+01
245841 0 +2.041658363e+01 +8.602658363e+01 +8.602658363e+01
253698 0 +1.995190416e+01 +8.556190416e+01 +8.556190416e+01
263071 0 +1.949638362e+01 +8.510638362e+01 +8.510638362e+01
271445 0 +1.905384637e+01 +8.466384637e+01 +8.466384637e+01
279559 0 +1.861854043e+01 +8.422854043e+01 +8.422854043e+01
289085 0 +1.819678225e+01 +8.380678225e+01 +8.380678225e+01
297383 0 +1.778256707e+01 +8.339256707e+01 +8.339256707e+01
305077 0 +1.737413474e+01 +8.298413474e+01 +8.298413474e+01
312916 0 +1.698220939e+01 +8.259220939e+01 +8.259220939e+01
320920 0 +1.659568724e+01 +8.220568724e+01 +8.220568724e+01
329709 0 +1.621766572e+01 +8.182766572e+01 +8.182766572e+01
338740 0 +1.584802577e+01 +8.145802577e+01 +8.145802577e+01
346134 0 +1.548806553e+01 +8.109806553e+01 +8.109806553e+01
353398 0 +1.513488527e+01 +8.074488527e+01 +8.074488527e+01
361374 0 +1.479018222e+01 +8.040018222e+01 +8.040018222e+01
370739 0 +1.445332639e+01 +8.006332639e+01 +8.006332639e+01
379990 0 +1.412493989e+01 +7.973493989e+01 +7.973493989e+01
388782 0 +1.380109712e+01 +7.941109712e+01 +7.941109712e+01
397445 0 +1.348934792e+01 +7.909934792e+01 +7.909934792e+01
400012 0 +1.338012471e+01 +7.899012471e+01 +7.899012471e+01
% f evaluations | g evaluations | best noise-free fitness - Fopt (9.348200000000e+02) + sum g_i+ | measured fitness | best measured fitness or single-digit g-values | x1 | x2...
1 0 +2.535000000e+02 +1.188320000e+03 +1.188320000e+03
9027 0 +2.313713162e+02 +1.166191316e+03 +1.166191316e+03
9386 0 +2.049258393e+02 +1.139745839e+03 +1.139745839e+03
9485 0 +1.880275600e+02 +1.122847560e+03 +1.122847560e+03
9938 0 +1.796721555e+02 +1.114492155e+03 +1.114492155e+03
10165 0 +1.560724058e+02 +1.090892406e+03 +1.090892406e+03
10208 0 +1.510959392e+02 +1.085915939e+03 +1.085915939e+03
10269 0 +1.422115545e+02 +1.077031554e+03 +1.077031554e+03
10271 0 +1.395601758e+02 +1.074380176e+03 +1.074380176e+03
10373 0 +1.359091233e+02 +1.070729123e+03 +1.070729123e+03
10551 0 +1.279559652e+02 +1.062775965e+03 +1.062775965e+03
10617 0 +1.250872135e+02 +1.059907213e+03 +1.059907213e+03
10621 0 +1.222487074e+02 +1.057068707e+03 +1.057068707e+03
10715 0 +1.164640909e+02 +1.051284091e+03 +1.051284091e+03
10759 0 +1.146248711e+02 +1.049444871e+03 +1.049444871e+03
10971 0 +9.821158348e+01 +1.033031583e+03 +1.033031583e+03
11347 0 +9.371944128e+01 +1.028539441e+03 +1.028539441e+03
11362 0 +9.078474269e+01 +1.025604743e+03 +1.025604743e+03
11471 0 +8.448120298e+01 +1.019301203e+03 +1.019301203e+03
11622 0 +8.302356138e+01 +1.017843561e+03 +1.017843561e+03
11643 0 +7.767766403e+01 +1.012497664e+03 +1.012497664e+03
11686 0 +7.261984901e+01 +1.007439849e+03 +1.007439849e+03
12247 0 +6.952516358e+01 +1.004345164e+03 +1.004345164e+03
12291 0 +6.679141483e+01 +1.001611415e+03 +1.001611415e+03
12314 0 +6.456541713e+01 +9.993854171e+02 +9.993854171e+02
12485 0 +6.277709558e+01 +9.975970956e+02 +9.975970956e+02
12723 0 +6.152398035e+01 +9.963439804e+02 +9.963439804e+02
12791 0 +5.931460563e+01 +9.941346056e+02 +9.941346056e+02
12855 0 +5.830653951e+01 +9.931265395e+02 +9.931265395e+02
13034 0 +5.711428682e+01 +9.919342868e+02 +9.919342868e+02
13074 0 +5.531538237e+01 +9.901353824e+02 +9.901353824e+02
13184 0 +5.401826492e+01 +9.888382649e+02 +9.888382649e+02
13217 0 +5.320709259e+01 +9.880270926e+02 +9.880270926e+02
13332 0 +5.077859060e+01 +9.855985906e+02 +9.855985906e+02
13989 0 +4.918075270e+01 +9.840007527e+02 +9.840007527e+02
14072 0 +4.671566482e+01 +9.815356648e+02 +9.815356648e+02
14173 0 +4.556193761e+01 +9.803819376e+02 +9.803819376e+02
14574 0 +4.319686516e+01 +9.780168652e+02 +9.780168652e+02
15743 0 +4.221906162e+01 +9.770390616e+02 +9.770390616e+02
15868 0 +4.161984961e+01 +9.764398496e+02 +9.764398496e+02
16526 0 +4.064128615e+01 +9.754612861e+02 +9.754612861e+02
17537 0 +3.946016390e+01 +9.742801639e+02 +9.742801639e+02
18389 0 +3.873037291e+01 +9.735503729e+02 +9.735503729e+02
20526 0 +3.798290521e+01 +9.728029052e+02 +9.728029052e+02
25027 0 +3.715272258e+01 +9.719727226e+02 +9.719727226e+02
32154 0 +3.630360680e+01 +9.711236068e+02 +9.711236068e+02
39542 0 +3.548011990e+01 +9.703001199e+02 +9.703001199e+02
47868 0 +3.467259122e+01 +9.694925912e+02 +9.694925912e+02
56235 0 +3.388115571e+01 +9.687011557e+02 +9.687011557e+02
65101 0 +3.311177472e+01 +9.679317747e+02 +9.679317747e+02
74014 0 +3.235919651e+01 +9.671791965e+02 +9.671791965e+02
83226 0 +3.162209938e+01 +9.664420994e+02 +9.664420994e+02
92505 0 +3.089951402e+01 +9.657195140e+02 +9.657195140e+02
100638 0 +3.019917277e+01 +9.650191728e+02 +9.650191728e+02
110369 0 +2.951110655e+01 +9.643311065e+02 +9.643311065e+02
119444 0 +2.883899721e+01 +9.636589972e+02 +9.636589972e+02
129213 0 +2.818292614e+01 +9.630029261e+02 +9.630029261e+02
137644 0 +2.753877794e+01 +9.623587779e+02 +9.623587779e+02
147223 0 +2.691439911e+01 +9.617343991e+02 +9.617343991e+02
156608 0 +2.630115755e+01 +9.611211575e+02 +9.611211575e+02
166742 0 +2.570309689e+01 +9.605230969e+02 +9.605230969e+02
174481 0 +2.511707922e+01 +9.599370792e+02 +9.599370792e+02
182458 0 +2.454693752e+01 +9.593669375e+02 +9.593669375e+02
191887 0 +2.398770716e+01 +9.588077072e+02 +9.588077072e+02
203016 0 +2.344150564e+01 +9.582615056e+02 +9.582615056e+02
214623 0 +2.290745033e+01 +9.577274503e+02 +9.577274503e+02
225801 0 +2.238690543e+01 +9.572069054e+02 +9.572069054e+02
237167 0 +2.187578393e+01 +9.566957839e+02 +9.566957839e+02
248310 0 +2.137936760e+01 +9.561993676e+02 +9.561993676e+02
257424 0 +2.089111896e+01 +9.557111190e+02 +9.557111190e+02
267998 0 +2.041555056e+01 +9.552355506e+02 +9.552355506e+02
277875 0 +1.994951880e+01 +9.547695188e+02 +9.547695188e+02
285812 0 +1.949799893e+01 +9.543179989e+02 +9.543179989e+02
293353 0 +1.905430414e+01 +9.538743041e+02 +9.538743041e+02
303557 0 +1.861796525e+01 +9.534379653e+02 +9.534379653e+02
313512 0 +1.819641697e+01 +9.530164170e+02 +9.530164170e+02
323476 0 +1.778187687e+01 +9.526018769e+02 +9.526018769e+02
331983 0 +1.737716794e+01 +9.521971679e+02 +9.521971679e+02
340838 0 +1.698226211e+01 +9.518022621e+02 +9.518022621e+02
351075 0 +1.659523280e+01 +9.514152328e+02 +9.514152328e+02
360923 0 +1.621557376e+01 +9.510355738e+02 +9.510355738e+02
369358 0 +1.584730903e+01 +9.506673090e+02 +9.506673090e+02
377866 0 +1.548699148e+01 +9.503069915e+02 +9.503069915e+02
386057 0 +1.513503540e+01 +9.499550354e+02 +9.499550354e+02
394665 0 +1.479034410e+01 +9.496103441e+02 +9.496103441e+02
400004 0 +1.458344102e+01 +9.494034410e+02 +9.494034410e+02
% f evaluations | g evaluations | best noise-free fitness - Fopt (-6.371000000000e+01) + sum g_i+ | measured fitness | best measured fitness or single-digit g-values | x1 | x2...
1 0 +2.535000000e+02 +1.897900000e+02 +1.897900000e+02
9011 0 +1.761868505e+02 +1.124768505e+02 +1.124768505e+02
9815 0 +1.592965322e+02 +9.558653216e+01 +9.558653216e+01
9823 0 +1.442092036e+02 +8.049920357e+01 +8.049920357e+01
10922 0 +1.325982567e+02 +6.888825669e+01 +6.888825669e+01
10988 0 +1.281160320e+02 +6.440603201e+01 +6.440603201e+01
11148 0 +1.219698681e+02 +5.825986805e+01 +5.825986805e+01
11208 0 +1.067647169e+02 +4.305471688e+01 +4.305471688e+01
11334 0 +9.883381028e+01 +3.512381028e+01 +3.512381028e+01
11682 0 +8.540966347e+01 +2.169966347e+01 +2.169966347e+01
11729 0 +7.652752368e+01 +1.281752368e+01 +1.281752368e+01
11980 0 +7.381301688e+01 +1.010301688e+01 +1.010301688e+01
12454 0 +7.174286701e+01 +8.032867012e+00 +8.032867012e+00
12670 0 +6.889315123e+01 +5.183151233e+00 +5.183151233e+00
12775 0 +6.523943064e+01 +1.529430639e+00 +1.529430639e+00
12799 0 +6.451140404e+01 +8.014040395e-01 +8.014040395e-01
12877 0 +6.034974843e+01 -3.360251574e+00 -3.360251574e+00
12925 0 +5.873908863e+01 -4.970911366e+00 -4.970911366e+00
13289 0 +5.521225893e+01 -8.497741071e+00 -8.497741071e+00
13302 0 +5.346841743e+01 -1.024158257e+01 -1.024158257e+01
13514 0 +5.215916587e+01 -1.155083413e+01 -1.155083413e+01
14132 0 +4.901851523e+01 -1.469148477e+01 -1.469148477e+01
14216 0 +4.868723802e+01 -1.502276198e+01 -1.502276198e+01
14813 0 +4.747938669e+01 -1.623061331e+01 -1.623061331e+01
15024 0 +4.554435456e+01 -1.816564544e+01 -1.816564544e+01
15133 0 +4.451826786e+01 -1.919173214e+01 -1.919173214e+01
15678 0 +4.364096451e+01 -2.006903549e+01 -2.006903549e+01
15807 0 +4.242703776e+01 -2.128296224e+01 -2.128296224e+01
16225 0 +4.097715717e+01 -2.273284283e+01 -2.273284283e+01
16640 0 +4.072397338e+01 -2.298602662e+01 -2.298602662e+01
17766 0 +3.959578323e+01 -2.411421677e+01 -2.411421677e+01
19160 0 +3.888277503e+01 -2.482722497e+01 -2.482722497e+01
22502 0 +3.801716751e+01 -2.569283249e+01 -2.569283249e+01
28895 0 +3.715168899e+01 -2.655831101e+01 -2.655831101e+01
35797 0 +3.630765877e+01 -2.740234123e+01 -2.740234123e+01
43593 0 +3.547941168e+01 -2.823058832e+01 -2.823058832e+01
52144 0 +3.467269421e+01 -2.903730579e+01 -2.903730579e+01
57971 0 +3.388057991e+01 -2.982942009e+01 -2.982942009e+01
65848 0 +3.311291220e+01 -3.059708780e+01 -3.059708780e+01
76321 0 +3.235251579e+01 -3.135748421e+01 -3.135748421e+01
85063 0 +3.162169184e+01 -3.208830816e+01 -3.208830816e+01
91359 0 +3.090245445e+01 -3.280754555e+01 -3.280754555e+01
97484 0 +3.019658357e+01 -3.351341643e+01 -3.351341643e+01
105167 0 +2.951145733e+01 -3.419854267e+01 -3.419854267e+01
114927 0 +2.883968938e+01 -3.487031062e+01 -3.487031062e+01
126228 0 +2.818253298e+01 -3.552746702e+01 -3.552746702e+01
136153 0 +2.754028786e+01 -3.616971214e+01 -3.616971214e+01
144547 0 +2.691412319e+01 -3.679587681e+01 -3.679587681e+01
152277 0 +2.630214987e+01 -3.740785013e+01 -3.740785013e+01
159625 0 +2.570274698e+01 -3.800725302e+01 -3.800725302e+01
167724 0 +2.511839642e+01 -3.859160358e+01 -3.859160358e+01
176496 0 +2.454472007e+01 -3.916527993e+01 -3.916527993e+01
186024 0 +2.398826010e+01 -3.972173990e+01 -3.972173990e+01
195766 0 +2.344220119e+01 -4.026779881e+01 -4.026779881e+01
204482 0 +2.289911282e+01 -4.081088718e+01 -4.081088718e+01
213734 0 +2.238613321e+01 -4.132386679e+01 -4.132386679e+01
221882 0 +2.187697440e+01 -4.183302560e+01 -4.183302560e+01
229406 0 +2.137929624e+01 -4.233070376e+01 -4.233070376e+01
237982 0 +2.089147152e+01 -4.281852848e+01 -4.281852848e+01
247276 0 +2.041431196e+01 -4.329568804e+01 -4.329568804e+01
256835 0 +1.995194064e+01 -4.375805936e+01 -4.375805936e+01
265561 0 +1.949496911e+01 -4.421503089e+01 -4.421503089e+01
273479 0 +1.905336105e+01 -4.465663895e+01 -4.465663895e+01
281601 0 +1.861797330e+01 -4.509202670e+01 -4.509202670e+01
289921 0 +1.819654896e+01 -4.551345104e+01 -4.551345104e+01
297810 0 +1.778233225e+01 -4.592766775e+01 -4.592766775e+01
306207 0 +1.737742553e+01 -4.633257447e+01 -4.633257447e+01
313795 0 +1.698234988e+01 -4.672765012e+01 -4.672765012e+01
322368 0 +1.659466619e+01 -4.711533381e+01 -4.711533381e+01
330245 0 +1.621608397e+01 -4.749391603e+01 -4.749391603e+01
337405 0 +1.584635782e+01 -4.786364218e+01 -4.786364218e+01
343801 0 +1.548729163e+01 -4.822270837e+01 -4.822270837e+01
350586 0 +1.513403997e+01 -4.857596003e+01 -4.857596003e+01
357603 0 +1.479003063e+01 -4.891996937e+01 -4.891996937e+01
365712 0 +1.445406960e+01 -4.925593040e+01 -4.925593040e+01
373692 0 +1.412487912e+01 -4.958512088e+01 -4.958512088e+01
381545 0 +1.380218083e+01 -4.990781917e+01 -4.990781917e+01
389597 0 +1.348947365e+01 -5.022052635e+01 -5.022052635e+01
397548 0 +1.318116027e+01 -5.052883973e+01 -5.052883973e+01
400001 0 +1.307214391e+01 -5.063785609e+01 -5.063785609e+01
% f evaluations | g evaluations | best noise-free fitness - Fopt (1.000000000000e+03) + sum g_i+ | measured fitness | best measured fitness or single-digit g-values | x1 | x2...
1 0 +2.535000000e+02 +1.253500000e+03 +1.253500000e+03
11597 0 +2.436354624e+02 +1.243635462e+03 +1.243635462e+03
11657 0 +2.389399454e+02 +1.238939945e+03 +1.238939945e+03
11695 0 +2.242923959e+02 +1.224292396e+03 +1.224292396e+03
11718 0 +2.221995561e+02 +1.222199556e+03 +1.222199556e+03
11739 0 +2.163960037e+02 +1.216396004e+03 +1.216396004e+03
11760 0 +2.136737867e+02 +1.213673787e+03 +1.213673787e+03
11897 0 +2.077630617e+02 +1.207763062e+03 +1.207763062e+03
11958 0 +1.891137100e+02 +1.189113710e+03 +1.189113710e+03
12110 0 +1.851626944e+02 +1.185162694e+03 +1.185162694e+03
12266 0 +1.781895290e+02 +1.178189529e+03 +1.178189529e+03
12543 0 +1.743417709e+02 +1.174341771e+03 +1.174341771e+03
12703 0 +1.665714929e+02 +1.166571493e+03 +1.166571493e+03
12921 0 +1.631198655e+02 +1.163119865e+03 +1.163119865e+03
12937 0 +1.616047945e+02 +1.161604794e+03 +1.161604794e+03
13099 0 +1.563260313e+02 +1.156326031e+03 +1.156326031e+03
13165 0 +1.463240726e+02 +1.146324073e+03 +1.146324073e+03
13336 0 +1.405945200e+02 +1.140594520e+03 +1.140594520e+03
13509 0 +1.363467841e+02 +1.136346784e+03 +1.136346784e+03
13892 0 +1.302625123e+02 +1.130262512e+03 +1.130262512e+03
14223 0 +1.276288984e+02 +1.127628898e+03 +1.127628898e+03
14503 0 +1.253936626e+02 +1.125393663e+03 +1.125393663e+03
14724 0 +1.228662788e+02 +1.122866279e+03 +1.122866279e+03
15386 0 +1.187497232e+02 +1.118749723e+03 +1.118749723e+03
15648 0 +1.173303259e+02 +1.117330326e+03 +1.117330326e+03
15819 0 +1.141486058e+02 +1.114148606e+03 +1.114148606e+03
16134 0 +1.095847580e+02 +1.109584758e+03 +1.109584758e+03
16685 0 +1.056478326e+02 +1.105647833e+03 +1.105647833e+03
18149 0 +1.042984705e+02 +1.104298470e+03 +1.104298470e+03
19490 0 +1.022327133e+02 +1.102232713e+03 +1.102232713e+03
19612 0 +9.975462904e+01 +1.099754629e+03 +1.099754629e+03
22656 0 +9.766402474e+01 +1.097664025e+03 +1.097664025e+03
24628 0 +9.543749017e+01 +1.095437490e+03 +1.095437490e+03
28536 0 +9.332437971e+01 +1.093324380e+03 +1.093324380e+03
34442 0 +9.119455097e+01 +1.091194551e+03 +1.091194551e+03
47768 0 +8.912356425e+01 +1.089123564e+03 +1.089123564e+03
67576 0 +8.709189501e+01 +1.087091895e+03 +1.087091895e+03
88412 0 +8.511314389e+01 +1.085113144e+03 +1.085113144e+03
107815 0 +8.317329462e+01 +1.083173295e+03 +1.083173295e+03
133566 0 +8.127939692e+01 +1.081279397e+03 +1.081279397e+03
161229 0 +7.943277779e+01 +1.079432778e+03 +1.079432778e+03
184686 0 +7.762410651e+01 +1.077624107e+03 +1.077624107e+03
211967 0 +7.585609581e+01 +1.075856096e+03 +1.075856096e+03
248706 0 +7.413046383e+01 +1.074130464e+03 +1.074130464e+03
276198 0 +7.244346975e+01 +1.072443470e+03 +1.072443470e+03
308192 0 +7.079090974e+01 +1.070790910e+03 +1.070790910e+03
331780 0 +6.918198403e+01 +1.069181984e+03 +1.069181984e+03
370237 0 +6.760793517e+01 +1.067607935e+03 +1.067607935e+03
385391 0 +6.606396607e+01 +1.066063966e+03 +1.066063966e+03
390106 0 +6.455701290e+01 +1.064557013e+03 +1.064557013e+03
391852 0 +6.307619712e+01 +1.063076197e+03 +1.063076197e+03
392827 0 +6.164006208e+01 +1.061640062e+03 +1.061640062e+03
393390 0 +6.025000141e+01 +1.060250001e+03 +1.060250001e+03
393834 0 +5.882268514e+01 +1.058822685e+03 +1.058822685e+03
394279 0 +5.753480941e+01 +1.057534809e+03 +1.057534809e+03
394632 0 +5.616605778e+01 +1.056166058e+03 +1.056166058e+03
394914 0 +5.492623917e+01 +1.054926239e+03 +1.054926239e+03
395207 0 +5.365613755e+01 +1.053656138e+03 +1.053656138e+03
395446 0 +5.245059487e+01 +1.052450595e+03 +1.052450595e+03
395648 0 +5.112270828e+01 +1.051122708e+03 +1.051122708e+03
395865 0 +4.996602352e+01 +1.049966024e+03 +1.049966024e+03
396033 0 +4.888326306e+01 +1.048883263e+03 +1.048883263e+03
396277 0 +4.785337858e+01 +1.047853379e+03 +1.047853379e+03
396389 0 +4.676837851e+01 +1.046768379e+03 +1.046768379e+03
396483 0 +4.560713382e+01 +1.045607134e+03 +1.045607134e+03
396557 0 +4.463095005e+01 +1.044630950e+03 +1.044630950e+03
396691 0 +4.342103342e+01 +1.043421033e+03 +1.043421033e+03
396814 0 +4.261497023e+01 +1.042614970e+03 +1.042614970e+03
396955 0 +4.147363783e+01 +1.041473638e+03 +1.041473638e+03
397057 0 +4.065856491e+01 +1.040658565e+03 +1.040658565e+03
397135 0 +3.978664864e+01 +1.039786649e+03 +1.039786649e+03
397284 0 +3.890297489e+01 +1.038902975e+03 +1.038902975e+03
397397 0 +3.777523526e+01 +1.037775235e+03 +1.037775235e+03
397481 0 +3.708646807e+01 +1.037086468e+03 +1.037086468e+03
397525 0 +3.614920559e+01 +1.036149206e+03 +1.036149206e+03
397607 0 +3.541129477e+01 +1.035411295e+03 +1.035411295e+03
397669 0 +3.465971932e+01 +1.034659719e+03 +1.034659719e+03
397763 0 +3.360082163e+01 +1.033600822e+03 +1.033600822e+03
397785 0 +3.308914208e+01 +1.033089142e+03 +1.033089142e+03
397892 0 +3.212513806e+01 +1.032125138e+03 +1.032125138e+03
397961 0 +3.142364582e+01 +1.031423646e+03 +1.031423646e+03
398059 0 +3.088954782e+01 +1.030889548e+03 +1.030889548e+03
398149 0 +3.017126935e+01 +1.030171269e+03 +1.030171269e+03
398251 0 +2.920343077e+01 +1.029203431e+03 +1.029203431e+03
398315 0 +2.877440316e+01 +1.028774403e+03 +1.028774403e+03
398343 0 +2.808586401e+01 +1.028085864e+03 +1.028085864e+03
398444 0 +2.727072663e+01 +1.027270727e+03 +1.027270727e+03
398552 0 +2.675206435e+01 +1.026752064e+03 +1.026752064e+03
398609 0 +2.613353619e+01 +1.026133536e+03 +1.026133536e+03
398661 0 +2.555402338e+01 +1.025554023e+03 +1.025554023e+03
398682 0 +2.508090502e+01 +1.025080905e+03 +1.025080905e+03
398770 0 +2.444075751e+01 +1.024440758e+03 +1.024440758e+03
398872 0 +2.382921008e+01 +1.023829210e+03 +1.023829210e+03
398910 0 +2.343214105e+01 +1.023432141e+03 +1.023432141e+03
398998 0 +2.285902153e+01 +1.022859022e+03 +1.022859022e+03
399088 0 +2.232867271e+01 +1.022328673e+03 +1.022328673e+03
399155 0 +2.173953083e+01 +1.021739531e+03 +1.021739531e+03
399187 0 +2.126335049e+01 +1.021263350e+03 +1.021263350e+03
399243 0 +2.072156647e+01 +1.020721566e+03 +1.020721566e+03
399297 0 +2.028489563e+01 +1.020284896e+03 +1.020284896e+03
399349 0 +1.975115360e+01 +1.019751154e+03 +1.019751154e+03
399422 0 +1.947906867e+01 +1.019479069e+03 +1.019479069e+03
399447 0 +1.892250372e+01 +1.018922504e+03 +1.018922504e+03
399496 0 +1.855805524e+01 +1.018558055e+03 +1.018558055e+03
399497 0 +1.799093971e+01 +1.017990940e+03 +1.017990940e+03
399526 0 +1.748359701e+01 +1.017483597e+03 +1.017483597e+03
399534 0 +1.717117541e+01 +1.017171175e+03 +1.017171175e+03
399565 0 +1.695518074e+01 +1.016955181e+03 +1.016955181e+03
399583 0 +1.650357088e+01 +1.016503571e+03 +1.016503571e+03
399611 0 +1.611644813e+01 +1.016116448e+03 +1.016116448e+03
399632 0 +1.579569918e+01 +1.015795699e+03 +1.015795699e+03
399654 0 +1.540397228e+01 +1.015403972e+03 +1.015403972e+03
399701 0 +1.459131002e+01 +1.014591310e+03 +1.014591310e+03
399722 0 +1.422065036e+01 +1.014220650e+03 +1.014220650e+03
399730 0 +1.368950140e+01 +1.013689501e+03 +1.013689501e+03
399776 0 +1.344265907e+01 +1.013442659e+03 +1.013442659e+03
399823 0 +1.308576883e+01 +1.013085769e+03 +1.013085769e+03
399835 0 +1.263498605e+01 +1.012634986e+03 +1.012634986e+03
399852 0 +1.214153236e+01 +1.012141532e+03 +1.012141532e+03
399897 0 +1.190188079e+01 +1.011901881e+03 +1.011901881e+03
399905 0 +1.161749542e+01 +1.011617495e+03 +1.011617495e+03
399921 0 +1.146440784e+01 +1.011464408e+03 +1.011464408e+03
399951 0 +1.118741467e+01 +1.011187415e+03 +1.011187415e+03
399960 0 +1.040530746e+01 +1.010405307e+03 +1.010405307e+03
400007 0 +1.040530746e+01 +1.010405307e+03 +1.010405307e+03
% f evaluations | g evaluations | best noise-free fitness - Fopt (3.197000000000e+01) + sum g_i+ | measured fitness | best measured fitness or single-digit g-values | x1 | x2...
1 0 +2.535000000e+02 +2.854700000e+02 +2.854700000e+02
9072 0 +2.389601196e+02 +2.709301196e+02 +2.709301196e+02
9378 0 +2.177983255e+02 +2.497683255e+02 +2.497683255e+02
9531 0 +1.890081854e+02 +2.209781854e+02 +2.209781854e+02
9654 0 +1.781025343e+02 +2.100725343e+02 +2.100725343e+02
10007 0 +1.728180679e+02 +2.047880679e+02 +2.047880679e+02
10035 0 +1.373634197e+02 +1.693334197e+02 +1.693334197e+02
10095 0 +1.348723764e+02 +1.668423764e+02 +1.668423764e+02
10637 0 +1.188247446e+02 +1.507947446e+02 +1.507947446e+02
10918 0 +1.119617410e+02 +1.439317410e+02 +1.439317410e+02
10992 0 +1.072830015e+02 +1.392530015e+02 +1.392530015e+02
11058 0 +1.068294084e+02 +1.387994084e+02 +1.387994084e+02
11149 0 +9.701775123e+01 +1.289877512e+02 +1.289877512e+02
11250 0 +8.690712850e+01 +1.188771285e+02 +1.188771285e+02
11453 0 +8.024751157e+01 +1.122175116e+02 +1.122175116e+02
11462 0 +7.918593392e+01 +1.111559339e+02 +1.111559339e+02
11906 0 +7.499393747e+01 +1.069639375e+02 +1.069639375e+02
12171 0 +7.258012661e+01 +1.045501266e+02 +1.045501266e+02
12180 0 +6.912079096e+01 +1.010907910e+02 +1.010907910e+02
12215 0 +6.665623055e+01 +9.862623055e+01 +9.862623055e+01
12538 0 +6.605763658e+01 +9.802763658e+01 +9.802763658e+01
12539 0 +5.995706858e+01 +9.192706858e+01 +9.192706858e+01
12934 0 +5.776343135e+01 +8.973343135e+01 +8.973343135e+01
13109 0 +5.525030529e+01 +8.722030529e+01 +8.722030529e+01
13337 0 +5.303259566e+01 +8.500259566e+01 +8.500259566e+01
13595 0 +5.207703866e+01 +8.404703866e+01 +8.404703866e+01
13751 0 +4.930092921e+01 +8.127092921e+01 +8.127092921e+01
13767 0 +4.840088863e+01 +8.037088863e+01 +8.037088863e+01
14146 0 +4.696512133e+01 +7.893512133e+01 +7.893512133e+01
14186 0 +4.571408308e+01 +7.768408308e+01 +7.768408308e+01
14399 0 +4.521948463e+01 +7.718948463e+01 +7.718948463e+01
14445 0 +4.448533558e+01 +7.645533558e+01 +7.645533558e+01
14826 0 +4.335025400e+01 +7.532025400e+01 +7.532025400e+01
15250 0 +4.260493647e+01 +7.457493647e+01 +7.457493647e+01
15275 0 +4.138593558e+01 +7.335593558e+01 +7.335593558e+01
15680 0 +4.070795766e+01 +7.267795766e+01 +7.267795766e+01
16231 0 +3.950800733e+01 +7.147800733e+01 +7.147800733e+01
16567 0 +3.881754616e+01 +7.078754616e+01 +7.078754616e+01
17738 0 +3.798347198e+01 +6.995347198e+01 +6.995347198e+01
18271 0 +3.708657619e+01 +6.905657619e+01 +6.905657619e+01
21001 0 +3.629042141e+01 +6.826042141e+01 +6.826042141e+01
24065 0 +3.547720805e+01 +6.744720805e+01 +6.744720805e+01
26593 0 +3.465631209e+01 +6.662631209e+01 +6.662631209e+01
32602 0 +3.388096732e+01 +6.585096732e+01 +6.585096732e+01
41170 0 +3.311037696e+01 +6.508037696e+01 +6.508037696e+01
49213 0 +3.235794081e+01 +6.432794081e+01 +6.432794081e+01
58708 0 +3.162117414e+01 +6.359117414e+01 +6.359117414e+01
67569 0 +3.090169012e+01 +6.287169012e+01 +6.287169012e+01
75339 0 +3.019554323e+01 +6.216554323e+01 +6.216554323e+01
84670 0 +2.951133566e+01 +6.148133566e+01 +6.148133566e+01
92109 0 +2.883670145e+01 +6.080670145e+01 +6.080670145e+01
99565 0 +2.818349431e+01 +6.015349431e+01 +6.015349431e+01
107094 0 +2.753950962e+01 +5.950950962e+01 +5.950950962e+01
115353 0 +2.691395673e+01 +5.888395673e+01 +5.888395673e+01
124324 0 +2.630233376e+01 +5.827233376e+01 +5.827233376e+01
134321 0 +2.570282748e+01 +5.767282748e+01 +5.767282748e+01
144190 0 +2.511758915e+01 +5.708758915e+01 +5.708758915e+01
153780 0 +2.454694831e+01 +5.651694831e+01 +5.651694831e+01
163104 0 +2.398646696e+01 +5.595646696e+01 +5.595646696e+01
172473 0 +2.344163587e+01 +5.541163587e+01 +5.541163587e+01
182974 0 +2.290633824e+01 +5.487633824e+01 +5.487633824e+01
193348 0 +2.238659619e+01 +5.435659619e+01 +5.435659619e+01
202957 0 +2.187741484e+01 +5.384741484e+01 +5.384741484e+01
212150 0 +2.137902470e+01 +5.334902470e+01 +5.334902470e+01
221869 0 +2.089108419e+01 +5.286108419e+01 +5.286108419e+01
231644 0 +2.041627226e+01 +5.238627226e+01 +5.238627226e+01
240902 0 +1.994947930e+01 +5.191947930e+01 +5.191947930e+01
249311 0 +1.949797285e+01 +5.146797285e+01 +5.146797285e+01
257651 0 +1.905458475e+01 +5.102458475e+01 +5.102458475e+01
265267 0 +1.862022380e+01 +5.059022380e+01 +5.059022380e+01
272833 0 +1.819675716e+01 +5.016675716e+01 +5.016675716e+01
280283 0 +1.778080871e+01 +4.975080871e+01 +4.975080871e+01
288698 0 +1.737800002e+01 +4.934800002e+01 +4.934800002e+01
297123 0 +1.698069792e+01 +4.895069792e+01 +4.895069792e+01
305795 0 +1.659580022e+01 +4.856580022e+01 +4.856580022e+01
314516 0 +1.621730072e+01 +4.818730072e+01 +4.818730072e+01
324202 0 +1.584856366e+01 +4.781856366e+01 +4.781856366e+01
333756 0 +1.548691421e+01 +4.745691421e+01 +4.745691421e+01
342893 0 +1.513558811e+01 +4.710558811e+01 +4.710558811e+01
352779 0 +1.479049312e+01 +4.676049312e+01 +4.676049312e+01
362555 0 +1.445411615e+01 +4.642411615e+01 +4.642411615e+01
372815 0 +1.412510184e+01 +4.609510184e+01 +4.609510184e+01
381826 0 +1.380367305e+01 +4.577367305e+01 +4.577367305e+01
390834 0 +1.348939943e+01 +4.545939943e+01 +4.545939943e+01
398487 0 +1.318167541e+01 +4.515167541e+01 +4.515167541e+01
400008 0 +1.312666043e+01 +4.509666043e+01 +4.509666043e+01
% f evaluations | g evaluations | best noise-free fitness - Fopt (5.819000000000e+01) + sum g_i+ | measured fitness | best measured fitness or single-digit g-values | x1 | x2...
1 0 +2.535000000e+02 +3.116900000e+02 +3.116900000e+02
10915 0 +2.482422144e+02 +3.064322144e+02 +3.064322144e+02
10928 0 +2.450257086e+02 +3.032157086e+02 +3.032157086e+02
11036 0 +2.172453788e+02 +2.754353788e+02 +2.754353788e+02
11290 0 +2.057769446e+02 +2.639669446e+02 +2.639669446e+02
11296 0 +1.859024909e+02 +2.440924909e+02 +2.440924909e+02
11411 0 +1.745630039e+02 +2.327530039e+02 +2.327530039e+02
11468 0 +1.700881253e+02 +2.282781253e+02 +2.282781253e+02
11494 0 +1.457667513e+02 +2.039567513e+02 +2.039567513e+02
12213 0 +1.433651153e+02 +2.015551153e+02 +2.015551153e+02
12457 0 +1.336703745e+02 +1.918603745e+02 +1.918603745e+02
12503 0 +1.297631629e+02 +1.879531629e+02 +1.879531629e+02
12514 0 +1.153104902e+02 +1.735004902e+02 +1.735004902e+02
12611 0 +1.073814713e+02 +1.655714713e+02 +1.655714713e+02
12635 0 +1.066111154e+02 +1.648011154e+02 +1.648011154e+02
12749 0 +8.464955728e+01 +1.428395573e+02 +1.428395573e+02
13567 0 +7.854120835e+01 +1.367312083e+02 +1.367312083e+02
13879 0 +7.254222640e+01 +1.307322264e+02 +1.307322264e+02
14267 0 +7.165994598e+01 +1.298499460e+02 +1.298499460e+02
14272 0 +6.971408720e+01 +1.279040872e+02 +1.279040872e+02
14298 0 +6.204443681e+01 +1.202344368e+02 +1.202344368e+02
14619 0 +5.912136485e+01 +1.173113648e+02 +1.173113648e+02
14802 0 +5.755978367e+01 +1.157497837e+02 +1.157497837e+02
14809 0 +5.272378598e+01 +1.109137860e+02 +1.109137860e+02
15320 0 +5.168735527e+01 +1.098773553e+02 +1.098773553e+02
15477 0 +4.983361499e+01 +1.080236150e+02 +1.080236150e+02
15548 0 +4.775409694e+01 +1.059440969e+02 +1.059440969e+02
16155 0 +4.573828980e+01 +1.039282898e+02 +1.039282898e+02
16311 0 +4.543485325e+01 +1.036248532e+02 +1.036248532e+02
16430 0 +4.464996427e+01 +1.028399643e+02 +1.028399643e+02
16925 0 +4.361826123e+01 +1.018082612e+02 +1.018082612e+02
17081 0 +4.253307847e+01 +1.007230785e+02 +1.007230785e+02
17153 0 +4.152485229e+01 +9.971485229e+01 +9.971485229e+01
18022 0 +4.060832278e+01 +9.879832278e+01 +9.879832278e+01
18129 0 +3.967888655e+01 +9.786888655e+01 +9.786888655e+01
18707 0 +3.805959997e+01 +9.624959997e+01 +9.624959997e+01
19198 0 +3.800443466e+01 +9.619443466e+01 +9.619443466e+01
22904 0 +3.708536614e+01 +9.527536614e+01 +9.527536614e+01
24398 0 +3.624382061e+01 +9.443382061e+01 +9.443382061e+01
27563 0 +3.547201994e+01 +9.366201994e+01 +9.366201994e+01
31266 0 +3.467036049e+01 +9.286036049e+01 +9.286036049e+01
37581 0 +3.388379320e+01 +9.207379320e+01 +9.207379320e+01
44050 0 +3.310842669e+01 +9.129842669e+01 +9.129842669e+01
51502 0 +3.235808091e+01 +9.054808091e+01 +9.054808091e+01
57564 0 +3.162070035e+01 +8.981070035e+01 +8.981070035e+01
64131 0 +3.089665357e+01 +8.908665357e+01 +8.908665357e+01
71532 0 +3.019870679e+01 +8.838870679e+01 +8.838870679e+01
81780 0 +2.951003302e+01 +8.770003302e+01 +8.770003302e+01
92388 0 +2.883692242e+01 +8.702692242e+01 +8.702692242e+01
103043 0 +2.818069924e+01 +8.637069924e+01 +8.637069924e+01
113993 0 +2.754188790e+01 +8.573188790e+01 +8.573188790e+01
124721 0 +2.691257502e+01 +8.510257502e+01 +8.510257502e+01
133783 0 +2.630195497e+01 +8.449195497e+01 +8.449195497e+01
142986 0 +2.570195257e+01 +8.389195257e+01 +8.389195257e+01
151237 0 +2.511759533e+01 +8.330759533e+01 +8.330759533e+01
160433 0 +2.454342220e+01 +8.273342220e+01 +8.273342220e+01
169865 0 +2.398704659e+01 +8.217704659e+01 +8.217704659e+01
178042 0 +2.344069792e+01 +8.163069792e+01 +8.163069792e+01
186434 0 +2.290682572e+01 +8.109682572e+01 +8.109682572e+01
196125 0 +2.238201687e+01 +8.057201687e+01 +8.057201687e+01
205274 0 +2.187697734e+01 +8.006697734e+01 +8.006697734e+01
213368 0 +2.137936897e+01 +7.956936897e+01 +7.956936897e+01
222332 0 +2.089292745e+01 +7.908292745e+01 +7.908292745e+01
231999 0 +2.041562168e+01 +7.860562168e+01 +7.860562168e+01
241486 0 +1.995217050e+01 +7.814217050e+01 +7.814217050e+01
249753 0 +1.949714986e+01 +7.768714986e+01 +7.768714986e+01
258797 0 +1.905389199e+01 +7.724389199e+01 +7.724389199e+01
267815 0 +1.861979404e+01 +7.680979404e+01 +7.680979404e+01
276078 0 +1.819530085e+01 +7.638530085e+01 +7.638530085e+01
283954 0 +1.778269008e+01 +7.597269008e+01 +7.597269008e+01
292978 0 +1.737798957e+01 +7.556798957e+01 +7.556798957e+01
300796 0 +1.698155956e+01 +7.517155956e+01 +7.517155956e+01
308467 0 +1.659560807e+01 +7.478560807e+01 +7.478560807e+01
317125 0 +1.621544508e+01 +7.440544508e+01 +7.440544508e+01
325292 0 +1.584859623e+01 +7.403859623e+01 +7.403859623e+01
336492 0 +1.548711236e+01 +7.367711236e+01 +7.367711236e+01
347140 0 +1.513559931e+01 +7.332559931e+01 +7.332559931e+01
356579 0 +1.479099785e+01 +7.298099785e+01 +7.298099785e+01
365916 0 +1.445439256e+01 +7.264439256e+01 +7.264439256e+01
375646 0 +1.412503907e+01 +7.231503907e+01 +7.231503907e+01
386042 0 +1.380365614e+01 +7.199365614e+01 +7.199365614e+01
394994 0 +1.348955446e+01 +7.167955446e+01 +7.167955446e+01
400010 0 +1.330866119e+01 +7.149866119e+01 +7.149866119e+01
% f evaluations | g evaluations | best noise-free fitness - Fopt (-4.840000000000e+00) + sum g_i+ | measured fitness | best measured fitness or single-digit g-values | x1 | x2...
1 0 +2.535000000e+02 +2.486600000e+02 +2.486600000e+02
10878 0 +2.393106740e+02 +2.344706740e+02 +2.344706740e+02
10984 0 +2.256587031e+02 +2.208187031e+02 +2.208187031e+02
11037 0 +1.868225978e+02 +1.819825978e+02 +1.819825978e+02
11145 0 +1.803937124e+02 +1.755537124e+02 +1.755537124e+02
11179 0 +1.613379948e+02 +1.564979948e+02 +1.564979948e+02
11257 0 +1.528060313e+02 +1.479660313e+02 +1.479660313e+02
11472 0 +1.374984498e+02 +1.326584498e+02 +1.326584498e+02
11581 0 +1.215324765e+02 +1.166924765e+02 +1.166924765e+02
11587 0 +1.191986556e+02 +1.143586556e+02 +1.143586556e+02
11684 0 +1.106359316e+02 +1.057959316e+02 +1.057959316e+02
12048 0 +1.008078645e+02 +9.596786448e+01 +9.596786448e+01
12149 0 +9.289478917e+01 +8.805478917e+01 +8.805478917e+01
12666 0 +8.510512569e+01 +8.026512569e+01 +8.026512569e+01
12928 0 +8.127270091e+01 +7.643270091e+01 +7.643270091e+01
13239 0 +7.613365939e+01 +7.129365939e+01 +7.129365939e+01
13360 0 +7.584526416e+01 +7.100526416e+01 +7.100526416e+01
13414 0 +7.208954297e+01 +6.724954297e+01 +6.724954297e+01
13513 0 +6.876170723e+01 +6.392170723e+01 +6.392170723e+01
13756 0 +6.573699320e+01 +6.089699320e+01 +6.089699320e+01
13765 0 +6.454723007e+01 +5.970723007e+01 +5.970723007e+01
13809 0 +5.865838329e+01 +5.381838329e+01 +5.381838329e+01
13870 0 +5.715684967e+01 +5.231684967e+01 +5.231684967e+01
14166 0 +5.222570477e+01 +4.738570477e+01 +4.738570477e+01
14729 0 +5.114051631e+01 +4.630051631e+01 +4.630051631e+01
15186 0 +4.897972151e+01 +4.413972151e+01 +4.413972151e+01
15503 0 +4.776279746e+01 +4.292279746e+01 +4.292279746e+01
15674 0 +4.506318136e+01 +4.022318136e+01 +4.022318136e+01
16488 0 +4.458597065e+01 +3.974597065e+01 +3.974597065e+01
16573 0 +4.305220516e+01 +3.821220516e+01 +3.821220516e+01
16733 0 +4.245535437e+01 +3.761535437e+01 +3.761535437e+01
16965 0 +4.136952464e+01 +3.652952464e+01 +3.652952464e+01
17100 0 +4.070578870e+01 +3.586578870e+01 +3.586578870e+01
17944 0 +3.928789183e+01 +3.444789183e+01 +3.444789183e+01
18458 0 +3.875294982e+01 +3.391294982e+01 +3.391294982e+01
20087 0 +3.796565009e+01 +3.312565009e+01 +3.312565009e+01
22020 0 +3.714976297e+01 +3.230976297e+01 +3.230976297e+01
27059 0 +3.630159848e+01 +3.146159848e+01 +3.146159848e+01
35920 0 +3.547998651e+01 +3.063998651e+01 +3.063998651e+01
45231 0 +3.466920541e+01 +2.982920541e+01 +2.982920541e+01
53704 0 +3.388361626e+01 +2.904361626e+01 +2.904361626e+01
60550 0 +3.311176206e+01 +2.827176206e+01 +2.827176206e+01
68564 0 +3.235820423e+01 +2.751820423e+01 +2.751820423e+01
76176 0 +3.162276236e+01 +2.678276236e+01 +2.678276236e+01
84760 0 +3.090251761e+01 +2.606251761e+01 +2.606251761e+01
94534 0 +3.019948644e+01 +2.535948644e+01 +2.535948644e+01
103143 0 +2.951185795e+01 +2.467185795e+01 +2.467185795e+01
112916 0 +2.884021692e+01 +2.400021692e+01 +2.400021692e+01
122466 0 +2.818194875e+01 +2.334194875e+01 +2.334194875e+01
132115 0 +2.754195492e+01 +2.270195492e+01 +2.270195492e+01
141904 0 +2.691474045e+01 +2.207474045e+01 +2.207474045e+01
151905 0 +2.630238636e+01 +2.146238636e+01 +2.146238636e+01
161173 0 +2.570390050e+01 +2.086390050e+01 +2.086390050e+01
169393 0 +2.511775873e+01 +2.027775873e+01 +2.027775873e+01
179000 0 +2.454670596e+01 +1.970670596e+01 +1.970670596e+01
188626 0 +2.398694804e+01 +1.914694804e+01 +1.914694804e+01
198626 0 +2.344166748e+01 +1.860166748e+01 +1.860166748e+01
209397 0 +2.290867509e+01 +1.806867509e+01 +1.806867509e+01
218250 0 +2.238700718e+01 +1.754700718e+01 +1.754700718e+01
227691 0 +2.187740943e+01 +1.703740943e+01 +1.703740943e+01
236209 0 +2.137703356e+01 +1.653703356e+01 +1.653703356e+01
244440 0 +2.089128736e+01 +1.605128736e+01 +1.605128736e+01
252070 0 +2.041125839e+01 +1.557125839e+01 +1.557125839e+01
263015 0 +1.995257261e+01 +1.511257261e+01 +1.511257261e+01
272432 0 +1.949779827e+01 +1.465779827e+01 +1.465779827e+01
281822 0 +1.905417092e+01 +1.421417092e+01 +1.421417092e+01
291416 0 +1.861986738e+01 +1.377986738e+01 +1.377986738e+01
301407 0 +1.819697709e+01 +1.335697709e+01 +1.335697709e+01
309845 0 +1.778065122e+01 +1.294065122e+01 +1.294065122e+01
318711 0 +1.737776345e+01 +1.253776345e+01 +1.253776345e+01
325991 0 +1.698034961e+01 +1.214034961e+01 +1.214034961e+01
334222 0 +1.659458365e+01 +1.175458365e+01 +1.175458365e+01
342202 0 +1.621753538e+01 +1.137753538e+01 +1.137753538e+01
350541 0 +1.584869265e+01 +1.100869265e+01 +1.100869265e+01
358694 0 +1.548716108e+01 +1.064716108e+01 +1.064716108e+01
366853 0 +1.513519446e+01 +1.029519446e+01 +1.029519446e+01
375102 0 +1.479023869e+01 +9.950238689e+00 +9.950238689e+00
383079 0 +1.445415328e+01 +9.614153281e+00 +9.614153281e+00
391591 0 +1.412450492e+01 +9.284504920e+00 +9.284504920e+00
398696 0 +1.380317151e+01 +8.963171514e+00 +8.963171514e+00
400014 0 +1.374805908e+01 +8.908059082e+00 +8.908059082e+00
% f evaluations | g evaluations | best noise-free fitness - Fopt (-6.337000000000e+01) + sum g_i+ | measured fitness | best measured fitness or single-digit g-values | x1 | x2...
1 0 +2.535000000e+02 +1.901300000e+02 +1.901300000e+02
10499 0 +2.496962935e+02 +1.863262935e+02 +1.863262935e+02
10513 0 +2.370058308e+02 +1.736358308e+02 +1.736358308e+02
10587 0 +1.578273613e+02 +9.445736132e+01 +9.445736132e+01
11342 0 +1.544673291e+02 +9.109732910e+01 +9.109732910e+01
11390 0 +1.472900482e+02 +8.392004823e+01 +8.392004823e+01
11577 0 +1.365602533e+02 +7.319025329e+01 +7.319025329e+01
11696 0 +1.199985032e+02 +5.662850317e+01 +5.662850317e+01
11751 0 +1.019862325e+02 +3.861623247e+01 +3.861623247e+01
11834 0 +9.315545907e+01 +2.978545907e+01 +2.978545907e+01
12292 0 +8.307450908e+01 +1.970450908e+01 +1.970450908e+01
12728 0 +8.027332474e+01 +1.690332474e+01 +1.690332474e+01
12787 0 +6.977223143e+01 +6.402231427e+00 +6.402231427e+00
12902 0 +6.745940733e+01 +4.089407332e+00 +4.089407332e+00
13032 0 +6.470702852e+01 +1.337028515e+00 +1.337028515e+00
13120 0 +6.379550184e+01 +4.255018389e-01 +4.255018389e-01
13576 0 +6.182447158e+01 -1.545528416e+00 -1.545528416e+00
13651 0 +6.012435974e+01 -3.245640263e+00 -3.245640263e+00
13730 0 +5.517011579e+01 -8.199884208e+00 -8.199884208e+00
13930 0 +5.386766157e+01 -9.502338433e+00 -9.502338433e+00
14151 0 +5.239145833e+01 -1.097854167e+01 -1.097854167e+01
14234 0 +4.797791930e+01 -1.539208070e+01 -1.539208070e+01
14405 0 +4.773005603e+01 -1.563994397e+01 -1.563994397e+01
15350 0 +4.673443579e+01 -1.663556421e+01 -1.663556421e+01
15428 0 +4.547447773e+01 -1.789552227e+01 -1.789552227e+01
15691 0 +4.464934521e+01 -1.872065479e+01 -1.872065479e+01
16035 0 +4.322226890e+01 -2.014773110e+01 -2.014773110e+01
16590 0 +4.248640137e+01 -2.088359863e+01 -2.088359863e+01
16851 0 +4.155096849e+01 -2.181903151e+01 -2.181903151e+01
16917 0 +4.040323766e+01 -2.296676234e+01 -2.296676234e+01
16982 0 +3.962934820e+01 -2.374065180e+01 -2.374065180e+01
18292 0 +3.847582841e+01 -2.489417159e+01 -2.489417159e+01
21444 0 +3.796911073e+01 -2.540088927e+01 -2.540088927e+01
23264 0 +3.714912181e+01 -2.622087819e+01 -2.622087819e+01
27188 0 +3.629253219e+01 -2.707746781e+01 -2.707746781e+01
33437 0 +3.548056814e+01 -2.788943186e+01 -2.788943186e+01
42206 0 +3.467150161e+01 -2.869849839e+01 -2.869849839e+01
50257 0 +3.388159390e+01 -2.948840610e+01 -2.948840610e+01
58340 0 +3.310882470e+01 -3.026117530e+01 -3.026117530e+01
64738 0 +3.235917684e+01 -3.101082316e+01 -3.101082316e+01
71332 0 +3.162209557e+01 -3.174790443e+01 -3.174790443e+01
80300 0 +3.090243224e+01 -3.246756776e+01 -3.246756776e+01
88510 0 +3.019742189e+01 -3.317257811e+01 -3.317257811e+01
95678 0 +2.950753977e+01 -3.386246023e+01 -3.386246023e+01
103239 0 +2.883997433e+01 -3.453002567e+01 -3.453002567e+01
111244 0 +2.817972205e+01 -3.519027795e+01 -3.519027795e+01
119848 0 +2.754115759e+01 -3.582884241e+01 -3.582884241e+01
128578 0 +2.691493048e+01 -3.645506952e+01 -3.645506952e+01
138410 0 +2.630092638e+01 -3.706907362e+01 -3.706907362e+01
147887 0 +2.570257132e+01 -3.766742868e+01 -3.766742868e+01
157781 0 +2.511618877e+01 -3.825381123e+01 -3.825381123e+01
168489 0 +2.454212042e+01 -3.882787958e+01 -3.882787958e+01
177687 0 +2.398693856e+01 -3.938306144e+01 -3.938306144e+01
186735 0 +2.343974266e+01 -3.993025734e+01 -3.993025734e+01
195461 0 +2.290779005e+01 -4.046220995e+01 -4.046220995e+01
204802 0 +2.238561126e+01 -4.098438874e+01 -4.098438874e+01
215310 0 +2.187665273e+01 -4.149334727e+01 -4.149334727e+01
223825 0 +2.137685481e+01 -4.199314519e+01 -4.199314519e+01
232910 0 +2.089293518e+01 -4.247706482e+01 -4.247706482e+01
244050 0 +2.041512444e+01 -4.295487556e+01 -4.295487556e+01
254170 0 +1.995237789e+01 -4.341762211e+01 -4.341762211e+01
264662 0 +1.949683051e+01 -4.387316949e+01 -4.387316949e+01
275088 0 +1.905402173e+01 -4.431597827e+01 -4.431597827e+01
285301 0 +1.862027157e+01 -4.474972843e+01 -4.474972843e+01
293247 0 +1.819696681e+01 -4.517303319e+01 -4.517303319e+01
301215 0 +1.778141396e+01 -4.558858604e+01 -4.558858604e+01
309113 0 +1.737727539e+01 -4.599272461e+01 -4.599272461e+01
316861 0 +1.697858855e+01 -4.639141145e+01 -4.639141145e+01
325003 0 +1.659502925e+01 -4.677497075e+01 -4.677497075e+01
334167 0 +1.621741265e+01 -4.715258735e+01 -4.715258735e+01
343589 0 +1.584880572e+01 -4.752119428e+01 -4.752119428e+01
351775 0 +1.548767592e+01 -4.788232408e+01 -4.788232408e+01
359640 0 +1.513372610e+01 -4.823627390e+01 -4.823627390e+01
366633 0 +1.479105240e+01 -4.857894760e+01 -4.857894760e+01
373868 0 +1.445383208e+01 -4.891616792e+01 -4.891616792e+01
381326 0 +1.412475227e+01 -4.924524773e+01 -4.924524773e+01
387650 0 +1.379994193e+01 -4.957005807e+01 -4.957005807e+01
393951 0 +1.348892301e+01 -4.988107699e+01 -4.988107699e+01
400001 0 +1.323467589e+01 -5.013532411e+01 -5.013532411e+01
% f evaluations | g evaluations | best noise-free fitness - Fopt (2.750000000000e+00) + sum g_i+ | measured fitness | best measured fitness or single-digit g-values | x1 | x2...
1 0 +2.535000000e+02 +2.562500000e+02 +2.562500000e+02
10195 0 +2.492772780e+02 +2.520272780e+02 +2.520272780e+02
10411 0 +2.285336924e+02 +2.312836924e+02 +2.312836924e+02
10872 0 +2.234363904e+02 +2.261863904e+02 +2.261863904e+02
10906 0 +2.160498128e+02 +2.187998128e+02 +2.187998128e+02
10917 0 +2.092415459e+02 +2.119915459e+02 +2.119915459e+02
10943 0 +1.930970339e+02 +1.958470339e+02 +1.958470339e+02
11115 0 +1.750700447e+02 +1.778200447e+02 +1.778200447e+02
11225 0 +1.527695159e+02 +1.555195159e+02 +1.555195159e+02
11456 0 +1.484545956e+02 +1.512045956e+02 +1.512045956e+02
11797 0 +1.397192555e+02 +1.424692555e+02 +1.424692555e+02
11874 0 +1.338195125e+02 +1.365695125e+02 +1.365695125e+02
11882 0 +1.286420061e+02 +1.313920061e+02 +1.313920061e+02
11892 0 +1.045858990e+02 +1.073358990e+02 +1.073358990e+02
12323 0 +1.017523810e+02 +1.045023810e+02 +1.045023810e+02
12627 0 +9.561712347e+01 +9.836712347e+01 +9.836712347e+01
12639 0 +9.539410955e+01 +9.814410955e+01 +9.814410955e+01
12769 0 +9.202571624e+01 +9.477571624e+01 +9.477571624e+01
12780 0 +9.070282535e+01 +9.345282535e+01 +9.345282535e+01
12855 0 +8.579606538e+01 +8.854606538e+01 +8.854606538e+01
12858 0 +8.264921050e+01 +8.539921050e+01 +8.539921050e+01
12930 0 +8.030759985e+01 +8.305759985e+01 +8.305759985e+01
13098 0 +7.715902046e+01 +7.990902046e+01 +7.990902046e+01
13339 0 +7.569663929e+01 +7.844663929e+01 +7.844663929e+01
13456 0 +7.341327094e+01 +7.616327094e+01 +7.616327094e+01
13457 0 +6.907879199e+01 +7.182879199e+01 +7.182879199e+01
13475 0 +6.382737229e+01 +6.657737229e+01 +6.657737229e+01
14222 0 +6.241567781e+01 +6.516567781e+01 +6.516567781e+01
14244 0 +5.621362540e+01 +5.896362540e+01 +5.896362540e+01
14791 0 +5.451168962e+01 +5.726168962e+01 +5.726168962e+01
14961 0 +5.356101743e+01 +5.631101743e+01 +5.631101743e+01
15107 0 +5.186617937e+01 +5.461617937e+01 +5.461617937e+01
15236 0 +4.977939793e+01 +5.252939793e+01 +5.252939793e+01
15440 0 +4.775644738e+01 +5.050644738e+01 +5.050644738e+01
16026 0 +4.672519569e+01 +4.947519569e+01 +4.947519569e+01
16143 0 +4.542533117e+01 +4.817533117e+01 +4.817533117e+01
16378 0 +4.447806608e+01 +4.722806608e+01 +4.722806608e+01
16680 0 +4.335267540e+01 +4.610267540e+01 +4.610267540e+01
16935 0 +4.220239733e+01 +4.495239733e+01 +4.495239733e+01
17223 0 +4.160821796e+01 +4.435821796e+01 +4.435821796e+01
18047 0 +4.043792916e+01 +4.318792916e+01 +4.318792916e+01
18440 0 +3.951273075e+01 +4.226273075e+01 +4.226273075e+01
19039 0 +3.889517821e+01 +4.164517821e+01 +4.164517821e+01
20734 0 +3.788240396e+01 +4.063240396e+01 +4.063240396e+01
23318 0 +3.714577335e+01 +3.989577335e+01 +3.989577335e+01
27455 0 +3.630509402e+01 +3.905509402e+01 +3.905509402e+01
34623 0 +3.547993459e+01 +3.822993459e+01 +3.822993459e+01
42858 0 +3.467340151e+01 +3.742340151e+01 +3.742340151e+01
50717 0 +3.388428091e+01 +3.663428091e+01 +3.663428091e+01
58093 0 +3.311211160e+01 +3.586211160e+01 +3.586211160e+01
66065 0 +3.235897150e+01 +3.510897150e+01 +3.510897150e+01
75477 0 +3.162206845e+01 +3.437206845e+01 +3.437206845e+01
84483 0 +3.089807382e+01 +3.364807382e+01 +3.364807382e+01
93074 0 +3.019815504e+01 +3.294815504e+01 +3.294815504e+01
101390 0 +2.950590872e+01 +3.225590872e+01 +3.225590872e+01
109765 0 +2.883768552e+01 +3.158768552e+01 +3.158768552e+01
117976 0 +2.817873494e+01 +3.092873494e+01 +3.092873494e+01
126445 0 +2.754204246e+01 +3.029204246e+01 +3.029204246e+01
137428 0 +2.691190340e+01 +2.966190340e+01 +2.966190340e+01
147890 0 +2.630238653e+01 +2.905238653e+01 +2.905238653e+01
157666 0 +2.570378174e+01 +2.845378174e+01 +2.845378174e+01
167592 0 +2.511868657e+01 +2.786868657e+01 +2.786868657e+01
177799 0 +2.454609234e+01 +2.729609234e+01 +2.729609234e+01
189247 0 +2.398820294e+01 +2.673820294e+01 +2.673820294e+01
198727 0 +2.344149705e+01 +2.619149705e+01 +2.619149705e+01
208082 0 +2.290768900e+01 +2.565768900e+01 +2.565768900e+01
217323 0 +2.238707794e+01 +2.513707794e+01 +2.513707794e+01
228219 0 +2.187410664e+01 +2.462410664e+01 +2.462410664e+01
240075 0 +2.137945843e+01 +2.412945843e+01 +2.412945843e+01
250981 0 +2.089077833e+01 +2.364077833e+01 +2.364077833e+01
262043 0 +2.041680900e+01 +2.316680900e+01 +2.316680900e+01
271966 0 +1.995254190e+01 +2.270254190e+01 +2.270254190e+01
281308 0 +1.949809281e+01 +2.224809281e+01 +2.224809281e+01
289755 0 +1.905367103e+01 +2.180367103e+01 +2.180367103e+01
298690 0 +1.862081155e+01 +2.137081155e+01 +2.137081155e+01
305949 0 +1.819699786e+01 +2.094699786e+01 +2.094699786e+01
314902 0 +1.778085522e+01 +2.053085522e+01 +2.053085522e+01
324933 0 +1.737663535e+01 +2.012663535e+01 +2.012663535e+01
335219 0 +1.698225888e+01 +1.973225888e+01 +1.973225888e+01
344527 0 +1.659554581e+01 +1.934554581e+01 +1.934554581e+01
353599 0 +1.621779195e+01 +1.896779195e+01 +1.896779195e+01
362599 0 +1.584867527e+01 +1.859867527e+01 +1.859867527e+01
369943 0 +1.548595896e+01 +1.823595896e+01 +1.823595896e+01
378490 0 +1.513479167e+01 +1.788479167e+01 +1.788479167e+01
386885 0 +1.479094490e+01 +1.754094490e+01 +1.754094490e+01
394874 0 +1.445429644e+01 +1.720429644e+01 +1.720429644e+01
400007 0 +1.425763792e+01 +1.700763792e+01 +1.700763792e+01
% f evaluations | g evaluations | best noise-free fitness - Fopt (-4.681000000000e+01) + sum g_i+ | measured fitness | best measured fitness or single-digit g-values | x1 | x2...
1 0 +2.535000000e+02 +2.066900000e+02 +2.066900000e+02
9025 0 +2.532933788e+02 +2.064833788e+02 +2.064833788e+02
9130 0 +2.465074613e+02 +1.996974613e+02 +1.996974613e+02
9138 0 +2.424791389e+02 +1.956691389e+02 +1.956691389e+02
9359 0 +2.254537703e+02 +1.786437703e+02 +1.786437703e+02
9427 0 +1.592253809e+02 +1.124153809e+02 +1.124153809e+02
9481 0 +1.418885545e+02 +9.507855448e+01 +9.507855448e+01
10328 0 +1.400973868e+02 +9.328738676e+01 +9.328738676e+01
10594 0 +1.106990362e+02 +6.388903622e+01 +6.388903622e+01
10733 0 +1.083221551e+02 +6.151215511e+01 +6.151215511e+01
10812 0 +1.053162704e+02 +5.850627041e+01 +5.850627041e+01
11083 0 +1.018735175e+02 +5.506351750e+01 +5.506351750e+01
11500 0 +9.768416222e+01 +5.087416222e+01 +5.087416222e+01
11617 0 +9.280027221e+01 +4.599027221e+01 +4.599027221e+01
11631 0 +8.381630731e+01 +3.700630731e+01 +3.700630731e+01
11889 0 +7.844757401e+01 +3.163757401e+01 +3.163757401e+01
12048 0 +7.738084669e+01 +3.057084669e+01 +3.057084669e+01
12442 0 +7.524566601e+01 +2.843566601e+01 +2.843566601e+01
12576 0 +7.148899071e+01 +2.467899071e+01 +2.467899071e+01
12585 0 +6.921521874e+01 +2.240521874e+01 +2.240521874e+01
12626 0 +6.513521448e+01 +1.832521448e+01 +1.832521448e+01
13437 0 +6.364557917e+01 +1.683557917e+01 +1.683557917e+01
13623 0 +5.735858135e+01 +1.054858135e+01 +1.054858135e+01
13985 0 +5.287774450e+01 +6.067744503e+00 +6.067744503e+00
14488 0 +5.166994590e+01 +4.859945897e+00 +4.859945897e+00
14561 0 +5.084895818e+01 +4.038958182e+00 +4.038958182e+00
14753 0 +4.986442367e+01 +3.054423671e+00 +3.054423671e+00
14822 0 +4.861429009e+01 +1.804290091e+00 +1.804290091e+00
14926 0 +4.756666296e+01 +7.566629632e-01 +7.566629632e-01
15010 0 +4.574897596e+01 -1.061024038e+00 -1.061024038e+00
15275 0 +4.552532868e+01 -1.284671318e+00 -1.284671318e+00
15419 0 +4.460984661e+01 -2.200153387e+00 -2.200153387e+00
15466 0 +4.236683077e+01 -4.443169225e+00 -4.443169225e+00
16627 0 +4.149182584e+01 -5.318174157e+00 -5.318174157e+00
16832 0 +4.053969216e+01 -6.270307844e+00 -6.270307844e+00
17317 0 +3.945889510e+01 -7.351104901e+00 -7.351104901e+00
18826 0 +3.886843655e+01 -7.941563446e+00 -7.941563446e+00
19826 0 +3.801859837e+01 -8.791401629e+00 -8.791401629e+00
22158 0 +3.715111875e+01 -9.658881249e+00 -9.658881249e+00
26280 0 +3.630156990e+01 -1.050843010e+01 -1.050843010e+01
32695 0 +3.548052656e+01 -1.132947344e+01 -1.132947344e+01
40484 0 +3.467247225e+01 -1.213752775e+01 -1.213752775e+01
48348 0 +3.388275211e+01 -1.292724789e+01 -1.292724789e+01
55910 0 +3.310979774e+01 -1.370020226e+01 -1.370020226e+01
63889 0 +3.235715761e+01 -1.445284239e+01 -1.445284239e+01
72312 0 +3.162142076e+01 -1.518857924e+01 -1.518857924e+01
81869 0 +3.090195984e+01 -1.590804016e+01 -1.590804016e+01
89595 0 +3.019651148e+01 -1.661348852e+01 -1.661348852e+01
97966 0 +2.951047862e+01 -1.729952138e+01 -1.729952138e+01
104756 0 +2.883913988e+01 -1.797086012e+01 -1.797086012e+01
113377 0 +2.818281504e+01 -1.862718496e+01 -1.862718496e+01
122913 0 +2.754096423e+01 -1.926903577e+01 -1.926903577e+01
132400 0 +2.691248388e+01 -1.989751612e+01 -1.989751612e+01
140511 0 +2.630194637e+01 -2.050805363e+01 -2.050805363e+01
148885 0 +2.570256931e+01 -2.110743069e+01 -2.110743069e+01
158094 0 +2.511677054e+01 -2.169322946e+01 -2.169322946e+01
168673 0 +2.454579497e+01 -2.226420503e+01 -2.226420503e+01
179695 0 +2.398830884e+01 -2.282169116e+01 -2.282169116e+01
189978 0 +2.344204507e+01 -2.336795493e+01 -2.336795493e+01
200307 0 +2.290765142e+01 -2.390234858e+01 -2.390234858e+01
212015 0 +2.238657909e+01 -2.442342091e+01 -2.442342091e+01
221833 0 +2.187685186e+01 -2.493314814e+01 -2.493314814e+01
231556 0 +2.137811557e+01 -2.543188443e+01 -2.543188443e+01
239375 0 +2.089293813e+01 -2.591706187e+01 -2.591706187e+01
247372 0 +2.041672771e+01 -2.639327229e+01 -2.639327229e+01
255888 0 +1.995195144e+01 -2.685804856e+01 -2.685804856e+01
263126 0 +1.949348430e+01 -2.731651570e+01 -2.731651570e+01
270011 0 +1.905234414e+01 -2.775765586e+01 -2.775765586e+01
276970 0 +1.861859069e+01 -2.819140931e+01 -2.819140931e+01
285582 0 +1.819670830e+01 -2.861329170e+01 -2.861329170e+01
293685 0 +1.778183897e+01 -2.902816103e+01 -2.902816103e+01
301744 0 +1.737724689e+01 -2.943275311e+01 -2.943275311e+01
311256 0 +1.698239898e+01 -2.982760102e+01 -2.982760102e+01
320176 0 +1.659487829e+01 -3.021512171e+01 -3.021512171e+01
328187 0 +1.621777015e+01 -3.059222985e+01 -3.059222985e+01
337444 0 +1.584850114e+01 -3.096149886e+01 -3.096149886e+01
346749 0 +1.548796913e+01 -3.132203087e+01 -3.132203087e+01
355152 0 +1.513475114e+01 -3.167524886e+01 -3.167524886e+01
363655 0 +1.479083602e+01 -3.201916398e+01 -3.201916398e+01
372081 0 +1.445425737e+01 -3.235574263e+01 -3.235574263e+01
379891 0 +1.412411116e+01 -3.268588884e+01 -3.268588884e+01
387557 0 +1.380346263e+01 -3.300653737e+01 -3.300653737e+01
395364 0 +1.348912367e+01 -3.332087633e+01 -3.332087633e+01
400014 0 +1.331268994e+01 -3.349731006e+01 -3.349731006e+01
% f evaluations | g evaluations | best noise-free fitness - Fopt (6.134000000000e+01) + sum g_i+ | measured fitness | best measured fitness or single-digit g-values | x1 | x2...
1 0 +2.535000000e+02 +3.148400000e+02 +3.148400000e+02
9476 0 +2.394903040e+02 +3.008303040e+02 +3.008303040e+02
10675 0 +1.882489360e+02 +2.495889360e+02 +2.495889360e+02
11153 0 +1.784189534e+02 +2.397589534e+02 +2.397589534e+02
11189 0 +1.719381359e+02 +2.332781359e+02 +2.332781359e+02
11447 0 +1.528078678e+02 +2.141478678e+02 +2.141478678e+02
11451 0 +1.502777955e+02 +2.116177955e+02 +2.116177955e+02
11645 0 +1.471145574e+02 +2.084545574e+02 +2.084545574e+02
11661 0 +1.376916300e+02 +1.990316300e+02 +1.990316300e+02
11693 0 +1.279522572e+02 +1.892922572e+02 +1.892922572e+02
11737 0 +1.226842641e+02 +1.840242641e+02 +1.840242641e+02
11781 0 +1.181011472e+02 +1.794411472e+02 +1.794411472e+02
11809 0 +1.133161254e+02 +1.746561254e+02 +1.746561254e+02
11916 0 +1.104969882e+02 +1.718369882e+02 +1.718369882e+02
11941 0 +9.971187328e+01 +1.610518733e+02 +1.610518733e+02
12253 0 +8.330005763e+01 +1.446400576e+02 +1.446400576e+02
12790 0 +8.313476560e+01 +1.444747656e+02 +1.444747656e+02
12906 0 +7.141279663e+01 +1.327527966e+02 +1.327527966e+02
13015 0 +6.436088150e+01 +1.257008815e+02 +1.257008815e+02
13612 0 +6.147128051e+01 +1.228112805e+02 +1.228112805e+02
14229 0 +6.002184419e+01 +1.213618442e+02 +1.213618442e+02
14251 0 +5.715136390e+01 +1.184913639e+02 +1.184913639e+02
14303 0 +5.391252803e+01 +1.152525280e+02 +1.152525280e+02
14315 0 +5.348026107e+01 +1.148202611e+02 +1.148202611e+02
14726 0 +5.079742350e+01 +1.121374235e+02 +1.121374235e+02
14812 0 +4.909235043e+01 +1.104323504e+02 +1.104323504e+02
14986 0 +4.868012787e+01 +1.100201279e+02 +1.100201279e+02
15203 0 +4.719687421e+01 +1.085368742e+02 +1.085368742e+02
15299 0 +4.487330679e+01 +1.062133068e+02 +1.062133068e+02
15707 0 +4.459116887e+01 +1.059311689e+02 +1.059311689e+02
15758 0 +4.356615284e+01 +1.049061528e+02 +1.049061528e+02
15776 0 +4.227216609e+01 +1.036121661e+02 +1.036121661e+02
17181 0 +4.153727741e+01 +1.028772774e+02 +1.028772774e+02
17392 0 +4.058530867e+01 +1.019253087e+02 +1.019253087e+02
17983 0 +3.964998897e+01 +1.009899890e+02 +1.009899890e+02
18681 0 +3.884107436e+01 +1.001810744e+02 +1.001810744e+02
20152 0 +3.796401238e+01 +9.930401238e+01 +9.930401238e+01
21562 0 +3.713601387e+01 +9.847601387e+01 +9.847601387e+01
26058 0 +3.630162548e+01 +9.764162548e+01 +9.764162548e+01
32870 0 +3.547940182e+01 +9.681940182e+01 +9.681940182e+01
40662 0 +3.467308975e+01 +9.601308975e+01 +9.601308975e+01
49210 0 +3.388322110e+01 +9.522322110e+01 +9.522322110e+01
56937 0 +3.311310667e+01 +9.445310667e+01 +9.445310667e+01
67156 0 +3.235755921e+01 +9.369755921e+01 +9.369755921e+01
77507 0 +3.162251352e+01 +9.296251352e+01 +9.296251352e+01
86593 0 +3.089969675e+01 +9.223969675e+01 +9.223969675e+01
95536 0 +3.019658612e+01 +9.153658612e+01 +9.153658612e+01
106011 0 +2.951136218e+01 +9.085136218e+01 +9.085136218e+01
115979 0 +2.883914629e+01 +9.017914629e+01 +9.017914629e+01
125185 0 +2.818138831e+01 +8.952138831e+01 +8.952138831e+01
135680 0 +2.754113774e+01 +8.888113774e+01 +8.888113774e+01
145461 0 +2.691098439e+01 +8.825098439e+01 +8.825098439e+01
154017 0 +2.629799572e+01 +8.763799572e+01 +8.763799572e+01
163053 0 +2.570130795e+01 +8.704130795e+01 +8.704130795e+01
173457 0 +2.511867378e+01 +8.645867378e+01 +8.645867378e+01
183860 0 +2.454646662e+01 +8.588646662e+01 +8.588646662e+01
192680 0 +2.398794722e+01 +8.532794722e+01 +8.532794722e+01
201177 0 +2.344028566e+01 +8.478028566e+01 +8.478028566e+01
209926 0 +2.290710380e+01 +8.424710380e+01 +8.424710380e+01
218190 0 +2.238542009e+01 +8.372542009e+01 +8.372542009e+01
227345 0 +2.187479226e+01 +8.321479226e+01 +8.321479226e+01
235025 0 +2.137924141e+01 +8.271924141e+01 +8.271924141e+01
243378 0 +2.088770494e+01 +8.222770494e+01 +8.222770494e+01
251109 0 +2.041088447e+01 +8.175088447e+01 +8.175088447e+01
257057 0 +1.995197566e+01 +8.129197566e+01 +8.129197566e+01
263082 0 +1.949792267e+01 +8.083792267e+01 +8.083792267e+01
270561 0 +1.905317798e+01 +8.039317798e+01 +8.039317798e+01
278459 0 +1.862058076e+01 +7.996058076e+01 +7.996058076e+01
286361 0 +1.819625620e+01 +7.953625620e+01 +7.953625620e+01
295190 0 +1.778209143e+01 +7.912209143e+01 +7.912209143e+01
305977 0 +1.737793158e+01 +7.871793158e+01 +7.871793158e+01
315151 0 +1.698218067e+01 +7.832218067e+01 +7.832218067e+01
322395 0 +1.659573746e+01 +7.793573746e+01 +7.793573746e+01
331371 0 +1.621722078e+01 +7.755722078e+01 +7.755722078e+01
340308 0 +1.584872552e+01 +7.718872552e+01 +7.718872552e+01
348799 0 +1.548763226e+01 +7.682763226e+01 +7.682763226e+01
357202 0 +1.513473240e+01 +7.647473240e+01 +7.647473240e+01
364764 0 +1.479092804e+01 +7.613092804e+01 +7.613092804e+01
371828 0 +1.445378352e+01 +7.579378352e+01 +7.579378352e+01
378250 0 +1.412385409e+01 +7.546385409e+01 +7.546385409e+01
386408 0 +1.380333976e+01 +7.514333976e+01 +7.514333976e+01
394671 0 +1.348903439e+01 +7.482903439e+01 +7.482903439e+01
400009 0 +1.329586579e+01 +7.463586579e+01 +7.463586579e+01
