% f evaluations | g evaluations | best noise-free fitness - Fopt (-5.465000000000e+02) + sum g_i+ | measured fitness | best measured fitness or single-digit g-values | x1 | x2...
1 0 +6.592654473e+03 +6.046154473e+03 +6.046154473e+03 +0.0000e+00 +0.0000e+00 +0.0000e+00 +0.0000e+00 +0.0000e+00
3 0 +6.048281896e+00 -5.404517181e+02 -5.404517181e+02 +1.0353e+00 +5.2137e-01 +5.9410e-01 -7.3686e-01 +1.0509e+00
61 0 +4.750993691e+00 -5.417490063e+02 -5.417490063e+02 -9.7248e-01 -6.1600e-01 +1.4190e+00 -4.0069e-01 +1.1035e+00
83 0 +3.606990352e+00 -5.428930096e+02 -5.428930096e+02 +1.5591e+00 +2.0838e+00 +9.9488e-01 -1.0335e+00 +1.5217e+00
104 0 +3.242106347e+00 -5.432578937e+02 -5.432578937e+02 -8.1232e-01 +9.7073e-01 +1.1446e+00 -8.4828e-01 +1.3297e+00
122 0 +2.626479987e+00 -5.438735200e+02 -5.438735200e+02 -1.1336e+00 +2.4980e+00 +1.6514e+00 -7.0916e-01 +2.4620e+00
698 0 +2.103338555e+00 -5.443966614e+02 -5.443966614e+02 -8.8678e-01 +3.9479e-01 +1.8170e+00 -2.1732e+00 +2.0459e+00
894 0 +1.908048466e+00 -5.445919515e+02 -5.445919515e+02 +7.1523e-01 +2.6665e+00 +2.0185e+00 -2.2416e+00 +2.0328e+00
5616 0 +1.669813130e+00 -5.448301869e+02 -5.448301869e+02 -2.0442e+00 +2.0597e+00 +2.0888e+00 -1.0982e+00 +1.4969e+00
5970 0 +1.546081078e+00 -5.449539189e+02 -5.449539189e+02 +1.4663e+00 +1.6856e+00 +1.6312e+00 -2.1907e+00 +2.0626e+00
17527 0 +1.354765364e+00 -5.451452346e+02 -5.451452346e+02 -1.9127e+00 +1.3869e+00 +2.3131e+00 -5.0884e-01 +1.3461e+00
21499 0 +1.323785476e+00 -5.451762145e+02 -5.451762145e+02 -1.9802e+00 -4.4603e-01 +2.6880e+00 -2.0023e+00 +1.0359e+00
21533 0 +1.177187267e+00 -5.453228127e+02 -5.453228127e+02 -2.0561e+00 -5.9437e-01 +2.7530e+00 -2.0172e+00 +1.2685e+00
21826 0 +1.148933276e+00 -5.453510667e+02 -5.453510667e+02 -2.2454e+00 -5.8329e-01 +2.8725e+00 -1.8688e+00 +1.0021e+00
21851 0 +8.214169079e-01 -5.456785831e+02 -5.456785831e+02 -2.0009e+00 -6.4963e-01 +2.7542e+00 -1.9445e+00 +9.6748e-01
22828 0 +6.077769973e-01 -5.458922230e+02 -5.458922230e+02 -2.0562e+00 -6.0780e-01 +2.8064e+00 -1.8572e+00 +2.1438e+00
25138 0 +5.482472694e-01 -5.459517527e+02 -5.459517527e+02 -2.0681e+00 -5.8556e-01 +2.7545e+00 -3.9517e-01 +2.5204e+00
27395 0 +5.225470936e-01 -5.459774529e+02 -5.459774529e+02 -2.1411e+00 -6.2391e-01 +2.7909e+00 -4.3060e-01 +2.5305e+00
27424 0 +5.035321003e-01 -5.459964679e+02 -5.459964679e+02 -2.1022e+00 -5.9367e-01 +2.7637e+00 -4.1055e-01 +2.5416e+00
28714 0 +4.992661180e-01 -5.460007339e+02 -5.460007339e+02 -2.1231e+00 -6.2613e-01 +2.7636e+00 -4.1498e-01 +2.5252e+00
29268 0 +4.830336918e-01 -5.460169663e+02 -5.460169663e+02 -2.1143e+00 -6.2046e-01 +2.7821e+00 -3.9995e-01 +2.5299e+00
31180 0 +4.784136319e-01 -5.460215864e+02 -5.460215864e+02 -2.0901e+00 -6.0418e-01 +2.7790e+00 -4.0486e-01 +2.5288e+00
36641 0 +4.737533385e-01 -5.460262467e+02 -5.460262467e+02 -2.1048e+00 -6.0788e-01 +2.7830e+00 -4.0983e-01 +2.5286e+00
% f evaluations | g evaluations | best noise-free fitness - Fopt (1.000000000000e+03) + sum g_i+ | measured fitness | best measured fitness or single-digit g-values | x1 | x2...
1 0 +6.592654473e+03 +7.592654473e+03 +7.592654473e+03 +0.0000e+00 +0.0000e+00 +0.0000e+00 +0.0000e+00 +0.0000e+00
4 0 +6.066742710e+03 +7.066742710e+03 +7.066742710e+03 -5.8539e-01 +1.1454e+00 +7.9152e-01 -2.0513e-01 -4.6889e-02
10 0 +6.504461487e+01 +1.065044615e+03 +1.065044615e+03 +7.7532e-01 +1.9940e-02 +7.9471e-02 -5.6502e-01 -1.6335e+00
20 0 +4.004783797e+00 +1.004004784e+03 +1.004004784e+03 +1.4083e+00 +1.6000e-01 -7.2667e-01 -1.4356e+00 -7.9948e-01
43 0 +3.334128105e+00 +1.003334128e+03 +1.003334128e+03 +2.4199e+00 -2.0248e-01 -7.5218e-01 -8.7928e-01 -1.9517e+00
105 0 +3.188086472e+00 +1.003188086e+03 +1.003188086e+03 +1.4056e+00 +1.3502e+00 -1.2629e+00 -1.8804e+00 -1.1028e+00
121 0 +3.097464739e+00 +1.003097465e+03 +1.003097465e+03 -6.6028e-01 +4.2339e-01 -4.5837e-01 -1.0518e+00 -1.9652e+00
199 0 +3.062949480e+00 +1.003062949e+03 +1.003062949e+03 +4.3061e-01 +4.6903e-02 -5.3370e-01 -1.2772e+00 -1.6139e+00
207 0 +3.000048522e+00 +1.003000049e+03 +1.003000049e+03 +1.5381e+00 +1.7602e+00 -1.1735e+00 -1.4394e+00 -2.2070e+00
293 0 +2.834466916e+00 +1.002834467e+03 +1.002834467e+03 +5.3499e-01 +2.0300e+00 -5.2235e-01 -1.6549e+00 -2.2043e+00
309 0 +2.232934936e+00 +1.002232935e+03 +1.002232935e+03 +5.7181e-01 +1.3102e-01 -6.6518e-01 -1.9663e+00 -1.0008e+00
333 0 +2.113573628e+00 +1.002113574e+03 +1.002113574e+03 +1.5019e+00 +2.4373e-01 -6.4205e-01 -2.4050e+00 -1.1181e+00
447 0 +2.008584114e+00 +1.002008584e+03 +1.002008584e+03 +1.4150e+00 +1.5400e+00 -2.0020e-01 -1.1092e+00 -2.3097e+00
682 0 +1.959992397e+00 +1.001959992e+03 +1.001959992e+03 +6.4832e-01 +2.0220e+00 -2.1364e+00 -9.7478e-01 -1.2309e+00
6186 0 +1.948919504e+00 +1.001948920e+03 +1.001948920e+03 +1.4201e+00 +3.0357e-01 -2.5131e+00 -8.1272e-01 -1.5430e+00
7911 0 +1.736865429e+00 +1.001736865e+03 +1.001736865e+03 +1.3390e+00 +1.8157e-01 -2.5717e+00 -1.9288e+00 -1.8591e+00
11767 0 +1.667808188e+00 +1.001667808e+03 +1.001667808e+03 -9.9361e-01 -3.0178e-01 -1.1401e+00 -2.3718e+00 -2.0952e+00
12416 0 +1.629180792e+00 +1.001629181e+03 +1.001629181e+03 -1.0478e+00 -3.9059e-01 -6.6234e-01 -9.2958e-01 -1.2958e+00
12956 0 +1.544460226e+00 +1.001544460e+03 +1.001544460e+03 -9.3337e-01 -3.8654e-01 -7.1000e-01 -2.3653e+00 -2.0659e+00
12986 0 +1.436549283e+00 +1.001436549e+03 +1.001436549e+03 -1.0173e+00 -2.5713e-01 -1.1990e+00 -2.3322e+00 -2.0622e+00
14383 0 +1.379283933e+00 +1.001379284e+03 +1.001379284e+03 -9.5133e-01 -2.7898e-01 -1.1959e+00 -2.3265e+00 -2.0386e+00
17277 0 +1.341320395e+00 +1.001341320e+03 +1.001341320e+03 -1.0720e+00 -4.2709e-01 -2.7634e+00 -1.8859e+00 -2.2206e+00
27346 0 +9.740223261e-01 +1.000974022e+03 +1.000974022e+03 -1.0382e+00 -3.8602e-01 -2.7254e+00 -1.8835e+00 -2.1430e+00
50001 0 +9.740223261e-01 +1.000974022e+03 +1.000974022e+03 -1.0382e+00 -3.8602e-01 -2.7254e+00 -1.8835e+00 -2.1430e+00
% f evaluations | g evaluations | best noise-free fitness - Fopt (2.083800000000e+02) + sum g_i+ | measured fitness | best measured fitness or single-digit g-values | x1 | x2...
1 0 +6.592654473e+03 +6.801034473e+03 +6.801034473e+03 +0.0000e+00 +0.0000e+00 +0.0000e+00 +0.0000e+00 +0.0000e+00
2 0 +2.917846446e+03 +3.126226446e+03 +3.126226446e+03 -7.6576e-01 -4.1720e-01 +1.3046e+00 +6.3904e-01 +1.6188e-01
9 0 +6.331674025e+00 +2.147116740e+02 +2.147116740e+02 -1.5004e+00 +1.0126e+00 +1.5134e+00 +5.5339e-01 +1.1389e+00
55 0 +3.425710147e+00 +2.118057101e+02 +2.118057101e+02 -2.5866e-01 +2.3332e-02 +1.2540e+00 +1.1870e+00 +1.2343e+00
93 0 +3.133916614e+00 +2.115139166e+02 +2.115139166e+02 -5.4331e-01 -3.1760e-01 +6.7778e-01 +2.3099e+00 +5.9986e-01
102 0 +2.989239811e+00 +2.113692398e+02 +2.113692398e+02 +5.4995e-01 +6.5545e-01 +1.8261e+00 +1.4581e+00 +1.9273e+00
205 0 +2.479767531e+00 +2.108597675e+02 +2.108597675e+02 +1.1428e+00 +1.5588e+00 +2.3065e+00 +2.1244e+00 +9.3932e-01
346 0 +2.238272721e+00 +2.106182727e+02 +2.106182727e+02 +5.5449e-01 +1.4518e+00 +2.2052e+00 +1.6466e+00 +2.2745e+00
543 0 +2.142546241e+00 +2.105225462e+02 +2.105225462e+02 +1.3369e+00 +2.2493e-01 +1.8984e+00 +2.2176e+00 +1.6901e+00
839 0 +1.526163982e+00 +2.099061640e+02 +2.099061640e+02 +2.0264e-01 -6.8217e-02 +2.5748e+00 +4.7919e-01 +2.5158e+00
2322 0 +8.696764282e-01 +2.092496764e+02 +2.092496764e+02 -2.0841e+00 +2.1045e+00 +5.7686e-01 +2.4383e+00 +2.0594e+00
18029 0 +6.830079972e-01 +2.090630080e+02 +2.090630080e+02 +1.4831e+00 +3.0265e+00 -1.6023e-01 +2.6549e+00 +2.0094e+00
20310 0 +6.560260065e-01 +2.090360260e+02 +2.090360260e+02 +1.4582e+00 +3.0259e+00 -1.6478e-01 +2.6743e+00 +1.9252e+00
21978 0 +5.547398012e-01 +2.089347398e+02 +2.089347398e+02 +1.5470e+00 +3.0053e+00 -1.8613e-01 +2.6861e+00 +1.9422e+00
49161 0 +5.547398012e-01 +2.089347398e+02 +2.089347398e+02 +1.5470e+00 +3.0053e+00 -1.8613e-01 +2.6861e+00 +1.9422e+00
% f evaluations | g evaluations | best noise-free fitness - Fopt (-1.449600000000e+02) + sum g_i+ | measured fitness | best measured fitness or single-digit g-values | x1 | x2...
1 0 +6.592654473e+03 +6.447694473e+03 +6.447694473e+03 +0.0000e+00 +0.0000e+00 +0.0000e+00 +0.0000e+00 +0.0000e+00
3 0 +5.329974164e+03 +5.185014164e+03 +5.185014164e+03 -1.0062e+00 +4.3909e-01 +6.9760e-01 -4.4221e-01 -6.2758e-02
5 0 +1.404688340e+03 +1.259728340e+03 +1.259728340e+03 -1.1048e+00 +1.3142e+00 +6.0846e-01 -6.8036e-01 -8.4493e-01
6 0 +9.427213158e+02 +7.977613158e+02 +7.977613158e+02 -1.9128e-01 -6.6501e-01 +9.8508e-01 -1.3397e+00 -8.0962e-01
18 0 +8.113749346e+02 +6.664149346e+02 +6.664149346e+02 -1.3107e+00 +7.7130e-01 +3.0694e-01 -3.2697e-01 -1.4194e+00
21 0 +3.991490001e+01 -1.050451000e+02 -1.050451000e+02 -1.3685e+00 +4.7105e-01 -4.9325e-01 -8.5186e-01 -8.6659e-01
33 0 +5.779458245e+00 -1.391805418e+02 -1.391805418e+02 +9.6463e-01 -7.4058e-01 -1.0974e+00 -5.1136e-01 -1.2162e+00
48 0 +3.952420084e+00 -1.410075799e+02 -1.410075799e+02 -8.8837e-01 +3.0992e-02 -9.3363e-01 -9.2796e-01 -1.8283e+00
52 0 +3.447653305e+00 -1.415123467e+02 -1.415123467e+02 +9.6215e-01 -7.1077e-01 -3.5548e-01 -9.8111e-01 -2.4792e+00
81 0 +3.255369680e+00 -1.417046303e+02 -1.417046303e+02 -3.1126e-01 -1.2525e-01 -1.1828e+00 -7.4501e-01 -2.4718e+00
96 0 +3.018163996e+00 -1.419418360e+02 -1.419418360e+02 -1.0923e+00 -1.5752e+00 -1.1280e+00 -8.9124e-01 -1.1912e+00
171 0 +2.305942181e+00 -1.426540578e+02 -1.426540578e+02 +7.7327e-01 -2.8148e+00 -1.9046e+00 -7.2953e-01 -1.9139e+00
1205 0 +2.210766600e+00 -1.427492334e+02 -1.427492334e+02 -1.2077e+00 +4.3701e-01 -1.2484e+00 -8.6456e-01 -2.4290e+00
2832 0 +2.060161816e+00 -1.428998382e+02 -1.428998382e+02 -2.1629e+00 -6.6765e-01 -1.0413e+00 -8.5247e-01 -2.3877e+00
2851 0 +1.497497705e+00 -1.434625023e+02 -1.434625023e+02 -2.1475e+00 -2.8001e-01 -5.4031e-01 -9.9425e-01 -2.3892e+00
10810 0 +1.386358469e+00 -1.435736415e+02 -1.435736415e+02 +1.3950e+00 -1.9690e-01 -5.9602e-01 -9.5795e-01 -2.4299e+00
12429 0 +1.379211282e+00 -1.435807887e+02 -1.435807887e+02 +1.4396e+00 -3.0064e+00 -1.3193e+00 -7.9041e-01 -1.2604e+00
45701 0 +1.379211282e+00 -1.435807887e+02 -1.435807887e+02 +1.4396e+00 -3.0064e+00 -1.3193e+00 -7.9041e-01 -1.2604e+00
% f evaluations | g evaluations | best noise-free fitness - Fopt (-6.300000000000e+00) + sum g_i+ | measured fitness | best measured fitness or single-digit g-values | x1 | x2...
1 0 +6.592654473e+03 +6.586354473e+03 +6.586354473e+03 +0.0000e+00 +0.0000e+00 +0.0000e+00 +0.0000e+00 +0.0000e+00
7 0 +2.531619043e+03 +2.525319043e+03 +2.525319043e+03 +8.3489e-01 -1.0380e+00 +1.4506e+00 +5.3289e-01 -1.6636e+00
24 0 +1.222325468e+03 +1.216025468e+03 +1.216025468e+03 +9.4561e-01 +3.2249e-01 +1.7841e-01 +5.2999e-02 -1.0347e+00
51 0 +5.635587434e+02 +5.572587434e+02 +5.572587434e+02 +3.1428e-01 -1.1620e+00 +9.1310e-01 +1.0800e+00 -1.2300e+00
61 0 +4.683645049e+01 +4.053645049e+01 +4.053645049e+01 -3.6200e-01 -6.7329e-01 -8.2378e-01 +5.5440e-01 -9.3203e-01
82 0 +5.835039820e+00 -4.649601797e-01 -4.649601797e-01 -4.2881e-01 -8.5152e-01 -1.1669e+00 +5.5648e-01 -1.1351e+00
105 0 +4.904608096e+00 -1.395391904e+00 -1.395391904e+00 -6.2056e-01 -9.8138e-01 -1.0335e+00 +5.7587e-01 -1.2674e+00
125 0 +4.208369603e+00 -2.091630397e+00 -2.091630397e+00 +2.3325e-01 -2.8698e-01 -1.0357e+00 +9.5563e-01 -1.7813e+00
133 0 +3.914803093e+00 -2.385196907e+00 -2.385196907e+00 -1.3455e-02 -1.3007e+00 -1.2859e+00 +9.2755e-01 -2.0109e+00
150 0 +3.041615642e+00 -3.258384358e+00 -3.258384358e+00 +2.1743e-01 +1.2797e-01 -1.3922e+00 +8.0371e-01 -1.7513e+00
214 0 +2.498465613e+00 -3.801534387e+00 -3.801534387e+00 -8.7063e-01 -3.4758e-02 -1.0067e+00 +8.4591e-01 -2.4315e+00
407 0 +1.706777458e+00 -4.593222542e+00 -4.593222542e+00 -1.6501e+00 -3.0200e+00 -2.9659e-01 +1.0718e+00 -1.2429e+00
6214 0 +1.594391690e+00 -4.705608310e+00 -4.705608310e+00 -1.6162e+00 -2.7865e-01 -1.9399e+00 +6.5539e-01 -1.3261e+00
6390 0 +1.531309699e+00 -4.768690301e+00 -4.768690301e+00 -1.3566e+00 -2.7939e-01 -5.7669e-01 +9.8137e-01 -1.2303e+00
7303 0 +1.382706732e+00 -4.917293268e+00 -4.917293268e+00 -1.5876e+00 -2.9358e+00 -1.3144e+00 +7.8272e-01 -1.2825e+00
16161 0 +1.381786016e+00 -4.918213984e+00 -4.918213984e+00 -1.5126e+00 -2.9649e-01 -1.9464e+00 +6.1899e-01 -1.3324e+00
% f evaluations | g evaluations | best noise-free fitness - Fopt (-1.367600000000e+02) + sum g_i+ | measured fitness | best measured fitness or single-digit g-values | x1 | x2...
1 0 +6.592654473e+03 +6.455894473e+03 +6.455894473e+03 +0.0000e+00 +0.0000e+00 +0.0000e+00 +0.0000e+00 +0.0000e+00
3 0 +1.016627821e+03 +8.798678214e+02 +8.798678214e+02 -1.1466e+00 +9.1590e-01 -7.6450e-01 +1.3897e+00 -3.5039e-01
10 0 +7.845443798e+02 +6.477843798e+02 +6.477843798e+02 -1.5212e+00 +1.3976e+00 -1.4579e+00 +1.2204e+00 -6.8907e-01
28 0 +4.558668340e+02 +3.191068340e+02 +3.191068340e+02 -1.6850e+00 +3.7379e-01 +5.8380e-02 +1.3227e+00 -5.2630e-01
33 0 +4.407477374e+02 +3.039877374e+02 +3.039877374e+02 +4.3164e-01 +1.7124e+00 -1.4951e+00 +6.8416e-01 -1.0679e+00
34 0 +2.766934159e+02 +1.399334159e+02 +1.399334159e+02 -7.0979e-01 +3.9123e-01 +3.2361e-01 +7.9828e-01 -1.7565e+00
45 0 +3.684562540e+00 -1.330754375e+02 -1.330754375e+02 -1.2838e+00 -4.9740e-01 -1.8791e+00 +7.1399e-01 -1.5187e+00
57 0 +3.512913092e+00 -1.332470869e+02 -1.332470869e+02 -1.0844e+00 -1.4467e-01 -6.7805e-01 +1.9626e+00 -1.6254e+00
104 0 +2.285195146e+00 -1.344748049e+02 -1.344748049e+02 -1.3404e+00 -2.4417e-01 -1.9628e+00 +1.6153e+00 -1.8731e+00
455 0 +1.835096936e+00 -1.349249031e+02 -1.349249031e+02 +2.0698e+00 -2.1236e+00 -1.1684e+00 +7.6494e-01 -1.5893e+00
1106 0 +1.807529523e+00 -1.349524705e+02 -1.349524705e+02 +9.2682e-01 -3.8669e-01 -2.6177e+00 +1.8907e+00 -2.1876e+00
4056 0 +1.757049457e+00 -1.350029505e+02 -1.350029505e+02 +1.8777e+00 -2.1784e+00 -2.0660e+00 +1.1006e+00 -1.2416e+00
16312 0 +1.577116661e+00 -1.351828833e+02 -1.351828833e+02 +2.1878e+00 -2.0138e+00 -1.2363e-01 +2.1356e+00 -1.2717e+00
20316 0 +1.366751653e+00 -1.353932483e+02 -1.353932483e+02 -1.5797e+00 -2.8742e+00 -1.8479e+00 +2.1213e+00 -1.7420e+00
28425 0 +1.223231320e+00 -1.355367687e+02 -1.355367687e+02 -1.4767e+00 -1.6731e+00 -1.5107e-01 +2.5910e+00 -1.9805e+00
32112 0 +1.070465771e+00 -1.356895342e+02 -1.356895342e+02 -1.4819e+00 -3.5851e-01 -5.0917e-01 +9.6295e-01 -2.4026e+00
32116 0 +9.326646340e-01 -1.358273354e+02 -1.358273354e+02 -1.4640e+00 -3.2248e-01 -4.7285e-01 +2.5057e+00 -2.0379e+00
32534 0 +7.514256189e-01 -1.360085744e+02 -1.360085744e+02 -1.4808e+00 -3.1916e-01 -5.1990e-01 +2.5106e+00 -1.9943e+00
37005 0 +7.320618492e-01 -1.360279382e+02 -1.360279382e+02 -1.5171e+00 -3.0919e-01 -5.2947e-01 +2.5093e+00 -2.0133e+00
38787 0 +7.181492546e-01 -1.360418507e+02 -1.360418507e+02 -1.4966e+00 -3.0289e-01 -5.2091e-01 +2.4980e+00 -2.0016e+00
44501 0 +7.106300077e-01 -1.360493700e+02 -1.360493700e+02 -1.5126e+00 -2.9649e-01 -5.2268e-01 +2.5004e+00 -2.0060e+00
% f evaluations | g evaluations | best noise-free fitness - Fopt (3.667500000000e+02) + sum g_i+ | measured fitness | best measured fitness or single-digit g-values | x1 | x2...
1 0 +6.592654473e+03 +6.959404473e+03 +6.959404473e+03 +0.0000e+00 +0.0000e+00 +0.0000e+00 +0.0000e+00 +0.0000e+00
4 0 +5.555814212e+03 +5.922564212e+03 +5.922564212e+03 -6.9627e-01 -1.0747e+00 +6.2496e-01 -1.0381e+00 +1.5152e+00
5 0 +8.605779512e+02 +1.227327951e+03 +1.227327951e+03 -4.8757e-01 +8.8711e-01 +2.0116e-01 +2.4021e-02 +1.1455e+00
6 0 +3.593488188e+02 +7.260988188e+02 +7.260988188e+02 +9.2601e-01 -9.6656e-01 -7.2894e-01 +1.1607e+00 +8.8517e-01
11 0 +5.514881972e+00 +3.722648820e+02 +3.722648820e+02 +1.2749e+00 -1.4917e+00 +4.9184e-02 +9.3625e-01 +1.0701e+00
24 0 +5.232703315e+00 +3.719827033e+02 +3.719827033e+02 +1.0773e+00 -1.7573e+00 -3.6459e-01 +1.0483e+00 +9.5464e-01
47 0 +4.472571878e+00 +3.712225719e+02 +3.712225719e+02 +1.2125e+00 -1.0464e+00 -1.6750e-02 +1.1033e+00 +1.4485e+00
67 0 +3.532874163e+00 +3.702828742e+02 +3.702828742e+02 +1.6535e-02 -1.8247e+00 +1.6314e-01 +1.6092e+00 +9.7693e-01
135 0 +3.445047616e+00 +3.701950476e+02 +3.701950476e+02 +1.4474e+00 -1.2237e+00 -2.6711e-01 +1.2962e+00 +1.8827e+00
136 0 +2.958927209e+00 +3.697089272e+02 +3.697089272e+02 +4.1270e-02 -1.8621e+00 +7.0304e-01 +2.3560e+00 +1.6964e+00
213 0 +2.517901109e+00 +3.692679011e+02 +3.692679011e+02 +1.4861e+00 -1.2145e+00 +2.6856e-01 +1.0590e+00 +1.6759e+00
298 0 +1.405297223e+00 +3.681552972e+02 +3.681552972e+02 +4.3320e-01 -2.7615e+00 +1.9403e+00 +5.6327e-01 +2.5252e+00
6424 0 +1.089864179e+00 +3.678398642e+02 +3.678398642e+02 -2.1797e+00 +4.9777e-01 +2.6694e+00 +1.8903e+00 +2.1731e+00
7086 0 +9.702568686e-01 +3.677202569e+02 +3.677202569e+02 -2.1507e+00 +5.2119e-01 +2.7048e+00 +1.8746e+00 +2.1280e+00
9654 0 +8.729716177e-01 +3.676229716e+02 +3.676229716e+02 -2.0263e+00 +5.7670e-01 +2.7374e+00 +1.9245e+00 +1.7807e+00
9665 0 +4.823454184e-01 +3.672323454e+02 +3.672323454e+02 -2.0452e+00 +5.8215e-01 +2.8519e+00 +1.8969e+00 +2.1490e+00
18878 0 +4.686178688e-01 +3.672186179e+02 +3.672186179e+02 -2.1140e+00 +5.8182e-01 +2.8477e+00 +1.9481e+00 +2.1336e+00
19562 0 +4.313476212e-01 +3.671813476e+02 +3.671813476e+02 -2.0247e+00 +5.6009e-01 +2.7930e+00 +1.8918e+00 +2.1487e+00
50001 0 +4.313476212e-01 +3.671813476e+02 +3.671813476e+02 -2.0247e+00 +5.6009e-01 +2.7930e+00 +1.8918e+00 +2.1487e+00
% f evaluations | g evaluations | best noise-free fitness - Fopt (-2.486900000000e+02) + sum g_i+ | measured fitness | best measured fitness or single-digit g-values | x1 | x2...
1 0 +6.592654473e+03 +6.343964473e+03 +6.343964473e+03 +0.0000e+00 +0.0000e+00 +0.0000e+00 +0.0000e+00 +0.0000e+00
2 0 +3.322284950e+02 +8.353849504e+01 +8.353849504e+01 +1.0656e+00 -3.8966e-01 -5.6511e-01 +1.1881e+00 -1.4438e+00
17 0 +3.695034845e+00 -2.449949652e+02 -2.449949652e+02 -1.3123e+00 -1.6283e-01 +3.1094e-01 +1.6162e+00 -1.1378e+00
20 0 +3.352368380e+00 -2.453376316e+02 -2.453376316e+02 -1.2760e+00 -2.0637e-01 +5.1840e-01 +7.8788e-01 -1.3610e+00
64 0 +3.098689581e+00 -2.455913104e+02 -2.455913104e+02 +7.7939e-01 -7.6942e-01 +2.3801e-01 +1.0557e+00 -1.2160e+00
94 0 +2.863289401e+00 -2.458267106e+02 -2.458267106e+02 +3.7973e-01 -2.3460e+00 -3.7753e-02 +1.6976e+00 -1.8443e+00
118 0 +2.678903294e+00 -2.460110967e+02 -2.460110967e+02 -5.3009e-01 -1.5919e-01 +5.3710e-01 +2.0342e+00 -1.3834e+00
227 0 +2.610075995e+00 -2.460799240e+02 -2.460799240e+02 -5.3006e-01 -1.2927e+00 +2.2638e+00 +2.1339e+00 -1.5497e+00
292 0 +2.461949110e+00 -2.462280509e+02 -2.462280509e+02 +2.0433e+00 -1.3804e+00 +1.8008e+00 +2.1147e+00 -1.4023e+00
375 0 +2.031870547e+00 -2.466581295e+02 -2.466581295e+02 -1.3448e+00 -3.2498e+00 +1.9362e+00 +2.1568e+00 -2.0891e+00
1365 0 +1.958959201e+00 -2.467310408e+02 -2.467310408e+02 +9.0662e-01 -1.5147e+00 +2.1803e+00 +1.3432e+00 -2.2916e+00
4011 0 +1.815984821e+00 -2.468740152e+02 -2.468740152e+02 -2.7586e-02 +1.4276e-01 +6.1470e-01 +2.4522e+00 -8.3759e-01
4506 0 +1.771621290e+00 -2.469183787e+02 -2.469183787e+02 +1.8326e+00 -2.1154e+00 +1.2467e-01 +2.5770e+00 -1.1621e+00
4590 0 +1.582529612e+00 -2.471074704e+02 -2.471074704e+02 -1.3242e+00 -3.0091e+00 -1.5250e-01 +2.6180e+00 -1.1264e+00
4622 0 +1.289308269e+00 -2.474006917e+02 -2.474006917e+02 +2.2164e+00 -2.0382e+00 +5.3179e-02 +2.6198e+00 -1.1747e+00
5191 0 +1.147880753e+00 -2.475421192e+02 -2.475421192e+02 -1.4385e+00 -2.9946e+00 -1.5884e-01 +2.6506e+00 -1.1001e+00
5382 0 +9.208014504e-01 -2.477691985e+02 -2.477691985e+02 -1.4502e+00 -3.0564e+00 -1.7289e-01 +2.6452e+00 -8.4890e-01
5719 0 +8.760527936e-01 -2.478139472e+02 -2.478139472e+02 -1.4713e+00 -3.0745e+00 -1.7099e-01 +2.6765e+00 -7.9653e-01
45301 0 +8.760527936e-01 -2.478139472e+02 -2.478139472e+02 -1.4713e+00 -3.0745e+00 -1.7099e-01 +2.6765e+00 -7.9653e-01
% f evaluations | g evaluations | best noise-free fitness - Fopt (-6.786000000000e+01) + sum g_i+ | measured fitness | best measured fitness or single-digit g-values | x1 | x2...
1 0 +6.592654473e+03 +6.524794473e+03 +6.524794473e+03 +0.0000e+00 +0.0000e+00 +0.0000e+00 +0.0000e+00 +0.0000e+00
8 0 +6.452634051e+03 +6.384774051e+03 +6.384774051e+03 -2.5907e-01 -9.4548e-01 +1.1794e+00 -7.6345e-01 -4.4009e-01
13 0 +5.674611891e+03 +5.606751891e+03 +5.606751891e+03 -1.3581e+00 -6.9795e-01 -1.1699e+00 +9.9712e-01 -2.5884e-02
15 0 +2.154989696e+03 +2.087129696e+03 +2.087129696e+03 -6.3331e-01 +1.3282e+00 -4.1848e-02 +6.1015e-02 -6.0431e-01
16 0 +4.792891408e+02 +4.114291408e+02 +4.114291408e+02 -9.9118e-01 -1.1053e+00 +3.3710e-02 +1.6632e+00 -4.5394e-01
25 0 +1.770814828e+02 +1.092214828e+02 +1.092214828e+02 +1.1594e-01 -1.0064e+00 +8.2445e-01 +2.6371e-01 -1.0144e+00
41 0 +5.227812268e+01 -1.558187732e+01 -1.558187732e+01 -8.4804e-01 +8.7778e-01 +1.7847e-01 +4.9746e-01 -1.0983e+00
43 0 +4.202059212e+00 -6.365794079e+01 -6.365794079e+01 -2.4630e-01 -7.1829e-01 +2.1085e-01 +1.7090e+00 -1.3109e+00
80 0 +3.876632949e+00 -6.398336705e+01 -6.398336705e+01 -1.7475e+00 -9.0993e-01 +8.3023e-01 +4.7214e-01 -1.3186e+00
90 0 +3.425675474e+00 -6.443432453e+01 -6.443432453e+01 +7.2348e-01 +2.8846e-02 +4.4872e-01 +1.2408e+00 -1.9598e+00
122 0 +3.371133217e+00 -6.448886678e+01 -6.448886678e+01 -7.2538e-01 -3.3578e-01 +1.9613e+00 +5.8688e-01 -1.6850e+00
143 0 +2.858809495e+00 -6.500119050e+01 -6.500119050e+01 +5.8376e-01 +5.1442e-01 +4.4735e-01 +2.5318e+00 -1.0804e+00
167 0 +2.153906716e+00 -6.570609328e+01 -6.570609328e+01 +5.3590e-01 +1.7392e-01 +2.5576e+00 +8.0874e-01 -2.3691e+00
621 0 +1.916833733e+00 -6.594316627e+01 -6.594316627e+01 -2.1141e+00 +1.6412e-01 +1.9875e+00 +1.3880e+00 -2.2819e+00
4836 0 +1.543508696e+00 -6.631649130e+01 -6.631649130e+01 -2.1874e+00 -2.8707e-02 +1.6938e+00 +2.2046e+00 -2.0806e+00
4899 0 +1.494973369e+00 -6.636502663e+01 -6.636502663e+01 -2.1563e+00 -6.6639e-01 +2.8539e+00 +1.9396e+00 -1.6909e+00
6970 0 +1.041122069e+00 -6.681887793e+01 -6.681887793e+01 -1.9993e+00 +2.1741e+00 +1.5376e+00 +2.3258e+00 -2.0609e+00
12509 0 +8.740193229e-01 -6.698598068e+01 -6.698598068e+01 -2.0832e+00 +2.0520e+00 +1.4994e+00 +2.2104e+00 -9.4892e-01
17777 0 +7.296123144e-01 -6.713038769e+01 -6.713038769e+01 -2.1972e+00 -6.2934e-01 +8.2090e-01 +2.4180e+00 -2.0443e+00
19904 0 +7.194232485e-01 -6.714057675e+01 -6.714057675e+01 -2.0880e+00 -5.0212e-01 +7.4901e-01 +2.4250e+00 -2.0084e+00
21683 0 +6.190331034e-01 -6.724096690e+01 -6.724096690e+01 -2.1249e+00 -6.4587e-01 +7.8379e-01 +2.4740e+00 -2.0251e+00
21994 0 +5.293092425e-01 -6.733069076e+01 -6.733069076e+01 -2.1730e+00 -6.4441e-01 +7.5130e-01 +2.4416e+00 -2.0186e+00
24711 0 +5.087559219e-01 -6.735124408e+01 -6.735124408e+01 -2.1108e+00 -6.4227e-01 +7.7757e-01 +2.4384e+00 -2.0259e+00
32341 0 +5.087559219e-01 -6.735124408e+01 -6.735124408e+01 -2.1108e+00 -6.4227e-01 +7.7757e-01 +2.4384e+00 -2.0259e+00
% f evaluations | g evaluations | best noise-free fitness - Fopt (-2.329000000000e+01) + sum g_i+ | measured fitness | best measured fitness or single-digit g-values | x1 | x2...
1 0 +6.592654473e+03 +6.569364473e+03 +6.569364473e+03 +0.0000e+00 +0.0000e+00 +0.0000e+00 +0.0000e+00 +0.0000e+00
5 0 +2.319309804e+03 +2.296019804e+03 +2.296019804e+03 -1.3984e+00 +6.0443e-02 +1.6620e+00 -9.6887e-01 -1.7180e-01
13 0 +3.557742945e+02 +3.324842945e+02 +3.324842945e+02 +6.2081e-01 -1.1885e+00 +1.3014e+00 +1.2939e-02 -1.6084e+00
64 0 +3.338968158e+02 +3.106068158e+02 +3.106068158e+02 -8.2489e-01 +8.7671e-01 +1.1779e+00 -1.8193e-01 -8.9058e-01
73 0 +5.088274659e+00 -1.820172534e+01 -1.820172534e+01 +4.8242e-01 +1.5171e-01 +4.4178e-01 -1.0881e+00 -1.0120e+00
93 0 +4.231049711e+00 -1.905895029e+01 -1.905895029e+01 -2.0043e-01 -8.1334e-01 +2.7186e+00 -1.8638e+00 -1.2086e+00
125 0 +2.342004329e+00 -2.094799567e+01 -2.094799567e+01 -6.8161e-01 +7.3817e-02 +2.4585e+00 -1.5478e+00 -1.0591e+00
1636 0 +1.525467072e+00 -2.176453293e+01 -2.176453293e+01 -1.5798e+00 +1.9095e-01 +2.5877e+00 -1.9302e+00 -1.2844e+00
8623 0 +1.510928026e+00 -2.177907197e+01 -2.177907197e+01 +2.3731e+00 +1.1788e+00 +3.5139e-01 -2.5695e+00 -1.9674e+00
9904 0 +1.447204430e+00 -2.184279557e+01 -2.184279557e+01 -5.8819e-01 +1.9429e+00 +7.9476e-02 -2.6326e+00 -2.0053e+00
9986 0 +8.778911936e-01 -2.241210881e+01 -2.241210881e+01 +1.0834e+00 +2.3016e+00 +1.6097e-02 -2.5940e+00 -1.9619e+00
11617 0 +8.455559514e-01 -2.244444405e+01 -2.244444405e+01 +2.0295e+00 +2.1688e+00 +6.3629e-02 -2.1196e+00 -2.1051e+00
11996 0 +8.276126743e-01 -2.246238733e+01 -2.246238733e+01 +2.1085e+00 +2.1819e+00 +5.3745e-02 -2.1303e+00 -2.0979e+00
12033 0 +8.012663169e-01 -2.248873368e+01 -2.248873368e+01 +2.1570e+00 +2.1606e+00 +4.6746e-02 -2.1759e+00 -2.0930e+00
12129 0 +7.604617560e-01 -2.252953824e+01 -2.252953824e+01 +2.0442e+00 +2.1679e+00 +6.2509e-02 -2.1602e+00 -2.0814e+00
12159 0 +7.007694946e-01 -2.258923051e+01 -2.258923051e+01 +2.0887e+00 +2.1226e+00 +8.3355e-02 -2.1367e+00 -2.0952e+00
12328 0 +5.781009993e-01 -2.271189900e+01 -2.271189900e+01 +2.0828e+00 +2.0249e+00 +5.2677e-02 -2.5877e+00 -2.0178e+00
12430 0 +3.203033152e-01 -2.296969668e+01 -2.296969668e+01 +2.0935e+00 +2.1109e+00 +4.2115e-02 -2.6528e+00 -1.9685e+00
12454 0 +2.529576221e-01 -2.303704238e+01 -2.303704238e+01 +2.1171e+00 +2.1136e+00 +4.9849e-02 -2.6211e+00 -1.9783e+00
13563 0 +2.422000067e-01 -2.304779999e+01 -2.304779999e+01 +2.0965e+00 +2.1096e+00 +7.3962e-02 -2.6111e+00 -1.9843e+00
13992 0 +2.392152020e-01 -2.305078480e+01 -2.305078480e+01 +2.1193e+00 +2.0990e+00 +7.2493e-02 -2.6138e+00 -1.9785e+00
19201 0 +2.368766692e-01 -2.305312333e+01 -2.305312333e+01 +2.1048e+00 +2.1048e+00 +7.0592e-02 -2.6134e+00 -1.9777e+00
% f evaluations | g evaluations | best noise-free fitness - Fopt (-1.028000000000e+01) + sum g_i+ | measured fitness | best measured fitness or single-digit g-values | x1 | x2...
1 0 +6.592654473e+03 +6.582374473e+03 +6.582374473e+03 +0.0000e+00 +0.0000e+00 +0.0000e+00 +0.0000e+00 +0.0000e+00
3 0 +4.009453427e+03 +3.999173427e+03 +3.999173427e+03 +1.6338e+00 +6.6347e-02 +1.1151e+00 +9.2356e-01 -1.4637e+00
4 0 +2.333930650e+02 +2.231130650e+02 +2.231130650e+02 -1.5961e+00 +5.8602e-01 +1.5665e+00 +2.1342e-02 -1.5997e+00
11 0 +3.754025556e+00 -6.525974444e+00 -6.525974444e+00 -6.0789e-01 +7.6056e-01 +4.6520e-01 -6.5351e-01 -1.0442e+00
70 0 +3.119448921e+00 -7.160551079e+00 -7.160551079e+00 -1.8208e-01 -7.1735e-01 +7.3833e-01 -1.2999e+00 -2.0039e+00
110 0 +2.949745583e+00 -7.330254417e+00 -7.330254417e+00 -1.2479e+00 +3.2246e-01 +2.5426e+00 -1.2440e+00 -2.4352e+00
295 0 +2.626375351e+00 -7.653624649e+00 -7.653624649e+00 +8.8519e-02 -1.5258e-01 +6.9304e-01 -8.8814e-01 -1.6988e+00
350 0 +2.421842581e+00 -7.858157419e+00 -7.858157419e+00 +9.5543e-01 +1.2874e+00 +3.8993e-01 -9.8964e-01 -2.3761e+00
842 0 +2.233195168e+00 -8.046804832e+00 -8.046804832e+00 +2.1835e+00 +1.2443e+00 +2.2257e+00 -1.3454e+00 -1.4703e+00
845 0 +2.184540025e+00 -8.095459975e+00 -8.095459975e+00 +1.1154e+00 +1.4570e+00 +1.6429e+00 -2.1964e+00 -1.9946e+00
1804 0 +1.948380556e+00 -8.331619444e+00 -8.331619444e+00 -1.3418e+00 +2.2540e-01 +2.5341e+00 -1.9351e+00 -1.3605e+00
2391 0 +1.736869014e+00 -8.543130986e+00 -8.543130986e+00 -1.6459e+00 +2.4920e-01 +2.5646e+00 -1.9267e+00 -1.6094e+00
2452 0 +1.556578124e+00 -8.723421876e+00 -8.723421876e+00 -1.4194e+00 +3.3668e-01 +2.6025e+00 -1.9342e+00 -1.8589e+00
3823 0 +1.439235648e+00 -8.840764352e+00 -8.840764352e+00 -1.5206e+00 +2.2019e-01 +2.4992e+00 -2.0312e+00 -1.2829e+00
3935 0 +1.154219579e+00 -9.125780421e+00 -9.125780421e+00 -1.5399e+00 +2.4729e-01 +2.6369e+00 -1.9601e+00 -1.0468e+00
6294 0 +1.142083988e+00 -9.137916012e+00 -9.137916012e+00 -1.5754e+00 +3.2127e-01 +2.5226e+00 -2.0542e+00 -1.7658e+00
8846 0 +9.811770186e-01 -9.298822981e+00 -9.298822981e+00 -1.4856e+00 +2.7042e-01 +1.9348e+00 -2.1297e+00 -2.1162e+00
41521 0 +9.811770186e-01 -9.298822981e+00 -9.298822981e+00 -1.4856e+00 +2.7042e-01 +1.9348e+00 -2.1297e+00 -2.1162e+00
% f evaluations | g evaluations | best noise-free fitness - Fopt (1.799700000000e+02) + sum g_i+ | measured fitness | best measured fitness or single-digit g-values | x1 | x2...
1 0 +6.592654473e+03 +6.772624473e+03 +6.772624473e+03 +0.0000e+00 +0.0000e+00 +0.0000e+00 +0.0000e+00 +0.0000e+00
9 0 +9.454175799e+02 +1.125387580e+03 +1.125387580e+03 +1.1806e+00 -1.6045e+00 +1.4181e-01 +1.3756e+00 +9.3965e-01
16 0 +2.859008405e+02 +4.658708405e+02 +4.658708405e+02 +1.6689e-01 +1.0817e+00 -7.0007e-01 +1.3983e+00 +1.5459e+00
37 0 +3.934857919e+00 +1.839048579e+02 +1.839048579e+02 +1.1030e+00 +1.2110e+00 -2.2589e-01 +1.1486e+00 +1.5749e+00
93 0 +3.817510806e+00 +1.837875108e+02 +1.837875108e+02 +1.3436e+00 +9.5420e-01 +4.3863e-01 +6.1725e-01 +1.1990e+00
106 0 +3.263062444e+00 +1.832330624e+02 +1.832330624e+02 +2.4316e+00 +3.9474e-01 +5.1398e-01 +1.3774e+00 +8.7455e-01
202 0 +3.051176864e+00 +1.830211769e+02 +1.830211769e+02 -2.1554e+00 +1.6360e-01 +4.8294e-01 +8.9348e-01 +2.1655e+00
288 0 +2.859440033e+00 +1.828294400e+02 +1.828294400e+02 +5.4387e-01 +7.3184e-01 +2.3745e+00 +1.4867e+00 +1.3769e+00
316 0 +2.807315257e+00 +1.827773153e+02 +1.827773153e+02 -5.9233e-01 +5.8003e-01 +8.7746e-01 +2.3957e+00 +1.9996e+00
318 0 +2.123145744e+00 +1.820931457e+02 +1.820931457e+02 -2.8455e-03 +8.3171e-01 +2.4525e+00 +2.0412e+00 +9.5749e-01
1248 0 +2.033900107e+00 +1.820039001e+02 +1.820039001e+02 -2.2749e+00 +2.1162e+00 +1.4950e+00 +1.8246e+00 +1.5812e+00
1518 0 +1.963865352e+00 +1.819338654e+02 +1.819338654e+02 -9.2568e-01 -2.0670e-01 +6.6719e-01 +1.9430e+00 +2.1083e+00
2436 0 +1.587192424e+00 +1.815571924e+02 +1.815571924e+02 -1.9245e+00 -7.4942e-01 +2.2059e+00 +2.0706e+00 +2.0880e+00
3077 0 +1.568772637e+00 +1.815387726e+02 +1.815387726e+02 -1.0568e+00 +2.4869e+00 +2.1242e+00 +2.1255e+00 +1.7488e+00
7374 0 +1.531314589e+00 +1.815013146e+02 +1.815013146e+02 -2.0472e+00 +2.0330e+00 +2.1767e+00 +1.0112e+00 +2.3078e+00
9236 0 +1.337469843e+00 +1.813074698e+02 +1.813074698e+02 +1.5916e+00 +3.4002e-01 +4.6142e-01 +9.4209e-01 +2.3623e+00
12714 0 +1.180333402e+00 +1.811503334e+02 +1.811503334e+02 -2.0747e+00 +2.1172e+00 +1.3985e+00 +1.8340e+00 +2.1965e+00
14711 0 +1.110338390e+00 +1.810803384e+02 +1.810803384e+02 +6.0924e-01 +2.8226e+00 +1.9625e+00 +1.6886e+00 +2.2178e+00
14864 0 +1.079021005e+00 +1.810490210e+02 +1.810490210e+02 +6.0895e-01 +2.7352e+00 +1.9613e+00 +1.6882e+00 +2.2055e+00
16082 0 +1.061970578e+00 +1.810319706e+02 +1.810319706e+02 +6.1029e-01 +2.8135e+00 +1.9315e+00 +1.6736e+00 +2.2161e+00
16110 0 +1.045551932e+00 +1.810155519e+02 +1.810155519e+02 +6.1429e-01 +2.7763e+00 +1.9454e+00 +1.6908e+00 +2.2200e+00
16122 0 +1.006652191e+00 +1.809766522e+02 +1.809766522e+02 +1.3447e+00 +2.9612e+00 +1.9014e+00 +1.6877e+00 +2.2350e+00
16286 0 +9.379679591e-01 +1.809079680e+02 +1.809079680e+02 +1.5462e+00 +2.8963e+00 +1.9212e+00 +1.6903e+00 +2.2047e+00
22561 0 +9.379679591e-01 +1.809079680e+02 +1.809079680e+02 +1.5462e+00 +2.8963e+00 +1.9212e+00 +1.6903e+00 +2.2047e+00
% f evaluations | g evaluations | best noise-free fitness - Fopt (8.376000000000e+01) + sum g_i+ | measured fitness | best measured fitness or single-digit g-values | x1 | x2...
1 0 +6.592654473e+03 +6.676414473e+03 +6.676414473e+03 +0.0000e+00 +0.0000e+00 +0.0000e+00 +0.0000e+00 +0.0000e+00
2 0 +5.017985712e+03 +5.101745712e+03 +5.101745712e+03 +5.9251e-01 -1.4380e+00 -3.2478e-01 -9.7900e-01 +6.0747e-02
3 0 +1.979189040e+03 +2.062949040e+03 +2.062949040e+03 +8.6987e-02 +1.0352e+00 +1.6077e+00 +8.2342e-02 -5.4964e-01
9 0 +5.602292117e+00 +8.936229212e+01 +8.936229212e+01 -1.5821e+00 +6.1522e-02 +1.0877e+00 -5.4837e-01 -1.2393e+00
40 0 +4.424550320e+00 +8.818455032e+01 +8.818455032e+01 -4.3054e-01 +4.3136e-01 +9.8341e-03 -7.1229e-01 -1.4920e+00
58 0 +3.287295062e+00 +8.704729506e+01 +8.704729506e+01 -4.0307e-01 -8.4994e-01 +8.6173e-01 -9.6317e-01 -1.1676e+00
171 0 +2.589470348e+00 +8.634947035e+01 +8.634947035e+01 +1.3191e+00 +9.5047e-01 +9.5787e-01 -8.2760e-01 -1.2672e+00
308 0 +1.363827741e+00 +8.512382774e+01 +8.512382774e+01 +1.5936e+00 +2.8871e-01 +2.5932e+00 -2.0572e+00 -2.0437e+00
12397 0 +1.247933863e+00 +8.500793386e+01 +8.500793386e+01 +1.4715e+00 +3.0066e+00 +1.2523e+00 -7.8698e-01 -2.3764e+00
13475 0 +1.016940642e+00 +8.477694064e+01 +8.477694064e+01 +1.4574e+00 +3.0148e+00 -2.0178e-01 -1.2096e+00 -2.3513e+00
35021 0 +1.016940642e+00 +8.477694064e+01 +8.477694064e+01 +1.4574e+00 +3.0148e+00 -2.0178e-01 -1.2096e+00 -2.3513e+00
% f evaluations | g evaluations | best noise-free fitness - Fopt (-3.890100000000e+02) + sum g_i+ | measured fitness | best measured fitness or single-digit g-values | x1 | x2...
1 0 +6.592654473e+03 +6.203644473e+03 +6.203644473e+03 +0.0000e+00 +0.0000e+00 +0.0000e+00 +0.0000e+00 +0.0000e+00
7 0 +3.837200233e+03 +3.448190233e+03 +3.448190233e+03 -6.6809e-01 +1.6173e+00 -4.4078e-01 -1.0064e-01 -2.7884e-01
8 0 +1.669218655e+03 +1.280208655e+03 +1.280208655e+03 +1.4548e+00 +1.5721e-01 +9.5895e-01 -9.2910e-01 -6.6958e-01
21 0 +7.191403707e+02 +3.301303707e+02 +3.301303707e+02 -1.1808e+00 -8.4881e-01 -7.9718e-01 -3.0977e-01 -6.9683e-01
38 0 +7.033824635e+02 +3.143724635e+02 +3.143724635e+02 -1.5377e+00 -7.8260e-02 -3.8224e-01 -7.5199e-02 -1.0034e+00
42 0 +3.528584178e+02 -3.615158223e+01 -3.615158223e+01 -4.7598e-01 +9.7481e-01 -3.0881e-01 -4.7097e-01 -7.8151e-01
71 0 +5.266702318e+01 -3.363429768e+02 -3.363429768e+02 -9.6879e-01 +7.8699e-01 -5.5064e-01 -4.0588e-01 -1.2207e+00
96 0 +4.088365857e+01 -3.481263414e+02 -3.481263414e+02 -5.9687e-01 +2.4811e-01 +7.0086e-02 -2.0976e+00 -6.7875e-01
99 0 +3.750763089e+00 -3.852592369e+02 -3.852592369e+02 -2.0604e+00 +1.3045e+00 -7.5496e-01 -1.4564e+00 -1.2604e+00
145 0 +3.502206253e+00 -3.855077937e+02 -3.855077937e+02 -1.5313e+00 +6.7164e-01 -8.7208e-01 -8.5196e-01 -1.3018e+00
181 0 +3.440116549e+00 -3.855698835e+02 -3.855698835e+02 -7.5627e-01 +3.9327e-01 -2.2396e+00 -1.1509e+00 -1.1620e+00
192 0 +3.017668501e+00 -3.859923315e+02 -3.859923315e+02 -9.1574e-01 -5.9068e-01 +6.8461e-02 -2.6086e+00 -1.1426e+00
241 0 +2.628975437e+00 -3.863810246e+02 -3.863810246e+02 +1.4623e+00 -2.2842e-01 -6.1446e-01 -1.5771e+00 -1.4285e+00
416 0 +2.099490373e+00 -3.869105096e+02 -3.869105096e+02 -2.0956e+00 -1.8578e-01 -1.9124e+00 -2.2028e+00 -1.2092e+00
1924 0 +1.963290583e+00 -3.870467094e+02 -3.870467094e+02 +1.6960e+00 -2.9554e+00 -1.3964e+00 -1.8259e+00 -2.1755e+00
2713 0 +1.606387555e+00 -3.874036124e+02 -3.874036124e+02 +1.5847e+00 -2.9066e+00 -1.1075e+00 -2.3627e+00 -2.0565e+00
3314 0 +1.481478615e+00 -3.875285214e+02 -3.875285214e+02 +1.5951e+00 -2.9848e+00 -8.4949e-01 -2.3999e+00 -9.2438e-01
4424 0 +1.334425212e+00 -3.876755748e+02 -3.876755748e+02 +1.4178e+00 -3.0295e+00 -4.0129e-01 -2.5542e+00 -2.0421e+00
4506 0 +1.212100031e+00 -3.877979000e+02 -3.877979000e+02 +1.5226e+00 -3.0703e+00 -9.4521e-01 -2.4122e+00 -2.0340e+00
5397 0 +1.011178823e+00 -3.879988212e+02 -3.879988212e+02 +1.5381e+00 -3.0301e+00 -2.8690e-01 -2.5878e+00 -1.9639e+00
6865 0 +9.923840923e-01 -3.880176159e+02 -3.880176159e+02 +1.4562e+00 -3.0348e+00 -1.1948e+00 -2.3452e+00 -2.0793e+00
9330 0 +7.312949457e-01 -3.882787051e+02 -3.882787051e+02 +1.5532e+00 -3.0513e+00 -1.2360e+00 -2.3087e+00 -2.0528e+00
19308 0 +6.526377248e-01 -3.883573623e+02 -3.883573623e+02 +1.5001e+00 -3.0410e+00 -1.9213e+00 -5.8905e-01 -2.4868e+00
19533 0 +5.026584885e-01 -3.885073415e+02 -3.885073415e+02 +1.5256e+00 -3.0266e+00 -1.8527e+00 -6.5386e-01 -2.4642e+00
24810 0 +4.902368394e-01 -3.885197632e+02 -3.885197632e+02 +1.5161e+00 -3.0210e+00 -1.8696e+00 -6.4415e-01 -2.4596e+00
32711 0 +4.816389005e-01 -3.885283611e+02 -3.885283611e+02 +1.4904e+00 -2.9928e+00 -1.8818e+00 -6.3670e-01 -2.4744e+00
50001 0 +4.810922510e-01 -3.885289077e+02 -3.885289077e+02 +1.5084e+00 -3.0234e+00 -1.8841e+00 -6.3609e-01 -2.4737e+00
% f evaluations | g evaluations | best noise-free fitness - Fopt (-1.455800000000e+02) + sum g_i+ | measured fitness | best measured fitness or single-digit g-values | x1 | x2...
1 0 +6.592654473e+03 +6.447074473e+03 +6.447074473e+03 +0.0000e+00 +0.0000e+00 +0.0000e+00 +0.0000e+00 +0.0000e+00
5 0 +5.631720435e+03 +5.486140435e+03 +5.486140435e+03 +3.0566e-01 -1.3940e+00 +1.0173e+00 -7.7885e-01 +2.0618e-01
6 0 +5.171190221e+02 +3.715390221e+02 +3.715390221e+02 -8.8695e-01 -1.3565e+00 -5.4167e-01 -3.8428e-01 -1.2514e+00
10 0 +3.705294504e+00 -1.418747055e+02 -1.418747055e+02 -1.4036e+00 -8.0282e-01 +3.5590e-02 -1.4706e+00 -1.1122e+00
66 0 +3.570099481e+00 -1.420099005e+02 -1.420099005e+02 +1.1557e+00 -1.0694e+00 +3.0875e-01 -1.8527e+00 -1.1414e+00
84 0 +3.204185166e+00 -1.423758148e+02 -1.423758148e+02 +1.9696e+00 -4.0273e-01 +1.4430e+00 -2.3431e+00 -1.1074e+00
183 0 +2.848229022e+00 -1.427317710e+02 -1.427317710e+02 -1.5280e+00 -1.8490e+00 -3.8949e-01 -1.9489e+00 -2.1127e+00
233 0 +2.438978993e+00 -1.431410210e+02 -1.431410210e+02 +2.2026e+00 +6.3433e-01 +2.0716e+00 -2.0696e+00 -7.1617e-01
327 0 +2.150544654e+00 -1.434294553e+02 -1.434294553e+02 +8.9755e-01 -2.3151e+00 +8.1265e-01 -2.4360e+00 -1.1397e+00
349 0 +1.974666471e+00 -1.436053335e+02 -1.436053335e+02 +4.1114e-01 +1.2713e-01 +1.0279e+00 -2.3678e+00 -2.0552e+00
2367 0 +1.427379908e+00 -1.441526201e+02 -1.441526201e+02 -1.5754e+00 -4.0092e-01 +2.4938e+00 -9.1069e-01 -2.4045e+00
12401 0 +1.251805503e+00 -1.443281945e+02 -1.443281945e+02 +2.0820e+00 -2.0329e+00 +7.6964e-02 -2.0860e+00 -9.6567e-01
13880 0 +1.160216504e+00 -1.444197835e+02 -1.444197835e+02 -1.4833e+00 -3.0458e+00 +1.2637e+00 -2.3652e+00 -9.2223e-01
15376 0 +1.119195810e+00 -1.444608042e+02 -1.444608042e+02 -1.5799e+00 -2.8256e-01 +4.8943e-01 -2.4884e+00 -8.8578e-01
15480 0 +1.051907392e+00 -1.445280926e+02 -1.445280926e+02 -1.5503e+00 -2.9559e-01 +5.7213e-01 -2.4847e+00 -8.5495e-01
15943 0 +1.042743891e+00 -1.445372561e+02 -1.445372561e+02 -1.5781e+00 -3.0057e-01 +5.0112e-01 -2.5014e+00 -8.8043e-01
16415 0 +9.727017878e-01 -1.446072982e+02 -1.446072982e+02 -1.4771e+00 -3.1072e-01 +5.1970e-01 -2.4940e+00 -8.6405e-01
16929 0 +9.549174398e-01 -1.446250826e+02 -1.446250826e+02 -1.4967e+00 -3.0505e-01 +5.1432e-01 -2.5048e+00 -8.5869e-01
22741 0 +9.475066769e-01 -1.446324933e+02 -1.446324933e+02 -1.5126e+00 -2.9649e-01 +5.2268e-01 -2.5004e+00 -8.6201e-01
