% f evaluations | g evaluations | best noise-free fitness - Fopt (-1.000000000000e+03) + sum g_i+ | measured fitness | best measured fitness or single-digit g-values | x1 | x2...
1 0 +7.527861790e+01 -9.247213821e+02 -9.247213821e+02 +0.0000e+00 +0.0000e+00 +0.0000e+00 +0.0000e+00 +0.0000e+00 +0.0000e+00 +0.0000e+00 +0.0000e+00 +0.0000e+00 +0.0000e+00
18 0 +7.484174966e+01 -9.251582503e+02 -9.251582503e+02 +1.0651e+00 +1.2156e+00 -2.5034e+00 -8.1197e-01 +2.3388e+00 -3.2553e+00 +1.5234e-01 -5.9379e-01 +4.4912e+00 +2.0202e+00
33 0 +7.392949379e+01 -9.260705062e+02 -9.260705062e+02 -1.4617e+00 -2.0484e-01 -2.0136e+00 -3.0036e-01 +2.5103e+00 -1.4946e+00 -2.6253e-01 -1.0886e+00 +4.0551e+00 +5.2269e+00
53 0 +7.216137128e+01 -9.278386287e+02 -9.278386287e+02 +2.3031e+00 +8.2499e-01 -5.7272e+00 -8.4599e-01 +1.4548e+00 +6.9917e-01 +2.5531e+00 -1.0782e+00 +3.4574e+00 +5.1943e+00
92 0 +6.244284408e+01 -9.375571559e+02 -9.375571559e+02 +3.3507e-02 +2.0789e+00 +2.0344e+00 -1.3397e+00 -1.7425e+00 -3.4723e+00 +1.2201e+00 +4.3456e-01 +2.8577e+00 +2.0263e+00
114 0 +6.015507074e+01 -9.398449293e+02 -9.398449293e+02 -1.8734e-01 +1.0469e+00 +2.3433e-01 -2.3687e+00 -3.3433e+00 +3.9668e-01 +3.4462e+00 -2.1749e+00 +9.4368e-01 +2.6602e+00
160 0 +5.617304324e+01 -9.438269568e+02 -9.438269568e+02 +3.4907e+00 -1.3067e+00 +1.6556e+00 +1.7755e+00 +1.7724e+00 +1.1126e+00 -5.2054e-01 +2.3988e+00 +3.9325e+00 +1.8923e+00
167 0 +2.639927608e+01 -9.736007239e+02 -9.736007239e+02 +6.9408e-01 +1.4556e-02 -1.5513e+00 -1.5905e+00 -2.5652e+00 +6.2213e-01 +1.2275e+00 -6.7160e-01 +7.4279e-01 +2.4715e+00
917 0 +2.553471882e+01 -9.744652812e+02 -9.744652812e+02 +1.8080e+00 +6.1226e-01 -3.1934e+00 -2.1277e+00 -1.4599e-01 +3.9713e+00 +1.5845e+00 +6.2497e-02 +1.5405e+00 +4.3739e+00
995 0 +2.407170346e+01 -9.759282965e+02 -9.759282965e+02 +6.5815e-01 -1.0843e+00 -2.7652e+00 -2.2590e+00 +1.0933e-01 +4.0472e+00 +2.0876e+00 +5.0210e-01 +2.7486e+00 +4.2379e+00
1027 0 +2.105623994e+01 -9.789437601e+02 -9.789437601e+02 +1.2772e+00 -1.0136e+00 -3.5618e+00 -1.7867e+00 -9.2545e-02 +3.9672e+00 +1.7616e+00 +1.0785e-01 +1.6863e+00 +4.7373e+00
1244 0 +1.965891452e+01 -9.803410855e+02 -9.803410855e+02 +1.2275e+00 -5.6079e-01 -3.1526e+00 -3.0201e+00 -7.0058e-02 +4.3563e+00 +2.1316e+00 +4.1126e-01 +2.0571e+00 +4.2133e+00
1254 0 +1.705423369e+01 -9.829457663e+02 -9.829457663e+02 +2.3966e+00 -7.1220e-01 -4.1476e+00 -2.5260e+00 -2.7399e-02 +4.5257e+00 +2.5888e+00 +6.9625e-01 +1.4737e+00 +4.2655e+00
1274 0 +1.695195436e+01 -9.830480456e+02 -9.830480456e+02 +2.1702e+00 -1.1755e+00 -3.8304e+00 -2.1352e+00 -2.6160e-01 +4.3334e+00 +2.4591e+00 +2.8554e-01 +2.0442e+00 +4.1952e+00
1557 0 +1.653523816e+01 -9.834647618e+02 -9.834647618e+02 +2.1355e+00 -7.4238e-01 -3.3636e+00 -1.9438e+00 -6.6135e-02 +4.5397e+00 +3.0730e+00 +1.0953e+00 +1.7496e+00 +4.5074e+00
1678 0 +1.551308520e+01 -9.844869148e+02 -9.844869148e+02 +1.9040e+00 -7.8851e-01 -3.7335e+00 -2.0673e+00 +1.0263e-01 +4.7180e+00 +2.9961e+00 +8.0727e-01 +2.3277e+00 +4.8302e+00
1864 0 +1.546929333e+01 -9.845307067e+02 -9.845307067e+02 +2.3233e+00 -5.6627e-01 -3.7763e+00 -2.2829e+00 -1.6714e-01 +4.6390e+00 +2.7034e+00 +7.4246e-01 +2.1294e+00 +4.7426e+00
1933 0 +1.494478660e+01 -9.850552134e+02 -9.850552134e+02 +1.8464e+00 -6.2159e-01 -3.6242e+00 -2.1704e+00 -1.5297e-02 +4.6325e+00 +2.8743e+00 +7.4848e-01 +2.0794e+00 +4.5615e+00
2146 0 +1.478161779e+01 -9.852183822e+02 -9.852183822e+02 +1.8922e+00 -9.2910e-01 -3.6414e+00 -2.2769e+00 +1.8724e-01 +4.6720e+00 +2.5043e+00 +6.3747e-01 +1.9215e+00 +4.5412e+00
10551 0 +1.458484153e+01 -9.854151585e+02 -9.854151585e+02 +1.9505e+00 -7.7992e-01 -3.6798e+00 -2.3057e+00 +1.3679e-01 +4.6536e+00 +2.6603e+00 +7.0371e-01 +2.0248e+00 +4.5862e+00
% f evaluations | g evaluations | best noise-free fitness - Fopt (1.000000000000e+03) + sum g_i+ | measured fitness | best measured fitness or single-digit g-values | x1 | x2...
1 0 +8.066044435e+01 +1.080660444e+03 +1.080660444e+03 +0.0000e+00 +0.0000e+00 +0.0000e+00 +0.0000e+00 +0.0000e+00 +0.0000e+00 +0.0000e+00 +0.0000e+00 +0.0000e+00 +0.0000e+00
2 0 +7.783514522e+01 +1.077835145e+03 +1.077835145e+03 -1.8211e+00 +3.3499e+00 -4.7486e+00 +2.3546e+00 -2.8890e+00 -2.6453e+00 +5.4354e-01 -1.9302e+00 -2.4658e+00 +9.3700e-01
19 0 +6.889242574e+01 +1.068892426e+03 +1.068892426e+03 -2.0816e+00 +5.4619e+00 -3.3861e+00 -1.6633e+00 +7.8471e-01 -5.8078e-01 -2.5320e+00 +1.2896e+00 -2.6320e+00 +1.2415e+00
32 0 +6.730529041e+01 +1.067305290e+03 +1.067305290e+03 +2.0518e+00 +7.5517e-01 +1.6801e+00 -1.6698e+00 +6.9410e-01 +2.0021e+00 +1.7753e+00 -3.4406e+00 +2.5856e+00 +4.7598e-02
62 0 +6.596070028e+01 +1.065960700e+03 +1.065960700e+03 -1.1925e+00 +2.1105e+00 +1.8803e+00 -5.1151e+00 +2.7000e-01 +1.7431e+00 +2.6193e+00 -2.1744e+00 +2.8663e+00 +4.3288e+00
72 0 +5.416847140e+01 +1.054168471e+03 +1.054168471e+03 +2.2989e+00 +3.8974e+00 +2.3451e+00 -5.2043e+00 +1.2667e+00 +2.5589e+00 +1.8101e+00 -2.8799e-01 +1.6664e+00 +1.1563e+00
158 0 +3.946521135e+01 +1.039465211e+03 +1.039465211e+03 -1.8739e+00 +4.3210e+00 -3.7549e+00 -1.9563e+00 -1.5424e+00 -2.3597e-01 +1.1274e+00 +1.4632e-01 -3.3355e-01 -7.2919e-02
340 0 +3.125864397e+01 +1.031258644e+03 +1.031258644e+03 -2.3784e+00 +2.6401e+00 -4.3661e+00 +1.1630e+00 -3.5198e-01 +1.2599e+00 +1.1373e+00 -1.3257e-01 -1.7203e+00 -1.8323e+00
344 0 +3.040564191e+01 +1.030405642e+03 +1.030405642e+03 -2.7786e+00 +7.9053e-01 -4.0412e+00 -6.3572e-01 -2.5500e-01 +1.5078e+00 +2.0349e+00 +9.6223e-01 -3.1878e+00 -2.4982e+00
345 0 +2.418608220e+01 +1.024186082e+03 +1.024186082e+03 -3.2679e+00 +2.3149e+00 -3.8950e+00 -1.0307e+00 +6.3904e-02 +1.8069e+00 +2.2447e+00 +1.8192e+00 -1.5821e+00 -1.1821e+00
10187 0 +2.418608220e+01 +1.024186082e+03 +1.024186082e+03 -3.2679e+00 +2.3149e+00 -3.8950e+00 -1.0307e+00 +6.3904e-02 +1.8069e+00 +2.2447e+00 +1.8192e+00 -1.5821e+00 -1.1821e+00
% f evaluations | g evaluations | best noise-free fitness - Fopt (-4.913000000000e+01) + sum g_i+ | measured fitness | best measured fitness or single-digit g-values | x1 | x2...
1 0 +8.394616385e+01 +3.481616385e+01 +3.481616385e+01 +0.0000e+00 +0.0000e+00 +0.0000e+00 +0.0000e+00 +0.0000e+00 +0.0000e+00 +0.0000e+00 +0.0000e+00 +0.0000e+00 +0.0000e+00
2 0 +7.521381577e+01 +2.608381577e+01 +2.608381577e+01 +2.8237e+00 +1.9064e+00 -3.6689e+00 -4.2161e+00 -7.7822e-01 -3.6917e+00 +1.3367e+00 -3.5698e+00 -3.3283e+00 -2.6676e+00
22 0 +7.201371858e+01 +2.288371858e+01 +2.288371858e+01 +3.1204e+00 +1.2735e+00 -2.4026e+00 +1.6005e+00 +1.3725e-01 -4.8394e+00 +2.7170e-01 -2.1284e+00 +7.6214e-01 +3.4576e+00
49 0 +6.709428026e+01 +1.796428026e+01 +1.796428026e+01 +4.5317e+00 +2.5174e+00 -1.5141e+00 -5.2020e-01 +1.0891e+00 -2.2883e+00 -2.6218e+00 -1.0833e+00 +4.3707e-02 +1.7730e+00
205 0 +6.170338490e+01 +1.257338490e+01 +1.257338490e+01 -5.2188e-01 -4.8315e+00 +1.9715e+00 -1.5859e+00 +2.6472e+00 +2.6335e+00 +4.6250e-02 -1.6478e+00 -2.4169e+00 +1.7576e+00
805 0 +4.803332978e+01 -1.096670215e+00 -1.096670215e+00 +2.0146e+00 -2.7417e+00 +1.5288e+00 +1.0061e+00 -5.6020e-01 +1.6244e+00 -1.8793e+00 -9.2532e-01 +9.7702e-01 +1.3672e+00
1184 0 +3.695679251e+01 -1.217320749e+01 -1.217320749e+01 -4.0668e-01 -2.7548e+00 -1.0642e+00 +4.4420e+00 +1.7330e+00 +3.6441e+00 -8.2468e-01 -4.2756e+00 +1.6649e+00 -1.9881e+00
1222 0 +3.580027039e+01 -1.332972961e+01 -1.332972961e+01 +4.3994e-01 -2.0357e+00 -2.9197e+00 +3.4793e+00 +7.6164e-01 +4.5715e-01 -1.0698e+00 -3.9954e+00 +2.2510e+00 -2.2471e+00
1240 0 +3.151120018e+01 -1.761879982e+01 -1.761879982e+01 -5.2016e-01 -1.5338e+00 -2.8271e+00 +3.3963e+00 +1.0420e+00 +1.5809e+00 -2.6138e+00 -2.7543e+00 +2.0384e+00 -1.7203e+00
1269 0 +3.070254003e+01 -1.842745997e+01 -1.842745997e+01 +5.0751e-01 -2.1522e+00 -2.2691e+00 +4.1105e+00 +1.2929e+00 +1.8457e+00 -9.0527e-01 -4.0540e+00 +2.5787e+00 -2.3356e-01
1296 0 +2.870319054e+01 -2.042680946e+01 -2.042680946e+01 +1.0705e+00 -1.4025e+00 -2.7999e+00 +5.2863e+00 +2.3805e+00 +6.0859e-01 -2.0690e+00 -4.0200e+00 +4.0522e+00 -1.8843e+00
1327 0 +1.981461926e+01 -2.931538074e+01 -2.931538074e+01 -3.3464e-01 -3.1647e+00 -2.0422e+00 +3.9621e+00 +1.3700e+00 +2.2525e+00 -1.7130e+00 -4.6125e+00 +3.6142e+00 -2.2262e+00
1533 0 +1.760905340e+01 -3.152094660e+01 -3.152094660e+01 -6.5357e-01 -2.5317e+00 -3.4951e+00 +3.8974e+00 +2.9133e+00 +1.2423e+00 -2.4926e+00 -3.7570e+00 +2.7508e+00 -8.5616e-01
1548 0 +1.628260947e+01 -3.284739053e+01 -3.284739053e+01 -4.8779e-01 -2.5034e+00 -2.9334e+00 +4.2953e+00 +3.4222e+00 +1.3367e+00 -2.0345e+00 -4.0055e+00 +3.4307e+00 -1.8127e+00
1552 0 +1.518538088e+01 -3.394461912e+01 -3.394461912e+01 -1.5918e+00 -2.5133e+00 -3.1370e+00 +4.6333e+00 +2.6927e+00 +2.6531e+00 -3.0066e+00 -4.4638e+00 +3.4594e+00 -1.5226e+00
1556 0 +1.266325819e+01 -3.646674181e+01 -3.646674181e+01 -3.4222e-01 -1.9473e+00 -3.3518e+00 +4.3075e+00 +2.0049e+00 +1.4514e+00 -2.7930e+00 -4.2166e+00 +2.2668e+00 -1.8845e+00
1752 0 +1.117169640e+01 -3.795830360e+01 -3.795830360e+01 -6.1663e-01 -2.5623e+00 -3.2140e+00 +4.7674e+00 +1.8535e+00 +1.8820e+00 -3.0369e+00 -3.9757e+00 +2.7973e+00 -2.5053e+00
1800 0 +1.016662422e+01 -3.896337578e+01 -3.896337578e+01 -2.9459e-01 -2.4794e+00 -3.3502e+00 +4.6412e+00 +2.5405e+00 +1.9279e+00 -2.4810e+00 -4.5912e+00 +3.4444e+00 -1.9562e+00
2100 0 +9.805035214e+00 -3.932496479e+01 -3.932496479e+01 -8.0200e-01 -2.4714e+00 -3.2737e+00 +4.4524e+00 +2.1643e+00 +1.9261e+00 -2.3131e+00 -4.6808e+00 +2.3681e+00 -1.9245e+00
2117 0 +9.699476796e+00 -3.943052320e+01 -3.943052320e+01 -3.5266e-01 -2.8099e+00 -3.2370e+00 +4.6317e+00 +2.6216e+00 +2.2203e+00 -2.6870e+00 -4.3935e+00 +2.8170e+00 -2.0339e+00
2162 0 +9.466002525e+00 -3.966399748e+01 -3.966399748e+01 -8.7617e-01 -2.3764e+00 -2.7554e+00 +4.8803e+00 +2.0945e+00 +2.0148e+00 -2.6059e+00 -4.4072e+00 +3.0207e+00 -1.9127e+00
2182 0 +9.215380267e+00 -3.991461973e+01 -3.991461973e+01 -6.7999e-01 -2.5365e+00 -3.0387e+00 +4.7623e+00 +2.1138e+00 +1.8931e+00 -2.4647e+00 -4.5017e+00 +3.2126e+00 -1.8001e+00
2388 0 +9.021717694e+00 -4.010828231e+01 -4.010828231e+01 -6.4160e-01 -2.6435e+00 -3.3547e+00 +4.7281e+00 +2.2452e+00 +1.7006e+00 -2.5560e+00 -4.7303e+00 +2.7534e+00 -1.6451e+00
2532 0 +8.855659775e+00 -4.027434022e+01 -4.027434022e+01 -7.7126e-01 -2.7189e+00 -3.1990e+00 +4.8504e+00 +2.1816e+00 +1.8907e+00 -2.5544e+00 -4.6350e+00 +2.7111e+00 -1.7886e+00
10863 0 +8.742750532e+00 -4.038724947e+01 -4.038724947e+01 -6.3120e-01 -2.6854e+00 -3.0675e+00 +4.8835e+00 +2.2427e+00 +1.8166e+00 -2.5412e+00 -4.6960e+00 +2.7991e+00 -1.9077e+00
% f evaluations | g evaluations | best noise-free fitness - Fopt (2.977300000000e+02) + sum g_i+ | measured fitness | best measured fitness or single-digit g-values | x1 | x2...
1 0 +8.080596070e+01 +3.785359607e+02 +3.785359607e+02 +0.0000e+00 +0.0000e+00 +0.0000e+00 +0.0000e+00 +0.0000e+00 +0.0000e+00 +0.0000e+00 +0.0000e+00 +0.0000e+00 +0.0000e+00
3 0 +8.065993699e+01 +3.783899370e+02 +3.783899370e+02 -2.1685e+00 -9.1160e-01 -8.9370e-01 +1.5446e+00 +1.1863e-02 +3.6903e+00 +2.3422e+00 +4.3275e+00 +2.6108e+00 +4.9539e+00
7 0 +7.743714896e+01 +3.751671490e+02 +3.751671490e+02 +1.6917e+00 -1.6202e+00 -7.7153e-01 +1.8857e+00 +3.3018e+00 -4.2126e+00 +4.2169e+00 -3.1128e+00 +2.0391e+00 +3.0010e+00
9 0 +7.113300239e+01 +3.688630024e+02 +3.688630024e+02 +3.4027e+00 +2.6838e+00 -1.4649e+00 +1.5345e+00 -2.6218e+00 -3.0797e+00 +2.3558e+00 +4.3753e+00 -4.6924e+00 +1.0888e+00
12 0 +5.928421307e+01 +3.570142131e+02 +3.570142131e+02 +2.6120e+00 +2.7576e+00 -1.4568e+00 +5.2114e+00 -1.2010e+00 -2.0421e+00 +2.0637e+00 +4.6796e+00 -2.8332e+00 +2.5833e+00
82 0 +5.493174041e+01 +3.526617404e+02 +3.526617404e+02 +1.8275e+00 -2.8178e+00 -1.0333e+00 +2.5498e+00 -1.3885e+00 -3.0492e+00 -1.2576e+00 +1.3043e+00 -6.0267e-01 +5.7394e-01
88 0 +5.297101034e+01 +3.507010103e+02 +3.507010103e+02 +4.2302e+00 +8.3551e-01 -1.4484e+00 +5.2219e+00 +7.7208e-02 -2.2681e+00 +2.5189e+00 +4.0363e+00 -2.2875e+00 +2.3496e+00
375 0 +4.381593795e+01 +3.415459379e+02 +3.415459379e+02 +1.6945e+00 -5.4382e-01 -8.7073e-01 +5.1209e+00 -9.7287e-01 -2.0198e+00 +9.4134e-01 +1.8024e+00 -1.2140e+00 +3.4285e+00
403 0 +3.932114565e+01 +3.370511456e+02 +3.370511456e+02 +2.3419e+00 -1.7790e+00 -1.1154e+00 +5.1212e+00 -1.2232e+00 -3.4229e+00 +5.3572e-01 +1.3143e+00 -9.3440e-01 +3.6235e-01
509 0 +3.475253148e+01 +3.324825315e+02 +3.324825315e+02 +1.8444e+00 -5.7628e-01 -8.0581e-01 +3.8495e+00 -2.2090e+00 -3.5613e+00 +1.6405e+00 +5.2046e-01 -4.9640e-01 +8.1805e-01
528 0 +2.597776024e+01 +3.237077602e+02 +3.237077602e+02 +6.9442e-01 +4.9193e-01 -5.4468e-01 +3.6776e+00 -1.0009e+00 -3.3477e+00 +1.1944e+00 +2.5095e+00 -1.7377e+00 +9.9712e-01
532 0 +2.234994395e+01 +3.200799440e+02 +3.200799440e+02 +1.2422e+00 +8.2521e-01 -8.0323e-01 +3.1371e+00 -2.0085e+00 -3.1609e+00 +1.0401e+00 +4.1133e+00 -1.1150e+00 +1.5640e+00
571 0 +2.070520393e+01 +3.184352039e+02 +3.184352039e+02 +1.0242e+00 +6.8347e-01 -9.4541e-01 +4.2405e+00 -1.0239e+00 -3.0007e+00 +8.3809e-01 +3.0029e+00 -1.2299e+00 +1.3061e+00
573 0 +1.857810590e+01 +3.163081059e+02 +3.163081059e+02 +2.4127e+00 -1.2808e-01 -1.1378e+00 +3.1077e+00 -2.0403e+00 -3.2057e+00 +1.2005e+00 +2.6349e+00 -6.4412e-02 +7.7797e-01
590 0 +1.771942865e+01 +3.154494287e+02 +3.154494287e+02 +2.6881e+00 -1.1713e+00 -1.2114e+00 +3.9366e+00 -1.0313e+00 -3.7980e+00 +7.4330e-01 +4.5112e+00 -2.0186e+00 +8.7085e-01
680 0 +1.275750843e+01 +3.104875084e+02 +3.104875084e+02 +2.4925e+00 +3.5558e-01 -1.0228e+00 +3.8676e+00 -1.1267e+00 -5.5469e+00 +1.0947e-01 +3.3078e+00 -1.8423e+00 +1.3070e+00
687 0 +1.077613269e+01 +3.085061327e+02 +3.085061327e+02 +3.0502e+00 -8.3390e-01 -1.2325e+00 +4.0901e+00 -1.4808e+00 -4.5000e+00 +1.3332e+00 +3.2779e+00 -1.6385e+00 +1.2688e+00
1099 0 +1.056006587e+01 +3.082900659e+02 +3.082900659e+02 +2.5067e+00 -8.4436e-01 -9.3345e-01 +2.8911e+00 -1.8197e+00 -4.0941e+00 +7.4371e-01 +2.8945e+00 +2.4495e-02 +1.1812e+00
1148 0 +9.996578591e+00 +3.077265786e+02 +3.077265786e+02 +2.2387e+00 -1.8950e-01 -9.7974e-01 +2.4430e+00 -1.2378e+00 -4.3256e+00 +1.3821e+00 +3.4088e+00 -1.4262e-02 +1.0337e+00
1187 0 +8.968140747e+00 +3.066981407e+02 +3.066981407e+02 +2.6457e+00 -5.4572e-01 -1.3937e+00 +2.5927e+00 -1.7967e+00 -4.3798e+00 +3.4758e-01 +3.2615e+00 -7.2378e-01 +1.2738e+00
1189 0 +8.726983046e+00 +3.064569830e+02 +3.064569830e+02 +2.3148e+00 -4.3613e-01 -1.2984e+00 +2.6964e+00 -9.1803e-01 -4.2919e+00 +3.9487e-01 +3.5359e+00 -3.0973e-01 +7.1831e-01
1206 0 +8.629287953e+00 +3.063592880e+02 +3.063592880e+02 +1.8318e+00 +4.7644e-01 -1.3560e+00 +2.3715e+00 -1.0895e+00 -4.5131e+00 +1.1225e+00 +3.7531e+00 -7.5639e-01 +1.5920e+00
1238 0 +8.308325617e+00 +3.060383256e+02 +3.060383256e+02 +1.5674e+00 -9.4600e-02 -1.3048e+00 +3.0592e+00 -6.8504e-01 -4.7180e+00 +3.4908e-01 +4.1138e+00 +1.4269e-01 +1.6632e+00
1269 0 +6.982334547e+00 +3.047123345e+02 +3.047123345e+02 +1.8086e+00 -3.5175e-01 -1.5195e+00 +2.9752e+00 -1.1451e+00 -4.6700e+00 +1.2190e+00 +3.6007e+00 -3.9077e-01 +1.1736e+00
1276 0 +6.864021018e+00 +3.045940210e+02 +3.045940210e+02 +1.7753e+00 -4.0175e-02 -1.3535e+00 +3.2488e+00 -1.0247e+00 -4.1230e+00 +7.5464e-01 +3.6745e+00 -7.7979e-01 +1.2501e+00
1522 0 +6.394463027e+00 +3.041244630e+02 +3.041244630e+02 +2.0920e+00 -1.3744e-01 -1.4167e+00 +3.3804e+00 -1.1036e+00 -4.3592e+00 +7.8163e-01 +3.6541e+00 -1.0133e+00 +1.1427e+00
1538 0 +6.030948143e+00 +3.037609481e+02 +3.037609481e+02 +2.3035e+00 +8.7933e-03 -1.7340e+00 +3.4254e+00 -9.3346e-01 -4.4598e+00 +9.8475e-01 +3.5792e+00 -9.8645e-01 +1.3194e+00
1704 0 +5.812828726e+00 +3.035428287e+02 +3.035428287e+02 +2.1923e+00 -2.9421e-01 -2.0980e+00 +3.5204e+00 -8.9593e-01 -4.6015e+00 +8.9942e-01 +3.6537e+00 -6.9652e-01 +1.6120e+00
1901 0 +5.712463877e+00 +3.034424639e+02 +3.034424639e+02 +2.0569e+00 -3.6400e-01 -1.6027e+00 +3.4934e+00 -9.8480e-01 -4.4561e+00 +9.0351e-01 +3.2254e+00 -5.1706e-01 +1.6015e+00
1910 0 +5.622908462e+00 +3.033529085e+02 +3.033529085e+02 +2.0366e+00 +1.3144e-02 -1.9191e+00 +3.6553e+00 -9.0650e-01 -4.3690e+00 +9.8526e-01 +3.9303e+00 -9.7523e-01 +1.5832e+00
1982 0 +5.436403535e+00 +3.031664035e+02 +3.031664035e+02 +2.2528e+00 -2.6821e-01 -1.8630e+00 +3.5650e+00 -1.2325e+00 -4.6287e+00 +9.0015e-01 +3.6874e+00 -7.8508e-01 +1.6185e+00
2104 0 +5.368889714e+00 +3.030988897e+02 +3.030988897e+02 +1.8782e+00 -1.4914e-01 -1.6288e+00 +3.5675e+00 -1.0707e+00 -4.6402e+00 +9.8335e-01 +3.6386e+00 -8.4067e-01 +1.5347e+00
2187 0 +5.204995085e+00 +3.029349951e+02 +3.029349951e+02 +1.9825e+00 -1.2091e-01 -1.5760e+00 +3.5995e+00 -9.2982e-01 -4.5396e+00 +9.2101e-01 +3.6256e+00 -8.1830e-01 +1.6714e+00
2699 0 +5.110876801e+00 +3.028408768e+02 +3.028408768e+02 +2.0815e+00 -2.6405e-01 -1.6729e+00 +3.5398e+00 -1.0268e+00 -4.4939e+00 +8.3415e-01 +3.6659e+00 -6.4894e-01 +1.6664e+00
10510 0 +5.062737456e+00 +3.027927375e+02 +3.027927375e+02 +2.0556e+00 -2.2301e-01 -1.6429e+00 +3.5457e+00 -1.0378e+00 -4.5376e+00 +9.1371e-01 +3.7053e+00 -7.1142e-01 +1.6741e+00
% f evaluations | g evaluations | best noise-free fitness - Fopt (5.157000000000e+01) + sum g_i+ | measured fitness | best measured fitness or single-digit g-values | x1 | x2...
1 0 +7.649556673e+01 +1.280655667e+02 +1.280655667e+02 +0.0000e+00 +0.0000e+00 +0.0000e+00 +0.0000e+00 +0.0000e+00 +0.0000e+00 +0.0000e+00 +0.0000e+00 +0.0000e+00 +0.0000e+00
18 0 +7.520053053e+01 +1.267705305e+02 +1.267705305e+02 -1.5798e+00 +1.4826e+00 -2.7914e+00 -2.0350e+00 -4.9394e+00 +2.8699e+00 +1.7389e+00 -8.6216e-01 +1.1815e+00 +1.4614e+00
25 0 +7.005886632e+01 +1.216288663e+02 +1.216288663e+02 +5.8937e-01 +1.2079e+00 -2.6199e+00 +2.1972e-01 -2.1091e+00 -5.2094e-01 +1.9322e-01 -1.4884e-01 -2.0885e+00 -1.0102e+00
32 0 +6.725718231e+01 +1.188271823e+02 +1.188271823e+02 -2.0215e+00 -3.2563e+00 -4.2578e+00 +2.2084e-01 -2.6544e+00 -1.1721e+00 +1.6025e+00 +3.8905e-01 -5.1988e+00 -5.0083e+00
39 0 +6.194866396e+01 +1.135186640e+02 +1.135186640e+02 +3.9358e-01 -4.7732e-01 -4.5923e+00 -7.0313e-01 +4.6278e-01 -2.8940e+00 +4.6683e-01 -6.0040e-01 -5.2012e+00 -2.0597e+00
54 0 +5.814533144e+01 +1.097153314e+02 +1.097153314e+02 -1.5486e+00 -1.3686e+00 -2.4123e+00 -3.9130e-01 -1.9537e+00 +1.4425e-01 +3.3155e-01 -1.8333e+00 -5.1329e+00 -7.0793e-01
92 0 +2.804212054e+01 +7.961212054e+01 +7.961212054e+01 +1.6763e+00 +2.5188e+00 -2.8656e+00 -7.5532e-02 -1.7315e+00 -4.3121e-01 -1.3483e-01 +1.6700e+00 -2.5202e+00 -1.7007e+00
195 0 +2.119015649e+01 +7.276015649e+01 +7.276015649e+01 -8.0559e-01 +8.8800e-01 -4.3424e+00 -4.4963e-01 -2.4375e+00 -8.9542e-01 +4.3797e+00 +1.4834e+00 -2.7108e+00 -1.8464e+00
331 0 +1.934081977e+01 +7.091081977e+01 +7.091081977e+01 -9.9249e-01 -7.9082e-02 -2.6148e+00 -1.9048e+00 -2.2345e+00 -1.2373e+00 +3.0985e+00 +1.6041e+00 -2.9567e+00 +5.0465e-01
360 0 +1.639143156e+01 +6.796143156e+01 +6.796143156e+01 -2.3083e+00 +4.3582e-01 -4.3816e+00 -3.9966e-01 -2.8565e+00 -9.8640e-01 +2.5105e+00 -1.4105e+00 -2.0110e+00 -1.9644e+00
469 0 +1.311213457e+01 +6.468213457e+01 +6.468213457e+01 -1.8571e+00 -4.8038e-01 -3.5031e+00 -4.3048e-01 -1.1172e+00 -1.5520e+00 +2.6077e+00 -6.3826e-01 -3.7950e+00 -1.4481e+00
673 0 +8.719064549e+00 +6.028906455e+01 +6.028906455e+01 -2.1565e+00 -1.4879e-01 -4.0790e+00 -1.5840e+00 -1.5635e+00 -2.4847e+00 +3.5963e+00 +4.6151e-01 -2.3915e+00 -1.4539e+00
721 0 +8.637998207e+00 +6.020799821e+01 +6.020799821e+01 -1.7549e+00 -3.7231e-01 -5.0222e+00 -6.2486e-01 -1.1821e+00 -2.2276e+00 +2.9077e+00 +5.4554e-01 -2.8216e+00 -1.4456e+00
824 0 +7.980732767e+00 +5.955073277e+01 +5.955073277e+01 -2.4529e+00 +1.3398e-02 -3.8800e+00 -2.3454e-01 -1.4837e+00 -1.7106e+00 +3.5750e+00 +6.7700e-01 -3.3851e+00 -2.6709e+00
841 0 +6.866829656e+00 +5.843682966e+01 +5.843682966e+01 -2.2414e+00 -1.8242e-01 -4.2712e+00 -8.2703e-01 -1.3490e+00 -2.1827e+00 +3.1694e+00 +3.3855e-01 -3.8813e+00 -2.2846e+00
1288 0 +6.236219159e+00 +5.780621916e+01 +5.780621916e+01 -2.1066e+00 -6.2115e-02 -4.6296e+00 -9.9447e-01 -1.9216e+00 -2.0657e+00 +3.2905e+00 +2.5548e-01 -3.1035e+00 -1.4629e+00
1418 0 +5.634495787e+00 +5.720449579e+01 +5.720449579e+01 -2.2290e+00 -9.4048e-02 -4.2274e+00 -7.5855e-01 -2.1986e+00 -1.6334e+00 +3.6184e+00 +2.2792e-01 -2.6622e+00 -1.6685e+00
2024 0 +5.609602419e+00 +5.717960242e+01 +5.717960242e+01 -2.0606e+00 +1.9462e-01 -4.0766e+00 -7.9535e-01 -2.1640e+00 -1.7770e+00 +3.5950e+00 +3.7460e-01 -2.5918e+00 -1.7549e+00
2036 0 +5.378975042e+00 +5.694897504e+01 +5.694897504e+01 -2.0496e+00 +2.5728e-01 -4.5551e+00 -7.3954e-01 -2.0142e+00 -1.8661e+00 +3.6358e+00 +4.4853e-01 -2.6612e+00 -1.8814e+00
2162 0 +5.287317151e+00 +5.685731715e+01 +5.685731715e+01 -2.1958e+00 +8.7737e-02 -4.5791e+00 -7.1774e-01 -1.7791e+00 -2.1538e+00 +3.6070e+00 +4.4214e-01 -2.8622e+00 -2.1182e+00
2406 0 +5.206067499e+00 +5.677606750e+01 +5.677606750e+01 -2.0762e+00 -1.9166e-01 -4.4563e+00 -8.2425e-01 -1.8859e+00 -1.9960e+00 +3.4441e+00 +2.6796e-01 -2.9793e+00 -1.8765e+00
2632 0 +5.117910860e+00 +5.668791086e+01 +5.668791086e+01 -2.1076e+00 -5.3706e-02 -4.4755e+00 -7.5069e-01 -1.9384e+00 -1.9543e+00 +3.4937e+00 +3.9003e-01 -2.8757e+00 -1.9781e+00
13082 0 +5.062737456e+00 +5.663273746e+01 +5.663273746e+01 -2.1600e+00 -3.9509e-02 -4.4015e+00 -8.0011e-01 -1.9345e+00 -1.9570e+00 +3.5365e+00 +3.9625e-01 -2.9083e+00 -1.9429e+00
% f evaluations | g evaluations | best noise-free fitness - Fopt (1.527100000000e+02) + sum g_i+ | measured fitness | best measured fitness or single-digit g-values | x1 | x2...
1 0 +7.634425026e+01 +2.290542503e+02 +2.290542503e+02 +0.0000e+00 +0.0000e+00 +0.0000e+00 +0.0000e+00 +0.0000e+00 +0.0000e+00 +0.0000e+00 +0.0000e+00 +0.0000e+00 +0.0000e+00
3 0 +7.557734479e+01 +2.282873448e+02 +2.282873448e+02 +1.9012e+00 +3.4198e+00 -2.0479e+00 +2.5288e+00 +1.1532e+00 +3.8689e+00 +1.1054e-01 +4.7326e-02 +2.2202e+00 +3.5446e+00
37 0 +7.366862669e+01 +2.263786267e+02 +2.263786267e+02 -1.0046e+00 +1.1779e+00 -1.9701e+00 +3.7603e+00 +6.8777e-01 -7.8028e-01 -2.1038e+00 -2.5685e+00 +1.6670e+00 +3.0892e+00
90 0 +6.453270409e+01 +2.172427041e+02 +2.172427041e+02 +6.7155e-01 -1.6335e-01 +2.4488e+00 -3.1285e+00 +1.5535e+00 +5.6060e-01 -2.7122e+00 -2.6810e+00 +5.4024e+00 -1.4676e+00
294 0 +3.758312659e+01 +1.902931266e+02 +1.902931266e+02 -1.9336e+00 -3.3459e-01 +1.8218e+00 +4.1087e+00 +1.1303e-01 -1.0344e+00 -3.4170e+00 +3.8093e-01 +2.5546e-01 -8.1886e-01
664 0 +2.746148658e+01 +1.801714866e+02 +1.801714866e+02 +3.0365e-01 -2.9331e-01 -1.4960e-01 +4.1017e+00 +3.8548e+00 -4.1910e+00 +2.3203e+00 -4.2886e+00 +2.7089e+00 +3.1890e+00
1030 0 +2.610958661e+01 +1.788195866e+02 +1.788195866e+02 +7.6617e-01 +5.6063e-01 -2.6402e+00 +2.9796e+00 +5.8157e+00 -3.4104e+00 +8.0359e-01 -3.1075e+00 +2.8062e+00 +1.0804e+00
1150 0 +2.449477899e+01 +1.772047790e+02 +1.772047790e+02 -6.8066e-01 +9.0292e-01 -1.9459e+00 +3.1181e+00 +3.2521e+00 -1.9682e+00 +3.0612e-01 -4.3410e+00 +1.9936e+00 +2.6762e+00
1177 0 +2.217713471e+01 +1.748871347e+02 +1.748871347e+02 -1.5293e+00 +3.1701e-01 -2.5193e+00 +2.4213e+00 +3.5102e+00 -3.2221e+00 +1.4645e+00 -3.7148e+00 +6.6574e-01 +2.2698e+00
1179 0 +1.848033760e+01 +1.711903376e+02 +1.711903376e+02 +1.0767e+00 -6.8160e-01 -1.7286e+00 +2.9664e+00 +3.9392e+00 -2.9806e+00 +6.9585e-01 -4.4249e+00 +1.6445e+00 +1.7780e+00
1232 0 +1.686865737e+01 +1.695786574e+02 +1.695786574e+02 +7.3782e-01 +1.1630e-01 -1.2821e+00 +1.2670e+00 +4.2526e+00 -3.4384e+00 +1.0575e+00 -4.9237e+00 +1.1998e+00 +1.4010e+00
1266 0 +1.200618405e+01 +1.647161841e+02 +1.647161841e+02 -2.2824e-01 +2.0000e-01 -1.9339e+00 +2.7905e+00 +3.7979e+00 -3.1646e+00 +7.4705e-01 -4.7862e+00 +2.1970e+00 +1.2014e+00
1433 0 +1.082847455e+01 +1.635384745e+02 +1.635384745e+02 +1.3482e-01 -5.5820e-01 -1.1463e+00 +2.4401e+00 +4.1178e+00 -3.8341e+00 +1.3683e+00 -4.4100e+00 +2.1612e+00 +1.6170e+00
1557 0 +9.434635522e+00 +1.621446355e+02 +1.621446355e+02 -7.3656e-01 +5.9223e-02 -2.2947e+00 +2.7842e+00 +4.1488e+00 -3.7842e+00 +2.9671e-01 -4.4559e+00 +1.7469e+00 +2.0040e+00
1634 0 +8.958210178e+00 +1.616682102e+02 +1.616682102e+02 -1.5179e-01 -4.9279e-02 -1.3479e+00 +2.7540e+00 +4.6057e+00 -3.4140e+00 +8.8634e-01 -4.4124e+00 +1.3171e+00 +1.9014e+00
1691 0 +8.813395087e+00 +1.615233951e+02 +1.615233951e+02 -6.5143e-02 +1.8545e-01 -1.9276e+00 +2.7676e+00 +4.2257e+00 -3.4025e+00 +1.2987e+00 -4.1171e+00 +2.1562e+00 +2.1738e+00
1693 0 +8.080178105e+00 +1.607901781e+02 +1.607901781e+02 -3.9158e-01 +1.8762e-01 -2.2817e+00 +2.5299e+00 +4.2781e+00 -3.6678e+00 +8.0785e-01 -4.4338e+00 +1.7078e+00 +1.8874e+00
1833 0 +7.836415596e+00 +1.605464156e+02 +1.605464156e+02 -4.5027e-02 +4.1129e-01 -1.5277e+00 +2.6019e+00 +4.6059e+00 -4.2783e+00 +7.9316e-01 -4.3751e+00 +1.5724e+00 +1.5907e+00
1842 0 +7.743786818e+00 +1.604537868e+02 +1.604537868e+02 -3.0323e-02 +5.3241e-02 -1.5816e+00 +2.4938e+00 +4.8433e+00 -4.0891e+00 +1.0871e+00 -4.3261e+00 +1.8496e+00 +2.1120e+00
2266 0 +7.573126380e+00 +1.602831264e+02 +1.602831264e+02 -3.4529e-01 +1.9619e-02 -2.0375e+00 +2.6418e+00 +4.6216e+00 -3.9762e+00 +1.1800e+00 -4.7278e+00 +1.6953e+00 +2.0524e+00
2567 0 +7.409636504e+00 +1.601196365e+02 +1.601196365e+02 +3.5490e-02 +2.8249e-01 -1.7303e+00 +2.6086e+00 +4.6315e+00 -4.0970e+00 +1.3386e+00 -4.6237e+00 +1.8428e+00 +1.8759e+00
10686 0 +7.271629194e+00 +1.599816292e+02 +1.599816292e+02 -1.5607e-01 +3.4121e-01 -1.9102e+00 +2.5768e+00 +4.6960e+00 -4.1421e+00 +1.1862e+00 -4.5536e+00 +1.7107e+00 +1.9074e+00
% f evaluations | g evaluations | best noise-free fitness - Fopt (9.980000000000e+01) + sum g_i+ | measured fitness | best measured fitness or single-digit g-values | x1 | x2...
1 0 +7.744906731e+01 +1.772490673e+02 +1.772490673e+02 +0.0000e+00 +0.0000e+00 +0.0000e+00 +0.0000e+00 +0.0000e+00 +0.0000e+00 +0.0000e+00 +0.0000e+00 +0.0000e+00 +0.0000e+00
12 0 +7.437651122e+01 +1.741765112e+02 +1.741765112e+02 +2.3734e+00 +1.1940e+00 -4.7761e+00 -4.1447e+00 +4.2432e+00 +5.4247e-01 +9.9125e-01 +7.8041e-01 +1.2525e-01 -2.7434e+00
26 0 +6.941750129e+01 +1.692175013e+02 +1.692175013e+02 -1.8171e+00 +5.7707e+00 +1.1687e-01 -5.8065e+00 +1.1450e+00 +3.1754e+00 -2.7880e+00 -6.1238e-01 -4.6638e+00 +3.5969e-01
54 0 +6.686657414e+01 +1.666665741e+02 +1.666665741e+02 +1.0415e+00 -1.0543e+00 -1.3541e+00 -9.0989e-01 +2.7370e+00 +2.5978e+00 -7.1772e-01 -9.4363e-01 -1.7596e+00 -2.4489e+00
210 0 +6.282768161e+01 +1.626276816e+02 +1.626276816e+02 +6.0087e-01 -1.6377e+00 -1.4813e+00 -3.1745e-01 +1.6075e+00 +1.7516e+00 +1.2593e+00 -5.2952e-01 +1.3610e+00 -1.5153e+00
221 0 +5.770830207e+01 +1.575083021e+02 +1.575083021e+02 +2.8946e+00 -2.2181e-01 -5.9837e-01 -2.2303e+00 +3.2151e+00 +1.8069e+00 +1.7561e-01 -1.7051e+00 +2.2977e+00 +2.2930e-01
717 0 +4.593734481e+01 +1.457373448e+02 +1.457373448e+02 -1.7419e+00 -6.8189e-01 -4.5014e-01 -1.4290e+00 +3.0183e+00 +2.6264e+00 +8.6205e-01 -1.0641e+00 -1.6162e+00 +3.2551e+00
752 0 +3.986252024e+01 +1.396625202e+02 +1.396625202e+02 -1.4257e+00 -3.6397e-02 -6.3303e-01 -1.1772e+00 +2.8508e+00 +2.8919e+00 +2.6236e-01 -2.8418e+00 -1.7040e+00 +3.3303e+00
838 0 +2.977445041e+01 +1.295744504e+02 +1.295744504e+02 -1.2597e+00 +7.9215e-01 -5.9761e-01 -6.5965e-01 +3.6991e+00 +4.4663e+00 -8.1939e-01 -1.4432e+00 -2.9376e+00 +3.4790e+00
997 0 +2.864583684e+01 +1.284458368e+02 +1.284458368e+02 -1.3978e+00 -1.3473e-01 -6.6490e-01 -2.9856e+00 +3.6702e+00 +3.4119e+00 +2.4385e+00 -1.7059e+00 -3.9537e+00 +3.9804e+00
1002 0 +2.535425397e+01 +1.251542540e+02 +1.251542540e+02 -1.3567e+00 +3.1134e-01 -4.9624e-01 -3.2170e+00 +4.0091e+00 +3.6375e+00 +1.5867e+00 -1.4658e+00 -3.5277e+00 +4.3591e+00
1014 0 +2.265532851e+01 +1.224553285e+02 +1.224553285e+02 -3.3144e-01 +1.2428e+00 -2.5287e+00 -2.2725e+00 +3.5221e+00 +2.7930e+00 +1.8567e+00 -1.9387e+00 -3.0929e+00 +4.0222e+00
1042 0 +1.317493648e+01 +1.129749365e+02 +1.129749365e+02 -2.8544e-01 +6.1928e-01 -2.0126e+00 -1.5043e+00 +3.2292e+00 +3.0022e+00 +1.0920e+00 -1.6843e+00 -3.9770e+00 +4.5996e+00
1072 0 +1.019338706e+01 +1.099933871e+02 +1.099933871e+02 -4.3579e-02 -3.1148e-01 -1.4965e+00 -1.5236e+00 +3.3867e+00 +3.2727e+00 +9.6871e-01 -1.7518e+00 -4.0657e+00 +3.6805e+00
1480 0 +9.996383564e+00 +1.097963836e+02 +1.097963836e+02 +9.0002e-02 +5.7341e-01 -1.6212e+00 -1.2683e+00 +3.6413e+00 +3.3600e+00 +4.2059e-01 -1.8501e+00 -4.4657e+00 +3.8104e+00
1493 0 +9.765374223e+00 +1.095653742e+02 +1.095653742e+02 +2.8921e-01 +1.8322e-01 -1.0890e+00 -1.8099e+00 +3.7140e+00 +3.1875e+00 +3.1587e-01 -1.3864e+00 -4.7735e+00 +3.8155e+00
1591 0 +9.450001645e+00 +1.092500016e+02 +1.092500016e+02 +5.7584e-02 +4.8482e-01 -1.0845e+00 -2.0155e+00 +3.3720e+00 +3.7307e+00 +7.0668e-01 -1.4624e+00 -4.3102e+00 +4.0175e+00
1726 0 +9.013394135e+00 +1.088133941e+02 +1.088133941e+02 +7.0263e-02 -7.5794e-02 -1.5329e+00 -1.8143e+00 +3.6223e+00 +3.8075e+00 +5.6619e-01 -1.7771e+00 -4.4394e+00 +3.6040e+00
2151 0 +8.839154355e+00 +1.086391544e+02 +1.086391544e+02 +5.2358e-02 +9.0678e-02 -1.3528e+00 -1.7347e+00 +3.5150e+00 +3.6358e+00 +4.6610e-01 -1.8858e+00 -4.4928e+00 +3.9655e+00
10589 0 +8.742750532e+00 +1.085427505e+02 +1.085427505e+02 +7.1883e-02 +1.0657e-01 -1.3608e+00 -1.8475e+00 +3.6165e+00 +3.6264e+00 +5.3411e-01 -1.7015e+00 -4.4504e+00 +3.9146e+00
% f evaluations | g evaluations | best noise-free fitness - Fopt (-1.194100000000e+02) + sum g_i+ | measured fitness | best measured fitness or single-digit g-values | x1 | x2...
1 0 +7.784893111e+01 -4.156106889e+01 -4.156106889e+01 +0.0000e+00 +0.0000e+00 +0.0000e+00 +0.0000e+00 +0.0000e+00 +0.0000e+00 +0.0000e+00 +0.0000e+00 +0.0000e+00 +0.0000e+00
3 0 +7.697511594e+01 -4.243488406e+01 -4.243488406e+01 -2.3310e+00 -2.8719e+00 +2.7737e+00 +2.2286e-01 +2.0263e+00 -4.9781e+00 +1.5221e+00 +3.6130e+00 +2.7009e+00 -1.2398e-01
29 0 +7.350017889e+01 -4.590982111e+01 -4.590982111e+01 -7.2529e-01 -1.5551e+00 +2.9968e+00 -1.2404e+00 +6.5703e-01 +3.3219e-01 +2.9980e+00 +5.1984e+00 +1.4628e+00 +5.8152e-02
58 0 +6.953512855e+01 -4.987487145e+01 -4.987487145e+01 -2.2291e+00 -7.7396e-01 +2.6913e+00 +3.4730e+00 -3.6975e-01 +2.0396e-01 +8.2711e-01 +2.5898e+00 +9.5227e-01 -2.7597e-01
90 0 +3.653431248e+01 -8.287568752e+01 -8.287568752e+01 -3.4081e+00 -1.6345e+00 +2.0670e+00 +2.1058e+00 -2.7947e+00 -9.3993e-01 -9.4920e-01 +5.7752e-01 +2.3725e+00 -1.7480e+00
482 0 +3.525575016e+01 -8.415424984e+01 -8.415424984e+01 +1.1664e+00 +5.7824e-01 +3.7000e+00 +2.1500e+00 +1.8377e+00 +8.2122e-02 -3.3383e-01 +3.7447e+00 +1.6508e+00 +3.6862e+00
532 0 +2.594353711e+01 -9.346646289e+01 -9.346646289e+01 -5.8675e-01 -7.3518e-01 +3.0134e+00 -2.3194e-01 +2.8266e+00 +1.8370e+00 -2.6682e+00 +3.5219e+00 -1.0690e-01 +2.3392e+00
571 0 +2.378006244e+01 -9.562993756e+01 -9.562993756e+01 +2.0765e-01 -3.0522e-01 +3.3258e+00 +3.3561e-01 +2.9122e+00 +1.7309e+00 -1.2184e+00 +3.7848e+00 +1.1092e+00 +2.2739e+00
685 0 +2.147986389e+01 -9.793013611e+01 -9.793013611e+01 +4.8777e-01 +3.1560e-01 +2.6228e+00 -1.3641e-01 +2.5838e+00 +6.1718e-01 -1.0649e+00 +4.4705e+00 -3.3574e-01 +3.8102e+00
935 0 +2.036697374e+01 -9.904302626e+01 -9.904302626e+01 +1.7410e-01 +1.6960e-01 +2.5210e+00 +9.6423e-02 +1.8789e+00 +4.3173e-01 -2.0030e+00 +3.5232e+00 -4.8626e-01 +2.7943e+00
942 0 +1.990925980e+01 -9.950074020e+01 -9.950074020e+01 -5.8978e-01 +4.4391e-01 +2.7050e+00 +8.6709e-01 +2.0967e+00 +7.0492e-01 -2.2459e+00 +3.6912e+00 -6.7852e-01 +1.9156e+00
1102 0 +1.792676755e+01 -1.014832325e+02 -1.014832325e+02 -2.3666e-01 +6.4892e-02 +2.4755e+00 +5.6327e-01 +3.1485e+00 +2.2524e-01 -1.3609e+00 +4.2259e+00 -2.4759e-01 +2.3240e+00
1421 0 +1.765510657e+01 -1.017548934e+02 -1.017548934e+02 -5.4101e-01 +2.9180e-01 +2.9050e+00 +1.0644e-01 +2.5747e+00 +2.2180e-01 -2.2062e+00 +4.0326e+00 -8.1335e-01 +2.1935e+00
1443 0 +1.713922087e+01 -1.022707791e+02 -1.022707791e+02 -4.7902e-01 +4.8501e-01 +2.7057e+00 -2.9635e-01 +3.2464e+00 +8.4661e-01 -2.2555e+00 +4.0338e+00 -7.6706e-01 +2.5026e+00
1457 0 +1.649768809e+01 -1.029123119e+02 -1.029123119e+02 -7.6650e-02 -3.8711e-01 +2.9040e+00 -5.9978e-02 +3.0640e+00 +1.0104e+00 -1.6915e+00 +4.1885e+00 +2.8380e-01 +2.6384e+00
1552 0 +1.597808191e+01 -1.034319181e+02 -1.034319181e+02 -6.2904e-01 +4.6127e-02 +2.8126e+00 -2.6426e-01 +2.9929e+00 +9.4047e-01 -1.1726e+00 +4.3715e+00 +4.0520e-01 +3.1121e+00
1588 0 +1.551125047e+01 -1.038987495e+02 -1.038987495e+02 -3.5902e-01 +1.0787e-01 +2.8886e+00 +4.1316e-01 +2.5315e+00 +4.5136e-01 -1.4354e+00 +4.3711e+00 +8.9869e-03 +2.4233e+00
1640 0 +1.544187756e+01 -1.039681224e+02 -1.039681224e+02 -3.9994e-01 +7.7099e-02 +2.5540e+00 -4.5387e-01 +3.1482e+00 +6.1548e-01 -1.1698e+00 +4.5671e+00 +1.2797e-01 +2.8702e+00
1794 0 +1.505888633e+01 -1.043511137e+02 -1.043511137e+02 -3.9492e-01 +8.3787e-02 +2.5829e+00 +3.1687e-02 +2.8636e+00 +4.0390e-01 -1.4306e+00 +4.2840e+00 +1.5489e-01 +2.5528e+00
2185 0 +1.478179240e+01 -1.046282076e+02 -1.046282076e+02 -2.4404e-01 -1.0815e-02 +2.6018e+00 -4.5624e-02 +2.8229e+00 +5.4314e-01 -1.4229e+00 +4.2643e+00 +4.3700e-02 +2.5959e+00
11343 0 +1.458484153e+01 -1.048251585e+02 -1.048251585e+02 -1.7419e-01 +1.3837e-01 +2.6920e+00 -5.3003e-02 +2.8929e+00 +5.2126e-01 -1.5862e+00 +4.2736e+00 +6.5300e-02 +2.7213e+00
% f evaluations | g evaluations | best noise-free fitness - Fopt (1.077000000000e+01) + sum g_i+ | measured fitness | best measured fitness or single-digit g-values | x1 | x2...
1 0 +8.023498959e+01 +9.100498959e+01 +9.100498959e+01 +0.0000e+00 +0.0000e+00 +0.0000e+00 +0.0000e+00 +0.0000e+00 +0.0000e+00 +0.0000e+00 +0.0000e+00 +0.0000e+00 +0.0000e+00
19 0 +7.403685818e+01 +8.480685818e+01 +8.480685818e+01 -2.4562e-01 -2.0833e+00 +1.2758e+00 -7.1559e-02 +7.2046e-01 +1.7029e+00 +4.7076e-01 +4.3515e+00 +4.3283e+00 -3.0432e+00
60 0 +3.699174649e+01 +4.776174649e+01 +4.776174649e+01 -1.7071e+00 -1.3734e+00 -1.3371e+00 -1.2511e+00 -3.5605e+00 +1.1686e+00 +2.0965e+00 -2.1384e-01 -4.5732e+00 -4.3152e+00
473 0 +3.171955295e+01 +4.248955295e+01 +4.248955295e+01 +1.7495e+00 +2.5232e+00 -1.8335e+00 +1.0866e-01 +9.0704e-02 -7.2655e-01 +1.4396e+00 -1.9298e+00 -4.4377e+00 +2.2400e+00
502 0 +2.849447215e+01 +3.926447215e+01 +3.926447215e+01 +2.4115e+00 +3.0904e+00 -1.0612e+00 -8.2957e-01 -3.8009e-02 +6.5500e-01 +2.2039e+00 -3.1930e+00 -5.3534e+00 +2.7672e+00
1013 0 +2.393741821e+01 +3.470741821e+01 +3.470741821e+01 +4.4839e-01 +3.4144e+00 -2.4809e+00 -2.5962e+00 +5.5723e-01 +8.1421e-01 +3.2431e+00 -3.3339e+00 -4.1467e+00 +3.5084e+00
1076 0 +1.758576775e+01 +2.835576775e+01 +2.835576775e+01 +4.3686e-01 +4.3820e+00 -3.0911e+00 -1.7417e+00 +1.5372e+00 +1.6352e+00 +4.6412e+00 -4.0259e+00 -4.6569e+00 +2.1079e+00
1174 0 +1.632505568e+01 +2.709505568e+01 +2.709505568e+01 +8.2818e-01 +3.9685e+00 -2.9058e+00 -2.1186e+00 +5.5876e-01 +2.2798e+00 +4.3524e+00 -2.0844e+00 -4.2200e+00 +2.8694e+00
1222 0 +1.161138142e+01 +2.238138142e+01 +2.238138142e+01 +8.8952e-01 +3.7117e+00 -2.7801e+00 -1.0852e+00 -7.9457e-02 +1.1930e+00 +3.6327e+00 -3.0397e+00 -4.3421e+00 +2.5689e+00
1813 0 +1.036514010e+01 +2.113514010e+01 +2.113514010e+01 +4.5010e-01 +4.0251e+00 -2.2223e+00 -9.0512e-01 +3.2146e-01 +6.8984e-01 +3.3581e+00 -3.4571e+00 -4.4607e+00 +2.4361e+00
1960 0 +9.859392917e+00 +2.062939292e+01 +2.062939292e+01 +2.3857e-01 +3.9583e+00 -2.4584e+00 -1.2310e+00 +4.5890e-01 +1.1835e+00 +4.0609e+00 -3.3910e+00 -4.6077e+00 +2.5863e+00
1997 0 +9.694262190e+00 +2.046426219e+01 +2.046426219e+01 +7.9385e-01 +4.3342e+00 -2.4312e+00 -1.2971e+00 +2.3676e-01 +1.5429e+00 +3.8552e+00 -2.7595e+00 -4.4325e+00 +2.8791e+00
2098 0 +9.467779846e+00 +2.023777985e+01 +2.023777985e+01 +5.7668e-01 +4.2043e+00 -2.3925e+00 -3.9673e-01 +6.7076e-01 +1.3750e+00 +3.7573e+00 -3.2765e+00 -4.5852e+00 +2.6772e+00
2142 0 +9.178259885e+00 +1.994825989e+01 +1.994825989e+01 +8.2078e-01 +4.4776e+00 -2.3769e+00 -1.2193e+00 +4.7196e-01 +1.9239e+00 +4.0731e+00 -2.9773e+00 -4.5283e+00 +2.7106e+00
2451 0 +9.017456580e+00 +1.978745658e+01 +1.978745658e+01 +8.1977e-01 +4.1864e+00 -2.5664e+00 -1.1203e+00 +5.6668e-01 +1.8003e+00 +3.9659e+00 -3.0983e+00 -4.6386e+00 +2.7268e+00
2512 0 +8.896988727e+00 +1.966698873e+01 +1.966698873e+01 +8.7260e-01 +4.2066e+00 -2.6391e+00 -6.6293e-01 +4.6569e-01 +1.6823e+00 +3.9996e+00 -3.1011e+00 -4.6517e+00 +2.7481e+00
14421 0 +8.742750532e+00 +1.951275053e+01 +1.951275053e+01 +9.9558e-01 +4.2937e+00 -2.4358e+00 -8.1339e-01 +3.8939e-01 +1.8087e+00 +3.9686e+00 -3.0245e+00 -4.7113e+00 +2.8537e+00
% f evaluations | g evaluations | best noise-free fitness - Fopt (2.137000000000e+01) + sum g_i+ | measured fitness | best measured fitness or single-digit g-values | x1 | x2...
1 0 +8.381202763e+01 +1.051820276e+02 +1.051820276e+02 +0.0000e+00 +0.0000e+00 +0.0000e+00 +0.0000e+00 +0.0000e+00 +0.0000e+00 +0.0000e+00 +0.0000e+00 +0.0000e+00 +0.0000e+00
2 0 +8.239292959e+01 +1.037629296e+02 +1.037629296e+02 +8.2596e-01 -3.8035e+00 +1.8319e+00 +4.2113e+00 +1.1576e+00 -3.0062e+00 -2.6447e+00 -4.1749e+00 -4.6647e+00 +2.9091e+00
7 0 +8.079928139e+01 +1.021692814e+02 +1.021692814e+02 +1.7735e+00 -1.8744e+00 +4.2420e+00 +3.4759e+00 +4.7091e+00 +4.9078e+00 +8.7651e-02 -5.4063e-01 +2.4200e+00 -7.2004e-01
9 0 +7.337626532e+01 +9.474626532e+01 +9.474626532e+01 +4.5284e-01 +4.8162e+00 -4.7134e+00 -3.1685e+00 -3.5797e+00 -9.9055e-01 +4.3098e-01 -1.8464e+00 -4.4501e+00 +1.0272e+00
42 0 +6.888930421e+01 +9.025930421e+01 +9.025930421e+01 +1.4651e-01 +4.4356e+00 -2.3294e+00 -2.1972e+00 -2.7956e+00 -2.0075e+00 +3.0520e-01 -2.7783e+00 -2.6423e+00 +3.2949e+00
47 0 +6.541721404e+01 +8.678721404e+01 +8.678721404e+01 +1.3671e+00 +3.6954e+00 -2.9310e+00 -9.5388e-01 -6.3960e-01 +1.1030e+00 +7.5832e-01 -1.4359e+00 -3.7720e-01 +5.6640e-01
96 0 +5.175060705e+01 +7.312060705e+01 +7.312060705e+01 -1.5921e-01 +3.1544e+00 -3.8392e+00 -1.0107e+00 -2.6127e+00 -9.1924e-01 -1.1547e+00 -2.6423e+00 -2.5965e+00 -4.2490e-02
334 0 +4.433603838e+01 +6.570603838e+01 +6.570603838e+01 -7.6183e-01 -1.7907e+00 -9.3974e-01 +1.5759e+00 -3.9320e+00 -2.8644e-01 -2.8171e+00 -3.2944e+00 -1.7278e+00 -2.2812e+00
510 0 +4.184935811e+01 +6.321935811e+01 +6.321935811e+01 +1.1292e+00 +4.1474e-01 -3.8504e+00 -2.4178e+00 -3.7356e+00 +1.0073e+00 -3.0762e+00 -2.4036e+00 -2.6660e+00 -1.3668e+00
545 0 +3.946020568e+01 +6.083020568e+01 +6.083020568e+01 +1.4417e+00 -5.0468e-01 -1.3509e+00 -2.8036e+00 -3.8921e+00 -9.9417e-01 -2.8677e+00 -2.4718e+00 -2.4427e+00 -1.2551e+00
614 0 +3.410803579e+01 +5.547803579e+01 +5.547803579e+01 +1.3543e+00 -3.5307e-01 -2.3166e+00 +8.6053e-01 -3.8427e+00 +3.8858e-02 -1.0805e+00 -2.9696e+00 -1.8051e+00 -1.0873e+00
637 0 +2.323353217e+01 +4.460353217e+01 +4.460353217e+01 -4.9659e-01 -2.0944e+00 -1.3909e+00 -1.6567e+00 -3.3899e+00 -1.1541e+00 +6.8125e-02 -3.2373e+00 -1.7282e+00 -9.3577e-01
719 0 +1.897693995e+01 +4.034693995e+01 +4.034693995e+01 +7.8299e-01 -1.1848e+00 -2.9077e+00 -1.6252e+00 -3.7918e+00 -8.6181e-01 -1.7553e+00 -2.2245e+00 -1.9427e+00 -6.7193e-01
750 0 +1.282419259e+01 +3.419419259e+01 +3.419419259e+01 +5.7787e-01 -5.5341e-01 -2.6590e+00 -7.0975e-01 -4.4261e+00 -5.5846e-01 -1.7649e+00 -2.3009e+00 -2.8293e+00 -3.9750e-01
870 0 +1.228306325e+01 +3.365306325e+01 +3.365306325e+01 +3.7335e-01 -5.0787e-01 -3.1192e+00 +3.5411e-01 -4.3887e+00 -8.7682e-01 -1.0839e+00 -2.5098e+00 -2.5723e+00 -2.3456e-01
997 0 +9.541752597e+00 +3.091175260e+01 +3.091175260e+01 -7.0178e-01 -1.8716e+00 -2.4212e+00 -2.1901e-01 -3.6433e+00 +1.3319e+00 -2.5667e-01 -3.4652e+00 -3.4996e+00 -1.8747e+00
1060 0 +8.799591411e+00 +3.016959141e+01 +3.016959141e+01 +2.1846e-01 -7.3492e-01 -3.2377e+00 +1.4026e-01 -3.8930e+00 -5.5312e-03 -5.8768e-01 -2.6768e+00 -2.7710e+00 -7.4527e-01
1355 0 +8.615959555e+00 +2.998595955e+01 +2.998595955e+01 +1.9612e-01 -7.0315e-01 -2.9773e+00 +4.7315e-01 -3.6820e+00 -9.4564e-02 -1.6042e-01 -2.4671e+00 -3.1863e+00 -1.3001e+00
1544 0 +8.359585898e+00 +2.972958590e+01 +2.972958590e+01 +2.7563e-01 -1.2434e+00 -2.9065e+00 -4.6221e-01 -3.5447e+00 +5.5132e-01 -6.7797e-01 -2.6321e+00 -3.7936e+00 -1.3834e+00
1597 0 +8.050393350e+00 +2.942039335e+01 +2.942039335e+01 +6.8955e-01 -1.1683e+00 -3.1801e+00 +1.7704e-01 -4.1073e+00 -1.4507e-01 -8.6110e-01 -2.8151e+00 -3.3938e+00 -1.2237e+00
1601 0 +7.911521465e+00 +2.928152146e+01 +2.928152146e+01 +4.1570e-02 -4.2918e-01 -3.6080e+00 -5.9732e-02 -4.0350e+00 +2.3849e-01 -9.5133e-01 -2.9047e+00 -3.1901e+00 -1.1578e+00
1658 0 +7.617014977e+00 +2.898701498e+01 +2.898701498e+01 -1.3499e-01 -8.4226e-01 -2.8799e+00 -1.6730e-01 -3.8983e+00 +4.5344e-02 -1.0231e+00 -2.9003e+00 -3.0328e+00 -1.0816e+00
2212 0 +7.527520161e+00 +2.889752016e+01 +2.889752016e+01 -4.3556e-02 -1.2750e+00 -2.8325e+00 -4.6916e-01 -3.8419e+00 +4.0670e-01 -9.6557e-01 -3.3389e+00 -3.2841e+00 -1.4403e+00
2391 0 +7.406807918e+00 +2.877680792e+01 +2.877680792e+01 +5.4140e-02 -9.6003e-01 -2.9739e+00 -2.2318e-01 -3.6693e+00 +4.2168e-01 -9.9539e-01 -3.1320e+00 -3.2697e+00 -1.3577e+00
15146 0 +7.271629194e+00 +2.864162919e+01 +2.864162919e+01 +1.0196e-01 -9.2438e-01 -2.9459e+00 -1.7275e-01 -3.7810e+00 +1.2221e-01 -6.3595e-01 -3.0165e+00 -3.1933e+00 -1.1601e+00
% f evaluations | g evaluations | best noise-free fitness - Fopt (1.673000000000e+01) + sum g_i+ | measured fitness | best measured fitness or single-digit g-values | x1 | x2...
1 0 +7.996360545e+01 +9.669360545e+01 +9.669360545e+01 +0.0000e+00 +0.0000e+00 +0.0000e+00 +0.0000e+00 +0.0000e+00 +0.0000e+00 +0.0000e+00 +0.0000e+00 +0.0000e+00 +0.0000e+00
8 0 +7.232422044e+01 +8.905422044e+01 +8.905422044e+01 +3.8311e+00 -1.1220e+00 +2.1922e+00 +4.6578e+00 -2.5273e-01 -2.7988e+00 +1.3779e+00 +4.6595e+00 -4.9880e+00 +2.9607e+00
195 0 +7.027783669e+01 +8.700783669e+01 +8.700783669e+01 +3.9917e+00 +2.1057e+00 +2.1313e+00 -2.9073e+00 +2.3527e+00 +4.8831e-01 -5.7872e-01 +9.9919e-01 +5.3075e-01 -7.8534e-01
210 0 +5.510192584e+01 +7.183192584e+01 +7.183192584e+01 +4.8514e+00 +7.6315e-01 +9.1287e-01 +1.3127e+00 +1.7032e+00 -2.5004e+00 +1.0416e+00 +2.7143e+00 +6.0674e-01 +8.6383e-02
660 0 +4.959811963e+01 +6.632811963e+01 +6.632811963e+01 +1.2943e+00 +1.5462e+00 -2.3941e+00 +4.3535e-01 +8.4852e-01 +2.1590e+00 -1.5547e+00 -2.3743e+00 -2.1144e+00 -1.8323e+00
726 0 +3.951734034e+01 +5.624734034e+01 +5.624734034e+01 +9.2857e-01 +1.6146e+00 +6.4866e-01 -7.7845e-01 +1.7620e+00 +1.4530e+00 -8.5775e-01 -1.3520e+00 -1.4850e+00 -1.3776e+00
776 0 +3.243530757e+01 +4.916530757e+01 +4.916530757e+01 +1.1152e+00 +1.5511e+00 +7.6353e-01 -1.4184e+00 +1.7540e+00 +1.9740e+00 -1.8627e-01 -3.7533e+00 -9.9179e-01 -2.1805e+00
811 0 +2.730607652e+01 +4.403607652e+01 +4.403607652e+01 +2.0323e+00 +2.9175e+00 -6.2192e-01 -2.3845e-01 +2.3168e+00 +1.9934e+00 +3.6176e-02 -4.3171e+00 -2.4319e-01 -2.3997e+00
813 0 +2.152320292e+01 +3.825320292e+01 +3.825320292e+01 +1.1311e+00 -4.1441e-01 -3.5858e-01 -1.2238e+00 +3.4606e+00 +2.4861e+00 -5.6606e-01 -3.0878e+00 -3.5757e+00 -3.3318e+00
834 0 +1.980586259e+01 +3.653586259e+01 +3.653586259e+01 +1.7827e+00 +1.9445e-01 -1.1232e+00 -9.4943e-02 +1.2466e+00 +1.7758e+00 +7.3821e-01 -2.8482e+00 -2.0608e+00 -3.1832e+00
883 0 +1.514301814e+01 +3.187301814e+01 +3.187301814e+01 +3.0972e+00 +1.2390e+00 -1.2300e-02 +1.3976e-01 +3.2536e+00 +8.3120e-01 +7.6184e-01 -2.7673e+00 -9.6813e-01 -3.6302e+00
891 0 +1.447384803e+01 +3.120384803e+01 +3.120384803e+01 -2.1963e-01 +1.5920e+00 -5.8104e-01 -7.2175e-01 +2.9741e+00 +1.7983e+00 -6.9315e-01 -2.0804e+00 -1.7071e+00 -3.7282e+00
973 0 +1.051255920e+01 +2.724255920e+01 +2.724255920e+01 +2.4583e+00 +8.0725e-01 -8.6501e-02 -3.9615e-01 +3.6895e+00 +7.9055e-01 -5.2353e-01 -4.1009e+00 -3.2876e+00 -3.2009e+00
1125 0 +8.091241431e+00 +2.482124143e+01 +2.482124143e+01 +1.9510e+00 +2.2976e+00 -5.4076e-01 -2.7261e-01 +3.0747e+00 +1.5437e+00 +8.0086e-01 -3.9171e+00 -2.1206e+00 -3.7042e+00
1181 0 +7.934675040e+00 +2.466467504e+01 +2.466467504e+01 +1.3140e+00 +1.4595e+00 +6.7695e-02 -4.2980e-01 +3.1864e+00 +2.0815e+00 +6.9515e-01 -4.0824e+00 -2.2442e+00 -4.0054e+00
1284 0 +7.471377541e+00 +2.420137754e+01 +2.420137754e+01 +9.6252e-01 +2.0318e+00 -5.1405e-01 +7.1635e-02 +2.2097e+00 +1.3525e+00 +8.1136e-01 -2.8018e+00 -2.7403e+00 -3.6129e+00
1304 0 +7.074984688e+00 +2.380498469e+01 +2.380498469e+01 +2.1819e+00 +2.0776e+00 -6.2478e-01 +1.4542e-01 +2.9128e+00 +1.3856e+00 +5.6805e-01 -3.4454e+00 -2.2994e+00 -3.3855e+00
1367 0 +6.628308654e+00 +2.335830865e+01 +2.335830865e+01 +1.6360e+00 +1.3587e+00 +1.0721e-01 -1.4470e-01 +3.6783e+00 +1.2400e+00 -6.9646e-02 -2.8544e+00 -2.3465e+00 -3.1997e+00
1508 0 +6.550010516e+00 +2.328001052e+01 +2.328001052e+01 +1.9669e+00 +1.8406e+00 +4.1192e-01 -4.5563e-02 +3.2899e+00 +1.5720e+00 +3.0903e-01 -2.6467e+00 -3.1397e+00 -3.3325e+00
1514 0 +6.258000732e+00 +2.298800073e+01 +2.298800073e+01 +2.1710e+00 +2.0083e+00 -2.4947e-01 -4.3385e-01 +2.0844e+00 +1.4408e+00 -3.6848e-01 -3.1528e+00 -2.7834e+00 -3.0919e+00
1561 0 +5.912752184e+00 +2.264275218e+01 +2.264275218e+01 +1.6370e+00 +2.1715e+00 +4.1773e-01 -4.5237e-01 +2.3794e+00 +1.7905e+00 +1.5650e-01 -3.8932e+00 -3.3871e+00 -3.1284e+00
1578 0 +5.251540114e+00 +2.198154011e+01 +2.198154011e+01 +1.4257e+00 +1.9614e+00 +6.6430e-01 -5.3840e-01 +2.2822e+00 +2.0231e+00 -5.9225e-02 -2.9191e+00 -2.9687e+00 -3.5541e+00
1617 0 +4.202706030e+00 +2.093270603e+01 +2.093270603e+01 +7.2750e-01 +1.7369e+00 +8.7497e-02 +3.1508e-01 +2.3679e+00 +1.7041e+00 -2.7886e-01 -3.1029e+00 -2.4939e+00 -3.7069e+00
1886 0 +4.134074328e+00 +2.086407433e+01 +2.086407433e+01 +9.8984e-01 +2.0633e+00 +5.3143e-01 +1.0853e-01 +2.6481e+00 +2.0676e+00 -3.6979e-02 -3.0313e+00 -2.6714e+00 -3.6294e+00
1898 0 +3.089435290e+00 +1.981943529e+01 +1.981943529e+01 +1.3032e+00 +1.8899e+00 +1.4977e-01 +1.2736e-01 +2.6641e+00 +1.7224e+00 -4.6688e-01 -3.5220e+00 -2.5658e+00 -3.3240e+00
2334 0 +2.938908712e+00 +1.966890871e+01 +1.966890871e+01 +1.3866e+00 +2.1051e+00 +8.2186e-02 +4.3348e-02 +2.7043e+00 +1.7160e+00 -2.6706e-01 -3.2956e+00 -2.7810e+00 -3.2621e+00
2356 0 +2.847571996e+00 +1.957757200e+01 +1.957757200e+01 +1.4205e+00 +1.8614e+00 +1.5037e-01 +2.3904e-02 +2.4341e+00 +1.8840e+00 -2.2692e-01 -2.9794e+00 -2.6762e+00 -3.4094e+00
2359 0 +2.771879547e+00 +1.950187955e+01 +1.950187955e+01 +1.5005e+00 +1.7608e+00 -2.6231e-02 -7.2362e-02 +2.8080e+00 +1.6180e+00 -3.5338e-01 -3.1863e+00 -2.4985e+00 -3.3397e+00
2539 0 +2.750555364e+00 +1.948055536e+01 +1.948055536e+01 +1.4007e+00 +1.7702e+00 +9.7222e-02 -5.0754e-02 +2.6766e+00 +1.6000e+00 -1.7197e-01 -3.3833e+00 -2.6944e+00 -3.4592e+00
2824 0 +2.675254571e+00 +1.940525457e+01 +1.940525457e+01 +1.3602e+00 +1.7199e+00 +1.3945e-01 -5.6094e-02 +2.7733e+00 +1.7458e+00 -2.6659e-01 -3.1907e+00 -2.7046e+00 -3.3604e+00
3159 0 +2.627256922e+00 +1.935725692e+01 +1.935725692e+01 +1.4096e+00 +1.7791e+00 -8.0222e-03 -6.7215e-02 +2.7556e+00 +1.7592e+00 -2.0886e-01 -3.1811e+00 -2.6871e+00 -3.4727e+00
10474 0 +2.590547730e+00 +1.932054773e+01 +1.932054773e+01 +1.4400e+00 +1.7574e+00 +4.1341e-02 +1.5625e-02 +2.7214e+00 +1.7927e+00 -2.8322e-01 -3.1459e+00 -2.6376e+00 -3.4841e+00
% f evaluations | g evaluations | best noise-free fitness - Fopt (1.000000000000e+03) + sum g_i+ | measured fitness | best measured fitness or single-digit g-values | x1 | x2...
1 0 +7.604210029e+01 +1.076042100e+03 +1.076042100e+03 +0.0000e+00 +0.0000e+00 +0.0000e+00 +0.0000e+00 +0.0000e+00 +0.0000e+00 +0.0000e+00 +0.0000e+00 +0.0000e+00 +0.0000e+00
6 0 +3.312859922e+01 +1.033128599e+03 +1.033128599e+03 +2.1324e+00 +3.1885e+00 -1.2900e+00 +5.7721e-01 -2.5004e+00 -5.3412e-01 +4.7384e+00 -1.8825e+00 -2.5074e+00 -1.7747e+00
454 0 +3.041835884e+01 +1.030418359e+03 +1.030418359e+03 -8.2998e-01 -6.3777e-03 -1.9878e+00 -1.9791e+00 +2.5789e+00 -1.6555e+00 +3.1932e+00 -4.0052e-01 -4.1803e-01 +1.6406e+00
464 0 +2.745734953e+01 +1.027457350e+03 +1.027457350e+03 -1.1994e+00 +2.6633e-01 -7.0044e-01 -1.1957e+00 +4.6101e+00 -2.4675e+00 +2.9390e+00 -3.7719e-01 +4.9905e-01 +2.1347e+00
655 0 +2.370618201e+01 +1.023706182e+03 +1.023706182e+03 -8.1833e-01 +2.4667e-01 -1.2103e+00 -2.1550e+00 +3.4986e+00 -2.0939e+00 +1.4178e+00 +1.5741e+00 -4.3187e-01 +1.9072e+00
743 0 +2.195513544e+01 +1.021955135e+03 +1.021955135e+03 -7.4690e-01 +1.7996e-01 -1.8188e+00 -2.0937e+00 +3.4561e+00 -2.1360e+00 +1.6287e+00 +1.6195e-01 -1.5107e+00 +1.4865e+00
769 0 +1.767846154e+01 +1.017678462e+03 +1.017678462e+03 -7.3674e-01 +9.1710e-01 -8.4684e-01 -2.3370e+00 +3.8401e+00 -2.6319e+00 +1.9779e+00 +2.2807e-01 -6.9444e-01 +2.9390e+00
961 0 +1.736660602e+01 +1.017366606e+03 +1.017366606e+03 -9.4070e-01 +7.2406e-01 -1.0765e+00 -2.4031e+00 +3.4959e+00 -2.0827e+00 +1.3830e+00 -4.0876e-02 -7.6781e-01 +2.3482e+00
1042 0 +1.654201011e+01 +1.016542010e+03 +1.016542010e+03 -1.4310e+00 +1.9522e-01 -2.3330e-01 -2.4543e+00 +3.9670e+00 -2.4529e+00 +1.8641e+00 +1.4338e-01 -7.5872e-01 +2.7179e+00
1227 0 +1.524120511e+01 +1.015241205e+03 +1.015241205e+03 -9.9839e-01 +2.5603e-01 -5.0610e-01 -2.5097e+00 +3.6913e+00 -2.2526e+00 +2.1568e+00 +3.7983e-01 -1.0548e+00 +2.3651e+00
1484 0 +1.507200970e+01 +1.015072010e+03 +1.015072010e+03 -9.7712e-01 +5.5576e-01 -4.6040e-01 -2.8283e+00 +3.9803e+00 -2.1474e+00 +2.0681e+00 +1.7357e-01 -1.0755e+00 +2.0490e+00
1964 0 +1.471650542e+01 +1.014716505e+03 +1.014716505e+03 -1.1249e+00 +6.1537e-01 -6.2366e-01 -2.7448e+00 +3.6936e+00 -2.1823e+00 +2.0007e+00 +1.7096e-01 -9.1415e-01 +2.2601e+00
9983 0 +1.458484153e+01 +1.014584842e+03 +1.014584842e+03 -1.0683e+00 +4.8044e-01 -6.7587e-01 -2.6536e+00 +3.7424e+00 -2.2306e+00 +2.0440e+00 +1.3640e-01 -9.9221e-01 +2.2544e+00
% f evaluations | g evaluations | best noise-free fitness - Fopt (-1.079600000000e+02) + sum g_i+ | measured fitness | best measured fitness or single-digit g-values | x1 | x2...
1 0 +7.923447259e+01 -2.872552741e+01 -2.872552741e+01 +0.0000e+00 +0.0000e+00 +0.0000e+00 +0.0000e+00 +0.0000e+00 +0.0000e+00 +0.0000e+00 +0.0000e+00 +0.0000e+00 +0.0000e+00
12 0 +7.297891699e+01 -3.498108301e+01 -3.498108301e+01 -3.7387e+00 +1.8427e+00 -4.8046e-01 -2.3640e+00 +2.2045e+00 +3.4789e+00 -2.7576e+00 +3.4378e+00 -2.5316e+00 +5.4636e-01
60 0 +5.979211480e+01 -4.816788520e+01 -4.816788520e+01 +1.9050e+00 +3.1200e+00 -1.5169e+00 -6.2024e-02 +1.9226e+00 +3.2498e+00 -4.5989e-01 +3.6524e+00 -4.2116e+00 +2.9779e+00
67 0 +5.089662441e+01 -5.706337559e+01 -5.706337559e+01 -2.5235e+00 +1.6295e+00 -2.4839e+00 +1.7225e-01 -6.3254e-01 +3.0038e+00 -2.3742e+00 +3.2514e+00 -2.5242e+00 -5.1508e-01
479 0 +4.638343146e+01 -6.157656854e+01 -6.157656854e+01 +3.7187e-01 -1.5311e+00 +4.1720e+00 -1.2550e+00 -3.6316e+00 -8.5078e-01 -3.4948e+00 -4.3213e-01 +4.7391e-01 +2.0373e+00
547 0 +4.490519752e+01 -6.305480248e+01 -6.305480248e+01 +1.5280e+00 -3.0905e+00 +5.1256e+00 +4.6735e-01 -3.0389e+00 -4.8891e-01 -4.3460e+00 -3.8065e-01 +4.1510e-01 +1.7020e+00
553 0 +3.774626495e+01 -7.021373505e+01 -7.021373505e+01 +1.5869e+00 +1.5031e-01 +2.2911e+00 +6.0971e-01 -1.4653e+00 -5.6659e-01 -3.1167e+00 -2.9205e-01 -1.7588e-01 +1.2856e+00
577 0 +3.480173954e+01 -7.315826046e+01 -7.315826046e+01 -5.3346e-01 +1.1042e+00 +4.5601e+00 +1.0601e+00 -1.7651e+00 +7.5814e-02 -2.2368e+00 -9.0739e-02 +2.4809e-01 +1.0129e+00
670 0 +2.193136318e+01 -8.602863682e+01 -8.602863682e+01 +7.8255e-01 +6.3133e-01 +3.7459e+00 +2.3983e+00 -4.1583e+00 -1.8319e+00 -3.9668e+00 +1.3630e-01 +6.1804e-01 +1.8824e-01
841 0 +1.950694942e+01 -8.845305058e+01 -8.845305058e+01 +9.4357e-01 +5.4351e-02 +3.2048e+00 +3.9710e-01 -3.3366e+00 -6.0297e-02 -3.4112e+00 +2.5890e-01 +5.4146e-01 +1.0412e-01
894 0 +1.749311323e+01 -9.046688677e+01 -9.046688677e+01 +9.6535e-01 +1.2155e+00 +4.1550e+00 +2.2150e+00 -3.0749e+00 +9.1127e-01 -3.4954e+00 -3.9415e-01 +7.7899e-01 +1.1093e+00
907 0 +1.445894714e+01 -9.350105286e+01 -9.350105286e+01 +6.3661e-01 +3.6535e-01 +3.2868e+00 +1.2793e+00 -3.6622e+00 +3.4550e-01 -3.5606e+00 +1.7915e-01 +7.1934e-01 +6.2821e-01
1006 0 +1.436075105e+01 -9.359924895e+01 -9.359924895e+01 +1.0523e+00 +3.1993e-01 +4.1744e+00 +8.3860e-01 -3.3896e+00 -7.4495e-02 -3.5037e+00 +7.0817e-01 +1.0827e+00 +1.0221e+00
1010 0 +1.369640057e+01 -9.426359943e+01 -9.426359943e+01 +3.6594e-01 +1.7269e-01 +3.7981e+00 +8.1884e-01 -2.8286e+00 +6.8395e-02 -3.8570e+00 -1.4218e-01 +9.6636e-01 +8.9414e-01
1035 0 +1.279601347e+01 -9.516398653e+01 -9.516398653e+01 +1.1691e+00 +2.7370e-01 +3.5076e+00 +1.4039e+00 -3.1836e+00 +1.7869e-01 -4.4835e+00 -1.7322e-02 +1.3780e+00 +8.8007e-01
1061 0 +1.102221311e+01 -9.693778689e+01 -9.693778689e+01 +7.1114e-01 -1.6018e-01 +4.6654e+00 +1.4574e+00 -2.7674e+00 -5.8524e-01 -4.2597e+00 -9.1673e-02 +6.1933e-01 +9.4759e-01
1069 0 +1.059621945e+01 -9.736378055e+01 -9.736378055e+01 +7.0160e-01 +5.0928e-01 +4.2297e+00 +1.0434e+00 -3.2784e+00 -5.3320e-01 -4.2973e+00 +3.1115e-01 +7.0869e-01 +1.2637e+00
1350 0 +1.033489567e+01 -9.762510433e+01 -9.762510433e+01 +5.4780e-01 +3.4170e-01 +4.2529e+00 +1.4365e+00 -3.3788e+00 +2.3777e-01 -3.8994e+00 -1.2565e-01 +9.0515e-01 +8.8204e-01
1353 0 +1.020451031e+01 -9.775548969e+01 -9.775548969e+01 +9.0091e-01 +3.8080e-01 +4.6610e+00 +1.7713e+00 -2.8914e+00 -3.5535e-01 -4.1095e+00 -3.4531e-01 +3.0824e-01 +1.3915e+00
1400 0 +9.800267931e+00 -9.815973207e+01 -9.815973207e+01 +1.1127e+00 +5.5516e-01 +4.1339e+00 +1.2763e+00 -3.8246e+00 -7.4269e-01 -4.1212e+00 -2.0736e-01 +5.7052e-01 +1.1168e+00
1428 0 +9.361382192e+00 -9.859861781e+01 -9.859861781e+01 +9.7419e-01 +2.2847e-01 +4.0166e+00 +1.4942e+00 -3.7376e+00 +1.3532e-01 -4.0680e+00 -2.7820e-02 +2.3363e-01 +1.0537e+00
1627 0 +9.060546557e+00 -9.889945344e+01 -9.889945344e+01 +1.0246e+00 +3.0294e-01 +4.2756e+00 +1.4384e+00 -3.6219e+00 +7.1088e-02 -4.3879e+00 -1.6038e-01 +5.3038e-01 +1.2667e+00
2027 0 +8.884093181e+00 -9.907590682e+01 -9.907590682e+01 +1.0796e+00 +2.7082e-01 +4.3489e+00 +1.3836e+00 -3.6182e+00 -1.7363e-01 -4.1439e+00 -4.0889e-01 +2.9254e-01 +1.0892e+00
10931 0 +8.742750532e+00 -9.921724947e+01 -9.921724947e+01 +1.0872e+00 +2.8499e-01 +4.3188e+00 +1.5249e+00 -3.4900e+00 -1.9661e-01 -4.2455e+00 -2.4402e-01 +4.0560e-01 +1.0230e+00
% f evaluations | g evaluations | best noise-free fitness - Fopt (-3.025900000000e+02) + sum g_i+ | measured fitness | best measured fitness or single-digit g-values | x1 | x2...
1 0 +6.533034243e+01 -2.372596576e+02 -2.372596576e+02 +0.0000e+00 +0.0000e+00 +0.0000e+00 +0.0000e+00 +0.0000e+00 +0.0000e+00 +0.0000e+00 +0.0000e+00 +0.0000e+00 +0.0000e+00
31 0 +3.015306864e+01 -2.724369314e+02 -2.724369314e+02 -3.7893e+00 +4.9084e+00 -4.9905e-01 -2.2998e+00 +3.7157e-01 +1.6193e+00 -1.2877e+00 +3.7146e+00 +4.2581e+00 -2.6218e+00
91 0 +2.156370801e+01 -2.810262920e+02 -2.810262920e+02 -1.1840e+00 +4.4127e+00 -8.3774e-01 +2.7477e+00 -7.7214e-01 -1.9351e+00 -1.9439e+00 -1.2636e-01 +1.6851e+00 -2.9998e+00
643 0 +2.118818966e+01 -2.814018103e+02 -2.814018103e+02 +1.5287e-03 +2.8863e+00 -1.4498e+00 -2.8203e+00 -4.8123e-01 +2.7615e+00 -2.3289e+00 +2.3648e+00 +2.9691e+00 -2.4718e+00
731 0 +1.919934036e+01 -2.833906596e+02 -2.833906596e+02 -1.5527e+00 +9.3213e-01 -2.6758e+00 -3.3048e+00 -1.6052e+00 +1.7935e+00 -1.3666e+00 +2.9933e+00 +3.4927e+00 -2.0246e+00
733 0 +1.826640524e+01 -2.843235948e+02 -2.843235948e+02 -1.5126e+00 +3.5349e+00 -1.3096e-01 -2.8966e+00 +2.3330e-01 +2.5066e+00 -2.8125e-01 +2.8190e+00 +2.8330e+00 -2.3735e+00
748 0 +1.420969248e+01 -2.883803075e+02 -2.883803075e+02 -1.1138e+00 +1.9038e+00 -1.6744e+00 -4.8326e+00 +5.1643e-02 +3.2313e+00 -1.5200e+00 +2.5936e+00 +1.9650e+00 -1.6330e+00
924 0 +1.383806709e+01 -2.887519329e+02 -2.887519329e+02 -1.3982e+00 +2.6459e+00 -1.0547e+00 -3.6104e+00 -1.0160e+00 +2.6432e+00 -2.7858e+00 +2.1901e+00 +4.0386e+00 -1.9537e+00
978 0 +8.056034013e+00 -2.945339660e+02 -2.945339660e+02 -1.0572e+00 +2.7463e+00 -9.0633e-01 -3.4116e+00 +4.4948e-02 +1.9286e+00 -1.8298e+00 +2.5926e+00 +3.8945e+00 -3.2631e+00
1074 0 +6.961417788e+00 -2.956285822e+02 -2.956285822e+02 -1.2596e+00 +1.9183e+00 -2.0182e+00 -4.1961e+00 -1.6233e-01 +3.5114e+00 -1.9826e+00 +3.8535e+00 +3.6343e+00 -2.0691e+00
1200 0 +4.666789005e+00 -2.979232110e+02 -2.979232110e+02 -5.4906e-01 +2.2581e+00 -2.9759e+00 -3.2477e+00 -1.0718e-01 +3.4649e+00 -9.4273e-01 +3.7468e+00 +4.0441e+00 -3.1434e+00
1240 0 +3.812410514e+00 -2.987775895e+02 -2.987775895e+02 -1.2898e+00 +1.8143e+00 -2.3212e+00 -3.5291e+00 -6.6314e-01 +3.5159e+00 -1.7254e+00 +3.1126e+00 +4.4968e+00 -3.5639e+00
1291 0 +2.166050094e+00 -3.004239499e+02 -3.004239499e+02 -6.7139e-01 +1.6197e+00 -2.6998e+00 -4.3226e+00 -2.7776e-01 +3.0548e+00 -1.8293e+00 +3.6581e+00 +3.8351e+00 -3.4177e+00
1410 0 +2.022671184e+00 -3.005673288e+02 -3.005673288e+02 -1.2876e+00 +2.4210e+00 -2.7456e+00 -4.3845e+00 -2.9858e-01 +2.8642e+00 -1.3501e+00 +3.1364e+00 +4.0083e+00 -3.1651e+00
1518 0 +1.958625695e+00 -3.006313743e+02 -3.006313743e+02 -1.5228e+00 +2.9441e+00 -2.5221e+00 -4.2343e+00 +3.5927e-02 +2.6190e+00 -1.2478e+00 +3.3573e+00 +3.8973e+00 -3.3788e+00
1562 0 +1.943762614e+00 -3.006462374e+02 -3.006462374e+02 -1.2050e+00 +2.3026e+00 -1.9302e+00 -4.3044e+00 -3.4206e-01 +2.7409e+00 -1.5973e+00 +3.1956e+00 +3.7988e+00 -3.4062e+00
1571 0 +1.849849960e+00 -3.007401500e+02 -3.007401500e+02 -1.2161e+00 +2.5886e+00 -2.0046e+00 -4.3693e+00 +1.8643e-02 +2.6909e+00 -1.0194e+00 +2.8933e+00 +4.1491e+00 -3.8014e+00
1641 0 +1.631700371e+00 -3.009582996e+02 -3.009582996e+02 -1.4282e+00 +2.6113e+00 -1.9953e+00 -4.3220e+00 -2.6119e-01 +2.6645e+00 -1.0478e+00 +3.1339e+00 +3.8934e+00 -3.8170e+00
1745 0 +1.603036766e+00 -3.009869632e+02 -3.009869632e+02 -8.4415e-01 +2.3131e+00 -2.4598e+00 -4.2399e+00 -1.7164e-01 +2.6757e+00 -1.0382e+00 +2.9803e+00 +3.9066e+00 -3.8226e+00
1779 0 +1.455172128e+00 -3.011348279e+02 -3.011348279e+02 -6.1858e-01 +2.2987e+00 -2.4325e+00 -4.2931e+00 -1.4831e-01 +2.8898e+00 -1.0452e+00 +3.4991e+00 +3.8544e+00 -3.9193e+00
1841 0 +1.333164194e+00 -3.012568358e+02 -3.012568358e+02 -7.7239e-01 +2.1960e+00 -2.8059e+00 -4.5401e+00 -1.8259e-01 +2.5518e+00 -1.0232e+00 +3.2500e+00 +4.2642e+00 -3.8998e+00
1934 0 +1.223212852e+00 -3.013667871e+02 -3.013667871e+02 -1.2065e+00 +2.7029e+00 -2.7048e+00 -4.2029e+00 -4.1888e-01 +2.6785e+00 -1.3306e+00 +3.5722e+00 +4.6571e+00 -4.4690e+00
1983 0 +1.159275922e+00 -3.014307241e+02 -3.014307241e+02 -7.9008e-01 +2.4452e+00 -3.0331e+00 -4.4491e+00 -2.4213e-01 +2.4735e+00 -1.0519e+00 +3.6827e+00 +4.5153e+00 -3.9647e+00
1998 0 +1.068079625e+00 -3.015219204e+02 -3.015219204e+02 -1.2631e+00 +2.3560e+00 -2.6774e+00 -4.3592e+00 -1.8544e-01 +2.5675e+00 -1.0533e+00 +3.6384e+00 +4.3608e+00 -3.9891e+00
2014 0 +8.293639336e-01 -3.017606361e+02 -3.017606361e+02 -1.2388e+00 +2.5157e+00 -2.4462e+00 -4.0987e+00 -1.9517e-01 +2.6548e+00 -1.1582e+00 +3.5734e+00 +4.3039e+00 -3.9295e+00
2213 0 +7.905853115e-01 -3.017994147e+02 -3.017994147e+02 -1.2836e+00 +2.6661e+00 -2.7744e+00 -3.9950e+00 -3.6701e-01 +2.5282e+00 -1.0387e+00 +3.6676e+00 +4.2632e+00 -4.1215e+00
2355 0 +7.643173833e-01 -3.018256826e+02 -3.018256826e+02 -1.1215e+00 +2.7267e+00 -2.9112e+00 -4.2706e+00 -2.1146e-01 +2.5415e+00 -1.0544e+00 +3.6267e+00 +4.2754e+00 -4.1373e+00
2361 0 +7.557681291e-01 -3.018342319e+02 -3.018342319e+02 -1.0489e+00 +2.5055e+00 -2.8162e+00 -4.1243e+00 -2.3780e-01 +2.5877e+00 -1.0408e+00 +3.5195e+00 +4.2954e+00 -4.0252e+00
2368 0 +7.368315652e-01 -3.018531684e+02 -3.018531684e+02 -1.0130e+00 +2.6466e+00 -2.7312e+00 -4.1828e+00 -1.4854e-01 +2.6898e+00 -1.1486e+00 +3.5698e+00 +4.3692e+00 -4.1178e+00
2662 0 +7.191179836e-01 -3.018708820e+02 -3.018708820e+02 -1.1025e+00 +2.6312e+00 -2.6397e+00 -4.1062e+00 -1.7551e-01 +2.6322e+00 -1.0689e+00 +3.6643e+00 +4.2572e+00 -4.0719e+00
3101 0 +7.027227991e-01 -3.018872772e+02 -3.018872772e+02 -1.1163e+00 +2.6483e+00 -2.7798e+00 -4.1384e+00 -2.2745e-01 +2.6864e+00 -1.0176e+00 +3.6651e+00 +4.4096e+00 -4.2293e+00
11561 0 +6.918569112e-01 -3.018981431e+02 -3.018981431e+02 -1.1219e+00 +2.6579e+00 -2.7270e+00 -4.1262e+00 -2.2817e-01 +2.6486e+00 -1.0486e+00 +3.6110e+00 +4.3457e+00 -4.1620e+00
% f evaluations | g evaluations | best noise-free fitness - Fopt (-3.065500000000e+02) + sum g_i+ | measured fitness | best measured fitness or single-digit g-values | x1 | x2...
1 0 +8.140188526e+01 -2.251481147e+02 -2.251481147e+02 +0.0000e+00 +0.0000e+00 +0.0000e+00 +0.0000e+00 +0.0000e+00 +0.0000e+00 +0.0000e+00 +0.0000e+00 +0.0000e+00 +0.0000e+00
26 0 +8.119043501e+01 -2.253595650e+02 -2.253595650e+02 -4.0410e-01 -3.9777e-01 +3.1703e+00 -2.0830e+00 -2.6460e+00 -7.2226e-01 +2.4263e+00 -6.9302e-01 -4.3889e+00 +3.0635e-01
27 0 +7.026800686e+01 -2.362819931e+02 -2.362819931e+02 -8.3839e-01 -8.7538e-01 -2.3754e+00 +3.6825e-01 -2.0651e+00 -3.0925e+00 -7.1239e-01 +7.5770e-01 -3.2009e+00 +2.3332e+00
41 0 +5.480936652e+01 -2.517406335e+02 -2.517406335e+02 -1.7243e+00 -2.1909e+00 +2.7949e-01 -2.2996e+00 -3.3685e+00 +1.0885e+00 -2.7572e-01 +2.9275e-01 -4.3597e+00 +1.2250e+00
49 0 +3.066139450e+01 -2.758886055e+02 -2.758886055e+02 +1.0771e+00 -1.3134e+00 +1.4050e-01 -1.5569e+00 -2.0751e+00 -2.3594e-01 -4.7776e+00 +1.9031e+00 -2.6087e+00 -2.7481e-01
353 0 +2.248151521e+01 -2.840684848e+02 -2.840684848e+02 +3.3813e+00 -3.2222e+00 +2.2335e+00 -1.1583e+00 -5.2625e-01 -1.4313e+00 -6.0721e-01 -1.3286e+00 -3.9185e+00 +2.8689e+00
791 0 +1.791945926e+01 -2.886305407e+02 -2.886305407e+02 -1.5507e+00 -3.1753e+00 +7.1177e-01 -2.1618e+00 -3.8771e+00 -5.4315e-01 -3.4869e+00 +7.8266e-01 -2.0184e+00 +3.6478e-01
1102 0 +1.318886518e+01 -2.933611348e+02 -2.933611348e+02 -1.1751e+00 +2.0120e+00 -1.0613e+00 +1.1025e+00 -2.1073e+00 -2.6508e+00 -3.8367e+00 -1.5323e+00 -3.9119e+00 +7.7515e-01
1163 0 +1.000427261e+01 -2.965457274e+02 -2.965457274e+02 -1.1247e+00 +1.9673e+00 -5.6729e-01 +1.1713e+00 -1.9276e+00 -2.6340e+00 -4.4530e+00 -2.0807e+00 -3.2854e+00 +3.5496e-01
1187 0 +9.438421948e+00 -2.971115781e+02 -2.971115781e+02 -2.6390e+00 +1.1633e+00 +1.4585e-02 +1.1107e+00 -1.4258e+00 -3.0954e+00 -4.8469e+00 -2.1443e+00 -3.1019e+00 -3.6116e-01
1201 0 +7.656632645e+00 -2.988933674e+02 -2.988933674e+02 -3.2950e+00 +1.9402e+00 +5.4758e-02 +1.6070e+00 -2.9570e+00 -3.9176e+00 -5.0060e+00 -1.6851e+00 -2.8711e+00 +7.6229e-01
1264 0 +7.543277417e+00 -2.990067226e+02 -2.990067226e+02 -1.7054e+00 +2.1505e+00 -4.2993e-01 +1.2181e+00 -1.6343e+00 -3.7200e+00 -4.0093e+00 -2.2400e+00 -3.6780e+00 -2.8551e-01
1283 0 +7.355954320e+00 -2.991940457e+02 -2.991940457e+02 -2.1520e+00 +1.3212e+00 -4.3217e-01 +3.1852e+00 -2.6084e+00 -4.4003e+00 -4.0386e+00 -2.6023e+00 -3.4137e+00 -5.4979e-01
1310 0 +3.766802851e+00 -3.027831971e+02 -3.027831971e+02 -1.7426e+00 +1.0189e+00 -8.0739e-01 +1.5772e+00 -2.4160e+00 -4.5363e+00 -3.8450e+00 -2.6735e+00 -3.5658e+00 -2.6353e-01
1314 0 +2.639699738e+00 -3.039103003e+02 -3.039103003e+02 -2.6929e+00 +1.7367e+00 -1.4182e-01 +1.8844e+00 -2.5429e+00 -4.5569e+00 -4.4512e+00 -2.1535e+00 -3.5256e+00 -1.7232e-01
1392 0 +2.330579669e+00 -3.042194203e+02 -3.042194203e+02 -1.5846e+00 +7.2598e-01 -1.9394e-01 +2.5802e+00 -2.4977e+00 -4.4967e+00 -5.1626e+00 -2.2096e+00 -4.0777e+00 +4.9778e-01
1406 0 +2.065598500e+00 -3.044844015e+02 -3.044844015e+02 -2.6797e+00 +9.0419e-01 -9.8792e-02 +2.6239e+00 -3.1608e+00 -4.1751e+00 -4.6148e+00 -1.9074e+00 -3.6895e+00 +3.2386e-01
1670 0 +1.895511986e+00 -3.046544880e+02 -3.046544880e+02 -1.6379e+00 +1.2239e+00 -6.6432e-01 +1.3611e+00 -2.6074e+00 -4.2218e+00 -4.2455e+00 -1.9238e+00 -3.9768e+00 +1.7927e-01
1804 0 +1.707041496e+00 -3.048429585e+02 -3.048429585e+02 -2.0969e+00 +9.6528e-01 -4.6046e-01 +2.3170e+00 -3.1332e+00 -4.0653e+00 -4.6133e+00 -1.8029e+00 -4.1178e+00 +5.8921e-01
1813 0 +1.006625725e+00 -3.055433743e+02 -3.055433743e+02 -1.7546e+00 +1.1572e+00 -5.6297e-01 +1.6070e+00 -3.0810e+00 -4.4295e+00 -4.5998e+00 -1.7549e+00 -3.6807e+00 +3.1380e-01
2072 0 +9.849091424e-01 -3.055650909e+02 -3.055650909e+02 -1.9743e+00 +9.5356e-01 -3.6805e-01 +1.6089e+00 -3.0096e+00 -4.5710e+00 -4.7379e+00 -1.8233e+00 -3.8045e+00 +3.7407e-01
2073 0 +8.702042272e-01 -3.056797958e+02 -3.056797958e+02 -2.0399e+00 +1.0752e+00 -2.8160e-01 +1.9929e+00 -2.6468e+00 -4.3756e+00 -4.6284e+00 -1.8442e+00 -3.6293e+00 +3.7955e-01
2278 0 +8.064890132e-01 -3.057435110e+02 -3.057435110e+02 -1.8078e+00 +1.0076e+00 -4.3741e-01 +1.7725e+00 -3.0871e+00 -4.2881e+00 -4.4294e+00 -1.9174e+00 -3.6757e+00 +6.7702e-01
2319 0 +7.666903003e-01 -3.057833097e+02 -3.057833097e+02 -1.8154e+00 +1.0788e+00 -3.6538e-01 +1.8428e+00 -3.0217e+00 -4.5077e+00 -4.5677e+00 -1.8669e+00 -3.6943e+00 +6.2101e-01
2333 0 +7.491226769e-01 -3.058008773e+02 -3.058008773e+02 -1.8903e+00 +1.0655e+00 -5.1257e-01 +1.8420e+00 -3.0633e+00 -4.4800e+00 -4.5059e+00 -1.8592e+00 -3.7874e+00 +4.6624e-01
2525 0 +7.187596309e-01 -3.058312404e+02 -3.058312404e+02 -1.9200e+00 +1.0594e+00 -4.3726e-01 +1.9025e+00 -2.9784e+00 -4.2624e+00 -4.5322e+00 -1.9010e+00 -3.6928e+00 +5.0207e-01
2688 0 +7.052284756e-01 -3.058447715e+02 -3.058447715e+02 -2.0114e+00 +1.0819e+00 -4.6340e-01 +1.8508e+00 -2.9281e+00 -4.3521e+00 -4.5457e+00 -1.8443e+00 -3.7051e+00 +4.9098e-01
10681 0 +6.918569112e-01 -3.058581431e+02 -3.058581431e+02 -1.9518e+00 +1.1018e+00 -4.3778e-01 +1.8441e+00 -2.9460e+00 -4.3823e+00 -4.5482e+00 -1.9228e+00 -3.6838e+00 +5.2792e-01
