% f evaluations | g evaluations | best noise-free fitness - Fopt (-1.000000000000e+03) + sum g_i+ | measured fitness | best measured fitness or single-digit g-values | x1 | x2...
1 0 +8.205600107e+01 -9.179439989e+02 -9.179439989e+02
167 0 +8.063966967e+01 -9.193603303e+02 -9.193603303e+02
5190 0 +7.798265116e+01 -9.220173488e+02 -9.220173488e+02
5272 0 +7.735920046e+01 -9.226407995e+02 -9.226407995e+02
5391 0 +7.535820794e+01 -9.246417921e+02 -9.246417921e+02
5399 0 +7.313265976e+01 -9.268673402e+02 -9.268673402e+02
5405 0 +7.092335116e+01 -9.290766488e+02 -9.290766488e+02
5738 0 +6.844156675e+01 -9.315584333e+02 -9.315584333e+02
5748 0 +6.721354391e+01 -9.327864561e+02 -9.327864561e+02
6233 0 +6.266698993e+01 -9.373330101e+02 -9.373330101e+02
6408 0 +6.123728667e+01 -9.387627133e+02 -9.387627133e+02
6456 0 +5.982606727e+01 -9.401739327e+02 -9.401739327e+02
6673 0 +5.805866030e+01 -9.419413397e+02 -9.419413397e+02
6730 0 +5.419809568e+01 -9.458019043e+02 -9.458019043e+02
6747 0 +5.097564466e+01 -9.490243553e+02 -9.490243553e+02
7342 0 +5.009206686e+01 -9.499079331e+02 -9.499079331e+02
7382 0 +4.838130874e+01 -9.516186913e+02 -9.516186913e+02
7427 0 +4.466069030e+01 -9.553393097e+02 -9.553393097e+02
7562 0 +4.333048262e+01 -9.566695174e+02 -9.566695174e+02
7596 0 +4.219228857e+01 -9.578077114e+02 -9.578077114e+02
7811 0 +4.123933420e+01 -9.587606658e+02 -9.587606658e+02
7841 0 +3.904366752e+01 -9.609563325e+02 -9.609563325e+02
8303 0 +3.738216246e+01 -9.626178375e+02 -9.626178375e+02
8371 0 +3.549661135e+01 -9.645033887e+02 -9.645033887e+02
8409 0 +3.381452771e+01 -9.661854723e+02 -9.661854723e+02
8719 0 +3.225073998e+01 -9.677492600e+02 -9.677492600e+02
8913 0 +3.120804457e+01 -9.687919554e+02 -9.687919554e+02
8968 0 +3.084509079e+01 -9.691549092e+02 -9.691549092e+02
8969 0 +2.719667897e+01 -9.728033210e+02 -9.728033210e+02
9052 0 +2.460281172e+01 -9.753971883e+02 -9.753971883e+02
9921 0 +2.369243505e+01 -9.763075650e+02 -9.763075650e+02
9980 0 +2.229745181e+01 -9.777025482e+02 -9.777025482e+02
10567 0 +2.129791356e+01 -9.787020864e+02 -9.787020864e+02
10665 0 +1.980636829e+01 -9.801936317e+02 -9.801936317e+02
11061 0 +1.905753959e+01 -9.809424604e+02 -9.809424604e+02
11125 0 +1.883385274e+01 -9.811661473e+02 -9.811661473e+02
11246 0 +1.839837989e+01 -9.816016201e+02 -9.816016201e+02
11442 0 +1.813207885e+01 -9.818679211e+02 -9.818679211e+02
11783 0 +1.713863844e+01 -9.828613616e+02 -9.828613616e+02
11975 0 +1.665951658e+01 -9.833404834e+02 -9.833404834e+02
12312 0 +1.634290325e+01 -9.836570968e+02 -9.836570968e+02
12718 0 +1.613808975e+01 -9.838619103e+02 -9.838619103e+02
13124 0 +1.580472834e+01 -9.841952717e+02 -9.841952717e+02
13593 0 +1.540104581e+01 -9.845989542e+02 -9.845989542e+02
14363 0 +1.511315921e+01 -9.848868408e+02 -9.848868408e+02
15838 0 +1.476647363e+01 -9.852335264e+02 -9.852335264e+02
50671 0 +1.458484153e+01 -9.854151585e+02 -9.854151585e+02
% f evaluations | g evaluations | best noise-free fitness - Fopt (1.000000000000e+03) + sum g_i+ | measured fitness | best measured fitness or single-digit g-values | x1 | x2...
1 0 +8.534604634e+01 +1.085346046e+03 +1.085346046e+03
51 0 +8.488745698e+01 +1.084887457e+03 +1.084887457e+03
3063 0 +8.296641283e+01 +1.082966413e+03 +1.082966413e+03
3282 0 +8.104779647e+01 +1.081047796e+03 +1.081047796e+03
3354 0 +7.900390244e+01 +1.079003902e+03 +1.079003902e+03
3632 0 +7.623831361e+01 +1.076238314e+03 +1.076238314e+03
4432 0 +7.336762129e+01 +1.073367621e+03 +1.073367621e+03
4589 0 +7.227295417e+01 +1.072272954e+03 +1.072272954e+03
4768 0 +7.057504467e+01 +1.070575045e+03 +1.070575045e+03
4877 0 +6.869005706e+01 +1.068690057e+03 +1.068690057e+03
5354 0 +6.710600075e+01 +1.067106001e+03 +1.067106001e+03
5493 0 +6.576935700e+01 +1.065769357e+03 +1.065769357e+03
5494 0 +6.406892857e+01 +1.064068929e+03 +1.064068929e+03
6082 0 +6.307060861e+01 +1.063070609e+03 +1.063070609e+03
6084 0 +5.842269306e+01 +1.058422693e+03 +1.058422693e+03
6102 0 +5.608192423e+01 +1.056081924e+03 +1.056081924e+03
6285 0 +5.351832742e+01 +1.053518327e+03 +1.053518327e+03
6318 0 +5.131865755e+01 +1.051318658e+03 +1.051318658e+03
6345 0 +4.948510713e+01 +1.049485107e+03 +1.049485107e+03
6395 0 +4.712969227e+01 +1.047129692e+03 +1.047129692e+03
6526 0 +4.450030503e+01 +1.044500305e+03 +1.044500305e+03
7040 0 +4.350268766e+01 +1.043502688e+03 +1.043502688e+03
7233 0 +4.124676243e+01 +1.041246762e+03 +1.041246762e+03
7267 0 +4.023436816e+01 +1.040234368e+03 +1.040234368e+03
7319 0 +3.697991370e+01 +1.036979914e+03 +1.036979914e+03
8255 0 +3.629683247e+01 +1.036296832e+03 +1.036296832e+03
8322 0 +3.381704354e+01 +1.033817044e+03 +1.033817044e+03
8537 0 +3.291944589e+01 +1.032919446e+03 +1.032919446e+03
8630 0 +3.131183891e+01 +1.031311839e+03 +1.031311839e+03
8661 0 +3.083283451e+01 +1.030832835e+03 +1.030832835e+03
8895 0 +2.980256376e+01 +1.029802564e+03 +1.029802564e+03
9273 0 +2.915012998e+01 +1.029150130e+03 +1.029150130e+03
9799 0 +2.873613957e+01 +1.028736140e+03 +1.028736140e+03
9905 0 +2.787139547e+01 +1.027871395e+03 +1.027871395e+03
10442 0 +2.744810292e+01 +1.027448103e+03 +1.027448103e+03
10899 0 +2.669574999e+01 +1.026695750e+03 +1.026695750e+03
11595 0 +2.629904406e+01 +1.026299044e+03 +1.026299044e+03
13359 0 +2.570015996e+01 +1.025700160e+03 +1.025700160e+03
50986 0 +2.547695079e+01 +1.025476951e+03 +1.025476951e+03
% f evaluations | g evaluations | best noise-free fitness - Fopt (-4.913000000000e+01) + sum g_i+ | measured fitness | best measured fitness or single-digit g-values | x1 | x2...
1 0 +8.206146169e+01 +3.293146169e+01 +3.293146169e+01
2018 0 +8.143250609e+01 +3.230250609e+01 +3.230250609e+01
2028 0 +8.068805779e+01 +3.155805779e+01 +3.155805779e+01
2216 0 +7.922107327e+01 +3.009107327e+01 +3.009107327e+01
2262 0 +7.643991310e+01 +2.730991310e+01 +2.730991310e+01
2497 0 +7.505071933e+01 +2.592071933e+01 +2.592071933e+01
2613 0 +7.364393893e+01 +2.451393893e+01 +2.451393893e+01
2618 0 +7.140275203e+01 +2.227275203e+01 +2.227275203e+01
2729 0 +7.022612845e+01 +2.109612845e+01 +2.109612845e+01
2968 0 +6.882203718e+01 +1.969203718e+01 +1.969203718e+01
3019 0 +6.700049607e+01 +1.787049607e+01 +1.787049607e+01
3035 0 +6.368939223e+01 +1.455939223e+01 +1.455939223e+01
3099 0 +5.978769253e+01 +1.065769253e+01 +1.065769253e+01
3145 0 +5.634724603e+01 +7.217246029e+00 +7.217246029e+00
3167 0 +5.091153964e+01 +1.781539640e+00 +1.781539640e+00
3174 0 +4.465434138e+01 -4.475658621e+00 -4.475658621e+00
3191 0 +4.175452505e+01 -7.375474948e+00 -7.375474948e+00
3596 0 +4.069641303e+01 -8.433586975e+00 -8.433586975e+00
3636 0 +3.231363197e+01 -1.681636803e+01 -1.681636803e+01
5025 0 +3.138555513e+01 -1.774444487e+01 -1.774444487e+01
5027 0 +3.082900670e+01 -1.830099330e+01 -1.830099330e+01
5052 0 +2.709189371e+01 -2.203810629e+01 -2.203810629e+01
5223 0 +2.503348093e+01 -2.409651907e+01 -2.409651907e+01
5411 0 +2.400303840e+01 -2.512696160e+01 -2.512696160e+01
5419 0 +2.378265338e+01 -2.534734662e+01 -2.534734662e+01
5464 0 +2.144559916e+01 -2.768440084e+01 -2.768440084e+01
5592 0 +1.932667836e+01 -2.980332164e+01 -2.980332164e+01
5637 0 +1.683404627e+01 -3.229595373e+01 -3.229595373e+01
5720 0 +1.479241089e+01 -3.433758911e+01 -3.433758911e+01
6052 0 +1.333052689e+01 -3.579947311e+01 -3.579947311e+01
6118 0 +1.072657332e+01 -3.840342668e+01 -3.840342668e+01
6137 0 +1.051851235e+01 -3.861148765e+01 -3.861148765e+01
6182 0 +1.025601621e+01 -3.887398379e+01 -3.887398379e+01
6307 0 +1.005548639e+01 -3.907451361e+01 -3.907451361e+01
6762 0 +9.487015588e+00 -3.964298441e+01 -3.964298441e+01
7144 0 +9.038502045e+00 -4.009149795e+01 -4.009149795e+01
7182 0 +8.792505019e+00 -4.033749498e+01 -4.033749498e+01
7192 0 +8.707974695e+00 -4.042202530e+01 -4.042202530e+01
7250 0 +8.341433503e+00 -4.078856650e+01 -4.078856650e+01
7290 0 +7.330933180e+00 -4.179906682e+01 -4.179906682e+01
7574 0 +6.715062429e+00 -4.241493757e+01 -4.241493757e+01
7638 0 +6.575477586e+00 -4.255452241e+01 -4.255452241e+01
7676 0 +5.988308867e+00 -4.314169113e+01 -4.314169113e+01
7864 0 +5.763322197e+00 -4.336667780e+01 -4.336667780e+01
7991 0 +5.457294223e+00 -4.367270578e+01 -4.367270578e+01
7993 0 +5.015367743e+00 -4.411463226e+01 -4.411463226e+01
8015 0 +4.592793407e+00 -4.453720659e+01 -4.453720659e+01
8048 0 +3.995578223e+00 -4.513442178e+01 -4.513442178e+01
8124 0 +3.622860748e+00 -4.550713925e+01 -4.550713925e+01
8179 0 +2.661886657e+00 -4.646811334e+01 -4.646811334e+01
8566 0 +2.529938326e+00 -4.660006167e+01 -4.660006167e+01
8728 0 +2.466520942e+00 -4.666347906e+01 -4.666347906e+01
8972 0 +2.101519756e+00 -4.702848024e+01 -4.702848024e+01
9167 0 +2.076335682e+00 -4.705366432e+01 -4.705366432e+01
9328 0 +2.016282501e+00 -4.711371750e+01 -4.711371750e+01
9654 0 +1.991378739e+00 -4.713862126e+01 -4.713862126e+01
9858 0 +1.935363686e+00 -4.719463631e+01 -4.719463631e+01
9873 0 +1.829187573e+00 -4.730081243e+01 -4.730081243e+01
10050 0 +1.671342905e+00 -4.745865709e+01 -4.745865709e+01
10329 0 +1.524189342e+00 -4.760581066e+01 -4.760581066e+01
10610 0 +1.449389512e+00 -4.768061049e+01 -4.768061049e+01
11027 0 +1.443911044e+00 -4.768608896e+01 -4.768608896e+01
11180 0 +1.398799486e+00 -4.773120051e+01 -4.773120051e+01
11190 0 +1.360849015e+00 -4.776915098e+01 -4.776915098e+01
11403 0 +1.336739817e+00 -4.779326018e+01 -4.779326018e+01
11412 0 +1.139622805e+00 -4.799037719e+01 -4.799037719e+01
11526 0 +1.121275004e+00 -4.800872500e+01 -4.800872500e+01
11532 0 +1.066356020e+00 -4.806364398e+01 -4.806364398e+01
11883 0 +9.644559913e-01 -4.816554401e+01 -4.816554401e+01
11925 0 +9.178173145e-01 -4.821218269e+01 -4.821218269e+01
12257 0 +9.082093067e-01 -4.822179069e+01 -4.822179069e+01
12583 0 +8.477740181e-01 -4.828222598e+01 -4.828222598e+01
12662 0 +8.253218424e-01 -4.830467816e+01 -4.830467816e+01
13301 0 +8.090201304e-01 -4.832097987e+01 -4.832097987e+01
13387 0 +7.832497324e-01 -4.834675027e+01 -4.834675027e+01
13925 0 +7.574021017e-01 -4.837259790e+01 -4.837259790e+01
14813 0 +7.404710826e-01 -4.838952892e+01 -4.838952892e+01
15425 0 +7.226918310e-01 -4.840730817e+01 -4.840730817e+01
16200 0 +7.067583043e-01 -4.842324170e+01 -4.842324170e+01
50416 0 +6.918569112e-01 -4.843814309e+01 -4.843814309e+01
% f evaluations | g evaluations | best noise-free fitness - Fopt (2.977300000000e+02) + sum g_i+ | measured fitness | best measured fitness or single-digit g-values | x1 | x2...
1 0 +8.202319017e+01 +3.797531902e+02 +3.797531902e+02
1222 0 +8.145717763e+01 +3.791871776e+02 +3.791871776e+02
1503 0 +7.921868073e+01 +3.769486807e+02 +3.769486807e+02
4771 0 +7.639491002e+01 +3.741249100e+02 +3.741249100e+02
4799 0 +7.515190400e+01 +3.728819040e+02 +3.728819040e+02
4801 0 +7.344217324e+01 +3.711721732e+02 +3.711721732e+02
4834 0 +6.919599943e+01 +3.669259994e+02 +3.669259994e+02
4900 0 +6.545098932e+01 +3.631809893e+02 +3.631809893e+02
5020 0 +6.373238534e+01 +3.614623853e+02 +3.614623853e+02
5078 0 +6.086875001e+01 +3.585987500e+02 +3.585987500e+02
5333 0 +5.241502020e+01 +3.501450202e+02 +3.501450202e+02
6925 0 +4.990768184e+01 +3.476376818e+02 +3.476376818e+02
6951 0 +4.793964211e+01 +3.456696421e+02 +3.456696421e+02
6984 0 +4.586783788e+01 +3.435978379e+02 +3.435978379e+02
7074 0 +4.457142636e+01 +3.423014264e+02 +3.423014264e+02
7469 0 +4.185930996e+01 +3.395893100e+02 +3.395893100e+02
7506 0 +3.975481218e+01 +3.374848122e+02 +3.374848122e+02
7577 0 +3.836350331e+01 +3.360935033e+02 +3.360935033e+02
7600 0 +3.327573971e+01 +3.310057397e+02 +3.310057397e+02
7668 0 +3.290445202e+01 +3.306344520e+02 +3.306344520e+02
7701 0 +2.983968207e+01 +3.275696821e+02 +3.275696821e+02
7820 0 +2.345223626e+01 +3.211822363e+02 +3.211822363e+02
7992 0 +2.251686818e+01 +3.202468682e+02 +3.202468682e+02
8063 0 +2.200998168e+01 +3.197399817e+02 +3.197399817e+02
8067 0 +1.990246213e+01 +3.176324621e+02 +3.176324621e+02
8106 0 +1.744530003e+01 +3.151753000e+02 +3.151753000e+02
8156 0 +1.660270725e+01 +3.143327072e+02 +3.143327072e+02
8203 0 +1.501725056e+01 +3.127472506e+02 +3.127472506e+02
8224 0 +1.361795789e+01 +3.113479579e+02 +3.113479579e+02
8323 0 +1.180933707e+01 +3.095393371e+02 +3.095393371e+02
8327 0 +1.004657853e+01 +3.077765785e+02 +3.077765785e+02
8807 0 +9.374204928e+00 +3.071042049e+02 +3.071042049e+02
9155 0 +9.000859393e+00 +3.067308594e+02 +3.067308594e+02
9311 0 +8.599778900e+00 +3.063297789e+02 +3.063297789e+02
9500 0 +7.781863035e+00 +3.055118630e+02 +3.055118630e+02
9598 0 +7.471556769e+00 +3.052015568e+02 +3.052015568e+02
9611 0 +7.410295423e+00 +3.051402954e+02 +3.051402954e+02
9613 0 +4.822607434e+00 +3.025526074e+02 +3.025526074e+02
10155 0 +3.613722399e+00 +3.013437224e+02 +3.013437224e+02
10293 0 +3.488196596e+00 +3.012181966e+02 +3.012181966e+02
10404 0 +2.866088124e+00 +3.005960881e+02 +3.005960881e+02
10417 0 +2.488027589e+00 +3.002180276e+02 +3.002180276e+02
10575 0 +2.432136770e+00 +3.001621368e+02 +3.001621368e+02
10580 0 +2.256607218e+00 +2.999866072e+02 +2.999866072e+02
10632 0 +2.157782121e+00 +2.998877821e+02 +2.998877821e+02
10772 0 +2.024561612e+00 +2.997545616e+02 +2.997545616e+02
10877 0 +1.991051181e+00 +2.997210512e+02 +2.997210512e+02
11351 0 +1.942260858e+00 +2.996722609e+02 +2.996722609e+02
11453 0 +1.903415718e+00 +2.996334157e+02 +2.996334157e+02
11562 0 +1.823445888e+00 +2.995534459e+02 +2.995534459e+02
11905 0 +1.649286687e+00 +2.993792867e+02 +2.993792867e+02
12312 0 +1.466089392e+00 +2.991960894e+02 +2.991960894e+02
12723 0 +1.442979073e+00 +2.991729791e+02 +2.991729791e+02
12729 0 +1.365750938e+00 +2.990957509e+02 +2.990957509e+02
12966 0 +1.337157907e+00 +2.990671579e+02 +2.990671579e+02
12983 0 +1.299614365e+00 +2.990296144e+02 +2.990296144e+02
13019 0 +1.240325454e+00 +2.989703255e+02 +2.989703255e+02
13027 0 +1.180480102e+00 +2.989104801e+02 +2.989104801e+02
13115 0 +1.146509250e+00 +2.988765092e+02 +2.988765092e+02
13201 0 +1.116260948e+00 +2.988462609e+02 +2.988462609e+02
13204 0 +1.090362938e+00 +2.988203629e+02 +2.988203629e+02
13494 0 +1.034981584e+00 +2.987649816e+02 +2.987649816e+02
13700 0 +9.884699817e-01 +2.987184700e+02 +2.987184700e+02
13832 0 +9.443113357e-01 +2.986743113e+02 +2.986743113e+02
13977 0 +8.676669763e-01 +2.985976670e+02 +2.985976670e+02
15020 0 +8.269856165e-01 +2.985569856e+02 +2.985569856e+02
15157 0 +7.713727929e-01 +2.985013728e+02 +2.985013728e+02
15974 0 +7.537691371e-01 +2.984837691e+02 +2.984837691e+02
16300 0 +7.279347377e-01 +2.984579347e+02 +2.984579347e+02
16769 0 +7.210500343e-01 +2.984510500e+02 +2.984510500e+02
18292 0 +7.038251674e-01 +2.984338252e+02 +2.984338252e+02
52294 0 +6.918569112e-01 +2.984218569e+02 +2.984218569e+02
% f evaluations | g evaluations | best noise-free fitness - Fopt (5.157000000000e+01) + sum g_i+ | measured fitness | best measured fitness or single-digit g-values | x1 | x2...
1 0 +8.378166644e+01 +1.353516664e+02 +1.353516664e+02
52 0 +8.168704037e+01 +1.332570404e+02 +1.332570404e+02
837 0 +8.080659158e+01 +1.323765916e+02 +1.323765916e+02
4454 0 +7.910691330e+01 +1.306769133e+02 +1.306769133e+02
4528 0 +7.565712877e+01 +1.272271288e+02 +1.272271288e+02
4624 0 +7.295777199e+01 +1.245277720e+02 +1.245277720e+02
5021 0 +7.190402308e+01 +1.234740231e+02 +1.234740231e+02
5047 0 +6.825960124e+01 +1.198296012e+02 +1.198296012e+02
5196 0 +6.728958917e+01 +1.188595892e+02 +1.188595892e+02
5233 0 +6.492366775e+01 +1.164936677e+02 +1.164936677e+02
5257 0 +6.339554713e+01 +1.149655471e+02 +1.149655471e+02
5390 0 +6.175116025e+01 +1.133211603e+02 +1.133211603e+02
5412 0 +6.163001619e+01 +1.132000162e+02 +1.132000162e+02
5453 0 +5.467883766e+01 +1.062488377e+02 +1.062488377e+02
5986 0 +5.023212800e+01 +1.018021280e+02 +1.018021280e+02
6109 0 +4.966262785e+01 +1.012326278e+02 +1.012326278e+02
6131 0 +4.456374319e+01 +9.613374319e+01 +9.613374319e+01
6350 0 +4.302845764e+01 +9.459845764e+01 +9.459845764e+01
6378 0 +3.925867003e+01 +9.082867003e+01 +9.082867003e+01
6380 0 +2.668863220e+01 +7.825863220e+01 +7.825863220e+01
6803 0 +1.829352420e+01 +6.986352420e+01 +6.986352420e+01
8572 0 +1.665033206e+01 +6.822033206e+01 +6.822033206e+01
8980 0 +1.641329398e+01 +6.798329398e+01 +6.798329398e+01
9026 0 +1.539836347e+01 +6.696836347e+01 +6.696836347e+01
9055 0 +1.480283824e+01 +6.637283824e+01 +6.637283824e+01
9059 0 +1.444316844e+01 +6.601316844e+01 +6.601316844e+01
9088 0 +1.374899459e+01 +6.531899459e+01 +6.531899459e+01
9211 0 +1.341186076e+01 +6.498186076e+01 +6.498186076e+01
9263 0 +1.294580064e+01 +6.451580064e+01 +6.451580064e+01
9384 0 +1.286455729e+01 +6.443455729e+01 +6.443455729e+01
9397 0 +1.225566765e+01 +6.382566765e+01 +6.382566765e+01
9446 0 +1.174610342e+01 +6.331610342e+01 +6.331610342e+01
9835 0 +1.137605048e+01 +6.294605048e+01 +6.294605048e+01
9991 0 +1.118158047e+01 +6.275158047e+01 +6.275158047e+01
10169 0 +1.042958383e+01 +6.199958383e+01 +6.199958383e+01
10519 0 +9.908346387e+00 +6.147834639e+01 +6.147834639e+01
10646 0 +9.428414842e+00 +6.099841484e+01 +6.099841484e+01
10772 0 +9.110119228e+00 +6.068011923e+01 +6.068011923e+01
11439 0 +8.809944448e+00 +6.037994445e+01 +6.037994445e+01
11484 0 +8.615005873e+00 +6.018500587e+01 +6.018500587e+01
11871 0 +8.451771676e+00 +6.002177168e+01 +6.002177168e+01
12208 0 +8.239824170e+00 +5.980982417e+01 +5.980982417e+01
12288 0 +8.125098883e+00 +5.969509888e+01 +5.969509888e+01
12389 0 +7.943206351e+00 +5.951320635e+01 +5.951320635e+01
12700 0 +7.737758978e+00 +5.930775898e+01 +5.930775898e+01
13893 0 +7.576814956e+00 +5.914681496e+01 +5.914681496e+01
14636 0 +7.406683469e+00 +5.897668347e+01 +5.897668347e+01
51481 0 +7.271629194e+00 +5.884162919e+01 +5.884162919e+01
% f evaluations | g evaluations | best noise-free fitness - Fopt (1.527100000000e+02) + sum g_i+ | measured fitness | best measured fitness or single-digit g-values | x1 | x2...
1 0 +8.224979533e+01 +2.349597953e+02 +2.349597953e+02
544 0 +8.198527636e+01 +2.346952764e+02 +2.346952764e+02
1743 0 +8.000619008e+01 +2.327161901e+02 +2.327161901e+02
1825 0 +7.838662328e+01 +2.310966233e+02 +2.310966233e+02
2003 0 +7.596073851e+01 +2.286707385e+02 +2.286707385e+02
2052 0 +7.571674555e+01 +2.284267455e+02 +2.284267455e+02
2725 0 +7.321939223e+01 +2.259293922e+02 +2.259293922e+02
2760 0 +7.140741754e+01 +2.241174175e+02 +2.241174175e+02
2820 0 +7.063457502e+01 +2.233445750e+02 +2.233445750e+02
2940 0 +6.665826582e+01 +2.193682658e+02 +2.193682658e+02
3000 0 +6.555830828e+01 +2.182683083e+02 +2.182683083e+02
3098 0 +6.289574828e+01 +2.156057483e+02 +2.156057483e+02
3242 0 +6.013400742e+01 +2.128440074e+02 +2.128440074e+02
3288 0 +5.419081214e+01 +2.069008121e+02 +2.069008121e+02
3650 0 +5.199920957e+01 +2.047092096e+02 +2.047092096e+02
3664 0 +4.677668023e+01 +1.994866802e+02 +1.994866802e+02
3735 0 +4.168924628e+01 +1.943992463e+02 +1.943992463e+02
4390 0 +3.934605194e+01 +1.920560519e+02 +1.920560519e+02
4411 0 +3.715966098e+01 +1.898696610e+02 +1.898696610e+02
4446 0 +3.616368582e+01 +1.888736858e+02 +1.888736858e+02
4510 0 +3.456240743e+01 +1.872724074e+02 +1.872724074e+02
4670 0 +3.205027310e+01 +1.847602731e+02 +1.847602731e+02
4696 0 +2.794973798e+01 +1.806597380e+02 +1.806597380e+02
4708 0 +2.478661577e+01 +1.774966158e+02 +1.774966158e+02
4780 0 +2.452307470e+01 +1.772330747e+02 +1.772330747e+02
5065 0 +2.269096943e+01 +1.754009694e+02 +1.754009694e+02
5242 0 +2.064308187e+01 +1.733530819e+02 +1.733530819e+02
5252 0 +1.952351987e+01 +1.722335199e+02 +1.722335199e+02
5318 0 +1.932803252e+01 +1.720380325e+02 +1.720380325e+02
5561 0 +1.886235107e+01 +1.715723511e+02 +1.715723511e+02
5564 0 +1.822807273e+01 +1.709380727e+02 +1.709380727e+02
5565 0 +1.780084383e+01 +1.705108438e+02 +1.705108438e+02
5572 0 +1.629128523e+01 +1.690012852e+02 +1.690012852e+02
5600 0 +1.173659472e+01 +1.644465947e+02 +1.644465947e+02
6200 0 +1.069081896e+01 +1.634008190e+02 +1.634008190e+02
6271 0 +9.963798656e+00 +1.626737987e+02 +1.626737987e+02
6297 0 +9.763463154e+00 +1.624734632e+02 +1.624734632e+02
6392 0 +9.520763273e+00 +1.622307633e+02 +1.622307633e+02
6432 0 +8.415319411e+00 +1.611253194e+02 +1.611253194e+02
6584 0 +8.307181981e+00 +1.610171820e+02 +1.610171820e+02
6737 0 +7.317666381e+00 +1.600276664e+02 +1.600276664e+02
6966 0 +7.068512828e+00 +1.597785128e+02 +1.597785128e+02
7028 0 +6.484884189e+00 +1.591948842e+02 +1.591948842e+02
7044 0 +5.829984911e+00 +1.585399849e+02 +1.585399849e+02
7087 0 +5.601239554e+00 +1.583112396e+02 +1.583112396e+02
7188 0 +4.916761601e+00 +1.576267616e+02 +1.576267616e+02
7226 0 +4.730172816e+00 +1.574401728e+02 +1.574401728e+02
7288 0 +4.056215625e+00 +1.567662156e+02 +1.567662156e+02
7298 0 +3.467000308e+00 +1.561770003e+02 +1.561770003e+02
7299 0 +3.375491749e+00 +1.560854917e+02 +1.560854917e+02
7406 0 +3.011964602e+00 +1.557219646e+02 +1.557219646e+02
7710 0 +2.865386708e+00 +1.555753867e+02 +1.555753867e+02
7788 0 +2.563276983e+00 +1.552732770e+02 +1.552732770e+02
7853 0 +2.465368997e+00 +1.551753690e+02 +1.551753690e+02
7864 0 +2.125383534e+00 +1.548353835e+02 +1.548353835e+02
8277 0 +2.051420917e+00 +1.547614209e+02 +1.547614209e+02
8358 0 +2.020595547e+00 +1.547305955e+02 +1.547305955e+02
8687 0 +1.982101730e+00 +1.546921017e+02 +1.546921017e+02
8739 0 +1.949475470e+00 +1.546594755e+02 +1.546594755e+02
8755 0 +1.745141011e+00 +1.544551410e+02 +1.544551410e+02
8981 0 +1.696416222e+00 +1.544064162e+02 +1.544064162e+02
9162 0 +1.528757167e+00 +1.542387572e+02 +1.542387572e+02
9383 0 +1.325640949e+00 +1.540356409e+02 +1.540356409e+02
9644 0 +1.211977287e+00 +1.539219773e+02 +1.539219773e+02
9861 0 +1.097703131e+00 +1.538077031e+02 +1.538077031e+02
9977 0 +9.994029140e-01 +1.537094029e+02 +1.537094029e+02
10780 0 +9.656419999e-01 +1.536756420e+02 +1.536756420e+02
10908 0 +9.427150980e-01 +1.536527151e+02 +1.536527151e+02
10942 0 +9.313097654e-01 +1.536413098e+02 +1.536413098e+02
11071 0 +8.997428669e-01 +1.536097429e+02 +1.536097429e+02
11170 0 +8.675830253e-01 +1.535775830e+02 +1.535775830e+02
11689 0 +8.294952773e-01 +1.535394953e+02 +1.535394953e+02
11692 0 +7.843586952e-01 +1.534943587e+02 +1.534943587e+02
12056 0 +7.612276978e-01 +1.534712277e+02 +1.534712277e+02
12654 0 +7.543164725e-01 +1.534643165e+02 +1.534643165e+02
13135 0 +7.399196613e-01 +1.534499197e+02 +1.534499197e+02
13947 0 +7.222624393e-01 +1.534322624e+02 +1.534322624e+02
14263 0 +7.054901290e-01 +1.534154901e+02 +1.534154901e+02
50491 0 +6.918569112e-01 +1.534018569e+02 +1.534018569e+02
% f evaluations | g evaluations | best noise-free fitness - Fopt (9.980000000000e+01) + sum g_i+ | measured fitness | best measured fitness or single-digit g-values | x1 | x2...
1 0 +7.973996594e+01 +1.795399659e+02 +1.795399659e+02
629 0 +7.952070219e+01 +1.793207022e+02 +1.793207022e+02
756 0 +7.841492117e+01 +1.782149212e+02 +1.782149212e+02
1608 0 +7.668259874e+01 +1.764825987e+02 +1.764825987e+02
1799 0 +7.500741935e+01 +1.748074194e+02 +1.748074194e+02
2055 0 +7.194266209e+01 +1.717426621e+02 +1.717426621e+02
2461 0 +6.987188631e+01 +1.696718863e+02 +1.696718863e+02
2607 0 +6.893214919e+01 +1.687321492e+02 +1.687321492e+02
3169 0 +6.712497312e+01 +1.669249731e+02 +1.669249731e+02
3237 0 +6.434921727e+01 +1.641492173e+02 +1.641492173e+02
3553 0 +6.094903356e+01 +1.607490336e+02 +1.607490336e+02
3816 0 +5.413475468e+01 +1.539347547e+02 +1.539347547e+02
3844 0 +5.268601335e+01 +1.524860133e+02 +1.524860133e+02
3848 0 +5.059505768e+01 +1.503950577e+02 +1.503950577e+02
3877 0 +4.586422120e+01 +1.456642212e+02 +1.456642212e+02
3893 0 +4.419357657e+01 +1.439935766e+02 +1.439935766e+02
3895 0 +3.934520566e+01 +1.391452057e+02 +1.391452057e+02
3910 0 +3.859587199e+01 +1.383958720e+02 +1.383958720e+02
4235 0 +3.719342586e+01 +1.369934259e+02 +1.369934259e+02
4238 0 +3.231132384e+01 +1.321113238e+02 +1.321113238e+02
4361 0 +3.032472250e+01 +1.301247225e+02 +1.301247225e+02
4417 0 +2.794798862e+01 +1.277479886e+02 +1.277479886e+02
4425 0 +2.376499998e+01 +1.235650000e+02 +1.235650000e+02
4477 0 +2.235631803e+01 +1.221563180e+02 +1.221563180e+02
4561 0 +2.157470962e+01 +1.213747096e+02 +1.213747096e+02
4619 0 +1.246339346e+01 +1.122633935e+02 +1.122633935e+02
6758 0 +1.020886830e+01 +1.100088683e+02 +1.100088683e+02
6839 0 +9.148696862e+00 +1.089486969e+02 +1.089486969e+02
6858 0 +8.723644936e+00 +1.085236449e+02 +1.085236449e+02
6865 0 +8.364953225e+00 +1.081649532e+02 +1.081649532e+02
7082 0 +7.827407346e+00 +1.076274073e+02 +1.076274073e+02
7283 0 +7.579534975e+00 +1.073795350e+02 +1.073795350e+02
7383 0 +7.343824935e+00 +1.071438249e+02 +1.071438249e+02
7397 0 +7.211426470e+00 +1.070114265e+02 +1.070114265e+02
7429 0 +6.955839457e+00 +1.067558395e+02 +1.067558395e+02
7443 0 +6.675122391e+00 +1.064751224e+02 +1.064751224e+02
8181 0 +5.831947153e+00 +1.056319472e+02 +1.056319472e+02
8309 0 +5.568802609e+00 +1.053688026e+02 +1.053688026e+02
8385 0 +5.218731518e+00 +1.050187315e+02 +1.050187315e+02
8483 0 +4.732022140e+00 +1.045320221e+02 +1.045320221e+02
8723 0 +4.665591192e+00 +1.044655912e+02 +1.044655912e+02
8815 0 +4.340450745e+00 +1.041404507e+02 +1.041404507e+02
8954 0 +3.489501858e+00 +1.032895019e+02 +1.032895019e+02
9139 0 +3.367706885e+00 +1.031677069e+02 +1.031677069e+02
9158 0 +3.211565213e+00 +1.030115652e+02 +1.030115652e+02
9159 0 +2.917176935e+00 +1.027171769e+02 +1.027171769e+02
9233 0 +2.707635934e+00 +1.025076359e+02 +1.025076359e+02
9518 0 +2.404179813e+00 +1.022041798e+02 +1.022041798e+02
10018 0 +2.297903406e+00 +1.020979034e+02 +1.020979034e+02
10107 0 +2.241540922e+00 +1.020415409e+02 +1.020415409e+02
10735 0 +2.177761075e+00 +1.019777611e+02 +1.019777611e+02
11071 0 +2.127677524e+00 +1.019276775e+02 +1.019276775e+02
11369 0 +2.083713251e+00 +1.018837133e+02 +1.018837133e+02
11715 0 +2.039733964e+00 +1.018397340e+02 +1.018397340e+02
14400 0 +1.992753809e+00 +1.017927538e+02 +1.017927538e+02
69009 0 +1.954998860e+00 +1.017549989e+02 +1.017549989e+02
% f evaluations | g evaluations | best noise-free fitness - Fopt (-1.194100000000e+02) + sum g_i+ | measured fitness | best measured fitness or single-digit g-values | x1 | x2...
1 0 +8.298042054e+01 -3.642957946e+01 -3.642957946e+01
74 0 +8.274836250e+01 -3.666163750e+01 -3.666163750e+01
103 0 +8.028185461e+01 -3.912814539e+01 -3.912814539e+01
243 0 +7.888494616e+01 -4.052505384e+01 -4.052505384e+01
2945 0 +7.700498429e+01 -4.240501571e+01 -4.240501571e+01
3015 0 +7.568016717e+01 -4.372983283e+01 -4.372983283e+01
3017 0 +7.319692453e+01 -4.621307547e+01 -4.621307547e+01
3351 0 +7.162150223e+01 -4.778849777e+01 -4.778849777e+01
3569 0 +6.846348052e+01 -5.094651948e+01 -5.094651948e+01
3618 0 +6.604658710e+01 -5.336341290e+01 -5.336341290e+01
3643 0 +6.257396071e+01 -5.683603929e+01 -5.683603929e+01
3776 0 +5.685355572e+01 -6.255644428e+01 -6.255644428e+01
4481 0 +4.944751438e+01 -6.996248562e+01 -6.996248562e+01
4494 0 +4.808552833e+01 -7.132447167e+01 -7.132447167e+01
5126 0 +4.358532470e+01 -7.582467530e+01 -7.582467530e+01
5282 0 +3.261755718e+01 -8.679244282e+01 -8.679244282e+01
5885 0 +2.972833951e+01 -8.968166049e+01 -8.968166049e+01
5986 0 +2.805892615e+01 -9.135107385e+01 -9.135107385e+01
6022 0 +2.490713465e+01 -9.450286535e+01 -9.450286535e+01
6312 0 +2.345078082e+01 -9.595921918e+01 -9.595921918e+01
6459 0 +2.155556395e+01 -9.785443605e+01 -9.785443605e+01
6573 0 +1.582521455e+01 -1.035847854e+02 -1.035847854e+02
6675 0 +1.380982364e+01 -1.056001764e+02 -1.056001764e+02
6912 0 +1.220737503e+01 -1.072026250e+02 -1.072026250e+02
7174 0 +9.981518327e+00 -1.094284817e+02 -1.094284817e+02
7330 0 +9.768972319e+00 -1.096410277e+02 -1.096410277e+02
7439 0 +8.966139018e+00 -1.104438610e+02 -1.104438610e+02
7608 0 +7.796042361e+00 -1.116139576e+02 -1.116139576e+02
7642 0 +7.584978688e+00 -1.118250213e+02 -1.118250213e+02
7660 0 +6.818199155e+00 -1.125918008e+02 -1.125918008e+02
7758 0 +6.264710985e+00 -1.131452890e+02 -1.131452890e+02
7964 0 +5.184603906e+00 -1.142253961e+02 -1.142253961e+02
8289 0 +3.817393562e+00 -1.155926064e+02 -1.155926064e+02
8353 0 +3.180473686e+00 -1.162295263e+02 -1.162295263e+02
8996 0 +2.188976979e+00 -1.172210230e+02 -1.172210230e+02
9728 0 +2.131887103e+00 -1.172781129e+02 -1.172781129e+02
9833 0 +2.010629353e+00 -1.173993706e+02 -1.173993706e+02
10393 0 +1.970618454e+00 -1.174393815e+02 -1.174393815e+02
11066 0 +1.872962064e+00 -1.175370379e+02 -1.175370379e+02
11106 0 +1.607921720e+00 -1.178020783e+02 -1.178020783e+02
11324 0 +1.570939102e+00 -1.178390609e+02 -1.178390609e+02
11364 0 +1.499456102e+00 -1.179105439e+02 -1.179105439e+02
12076 0 +1.459135685e+00 -1.179508643e+02 -1.179508643e+02
12338 0 +1.413311676e+00 -1.179966883e+02 -1.179966883e+02
12388 0 +1.411565298e+00 -1.179984347e+02 -1.179984347e+02
12440 0 +1.256457865e+00 -1.181535421e+02 -1.181535421e+02
12817 0 +1.193678368e+00 -1.182163216e+02 -1.182163216e+02
12872 0 +1.167195994e+00 -1.182428040e+02 -1.182428040e+02
12898 0 +1.075725089e+00 -1.183342749e+02 -1.183342749e+02
13183 0 +1.047299401e+00 -1.183627006e+02 -1.183627006e+02
13256 0 +9.698433700e-01 -1.184401566e+02 -1.184401566e+02
13279 0 +9.404786021e-01 -1.184695214e+02 -1.184695214e+02
13441 0 +9.331955079e-01 -1.184768045e+02 -1.184768045e+02
13966 0 +9.017678909e-01 -1.185082321e+02 -1.185082321e+02
14090 0 +8.773284024e-01 -1.185326716e+02 -1.185326716e+02
14098 0 +8.657954130e-01 -1.185442046e+02 -1.185442046e+02
14201 0 +8.386766641e-01 -1.185713233e+02 -1.185713233e+02
14653 0 +8.148721394e-01 -1.185951279e+02 -1.185951279e+02
14919 0 +8.022738009e-01 -1.186077262e+02 -1.186077262e+02
14925 0 +7.925205900e-01 -1.186174794e+02 -1.186174794e+02
15138 0 +7.629151709e-01 -1.186470848e+02 -1.186470848e+02
15364 0 +7.576559152e-01 -1.186523441e+02 -1.186523441e+02
15609 0 +7.345694298e-01 -1.186754306e+02 -1.186754306e+02
16130 0 +7.200480696e-01 -1.186899519e+02 -1.186899519e+02
17374 0 +7.079278099e-01 -1.187020722e+02 -1.187020722e+02
52591 0 +6.918569112e-01 -1.187181431e+02 -1.187181431e+02
% f evaluations | g evaluations | best noise-free fitness - Fopt (1.077000000000e+01) + sum g_i+ | measured fitness | best measured fitness or single-digit g-values | x1 | x2...
1 0 +8.333343445e+01 +9.410343445e+01 +9.410343445e+01
1258 0 +8.322483760e+01 +9.399483760e+01 +9.399483760e+01
1308 0 +8.145403785e+01 +9.222403785e+01 +9.222403785e+01
4625 0 +8.012203970e+01 +9.089203970e+01 +9.089203970e+01
4674 0 +7.938620407e+01 +9.015620407e+01 +9.015620407e+01
4814 0 +7.653000901e+01 +8.730000901e+01 +8.730000901e+01
5003 0 +7.453290011e+01 +8.530290011e+01 +8.530290011e+01
5076 0 +7.377729014e+01 +8.454729014e+01 +8.454729014e+01
5142 0 +7.135804983e+01 +8.212804983e+01 +8.212804983e+01
5210 0 +6.910238080e+01 +7.987238080e+01 +7.987238080e+01
5223 0 +6.581005299e+01 +7.658005299e+01 +7.658005299e+01
5504 0 +6.347852467e+01 +7.424852467e+01 +7.424852467e+01
5512 0 +6.238288963e+01 +7.315288963e+01 +7.315288963e+01
5611 0 +5.039089341e+01 +6.116089341e+01 +6.116089341e+01
5776 0 +4.686762967e+01 +5.763762967e+01 +5.763762967e+01
5904 0 +4.596687981e+01 +5.673687981e+01 +5.673687981e+01
6141 0 +3.862886000e+01 +4.939886000e+01 +4.939886000e+01
6207 0 +3.194104915e+01 +4.271104915e+01 +4.271104915e+01
6496 0 +2.918271474e+01 +3.995271474e+01 +3.995271474e+01
6770 0 +2.816005667e+01 +3.893005667e+01 +3.893005667e+01
7239 0 +2.636453250e+01 +3.713453250e+01 +3.713453250e+01
7474 0 +2.241388886e+01 +3.318388886e+01 +3.318388886e+01
7502 0 +2.114751783e+01 +3.191751783e+01 +3.191751783e+01
7823 0 +2.081269954e+01 +3.158269954e+01 +3.158269954e+01
7828 0 +2.036821699e+01 +3.113821699e+01 +3.113821699e+01
7879 0 +1.925708935e+01 +3.002708935e+01 +3.002708935e+01
7909 0 +1.858953808e+01 +2.935953808e+01 +2.935953808e+01
7925 0 +1.794296795e+01 +2.871296795e+01 +2.871296795e+01
7944 0 +1.616759320e+01 +2.693759320e+01 +2.693759320e+01
8374 0 +1.484924668e+01 +2.561924668e+01 +2.561924668e+01
8512 0 +1.468307810e+01 +2.545307810e+01 +2.545307810e+01
8558 0 +1.423816869e+01 +2.500816869e+01 +2.500816869e+01
8575 0 +1.333672905e+01 +2.410672905e+01 +2.410672905e+01
8856 0 +9.531643880e+00 +2.030164388e+01 +2.030164388e+01
9379 0 +7.601598770e+00 +1.837159877e+01 +1.837159877e+01
9692 0 +7.129790385e+00 +1.789979039e+01 +1.789979039e+01
9824 0 +7.072770140e+00 +1.784277014e+01 +1.784277014e+01
9972 0 +6.071646154e+00 +1.684164615e+01 +1.684164615e+01
10489 0 +5.772638842e+00 +1.654263884e+01 +1.654263884e+01
10641 0 +5.335968543e+00 +1.610596854e+01 +1.610596854e+01
10684 0 +4.675566911e+00 +1.544556691e+01 +1.544556691e+01
10896 0 +4.201240902e+00 +1.497124090e+01 +1.497124090e+01
11041 0 +3.291733579e+00 +1.406173358e+01 +1.406173358e+01
11196 0 +3.221831754e+00 +1.399183175e+01 +1.399183175e+01
11256 0 +2.600371182e+00 +1.337037118e+01 +1.337037118e+01
11515 0 +2.420588788e+00 +1.319058879e+01 +1.319058879e+01
11581 0 +2.183503663e+00 +1.295350366e+01 +1.295350366e+01
12580 0 +2.115071393e+00 +1.288507139e+01 +1.288507139e+01
12933 0 +2.088923086e+00 +1.285892309e+01 +1.285892309e+01
13388 0 +2.041151592e+00 +1.281115159e+01 +1.281115159e+01
15481 0 +1.992699123e+00 +1.276269912e+01 +1.276269912e+01
54136 0 +1.954998860e+00 +1.272499886e+01 +1.272499886e+01
% f evaluations | g evaluations | best noise-free fitness - Fopt (2.137000000000e+01) + sum g_i+ | measured fitness | best measured fitness or single-digit g-values | x1 | x2...
1 0 +8.328308459e+01 +1.046530846e+02 +1.046530846e+02
58 0 +8.265443516e+01 +1.040244352e+02 +1.040244352e+02
1732 0 +8.080931047e+01 +1.021793105e+02 +1.021793105e+02
3608 0 +7.920945626e+01 +1.005794563e+02 +1.005794563e+02
4116 0 +7.716505760e+01 +9.853505760e+01 +9.853505760e+01
4313 0 +7.570851760e+01 +9.707851760e+01 +9.707851760e+01
4508 0 +7.291737102e+01 +9.428737102e+01 +9.428737102e+01
4772 0 +7.197761238e+01 +9.334761238e+01 +9.334761238e+01
4916 0 +7.065806364e+01 +9.202806364e+01 +9.202806364e+01
4951 0 +6.807669331e+01 +8.944669331e+01 +8.944669331e+01
5046 0 +6.523259271e+01 +8.660259271e+01 +8.660259271e+01
5072 0 +6.443054402e+01 +8.580054402e+01 +8.580054402e+01
5085 0 +5.981739916e+01 +8.118739916e+01 +8.118739916e+01
5189 0 +5.307767941e+01 +7.444767941e+01 +7.444767941e+01
5415 0 +4.583017192e+01 +6.720017192e+01 +6.720017192e+01
5438 0 +4.542165259e+01 +6.679165259e+01 +6.679165259e+01
7135 0 +4.433089465e+01 +6.570089465e+01 +6.570089465e+01
7794 0 +3.644361165e+01 +5.781361165e+01 +5.781361165e+01
7943 0 +3.521638921e+01 +5.658638921e+01 +5.658638921e+01
8243 0 +3.302249161e+01 +5.439249161e+01 +5.439249161e+01
8742 0 +2.968686848e+01 +5.105686848e+01 +5.105686848e+01
8982 0 +2.829816228e+01 +4.966816228e+01 +4.966816228e+01
9001 0 +2.749770601e+01 +4.886770601e+01 +4.886770601e+01
9033 0 +2.639544447e+01 +4.776544447e+01 +4.776544447e+01
9150 0 +2.553946275e+01 +4.690946275e+01 +4.690946275e+01
9220 0 +2.427693809e+01 +4.564693809e+01 +4.564693809e+01
9264 0 +2.144375819e+01 +4.281375819e+01 +4.281375819e+01
9389 0 +2.128942441e+01 +4.265942441e+01 +4.265942441e+01
9507 0 +1.972819387e+01 +4.109819387e+01 +4.109819387e+01
9812 0 +1.938249858e+01 +4.075249858e+01 +4.075249858e+01
9899 0 +1.828126827e+01 +3.965126827e+01 +3.965126827e+01
9911 0 +1.798179647e+01 +3.935179647e+01 +3.935179647e+01
9984 0 +1.680110090e+01 +3.817110090e+01 +3.817110090e+01
10164 0 +1.460698157e+01 +3.597698157e+01 +3.597698157e+01
10226 0 +1.408079193e+01 +3.545079193e+01 +3.545079193e+01
10254 0 +1.300643454e+01 +3.437643454e+01 +3.437643454e+01
10657 0 +1.240602558e+01 +3.377602558e+01 +3.377602558e+01
10977 0 +1.201216644e+01 +3.338216644e+01 +3.338216644e+01
11013 0 +1.058453335e+01 +3.195453335e+01 +3.195453335e+01
12223 0 +1.044671608e+01 +3.181671608e+01 +3.181671608e+01
12612 0 +1.021846234e+01 +3.158846234e+01 +3.158846234e+01
12673 0 +9.999725043e+00 +3.136972504e+01 +3.136972504e+01
12921 0 +9.749427706e+00 +3.111942771e+01 +3.111942771e+01
13030 0 +9.538530864e+00 +3.090853086e+01 +3.090853086e+01
13213 0 +9.275118204e+00 +3.064511820e+01 +3.064511820e+01
14120 0 +9.025286815e+00 +3.039528681e+01 +3.039528681e+01
15493 0 +8.908595535e+00 +3.027859554e+01 +3.027859554e+01
53281 0 +8.742750532e+00 +3.011275053e+01 +3.011275053e+01
% f evaluations | g evaluations | best noise-free fitness - Fopt (1.673000000000e+01) + sum g_i+ | measured fitness | best measured fitness or single-digit g-values | x1 | x2...
1 0 +8.290555338e+01 +9.963555338e+01 +9.963555338e+01
1010 0 +8.264815511e+01 +9.937815511e+01 +9.937815511e+01
1769 0 +8.065397397e+01 +9.738397397e+01 +9.738397397e+01
1902 0 +7.932637288e+01 +9.605637288e+01 +9.605637288e+01
3389 0 +7.739454359e+01 +9.412454359e+01 +9.412454359e+01
3427 0 +7.470059862e+01 +9.143059862e+01 +9.143059862e+01
3543 0 +7.256539847e+01 +8.929539847e+01 +8.929539847e+01
3610 0 +7.088551351e+01 +8.761551351e+01 +8.761551351e+01
3624 0 +6.964439478e+01 +8.637439478e+01 +8.637439478e+01
3771 0 +6.848632161e+01 +8.521632161e+01 +8.521632161e+01
3818 0 +6.749534235e+01 +8.422534235e+01 +8.422534235e+01
4048 0 +6.275772317e+01 +7.948772317e+01 +7.948772317e+01
4174 0 +5.148561194e+01 +6.821561194e+01 +6.821561194e+01
4861 0 +4.913169647e+01 +6.586169647e+01 +6.586169647e+01
5060 0 +4.652440978e+01 +6.325440978e+01 +6.325440978e+01
5070 0 +4.199907283e+01 +5.872907283e+01 +5.872907283e+01
5380 0 +4.129013411e+01 +5.802013411e+01 +5.802013411e+01
5466 0 +3.689446057e+01 +5.362446057e+01 +5.362446057e+01
5574 0 +3.523021033e+01 +5.196021033e+01 +5.196021033e+01
5583 0 +2.915752422e+01 +4.588752422e+01 +4.588752422e+01
5900 0 +2.681474408e+01 +4.354474408e+01 +4.354474408e+01
6073 0 +2.484874627e+01 +4.157874627e+01 +4.157874627e+01
6077 0 +2.342781979e+01 +4.015781979e+01 +4.015781979e+01
6239 0 +2.270695409e+01 +3.943695409e+01 +3.943695409e+01
6298 0 +2.187201774e+01 +3.860201774e+01 +3.860201774e+01
6303 0 +1.971139844e+01 +3.644139844e+01 +3.644139844e+01
6409 0 +1.793647857e+01 +3.466647857e+01 +3.466647857e+01
6510 0 +1.710418769e+01 +3.383418769e+01 +3.383418769e+01
6535 0 +1.389909792e+01 +3.062909792e+01 +3.062909792e+01
7210 0 +1.307377911e+01 +2.980377911e+01 +2.980377911e+01
7294 0 +1.191021837e+01 +2.864021837e+01 +2.864021837e+01
7471 0 +1.099415650e+01 +2.772415650e+01 +2.772415650e+01
7485 0 +1.007123760e+01 +2.680123760e+01 +2.680123760e+01
7516 0 +9.148449853e+00 +2.587844985e+01 +2.587844985e+01
7566 0 +9.094666672e+00 +2.582466667e+01 +2.582466667e+01
7599 0 +8.366624158e+00 +2.509662416e+01 +2.509662416e+01
7858 0 +8.103391660e+00 +2.483339166e+01 +2.483339166e+01
8000 0 +7.525880048e+00 +2.425588005e+01 +2.425588005e+01
8135 0 +7.297397349e+00 +2.402739735e+01 +2.402739735e+01
8456 0 +7.149670362e+00 +2.387967036e+01 +2.387967036e+01
8591 0 +6.781809886e+00 +2.351180989e+01 +2.351180989e+01
8593 0 +6.708034145e+00 +2.343803415e+01 +2.343803415e+01
8670 0 +6.448038248e+00 +2.317803825e+01 +2.317803825e+01
9081 0 +5.964272892e+00 +2.269427289e+01 +2.269427289e+01
9210 0 +5.827714514e+00 +2.255771451e+01 +2.255771451e+01
9247 0 +5.628218778e+00 +2.235821878e+01 +2.235821878e+01
9249 0 +5.305213947e+00 +2.203521395e+01 +2.203521395e+01
9337 0 +5.103648708e+00 +2.183364871e+01 +2.183364871e+01
9426 0 +4.908795127e+00 +2.163879513e+01 +2.163879513e+01
9533 0 +4.848052388e+00 +2.157805239e+01 +2.157805239e+01
9676 0 +4.576373719e+00 +2.130637372e+01 +2.130637372e+01
10012 0 +4.443025563e+00 +2.117302556e+01 +2.117302556e+01
10045 0 +4.238693958e+00 +2.096869396e+01 +2.096869396e+01
10090 0 +3.917177654e+00 +2.064717765e+01 +2.064717765e+01
10235 0 +3.527913552e+00 +2.025791355e+01 +2.025791355e+01
10796 0 +3.442869733e+00 +2.017286973e+01 +2.017286973e+01
11360 0 +3.231581518e+00 +1.996158152e+01 +1.996158152e+01
11711 0 +3.160424167e+00 +1.989042417e+01 +1.989042417e+01
12267 0 +3.028774259e+00 +1.975877426e+01 +1.975877426e+01
12314 0 +2.963831388e+00 +1.969383139e+01 +1.969383139e+01
12319 0 +2.950707144e+00 +1.968070714e+01 +1.968070714e+01
12783 0 +2.878892040e+00 +1.960889204e+01 +1.960889204e+01
13076 0 +2.814639492e+00 +1.954463949e+01 +1.954463949e+01
13598 0 +2.746046612e+00 +1.947604661e+01 +1.947604661e+01
14354 0 +2.686147723e+00 +1.941614772e+01 +1.941614772e+01
15805 0 +2.626653793e+00 +1.935665379e+01 +1.935665379e+01
52381 0 +2.590547730e+00 +1.932054773e+01 +1.932054773e+01
% f evaluations | g evaluations | best noise-free fitness - Fopt (1.000000000000e+03) + sum g_i+ | measured fitness | best measured fitness or single-digit g-values | x1 | x2...
1 0 +8.368313818e+01 +1.083683138e+03 +1.083683138e+03
48 0 +8.275681570e+01 +1.082756816e+03 +1.082756816e+03
3269 0 +8.127035486e+01 +1.081270355e+03 +1.081270355e+03
3279 0 +7.809904016e+01 +1.078099040e+03 +1.078099040e+03
3403 0 +7.680771316e+01 +1.076807713e+03 +1.076807713e+03
4830 0 +7.577314538e+01 +1.075773145e+03 +1.075773145e+03
4951 0 +7.411659185e+01 +1.074116592e+03 +1.074116592e+03
5419 0 +7.117138974e+01 +1.071171390e+03 +1.071171390e+03
5464 0 +6.810212552e+01 +1.068102126e+03 +1.068102126e+03
5761 0 +6.756522823e+01 +1.067565228e+03 +1.067565228e+03
6082 0 +6.331608223e+01 +1.063316082e+03 +1.063316082e+03
6348 0 +6.280083144e+01 +1.062800831e+03 +1.062800831e+03
6424 0 +6.082988430e+01 +1.060829884e+03 +1.060829884e+03
6442 0 +5.900135994e+01 +1.059001360e+03 +1.059001360e+03
6536 0 +5.840890424e+01 +1.058408904e+03 +1.058408904e+03
6540 0 +5.718592106e+01 +1.057185921e+03 +1.057185921e+03
6570 0 +5.579617136e+01 +1.055796171e+03 +1.055796171e+03
7285 0 +5.474037633e+01 +1.054740376e+03 +1.054740376e+03
7532 0 +5.340499812e+01 +1.053404998e+03 +1.053404998e+03
7884 0 +5.230874283e+01 +1.052308743e+03 +1.052308743e+03
7972 0 +5.118310742e+01 +1.051183107e+03 +1.051183107e+03
8359 0 +4.990858723e+01 +1.049908587e+03 +1.049908587e+03
8705 0 +4.841870131e+01 +1.048418701e+03 +1.048418701e+03
8993 0 +4.722278998e+01 +1.047222790e+03 +1.047222790e+03
9825 0 +4.641880825e+01 +1.046418808e+03 +1.046418808e+03
10019 0 +4.551546405e+01 +1.045515464e+03 +1.045515464e+03
10785 0 +4.452244045e+01 +1.044522440e+03 +1.044522440e+03
12337 0 +4.359957688e+01 +1.043599577e+03 +1.043599577e+03
51391 0 +4.290722923e+01 +1.042907229e+03 +1.042907229e+03
% f evaluations | g evaluations | best noise-free fitness - Fopt (-1.079600000000e+02) + sum g_i+ | measured fitness | best measured fitness or single-digit g-values | x1 | x2...
1 0 +8.402732634e+01 -2.393267366e+01 -2.393267366e+01
608 0 +8.272856971e+01 -2.523143029e+01 -2.523143029e+01
2455 0 +8.037075544e+01 -2.758924456e+01 -2.758924456e+01
3109 0 +7.915757970e+01 -2.880242030e+01 -2.880242030e+01
3153 0 +7.460599512e+01 -3.335400488e+01 -3.335400488e+01
3239 0 +7.303314702e+01 -3.492685298e+01 -3.492685298e+01
3375 0 +7.203801569e+01 -3.592198431e+01 -3.592198431e+01
3517 0 +6.951044107e+01 -3.844955893e+01 -3.844955893e+01
3631 0 +6.772050549e+01 -4.023949451e+01 -4.023949451e+01
3852 0 +6.670544162e+01 -4.125455838e+01 -4.125455838e+01
4125 0 +6.465393923e+01 -4.330606077e+01 -4.330606077e+01
4866 0 +6.234753138e+01 -4.561246862e+01 -4.561246862e+01
4892 0 +6.112481929e+01 -4.683518071e+01 -4.683518071e+01
4930 0 +5.946007176e+01 -4.849992824e+01 -4.849992824e+01
5017 0 +5.663028044e+01 -5.132971956e+01 -5.132971956e+01
5935 0 +5.540354914e+01 -5.255645086e+01 -5.255645086e+01
5951 0 +5.361923806e+01 -5.434076194e+01 -5.434076194e+01
5970 0 +4.815311462e+01 -5.980688538e+01 -5.980688538e+01
6241 0 +4.727885552e+01 -6.068114448e+01 -6.068114448e+01
6263 0 +4.564508512e+01 -6.231491488e+01 -6.231491488e+01
6309 0 +4.433061329e+01 -6.362938671e+01 -6.362938671e+01
6318 0 +3.977553693e+01 -6.818446307e+01 -6.818446307e+01
6456 0 +3.604628946e+01 -7.191371054e+01 -7.191371054e+01
6625 0 +3.458988912e+01 -7.337011088e+01 -7.337011088e+01
6740 0 +3.144678459e+01 -7.651321541e+01 -7.651321541e+01
6761 0 +3.068391419e+01 -7.727608581e+01 -7.727608581e+01
6838 0 +2.998699630e+01 -7.797300370e+01 -7.797300370e+01
7777 0 +2.895652746e+01 -7.900347254e+01 -7.900347254e+01
7819 0 +2.769945286e+01 -8.026054714e+01 -8.026054714e+01
7896 0 +2.752215590e+01 -8.043784410e+01 -8.043784410e+01
8557 0 +2.669700154e+01 -8.126299846e+01 -8.126299846e+01
8681 0 +2.592010104e+01 -8.203989896e+01 -8.203989896e+01
8923 0 +2.556560729e+01 -8.239439271e+01 -8.239439271e+01
9011 0 +2.510433610e+01 -8.285566390e+01 -8.285566390e+01
9569 0 +2.450537176e+01 -8.345462824e+01 -8.345462824e+01
9762 0 +2.381902031e+01 -8.414097969e+01 -8.414097969e+01
10163 0 +2.336345919e+01 -8.459654081e+01 -8.459654081e+01
11063 0 +2.283698472e+01 -8.512301528e+01 -8.512301528e+01
11987 0 +2.234895125e+01 -8.561104875e+01 -8.561104875e+01
14934 0 +2.187515731e+01 -8.608484269e+01 -8.608484269e+01
51016 0 +2.177946200e+01 -8.618053800e+01 -8.618053800e+01
% f evaluations | g evaluations | best noise-free fitness - Fopt (-3.025900000000e+02) + sum g_i+ | measured fitness | best measured fitness or single-digit g-values | x1 | x2...
1 0 +8.410196611e+01 -2.184880339e+02 -2.184880339e+02
40 0 +8.374897221e+01 -2.188410278e+02 -2.188410278e+02
3210 0 +8.307636452e+01 -2.195136355e+02 -2.195136355e+02
3531 0 +7.862584370e+01 -2.239641563e+02 -2.239641563e+02
4698 0 +7.696033560e+01 -2.256296644e+02 -2.256296644e+02
5775 0 +7.563823478e+01 -2.269517652e+02 -2.269517652e+02
6758 0 +7.410714637e+01 -2.284828536e+02 -2.284828536e+02
6827 0 +7.180666645e+01 -2.307833335e+02 -2.307833335e+02
6859 0 +7.048174686e+01 -2.321082531e+02 -2.321082531e+02
6877 0 +6.918047001e+01 -2.334095300e+02 -2.334095300e+02
6932 0 +6.752559418e+01 -2.350644058e+02 -2.350644058e+02
6988 0 +6.600725082e+01 -2.365827492e+02 -2.365827492e+02
7046 0 +6.318092130e+01 -2.394090787e+02 -2.394090787e+02
7970 0 +6.294725823e+01 -2.396427418e+02 -2.396427418e+02
8311 0 +6.113724119e+01 -2.414527588e+02 -2.414527588e+02
8391 0 +5.988858336e+01 -2.427014166e+02 -2.427014166e+02
8405 0 +5.645767210e+01 -2.461323279e+02 -2.461323279e+02
8947 0 +5.584873162e+01 -2.467412684e+02 -2.467412684e+02
8962 0 +5.444711556e+01 -2.481428844e+02 -2.481428844e+02
9054 0 +5.269126827e+01 -2.498987317e+02 -2.498987317e+02
9082 0 +5.201273703e+01 -2.505772630e+02 -2.505772630e+02
9154 0 +5.085065631e+01 -2.517393437e+02 -2.517393437e+02
9410 0 +4.833964177e+01 -2.542503582e+02 -2.542503582e+02
9437 0 +4.536732822e+01 -2.572226718e+02 -2.572226718e+02
9518 0 +4.432259177e+01 -2.582674082e+02 -2.582674082e+02
9575 0 +4.335711563e+01 -2.592328844e+02 -2.592328844e+02
10046 0 +4.226923009e+01 -2.603207699e+02 -2.603207699e+02
10058 0 +4.077987070e+01 -2.618101293e+02 -2.618101293e+02
10373 0 +4.027200292e+01 -2.623179971e+02 -2.623179971e+02
10415 0 +3.974737101e+01 -2.628426290e+02 -2.628426290e+02
10931 0 +3.843343477e+01 -2.641565652e+02 -2.641565652e+02
11035 0 +3.736449256e+01 -2.652255074e+02 -2.652255074e+02
11216 0 +3.665697132e+01 -2.659330287e+02 -2.659330287e+02
11269 0 +3.512828322e+01 -2.674617168e+02 -2.674617168e+02
11329 0 +3.462816121e+01 -2.679618388e+02 -2.679618388e+02
11865 0 +3.372838169e+01 -2.688616183e+02 -2.688616183e+02
12140 0 +3.268821774e+01 -2.699017823e+02 -2.699017823e+02
12295 0 +3.231750191e+01 -2.702724981e+02 -2.702724981e+02
12970 0 +3.157975272e+01 -2.710102473e+02 -2.710102473e+02
13887 0 +3.083830133e+01 -2.717516987e+02 -2.717516987e+02
16614 0 +3.018535038e+01 -2.724046496e+02 -2.724046496e+02
53911 0 +3.008221133e+01 -2.725077887e+02 -2.725077887e+02
% f evaluations | g evaluations | best noise-free fitness - Fopt (-3.065500000000e+02) + sum g_i+ | measured fitness | best measured fitness or single-digit g-values | x1 | x2...
1 0 +8.471804842e+01 -2.218319516e+02 -2.218319516e+02
1045 0 +8.339640292e+01 -2.231535971e+02 -2.231535971e+02
1991 0 +8.205901166e+01 -2.244909883e+02 -2.244909883e+02
3266 0 +8.127603180e+01 -2.252739682e+02 -2.252739682e+02
3772 0 +7.913993495e+01 -2.274100651e+02 -2.274100651e+02
4487 0 +7.150287924e+01 -2.350471208e+02 -2.350471208e+02
4635 0 +6.951214757e+01 -2.370378524e+02 -2.370378524e+02
4652 0 +6.885164967e+01 -2.376983503e+02 -2.376983503e+02
4671 0 +6.655217738e+01 -2.399978226e+02 -2.399978226e+02
4940 0 +6.567644554e+01 -2.408735545e+02 -2.408735545e+02
4969 0 +6.417713743e+01 -2.423728626e+02 -2.423728626e+02
5008 0 +5.638709683e+01 -2.501629032e+02 -2.501629032e+02
5055 0 +5.300221001e+01 -2.535477900e+02 -2.535477900e+02
5120 0 +5.098627494e+01 -2.555637251e+02 -2.555637251e+02
5129 0 +4.438012326e+01 -2.621698767e+02 -2.621698767e+02
5700 0 +4.361033449e+01 -2.629396655e+02 -2.629396655e+02
5743 0 +4.123243711e+01 -2.653175629e+02 -2.653175629e+02
5778 0 +4.056876415e+01 -2.659812359e+02 -2.659812359e+02
5784 0 +3.636123007e+01 -2.701887699e+02 -2.701887699e+02
5789 0 +3.627782423e+01 -2.702721758e+02 -2.702721758e+02
5802 0 +3.153223236e+01 -2.750177676e+02 -2.750177676e+02
6119 0 +2.638804179e+01 -2.801619582e+02 -2.801619582e+02
6287 0 +2.401801432e+01 -2.825319857e+02 -2.825319857e+02
6379 0 +2.381066705e+01 -2.827393330e+02 -2.827393330e+02
6388 0 +2.095507191e+01 -2.855949281e+02 -2.855949281e+02
6440 0 +2.025674612e+01 -2.862932539e+02 -2.862932539e+02
6504 0 +1.370722682e+01 -2.928427732e+02 -2.928427732e+02
6891 0 +1.302674273e+01 -2.935232573e+02 -2.935232573e+02
6935 0 +1.276062016e+01 -2.937893798e+02 -2.937893798e+02
6947 0 +1.131270213e+01 -2.952372979e+02 -2.952372979e+02
7018 0 +1.030837752e+01 -2.962416225e+02 -2.962416225e+02
7090 0 +9.877571763e+00 -2.966724282e+02 -2.966724282e+02
7102 0 +8.310322262e+00 -2.982396777e+02 -2.982396777e+02
7123 0 +7.967578741e+00 -2.985824213e+02 -2.985824213e+02
7827 0 +7.378880586e+00 -2.991711194e+02 -2.991711194e+02
7831 0 +7.130111780e+00 -2.994198882e+02 -2.994198882e+02
8027 0 +6.280354340e+00 -3.002696457e+02 -3.002696457e+02
8608 0 +5.729160327e+00 -3.008208397e+02 -3.008208397e+02
8860 0 +4.115547398e+00 -3.024344526e+02 -3.024344526e+02
8955 0 +4.010988925e+00 -3.025390111e+02 -3.025390111e+02
8997 0 +3.731660326e+00 -3.028183397e+02 -3.028183397e+02
9060 0 +3.366469199e+00 -3.031835308e+02 -3.031835308e+02
9446 0 +2.881841971e+00 -3.036681580e+02 -3.036681580e+02
9468 0 +2.433735378e+00 -3.041162646e+02 -3.041162646e+02
9499 0 +2.210913641e+00 -3.043390864e+02 -3.043390864e+02
9648 0 +2.083291881e+00 -3.044667081e+02 -3.044667081e+02
9944 0 +1.972761024e+00 -3.045772390e+02 -3.045772390e+02
10051 0 +1.929200245e+00 -3.046207998e+02 -3.046207998e+02
10166 0 +1.897662651e+00 -3.046523373e+02 -3.046523373e+02
10653 0 +1.837913150e+00 -3.047120868e+02 -3.047120868e+02
10698 0 +1.744830859e+00 -3.048051691e+02 -3.048051691e+02
10714 0 +1.717544609e+00 -3.048324554e+02 -3.048324554e+02
10756 0 +1.678158177e+00 -3.048718418e+02 -3.048718418e+02
10931 0 +1.608495278e+00 -3.049415047e+02 -3.049415047e+02
10977 0 +1.482757705e+00 -3.050672423e+02 -3.050672423e+02
10990 0 +1.437123420e+00 -3.051128766e+02 -3.051128766e+02
11613 0 +1.347247785e+00 -3.052027522e+02 -3.052027522e+02
11795 0 +1.303242312e+00 -3.052467577e+02 -3.052467577e+02
11912 0 +1.209618027e+00 -3.053403820e+02 -3.053403820e+02
12120 0 +1.086238140e+00 -3.054637619e+02 -3.054637619e+02
12447 0 +1.047663654e+00 -3.055023363e+02 -3.055023363e+02
12533 0 +1.011324923e+00 -3.055386751e+02 -3.055386751e+02
12556 0 +9.786294421e-01 -3.055713706e+02 -3.055713706e+02
12708 0 +9.108866844e-01 -3.056391133e+02 -3.056391133e+02
12892 0 +8.613124235e-01 -3.056886876e+02 -3.056886876e+02
13008 0 +8.344456464e-01 -3.057155544e+02 -3.057155544e+02
13152 0 +8.292105380e-01 -3.057207895e+02 -3.057207895e+02
13683 0 +7.985548833e-01 -3.057514451e+02 -3.057514451e+02
13779 0 +7.576019014e-01 -3.057923981e+02 -3.057923981e+02
14818 0 +7.411880359e-01 -3.058088120e+02 -3.058088120e+02
15334 0 +7.212928611e-01 -3.058287071e+02 -3.058287071e+02
16651 0 +7.069574447e-01 -3.058430426e+02 -3.058430426e+02
51226 0 +6.918569112e-01 -3.058581431e+02 -3.058581431e+02
