% f evaluations | g evaluations | best noise-free fitness - Fopt (-1.000000000000e+03) + sum g_i+ | measured fitness | best measured fitness or single-digit g-values | x1 | x2...
1 0 +8.205600107e+01 -9.179439989e+02 -9.179439989e+02
2022 0 +8.204420728e+01 -9.179557927e+02 -9.179557927e+02
2239 0 +8.119096553e+01 -9.188090345e+02 -9.188090345e+02
2796 0 +7.936769422e+01 -9.206323058e+02 -9.206323058e+02
2992 0 +7.690447337e+01 -9.230955266e+02 -9.230955266e+02
3038 0 +7.464853976e+01 -9.253514602e+02 -9.253514602e+02
3350 0 +7.375803786e+01 -9.262419621e+02 -9.262419621e+02
3792 0 +7.128900448e+01 -9.287109955e+02 -9.287109955e+02
4221 0 +7.055220616e+01 -9.294477938e+02 -9.294477938e+02
4245 0 +6.885825856e+01 -9.311417414e+02 -9.311417414e+02
4333 0 +6.676933843e+01 -9.332306616e+02 -9.332306616e+02
4505 0 +6.569614733e+01 -9.343038527e+02 -9.343038527e+02
4544 0 +5.790865050e+01 -9.420913495e+02 -9.420913495e+02
5159 0 +5.577869380e+01 -9.442213062e+02 -9.442213062e+02
5532 0 +5.043752589e+01 -9.495624741e+02 -9.495624741e+02
6101 0 +4.969902373e+01 -9.503009763e+02 -9.503009763e+02
6493 0 +4.687679526e+01 -9.531232047e+02 -9.531232047e+02
6497 0 +4.618845518e+01 -9.538115448e+02 -9.538115448e+02
6534 0 +3.865995085e+01 -9.613400491e+02 -9.613400491e+02
6639 0 +3.381752215e+01 -9.661824778e+02 -9.661824778e+02
6732 0 +3.157295131e+01 -9.684270487e+02 -9.684270487e+02
7484 0 +3.061145531e+01 -9.693885447e+02 -9.693885447e+02
7491 0 +2.911880507e+01 -9.708811949e+02 -9.708811949e+02
7786 0 +2.774473035e+01 -9.722552696e+02 -9.722552696e+02
8001 0 +2.736656592e+01 -9.726334341e+02 -9.726334341e+02
8157 0 +2.624602338e+01 -9.737539766e+02 -9.737539766e+02
8287 0 +2.491119968e+01 -9.750888003e+02 -9.750888003e+02
8388 0 +2.452848039e+01 -9.754715196e+02 -9.754715196e+02
8663 0 +2.343711690e+01 -9.765628831e+02 -9.765628831e+02
8825 0 +2.276628027e+01 -9.772337197e+02 -9.772337197e+02
9378 0 +2.220978586e+01 -9.777902141e+02 -9.777902141e+02
9410 0 +2.186510517e+01 -9.781348948e+02 -9.781348948e+02
9635 0 +2.130306964e+01 -9.786969304e+02 -9.786969304e+02
9995 0 +2.080791938e+01 -9.791920806e+02 -9.791920806e+02
10620 0 +2.040754446e+01 -9.795924555e+02 -9.795924555e+02
10824 0 +1.988676359e+01 -9.801132364e+02 -9.801132364e+02
11486 0 +1.947020708e+01 -9.805297929e+02 -9.805297929e+02
11724 0 +1.898016652e+01 -9.810198335e+02 -9.810198335e+02
13853 0 +1.860824089e+01 -9.813917591e+02 -9.813917591e+02
51151 0 +1.828829245e+01 -9.817117076e+02 -9.817117076e+02
% f evaluations | g evaluations | best noise-free fitness - Fopt (1.000000000000e+03) + sum g_i+ | measured fitness | best measured fitness or single-digit g-values | x1 | x2...
1 0 +8.534604634e+01 +1.085346046e+03 +1.085346046e+03
73 0 +8.532717522e+01 +1.085327175e+03 +1.085327175e+03
222 0 +8.414615152e+01 +1.084146152e+03 +1.084146152e+03
3036 0 +8.312601249e+01 +1.083126012e+03 +1.083126012e+03
4500 0 +8.104109784e+01 +1.081041098e+03 +1.081041098e+03
4535 0 +7.866625363e+01 +1.078666254e+03 +1.078666254e+03
4802 0 +7.758793028e+01 +1.077587930e+03 +1.077587930e+03
5075 0 +7.509805487e+01 +1.075098055e+03 +1.075098055e+03
5790 0 +7.398930482e+01 +1.073989305e+03 +1.073989305e+03
5812 0 +7.207190264e+01 +1.072071903e+03 +1.072071903e+03
6237 0 +6.978172322e+01 +1.069781723e+03 +1.069781723e+03
6690 0 +6.887954095e+01 +1.068879541e+03 +1.068879541e+03
6942 0 +6.707667753e+01 +1.067076678e+03 +1.067076678e+03
7423 0 +6.501200434e+01 +1.065012004e+03 +1.065012004e+03
7889 0 +6.442544103e+01 +1.064425441e+03 +1.064425441e+03
8035 0 +6.306072566e+01 +1.063060726e+03 +1.063060726e+03
8726 0 +6.159452109e+01 +1.061594521e+03 +1.061594521e+03
8955 0 +5.985671411e+01 +1.059856714e+03 +1.059856714e+03
9009 0 +5.885430216e+01 +1.058854302e+03 +1.058854302e+03
9276 0 +5.751216220e+01 +1.057512162e+03 +1.057512162e+03
9769 0 +5.562797222e+01 +1.055627972e+03 +1.055627972e+03
10259 0 +5.384574130e+01 +1.053845741e+03 +1.053845741e+03
10795 0 +5.325628345e+01 +1.053256283e+03 +1.053256283e+03
11343 0 +5.204767039e+01 +1.052047670e+03 +1.052047670e+03
12871 0 +5.122909312e+01 +1.051229093e+03 +1.051229093e+03
52696 0 +5.016353856e+01 +1.050163539e+03 +1.050163539e+03
% f evaluations | g evaluations | best noise-free fitness - Fopt (-4.913000000000e+01) + sum g_i+ | measured fitness | best measured fitness or single-digit g-values | x1 | x2...
1 0 +8.206146169e+01 +3.293146169e+01 +3.293146169e+01
99 0 +8.115436030e+01 +3.202436030e+01 +3.202436030e+01
1957 0 +7.845745723e+01 +2.932745723e+01 +2.932745723e+01
2576 0 +7.589011501e+01 +2.676011501e+01 +2.676011501e+01
2593 0 +7.525537761e+01 +2.612537761e+01 +2.612537761e+01
3392 0 +6.907362399e+01 +1.994362399e+01 +1.994362399e+01
3676 0 +6.704468997e+01 +1.791468997e+01 +1.791468997e+01
4189 0 +6.159491534e+01 +1.246491534e+01 +1.246491534e+01
4219 0 +5.394517402e+01 +4.815174023e+00 +4.815174023e+00
4538 0 +4.661984191e+01 -2.510158089e+00 -2.510158089e+00
4547 0 +3.916332725e+01 -9.966672746e+00 -9.966672746e+00
4651 0 +3.773335512e+01 -1.139664488e+01 -1.139664488e+01
5164 0 +3.226131766e+01 -1.686868234e+01 -1.686868234e+01
5350 0 +2.561026473e+01 -2.351973527e+01 -2.351973527e+01
5410 0 +2.457062227e+01 -2.455937773e+01 -2.455937773e+01
5517 0 +1.872260306e+01 -3.040739694e+01 -3.040739694e+01
6140 0 +1.472912874e+01 -3.440087126e+01 -3.440087126e+01
6785 0 +1.440829436e+01 -3.472170564e+01 -3.472170564e+01
6883 0 +1.371034217e+01 -3.541965783e+01 -3.541965783e+01
6895 0 +1.314551763e+01 -3.598448237e+01 -3.598448237e+01
7405 0 +1.232958441e+01 -3.680041559e+01 -3.680041559e+01
7427 0 +9.458321254e+00 -3.967167875e+01 -3.967167875e+01
7462 0 +7.814820812e+00 -4.131517919e+01 -4.131517919e+01
7488 0 +7.153846423e+00 -4.197615358e+01 -4.197615358e+01
7621 0 +7.051917527e+00 -4.207808247e+01 -4.207808247e+01
7925 0 +6.862057139e+00 -4.226794286e+01 -4.226794286e+01
7958 0 +6.679080858e+00 -4.245091914e+01 -4.245091914e+01
8061 0 +3.667893699e+00 -4.546210630e+01 -4.546210630e+01
8885 0 +3.474474552e+00 -4.565552545e+01 -4.565552545e+01
8951 0 +3.092882532e+00 -4.603711747e+01 -4.603711747e+01
9154 0 +2.486669817e+00 -4.664333018e+01 -4.664333018e+01
9217 0 +2.411006085e+00 -4.671899392e+01 -4.671899392e+01
9284 0 +2.281199359e+00 -4.684880064e+01 -4.684880064e+01
9364 0 +2.107309007e+00 -4.702269099e+01 -4.702269099e+01
9634 0 +2.043359544e+00 -4.708664046e+01 -4.708664046e+01
9747 0 +1.997458301e+00 -4.713254170e+01 -4.713254170e+01
9916 0 +1.994340314e+00 -4.713565969e+01 -4.713565969e+01
10308 0 +1.892646313e+00 -4.723735369e+01 -4.723735369e+01
10575 0 +1.848011179e+00 -4.728198882e+01 -4.728198882e+01
10633 0 +1.811053977e+00 -4.731894602e+01 -4.731894602e+01
10885 0 +1.739742468e+00 -4.739025753e+01 -4.739025753e+01
10894 0 +1.715189191e+00 -4.741481081e+01 -4.741481081e+01
10921 0 +1.687270760e+00 -4.744272924e+01 -4.744272924e+01
11186 0 +1.627443197e+00 -4.750255680e+01 -4.750255680e+01
11435 0 +1.589965506e+00 -4.754003449e+01 -4.754003449e+01
11449 0 +1.451199819e+00 -4.767880018e+01 -4.767880018e+01
11487 0 +1.294104138e+00 -4.783589586e+01 -4.783589586e+01
11575 0 +1.217990708e+00 -4.791200929e+01 -4.791200929e+01
11769 0 +1.199824592e+00 -4.793017541e+01 -4.793017541e+01
11771 0 +1.138669222e+00 -4.799133078e+01 -4.799133078e+01
11808 0 +1.062326804e+00 -4.806767320e+01 -4.806767320e+01
12274 0 +1.045526752e+00 -4.808447325e+01 -4.808447325e+01
12522 0 +1.019632974e+00 -4.811036703e+01 -4.811036703e+01
12628 0 +9.305138473e-01 -4.819948615e+01 -4.819948615e+01
12730 0 +8.745875074e-01 -4.825541249e+01 -4.825541249e+01
13219 0 +8.701267958e-01 -4.825987320e+01 -4.825987320e+01
13350 0 +8.436272248e-01 -4.828637278e+01 -4.828637278e+01
13529 0 +8.242850058e-01 -4.830571499e+01 -4.830571499e+01
13785 0 +8.054661758e-01 -4.832453382e+01 -4.832453382e+01
14139 0 +7.669395806e-01 -4.836306042e+01 -4.836306042e+01
14742 0 +7.558398866e-01 -4.837416011e+01 -4.837416011e+01
15285 0 +7.408687427e-01 -4.838913126e+01 -4.838913126e+01
15430 0 +7.184038753e-01 -4.841159612e+01 -4.841159612e+01
17131 0 +7.072916771e-01 -4.842270832e+01 -4.842270832e+01
50491 0 +6.918569112e-01 -4.843814309e+01 -4.843814309e+01
% f evaluations | g evaluations | best noise-free fitness - Fopt (2.977300000000e+02) + sum g_i+ | measured fitness | best measured fitness or single-digit g-values | x1 | x2...
1 0 +8.202319017e+01 +3.797531902e+02 +3.797531902e+02
1904 0 +8.150913756e+01 +3.792391376e+02 +3.792391376e+02
2321 0 +8.059882970e+01 +3.783288297e+02 +3.783288297e+02
2363 0 +7.918692986e+01 +3.769169299e+02 +3.769169299e+02
2394 0 +7.688038506e+01 +3.746103851e+02 +3.746103851e+02
2518 0 +7.569643957e+01 +3.734264396e+02 +3.734264396e+02
2669 0 +7.343130192e+01 +3.711613019e+02 +3.711613019e+02
2687 0 +7.062137078e+01 +3.683513708e+02 +3.683513708e+02
2894 0 +6.840402020e+01 +3.661340202e+02 +3.661340202e+02
3761 0 +6.748960071e+01 +3.652196007e+02 +3.652196007e+02
3873 0 +6.496488617e+01 +3.626948862e+02 +3.626948862e+02
3925 0 +6.319456952e+01 +3.609245695e+02 +3.609245695e+02
3945 0 +6.030561361e+01 +3.580356136e+02 +3.580356136e+02
3994 0 +5.695169539e+01 +3.546816954e+02 +3.546816954e+02
4009 0 +5.308150577e+01 +3.508115058e+02 +3.508115058e+02
4178 0 +5.218257717e+01 +3.499125772e+02 +3.499125772e+02
4378 0 +4.488768025e+01 +3.426176802e+02 +3.426176802e+02
4411 0 +4.228815797e+01 +3.400181580e+02 +3.400181580e+02
4415 0 +4.031261527e+01 +3.380426153e+02 +3.380426153e+02
4434 0 +3.642021422e+01 +3.341502142e+02 +3.341502142e+02
4445 0 +3.448687065e+01 +3.322168706e+02 +3.322168706e+02
4531 0 +3.275373563e+01 +3.304837356e+02 +3.304837356e+02
4733 0 +2.853202668e+01 +3.262620267e+02 +3.262620267e+02
4867 0 +2.776842324e+01 +3.254984232e+02 +3.254984232e+02
4984 0 +2.646004618e+01 +3.241900462e+02 +3.241900462e+02
5308 0 +2.203094287e+01 +3.197609429e+02 +3.197609429e+02
5702 0 +2.035686716e+01 +3.180868672e+02 +3.180868672e+02
6298 0 +1.970118814e+01 +3.174311881e+02 +3.174311881e+02
6306 0 +1.849255466e+01 +3.162225547e+02 +3.162225547e+02
6324 0 +1.679870079e+01 +3.145287008e+02 +3.145287008e+02
6470 0 +1.610321873e+01 +3.138332187e+02 +3.138332187e+02
6474 0 +1.169044019e+01 +3.094204402e+02 +3.094204402e+02
6672 0 +1.146412100e+01 +3.091941210e+02 +3.091941210e+02
6698 0 +1.098385029e+01 +3.087138503e+02 +3.087138503e+02
6758 0 +1.093451592e+01 +3.086645159e+02 +3.086645159e+02
6791 0 +1.008115314e+01 +3.078111531e+02 +3.078111531e+02
6797 0 +9.350778896e+00 +3.070807789e+02 +3.070807789e+02
6816 0 +8.802810359e+00 +3.065328104e+02 +3.065328104e+02
6959 0 +8.335521056e+00 +3.060655211e+02 +3.060655211e+02
7027 0 +7.191026889e+00 +3.049210269e+02 +3.049210269e+02
7211 0 +5.191772038e+00 +3.029217720e+02 +3.029217720e+02
7232 0 +4.268777793e+00 +3.019987778e+02 +3.019987778e+02
7670 0 +4.160753097e+00 +3.018907531e+02 +3.018907531e+02
8170 0 +3.711460631e+00 +3.014414606e+02 +3.014414606e+02
8176 0 +3.000529360e+00 +3.007305294e+02 +3.007305294e+02
8215 0 +2.901976133e+00 +3.006319761e+02 +3.006319761e+02
8368 0 +2.833341166e+00 +3.005633412e+02 +3.005633412e+02
8376 0 +2.417009839e+00 +3.001470098e+02 +3.001470098e+02
8419 0 +2.352038090e+00 +3.000820381e+02 +3.000820381e+02
8568 0 +2.191779835e+00 +2.999217798e+02 +2.999217798e+02
8676 0 +2.097391875e+00 +2.998273919e+02 +2.998273919e+02
8795 0 +2.045188652e+00 +2.997751887e+02 +2.997751887e+02
8856 0 +2.036687790e+00 +2.997666878e+02 +2.997666878e+02
9324 0 +1.987952610e+00 +2.997179526e+02 +2.997179526e+02
9771 0 +1.932611676e+00 +2.996626117e+02 +2.996626117e+02
9794 0 +1.790578900e+00 +2.995205789e+02 +2.995205789e+02
9888 0 +1.410013759e+00 +2.991400138e+02 +2.991400138e+02
10882 0 +1.315870583e+00 +2.990458706e+02 +2.990458706e+02
11532 0 +1.170338510e+00 +2.989003385e+02 +2.989003385e+02
11827 0 +1.081002223e+00 +2.988110022e+02 +2.988110022e+02
11955 0 +1.035035568e+00 +2.987650356e+02 +2.987650356e+02
11995 0 +9.736756925e-01 +2.987036757e+02 +2.987036757e+02
12166 0 +8.959586509e-01 +2.986259587e+02 +2.986259587e+02
12769 0 +8.910815485e-01 +2.986210815e+02 +2.986210815e+02
12803 0 +8.642830064e-01 +2.985942830e+02 +2.985942830e+02
12907 0 +8.340054457e-01 +2.985640054e+02 +2.985640054e+02
12921 0 +8.304480520e-01 +2.985604481e+02 +2.985604481e+02
13502 0 +8.044530017e-01 +2.985344530e+02 +2.985344530e+02
13504 0 +7.934641623e-01 +2.985234642e+02 +2.985234642e+02
13646 0 +7.731334093e-01 +2.985031334e+02 +2.985031334e+02
14484 0 +7.581563259e-01 +2.984881563e+02 +2.984881563e+02
14759 0 +7.403305630e-01 +2.984703306e+02 +2.984703306e+02
15252 0 +7.241963720e-01 +2.984541964e+02 +2.984541964e+02
16485 0 +7.077810179e-01 +2.984377810e+02 +2.984377810e+02
50581 0 +6.918569112e-01 +2.984218569e+02 +2.984218569e+02
% f evaluations | g evaluations | best noise-free fitness - Fopt (5.157000000000e+01) + sum g_i+ | measured fitness | best measured fitness or single-digit g-values | x1 | x2...
1 0 +8.378166644e+01 +1.353516664e+02 +1.353516664e+02
688 0 +8.372214232e+01 +1.352921423e+02 +1.352921423e+02
1111 0 +8.313849157e+01 +1.347084916e+02 +1.347084916e+02
1482 0 +8.034822775e+01 +1.319182278e+02 +1.319182278e+02
1609 0 +7.810305165e+01 +1.296730517e+02 +1.296730517e+02
1639 0 +7.730744937e+01 +1.288774494e+02 +1.288774494e+02
2316 0 +7.578572098e+01 +1.273557210e+02 +1.273557210e+02
2391 0 +7.217841705e+01 +1.237484171e+02 +1.237484171e+02
3283 0 +7.049057620e+01 +1.220605762e+02 +1.220605762e+02
3335 0 +6.817613566e+01 +1.197461357e+02 +1.197461357e+02
3355 0 +6.590540417e+01 +1.174754042e+02 +1.174754042e+02
3710 0 +6.383028833e+01 +1.154002883e+02 +1.154002883e+02
3949 0 +6.037147752e+01 +1.119414775e+02 +1.119414775e+02
3989 0 +6.008811805e+01 +1.116581181e+02 +1.116581181e+02
3992 0 +5.325970185e+01 +1.048297019e+02 +1.048297019e+02
4088 0 +5.159974247e+01 +1.031697425e+02 +1.031697425e+02
4092 0 +4.895411675e+01 +1.005241167e+02 +1.005241167e+02
4174 0 +4.733609985e+01 +9.890609985e+01 +9.890609985e+01
4231 0 +4.520836049e+01 +9.677836049e+01 +9.677836049e+01
4236 0 +4.465757930e+01 +9.622757930e+01 +9.622757930e+01
4289 0 +4.175933381e+01 +9.332933381e+01 +9.332933381e+01
4341 0 +4.126368337e+01 +9.283368337e+01 +9.283368337e+01
4463 0 +3.916646540e+01 +9.073646540e+01 +9.073646540e+01
4512 0 +3.762950089e+01 +8.919950089e+01 +8.919950089e+01
5232 0 +3.491836388e+01 +8.648836388e+01 +8.648836388e+01
5257 0 +3.410564553e+01 +8.567564553e+01 +8.567564553e+01
5262 0 +3.269606344e+01 +8.426606344e+01 +8.426606344e+01
5282 0 +2.900352577e+01 +8.057352577e+01 +8.057352577e+01
5290 0 +2.841789646e+01 +7.998789646e+01 +7.998789646e+01
5300 0 +2.757220108e+01 +7.914220108e+01 +7.914220108e+01
5307 0 +2.456082381e+01 +7.613082381e+01 +7.613082381e+01
5309 0 +2.155207999e+01 +7.312207999e+01 +7.312207999e+01
5333 0 +1.960491095e+01 +7.117491095e+01 +7.117491095e+01
5757 0 +1.831291424e+01 +6.988291424e+01 +6.988291424e+01
5981 0 +1.759915444e+01 +6.916915444e+01 +6.916915444e+01
6038 0 +1.728971809e+01 +6.885971809e+01 +6.885971809e+01
6595 0 +1.594215784e+01 +6.751215784e+01 +6.751215784e+01
6892 0 +1.507433373e+01 +6.664433373e+01 +6.664433373e+01
7018 0 +1.403546381e+01 +6.560546381e+01 +6.560546381e+01
7207 0 +1.316419975e+01 +6.473419975e+01 +6.473419975e+01
7220 0 +1.169200746e+01 +6.326200746e+01 +6.326200746e+01
7403 0 +1.090777934e+01 +6.247777934e+01 +6.247777934e+01
7420 0 +1.051270435e+01 +6.208270435e+01 +6.208270435e+01
7756 0 +1.024842244e+01 +6.181842244e+01 +6.181842244e+01
7771 0 +9.927875735e+00 +6.149787574e+01 +6.149787574e+01
7806 0 +9.365911838e+00 +6.093591184e+01 +6.093591184e+01
8734 0 +9.268859318e+00 +6.083885932e+01 +6.083885932e+01
8825 0 +9.086316073e+00 +6.065631607e+01 +6.065631607e+01
8864 0 +8.719565983e+00 +6.028956598e+01 +6.028956598e+01
9034 0 +8.445424505e+00 +6.001542451e+01 +6.001542451e+01
9590 0 +8.310817554e+00 +5.988081755e+01 +5.988081755e+01
9615 0 +7.984582752e+00 +5.955458275e+01 +5.955458275e+01
10145 0 +7.920799134e+00 +5.949079913e+01 +5.949079913e+01
10923 0 +7.754927343e+00 +5.932492734e+01 +5.932492734e+01
11445 0 +7.576346984e+00 +5.914634698e+01 +5.914634698e+01
12853 0 +7.405049289e+00 +5.897504929e+01 +5.897504929e+01
47026 0 +7.271629194e+00 +5.884162919e+01 +5.884162919e+01
% f evaluations | g evaluations | best noise-free fitness - Fopt (1.527100000000e+02) + sum g_i+ | measured fitness | best measured fitness or single-digit g-values | x1 | x2...
1 0 +8.224979533e+01 +2.349597953e+02 +2.349597953e+02
86 0 +8.143697818e+01 +2.341469782e+02 +2.341469782e+02
492 0 +8.077804559e+01 +2.334880456e+02 +2.334880456e+02
656 0 +7.864409457e+01 +2.313540946e+02 +2.313540946e+02
1567 0 +7.756436831e+01 +2.302743683e+02 +2.302743683e+02
2067 0 +7.419139409e+01 +2.269013941e+02 +2.269013941e+02
2374 0 +7.180239813e+01 +2.245123981e+02 +2.245123981e+02
2573 0 +7.054005842e+01 +2.232500584e+02 +2.232500584e+02
2869 0 +6.483557183e+01 +2.175455718e+02 +2.175455718e+02
3068 0 +6.394286672e+01 +2.166528667e+02 +2.166528667e+02
3101 0 +6.031702896e+01 +2.130270290e+02 +2.130270290e+02
3110 0 +5.330949422e+01 +2.060194942e+02 +2.060194942e+02
3352 0 +5.214618301e+01 +2.048561830e+02 +2.048561830e+02
3363 0 +4.786003796e+01 +2.005700380e+02 +2.005700380e+02
3407 0 +3.556116720e+01 +1.882711672e+02 +1.882711672e+02
3438 0 +2.987270210e+01 +1.825827021e+02 +1.825827021e+02
4085 0 +2.812295572e+01 +1.808329557e+02 +1.808329557e+02
4096 0 +2.709952876e+01 +1.798095288e+02 +1.798095288e+02
4211 0 +2.259227575e+01 +1.753022758e+02 +1.753022758e+02
4316 0 +1.983052699e+01 +1.725405270e+02 +1.725405270e+02
4907 0 +1.677226603e+01 +1.694822660e+02 +1.694822660e+02
5157 0 +1.592872271e+01 +1.686387227e+02 +1.686387227e+02
5214 0 +1.444811261e+01 +1.671581126e+02 +1.671581126e+02
5227 0 +1.278765782e+01 +1.654976578e+02 +1.654976578e+02
5377 0 +1.081086247e+01 +1.635208625e+02 +1.635208625e+02
5445 0 +9.650335594e+00 +1.623603356e+02 +1.623603356e+02
5557 0 +9.255320289e+00 +1.619653203e+02 +1.619653203e+02
5649 0 +8.594527772e+00 +1.613045278e+02 +1.613045278e+02
5720 0 +7.878188828e+00 +1.605881888e+02 +1.605881888e+02
6933 0 +7.450669666e+00 +1.601606697e+02 +1.601606697e+02
7027 0 +6.466602450e+00 +1.591766024e+02 +1.591766024e+02
7266 0 +6.454538337e+00 +1.591645383e+02 +1.591645383e+02
7283 0 +6.255809241e+00 +1.589658092e+02 +1.589658092e+02
7426 0 +5.384364266e+00 +1.580943643e+02 +1.580943643e+02
7535 0 +5.184778608e+00 +1.578947786e+02 +1.578947786e+02
7550 0 +4.389486060e+00 +1.570994861e+02 +1.570994861e+02
7742 0 +3.688426632e+00 +1.563984266e+02 +1.563984266e+02
7863 0 +3.180180463e+00 +1.558901805e+02 +1.558901805e+02
8094 0 +2.092580699e+00 +1.548025807e+02 +1.548025807e+02
8541 0 +2.077600093e+00 +1.547876001e+02 +1.547876001e+02
8550 0 +2.029198514e+00 +1.547391985e+02 +1.547391985e+02
8558 0 +1.981892526e+00 +1.546918925e+02 +1.546918925e+02
8801 0 +1.925600004e+00 +1.546356000e+02 +1.546356000e+02
8880 0 +1.879278552e+00 +1.545892786e+02 +1.545892786e+02
9140 0 +1.808846673e+00 +1.545188467e+02 +1.545188467e+02
9558 0 +1.727724392e+00 +1.544377244e+02 +1.544377244e+02
9630 0 +1.684721164e+00 +1.543947212e+02 +1.543947212e+02
9744 0 +1.640515256e+00 +1.543505153e+02 +1.543505153e+02
9894 0 +1.586059401e+00 +1.542960594e+02 +1.542960594e+02
10020 0 +1.515668222e+00 +1.542256682e+02 +1.542256682e+02
10036 0 +1.437907120e+00 +1.541479071e+02 +1.541479071e+02
10204 0 +1.295393315e+00 +1.540053933e+02 +1.540053933e+02
10759 0 +1.250621316e+00 +1.539606213e+02 +1.539606213e+02
10975 0 +1.229578276e+00 +1.539395783e+02 +1.539395783e+02
11162 0 +1.180821549e+00 +1.538908215e+02 +1.538908215e+02
11176 0 +1.134481264e+00 +1.538444813e+02 +1.538444813e+02
11202 0 +9.969341368e-01 +1.537069341e+02 +1.537069341e+02
11495 0 +8.836786631e-01 +1.535936787e+02 +1.535936787e+02
11856 0 +8.626250647e-01 +1.535726251e+02 +1.535726251e+02
12060 0 +8.336313464e-01 +1.535436313e+02 +1.535436313e+02
12231 0 +8.258517875e-01 +1.535358518e+02 +1.535358518e+02
12329 0 +7.972328201e-01 +1.535072328e+02 +1.535072328e+02
12670 0 +7.774672821e-01 +1.534874673e+02 +1.534874673e+02
13162 0 +7.745737937e-01 +1.534845738e+02 +1.534845738e+02
13288 0 +7.539328464e-01 +1.534639328e+02 +1.534639328e+02
13664 0 +7.406726570e-01 +1.534506727e+02 +1.534506727e+02
14492 0 +7.218887910e-01 +1.534318888e+02 +1.534318888e+02
15757 0 +7.074570523e-01 +1.534174571e+02 +1.534174571e+02
50821 0 +6.918569112e-01 +1.534018569e+02 +1.534018569e+02
% f evaluations | g evaluations | best noise-free fitness - Fopt (9.980000000000e+01) + sum g_i+ | measured fitness | best measured fitness or single-digit g-values | x1 | x2...
1 0 +7.973996594e+01 +1.795399659e+02 +1.795399659e+02
753 0 +7.801347813e+01 +1.778134781e+02 +1.778134781e+02
1609 0 +7.733189808e+01 +1.771318981e+02 +1.771318981e+02
2962 0 +7.555617655e+01 +1.753561766e+02 +1.753561766e+02
3096 0 +7.248646107e+01 +1.722864611e+02 +1.722864611e+02
3105 0 +7.232353697e+01 +1.721235370e+02 +1.721235370e+02
3112 0 +6.939382284e+01 +1.691938228e+02 +1.691938228e+02
3283 0 +6.705335157e+01 +1.668533516e+02 +1.668533516e+02
3715 0 +6.227845919e+01 +1.620784592e+02 +1.620784592e+02
3746 0 +5.879644391e+01 +1.585964439e+02 +1.585964439e+02
3848 0 +5.380715684e+01 +1.536071568e+02 +1.536071568e+02
3867 0 +3.484048724e+01 +1.346404872e+02 +1.346404872e+02
5959 0 +2.917710971e+01 +1.289771097e+02 +1.289771097e+02
5987 0 +2.389797294e+01 +1.236979729e+02 +1.236979729e+02
6058 0 +2.331286816e+01 +1.231128682e+02 +1.231128682e+02
6161 0 +2.181390157e+01 +1.216139016e+02 +1.216139016e+02
6517 0 +2.118006474e+01 +1.209800647e+02 +1.209800647e+02
6879 0 +2.006285444e+01 +1.198628544e+02 +1.198628544e+02
7033 0 +1.928735812e+01 +1.190873581e+02 +1.190873581e+02
7089 0 +1.625513814e+01 +1.160551381e+02 +1.160551381e+02
7556 0 +1.601855381e+01 +1.158185538e+02 +1.158185538e+02
7571 0 +1.516540978e+01 +1.149654098e+02 +1.149654098e+02
7665 0 +1.407050392e+01 +1.138705039e+02 +1.138705039e+02
8110 0 +1.363314204e+01 +1.134331420e+02 +1.134331420e+02
8252 0 +1.273809495e+01 +1.125380949e+02 +1.125380949e+02
8325 0 +1.235573034e+01 +1.121557303e+02 +1.121557303e+02
8348 0 +1.220155089e+01 +1.120015509e+02 +1.120015509e+02
8625 0 +1.148565131e+01 +1.112856513e+02 +1.112856513e+02
8687 0 +1.143541299e+01 +1.112354130e+02 +1.112354130e+02
8712 0 +1.066500366e+01 +1.104650037e+02 +1.104650037e+02
9389 0 +1.018062461e+01 +1.099806246e+02 +1.099806246e+02
9936 0 +9.973157064e+00 +1.097731571e+02 +1.097731571e+02
10332 0 +9.763874681e+00 +1.095638747e+02 +1.095638747e+02
10551 0 +9.536048231e+00 +1.093360482e+02 +1.093360482e+02
10959 0 +9.283752480e+00 +1.090837525e+02 +1.090837525e+02
11905 0 +9.044480058e+00 +1.088444801e+02 +1.088444801e+02
12839 0 +8.871164552e+00 +1.086711646e+02 +1.086711646e+02
48196 0 +8.742750532e+00 +1.085427505e+02 +1.085427505e+02
% f evaluations | g evaluations | best noise-free fitness - Fopt (-1.194100000000e+02) + sum g_i+ | measured fitness | best measured fitness or single-digit g-values | x1 | x2...
1 0 +8.298042054e+01 -3.642957946e+01 -3.642957946e+01
371 0 +8.277441648e+01 -3.663558352e+01 -3.663558352e+01
933 0 +7.774789146e+01 -4.166210854e+01 -4.166210854e+01
2271 0 +7.665056638e+01 -4.275943362e+01 -4.275943362e+01
2274 0 +7.438352167e+01 -4.502647833e+01 -4.502647833e+01
3125 0 +7.107139377e+01 -4.833860623e+01 -4.833860623e+01
3211 0 +6.837033499e+01 -5.103966501e+01 -5.103966501e+01
3419 0 +6.587478211e+01 -5.353521789e+01 -5.353521789e+01
3778 0 +5.709070417e+01 -6.231929583e+01 -6.231929583e+01
3832 0 +5.470542905e+01 -6.470457095e+01 -6.470457095e+01
4330 0 +5.181827610e+01 -6.759172390e+01 -6.759172390e+01
4338 0 +4.941994592e+01 -6.999005408e+01 -6.999005408e+01
4370 0 +4.419825700e+01 -7.521174300e+01 -7.521174300e+01
4384 0 +3.938709983e+01 -8.002290017e+01 -8.002290017e+01
4455 0 +3.465418099e+01 -8.475581901e+01 -8.475581901e+01
4663 0 +2.580858227e+01 -9.360141773e+01 -9.360141773e+01
4818 0 +2.332584701e+01 -9.608415299e+01 -9.608415299e+01
4857 0 +2.222457096e+01 -9.718542904e+01 -9.718542904e+01
5232 0 +2.008962617e+01 -9.932037383e+01 -9.932037383e+01
5666 0 +1.987313909e+01 -9.953686091e+01 -9.953686091e+01
6077 0 +1.900469390e+01 -1.004053061e+02 -1.004053061e+02
6105 0 +1.857801347e+01 -1.008319865e+02 -1.008319865e+02
6108 0 +1.569898852e+01 -1.037110115e+02 -1.037110115e+02
6280 0 +1.413556155e+01 -1.052744384e+02 -1.052744384e+02
6288 0 +1.406736552e+01 -1.053426345e+02 -1.053426345e+02
6376 0 +1.356099568e+01 -1.058490043e+02 -1.058490043e+02
6409 0 +1.174581348e+01 -1.076641865e+02 -1.076641865e+02
6451 0 +1.146122238e+01 -1.079487776e+02 -1.079487776e+02
6465 0 +1.060247568e+01 -1.088075243e+02 -1.088075243e+02
6513 0 +9.525231241e+00 -1.098847688e+02 -1.098847688e+02
6580 0 +9.070835396e+00 -1.103391646e+02 -1.103391646e+02
6789 0 +7.537696685e+00 -1.118723033e+02 -1.118723033e+02
7455 0 +7.395562760e+00 -1.120144372e+02 -1.120144372e+02
7460 0 +7.143139139e+00 -1.122668609e+02 -1.122668609e+02
7465 0 +6.848700630e+00 -1.125612994e+02 -1.125612994e+02
7466 0 +6.757659923e+00 -1.126523401e+02 -1.126523401e+02
7506 0 +5.835634784e+00 -1.135743652e+02 -1.135743652e+02
7990 0 +4.680483555e+00 -1.147295164e+02 -1.147295164e+02
8097 0 +4.327978207e+00 -1.150820218e+02 -1.150820218e+02
8126 0 +3.132667971e+00 -1.162773320e+02 -1.162773320e+02
8349 0 +2.413897111e+00 -1.169961029e+02 -1.169961029e+02
8446 0 +2.210865104e+00 -1.171991349e+02 -1.171991349e+02
8870 0 +2.101477495e+00 -1.173085225e+02 -1.173085225e+02
9194 0 +2.083161256e+00 -1.173268387e+02 -1.173268387e+02
9202 0 +2.018658759e+00 -1.173913412e+02 -1.173913412e+02
9389 0 +1.969615171e+00 -1.174403848e+02 -1.174403848e+02
9668 0 +1.932282043e+00 -1.174777180e+02 -1.174777180e+02
9896 0 +1.871766637e+00 -1.175382334e+02 -1.175382334e+02
9973 0 +1.772239745e+00 -1.176377603e+02 -1.176377603e+02
10101 0 +1.540525349e+00 -1.178694747e+02 -1.178694747e+02
10363 0 +1.508304912e+00 -1.179016951e+02 -1.179016951e+02
10481 0 +1.273194138e+00 -1.181368059e+02 -1.181368059e+02
11147 0 +1.230327898e+00 -1.181796721e+02 -1.181796721e+02
11261 0 +1.197907289e+00 -1.182120927e+02 -1.182120927e+02
11355 0 +1.068710017e+00 -1.183412900e+02 -1.183412900e+02
12248 0 +1.013551111e+00 -1.183964489e+02 -1.183964489e+02
12464 0 +9.569987265e-01 -1.184530013e+02 -1.184530013e+02
12524 0 +8.898081270e-01 -1.185201919e+02 -1.185201919e+02
12713 0 +8.686194971e-01 -1.185413805e+02 -1.185413805e+02
13410 0 +8.401252069e-01 -1.185698748e+02 -1.185698748e+02
13633 0 +8.273589121e-01 -1.185826411e+02 -1.185826411e+02
13787 0 +8.097683797e-01 -1.186002316e+02 -1.186002316e+02
13966 0 +7.819838735e-01 -1.186280161e+02 -1.186280161e+02
14626 0 +7.656885207e-01 -1.186443115e+02 -1.186443115e+02
15228 0 +7.506728883e-01 -1.186593271e+02 -1.186593271e+02
15553 0 +7.303714673e-01 -1.186796285e+02 -1.186796285e+02
15950 0 +7.240807368e-01 -1.186859193e+02 -1.186859193e+02
17247 0 +7.078903229e-01 -1.187021097e+02 -1.187021097e+02
51976 0 +6.918569112e-01 -1.187181431e+02 -1.187181431e+02
% f evaluations | g evaluations | best noise-free fitness - Fopt (1.077000000000e+01) + sum g_i+ | measured fitness | best measured fitness or single-digit g-values | x1 | x2...
1 0 +8.333343445e+01 +9.410343445e+01 +9.410343445e+01
78 0 +8.179536816e+01 +9.256536816e+01 +9.256536816e+01
94 0 +8.003293991e+01 +9.080293991e+01 +9.080293991e+01
5795 0 +7.783341720e+01 +8.860341720e+01 +8.860341720e+01
6172 0 +7.754926319e+01 +8.831926319e+01 +8.831926319e+01
6579 0 +7.547266310e+01 +8.624266310e+01 +8.624266310e+01
6631 0 +7.409568639e+01 +8.486568639e+01 +8.486568639e+01
6741 0 +7.155476371e+01 +8.232476371e+01 +8.232476371e+01
6850 0 +6.980900441e+01 +8.057900441e+01 +8.057900441e+01
6866 0 +6.841705517e+01 +7.918705517e+01 +7.918705517e+01
6942 0 +6.687110191e+01 +7.764110191e+01 +7.764110191e+01
7146 0 +6.512836310e+01 +7.589836310e+01 +7.589836310e+01
7197 0 +6.439098114e+01 +7.516098114e+01 +7.516098114e+01
7325 0 +6.166217461e+01 +7.243217461e+01 +7.243217461e+01
7486 0 +6.149727833e+01 +7.226727833e+01 +7.226727833e+01
7532 0 +5.974380593e+01 +7.051380593e+01 +7.051380593e+01
7891 0 +5.577608498e+01 +6.654608498e+01 +6.654608498e+01
7953 0 +5.348864413e+01 +6.425864413e+01 +6.425864413e+01
7995 0 +5.190584253e+01 +6.267584253e+01 +6.267584253e+01
8538 0 +5.091946512e+01 +6.168946512e+01 +6.168946512e+01
8569 0 +4.945517673e+01 +6.022517673e+01 +6.022517673e+01
8590 0 +4.042905821e+01 +5.119905821e+01 +5.119905821e+01
8930 0 +3.824549726e+01 +4.901549726e+01 +4.901549726e+01
8963 0 +3.518196271e+01 +4.595196271e+01 +4.595196271e+01
9670 0 +3.461813985e+01 +4.538813985e+01 +4.538813985e+01
9773 0 +3.350412418e+01 +4.427412418e+01 +4.427412418e+01
9797 0 +3.263856421e+01 +4.340856421e+01 +4.340856421e+01
9801 0 +3.184006917e+01 +4.261006917e+01 +4.261006917e+01
9816 0 +3.078459400e+01 +4.155459400e+01 +4.155459400e+01
9859 0 +2.906449707e+01 +3.983449707e+01 +3.983449707e+01
10401 0 +2.849005442e+01 +3.926005442e+01 +3.926005442e+01
10753 0 +2.794605048e+01 +3.871605048e+01 +3.871605048e+01
10830 0 +2.720814432e+01 +3.797814432e+01 +3.797814432e+01
11046 0 +2.662855854e+01 +3.739855854e+01 +3.739855854e+01
11497 0 +2.617104625e+01 +3.694104625e+01 +3.694104625e+01
11838 0 +2.562707138e+01 +3.639707138e+01 +3.639707138e+01
12068 0 +2.505548339e+01 +3.582548339e+01 +3.582548339e+01
12528 0 +2.436325647e+01 +3.513325647e+01 +3.513325647e+01
12737 0 +2.395325206e+01 +3.472325206e+01 +3.472325206e+01
13636 0 +2.320509630e+01 +3.397509630e+01 +3.397509630e+01
13950 0 +2.283725939e+01 +3.360725939e+01 +3.360725939e+01
14728 0 +2.231284890e+01 +3.308284890e+01 +3.308284890e+01
18337 0 +2.183089651e+01 +3.260089651e+01 +3.260089651e+01
64447 0 +2.177946200e+01 +3.254946200e+01 +3.254946200e+01
% f evaluations | g evaluations | best noise-free fitness - Fopt (2.137000000000e+01) + sum g_i+ | measured fitness | best measured fitness or single-digit g-values | x1 | x2...
1 0 +8.328308459e+01 +1.046530846e+02 +1.046530846e+02
39 0 +8.321889053e+01 +1.045888905e+02 +1.045888905e+02
79 0 +8.285998171e+01 +1.042299817e+02 +1.042299817e+02
4010 0 +8.024175783e+01 +1.016117578e+02 +1.016117578e+02
4361 0 +7.867534387e+01 +1.000453439e+02 +1.000453439e+02
4554 0 +7.725615562e+01 +9.862615562e+01 +9.862615562e+01
4558 0 +7.535628098e+01 +9.672628098e+01 +9.672628098e+01
4749 0 +7.396202669e+01 +9.533202669e+01 +9.533202669e+01
4931 0 +7.035645467e+01 +9.172645467e+01 +9.172645467e+01
5044 0 +6.916965146e+01 +9.053965146e+01 +9.053965146e+01
5286 0 +6.293519035e+01 +8.430519035e+01 +8.430519035e+01
6854 0 +5.317466213e+01 +7.454466213e+01 +7.454466213e+01
6907 0 +4.588626930e+01 +6.725626930e+01 +6.725626930e+01
7074 0 +4.071417121e+01 +6.208417121e+01 +6.208417121e+01
7297 0 +3.861541408e+01 +5.998541408e+01 +5.998541408e+01
7354 0 +3.462732553e+01 +5.599732553e+01 +5.599732553e+01
7386 0 +2.815703461e+01 +4.952703461e+01 +4.952703461e+01
7409 0 +2.453727023e+01 +4.590727023e+01 +4.590727023e+01
7795 0 +2.373694176e+01 +4.510694176e+01 +4.510694176e+01
7926 0 +2.306781668e+01 +4.443781668e+01 +4.443781668e+01
7952 0 +2.027471784e+01 +4.164471784e+01 +4.164471784e+01
8082 0 +1.853647158e+01 +3.990647158e+01 +3.990647158e+01
8313 0 +1.556703678e+01 +3.693703678e+01 +3.693703678e+01
8522 0 +1.307750559e+01 +3.444750559e+01 +3.444750559e+01
8780 0 +1.242072207e+01 +3.379072207e+01 +3.379072207e+01
8860 0 +1.181871163e+01 +3.318871163e+01 +3.318871163e+01
8871 0 +1.058225090e+01 +3.195225090e+01 +3.195225090e+01
9214 0 +1.038787861e+01 +3.175787861e+01 +3.175787861e+01
9447 0 +9.962095496e+00 +3.133209550e+01 +3.133209550e+01
9487 0 +8.689187443e+00 +3.005918744e+01 +3.005918744e+01
9508 0 +8.184449695e+00 +2.955444969e+01 +2.955444969e+01
10535 0 +7.861901267e+00 +2.923190127e+01 +2.923190127e+01
10722 0 +7.761724439e+00 +2.913172444e+01 +2.913172444e+01
10760 0 +7.498268946e+00 +2.886826895e+01 +2.886826895e+01
10817 0 +7.384622408e+00 +2.875462241e+01 +2.875462241e+01
11004 0 +7.200175821e+00 +2.857017582e+01 +2.857017582e+01
11097 0 +6.880568985e+00 +2.825056898e+01 +2.825056898e+01
11534 0 +6.748312605e+00 +2.811831261e+01 +2.811831261e+01
11684 0 +6.521571598e+00 +2.789157160e+01 +2.789157160e+01
11810 0 +6.423916693e+00 +2.779391669e+01 +2.779391669e+01
12083 0 +6.046867960e+00 +2.741686796e+01 +2.741686796e+01
12168 0 +5.999947749e+00 +2.736994775e+01 +2.736994775e+01
13211 0 +5.787467501e+00 +2.715746750e+01 +2.715746750e+01
13255 0 +5.727853470e+00 +2.709785347e+01 +2.709785347e+01
13373 0 +5.514204833e+00 +2.688420483e+01 +2.688420483e+01
13434 0 +5.461246311e+00 +2.683124631e+01 +2.683124631e+01
14232 0 +5.353542473e+00 +2.672354247e+01 +2.672354247e+01
15141 0 +5.186937887e+00 +2.655693789e+01 +2.655693789e+01
16682 0 +5.118680041e+00 +2.648868004e+01 +2.648868004e+01
50986 0 +5.062737456e+00 +2.643273746e+01 +2.643273746e+01
% f evaluations | g evaluations | best noise-free fitness - Fopt (1.673000000000e+01) + sum g_i+ | measured fitness | best measured fitness or single-digit g-values | x1 | x2...
1 0 +8.290555338e+01 +9.963555338e+01 +9.963555338e+01
2496 0 +8.220784170e+01 +9.893784170e+01 +9.893784170e+01
3721 0 +8.107841641e+01 +9.780841641e+01 +9.780841641e+01
3759 0 +7.904951093e+01 +9.577951093e+01 +9.577951093e+01
3822 0 +7.628153859e+01 +9.301153859e+01 +9.301153859e+01
4007 0 +7.575059396e+01 +9.248059396e+01 +9.248059396e+01
4009 0 +7.231885524e+01 +8.904885524e+01 +8.904885524e+01
4072 0 +7.032231969e+01 +8.705231969e+01 +8.705231969e+01
4342 0 +6.798230217e+01 +8.471230217e+01 +8.471230217e+01
4366 0 +6.282404386e+01 +7.955404386e+01 +7.955404386e+01
4377 0 +6.151680430e+01 +7.824680430e+01 +7.824680430e+01
5148 0 +5.586324310e+01 +7.259324310e+01 +7.259324310e+01
5579 0 +5.059969686e+01 +6.732969686e+01 +6.732969686e+01
5604 0 +4.777369099e+01 +6.450369099e+01 +6.450369099e+01
5640 0 +4.502682876e+01 +6.175682876e+01 +6.175682876e+01
5746 0 +4.399058649e+01 +6.072058649e+01 +6.072058649e+01
5756 0 +4.363133831e+01 +6.036133831e+01 +6.036133831e+01
5758 0 +3.670325159e+01 +5.343325159e+01 +5.343325159e+01
5830 0 +3.599169466e+01 +5.272169466e+01 +5.272169466e+01
5840 0 +3.360620244e+01 +5.033620244e+01 +5.033620244e+01
6030 0 +2.929211232e+01 +4.602211232e+01 +4.602211232e+01
6110 0 +2.853497681e+01 +4.526497681e+01 +4.526497681e+01
6125 0 +2.678921280e+01 +4.351921280e+01 +4.351921280e+01
6157 0 +2.564425786e+01 +4.237425786e+01 +4.237425786e+01
6423 0 +2.472954182e+01 +4.145954182e+01 +4.145954182e+01
6478 0 +2.363958045e+01 +4.036958045e+01 +4.036958045e+01
6595 0 +2.291949534e+01 +3.964949534e+01 +3.964949534e+01
6815 0 +2.101278514e+01 +3.774278514e+01 +3.774278514e+01
6992 0 +2.042876305e+01 +3.715876305e+01 +3.715876305e+01
7399 0 +1.745957850e+01 +3.418957850e+01 +3.418957850e+01
7586 0 +1.715354757e+01 +3.388354757e+01 +3.388354757e+01
7856 0 +1.657155884e+01 +3.330155884e+01 +3.330155884e+01
7878 0 +1.361760703e+01 +3.034760703e+01 +3.034760703e+01
7882 0 +1.310014744e+01 +2.983014744e+01 +2.983014744e+01
7903 0 +1.093244964e+01 +2.766244964e+01 +2.766244964e+01
8030 0 +9.713355164e+00 +2.644335516e+01 +2.644335516e+01
8496 0 +9.075426291e+00 +2.580542629e+01 +2.580542629e+01
8522 0 +8.188763565e+00 +2.491876357e+01 +2.491876357e+01
8570 0 +7.725970566e+00 +2.445597057e+01 +2.445597057e+01
9441 0 +7.427025001e+00 +2.415702500e+01 +2.415702500e+01
9443 0 +7.402658992e+00 +2.413265899e+01 +2.413265899e+01
9464 0 +7.128722544e+00 +2.385872254e+01 +2.385872254e+01
9558 0 +6.813386732e+00 +2.354338673e+01 +2.354338673e+01
9594 0 +6.132347861e+00 +2.286234786e+01 +2.286234786e+01
9949 0 +5.900196014e+00 +2.263019601e+01 +2.263019601e+01
10175 0 +5.573598667e+00 +2.230359867e+01 +2.230359867e+01
10239 0 +4.695570714e+00 +2.142557071e+01 +2.142557071e+01
10756 0 +4.530585765e+00 +2.126058576e+01 +2.126058576e+01
10776 0 +4.280728652e+00 +2.101072865e+01 +2.101072865e+01
10800 0 +4.080122102e+00 +2.081012210e+01 +2.081012210e+01
10832 0 +3.848769823e+00 +2.057876982e+01 +2.057876982e+01
10893 0 +3.788224472e+00 +2.051822447e+01 +2.051822447e+01
11283 0 +3.664723276e+00 +2.039472328e+01 +2.039472328e+01
11292 0 +3.575072092e+00 +2.030507209e+01 +2.030507209e+01
11324 0 +3.397590262e+00 +2.012759026e+01 +2.012759026e+01
11398 0 +3.321613171e+00 +2.005161317e+01 +2.005161317e+01
11758 0 +3.244622232e+00 +1.997462223e+01 +1.997462223e+01
11829 0 +3.216006912e+00 +1.994600691e+01 +1.994600691e+01
11855 0 +3.160411812e+00 +1.989041181e+01 +1.989041181e+01
12171 0 +3.084081066e+00 +1.981408107e+01 +1.981408107e+01
12193 0 +3.000671452e+00 +1.973067145e+01 +1.973067145e+01
12253 0 +2.898358451e+00 +1.962835845e+01 +1.962835845e+01
12629 0 +2.824381946e+00 +1.955438195e+01 +1.955438195e+01
12989 0 +2.763674854e+00 +1.949367485e+01 +1.949367485e+01
13654 0 +2.741753301e+00 +1.947175330e+01 +1.947175330e+01
14409 0 +2.675308877e+00 +1.940530888e+01 +1.940530888e+01
15575 0 +2.628405365e+00 +1.935840536e+01 +1.935840536e+01
52186 0 +2.590547730e+00 +1.932054773e+01 +1.932054773e+01
% f evaluations | g evaluations | best noise-free fitness - Fopt (1.000000000000e+03) + sum g_i+ | measured fitness | best measured fitness or single-digit g-values | x1 | x2...
1 0 +8.368313818e+01 +1.083683138e+03 +1.083683138e+03
285 0 +8.327642382e+01 +1.083276424e+03 +1.083276424e+03
592 0 +8.289863891e+01 +1.082898639e+03 +1.082898639e+03
2213 0 +8.029747102e+01 +1.080297471e+03 +1.080297471e+03
3094 0 +7.768303200e+01 +1.077683032e+03 +1.077683032e+03
3178 0 +7.720594483e+01 +1.077205945e+03 +1.077205945e+03
3359 0 +7.537403125e+01 +1.075374031e+03 +1.075374031e+03
3390 0 +7.367878374e+01 +1.073678784e+03 +1.073678784e+03
3509 0 +7.049948681e+01 +1.070499487e+03 +1.070499487e+03
4242 0 +6.904295621e+01 +1.069042956e+03 +1.069042956e+03
5121 0 +6.704837979e+01 +1.067048380e+03 +1.067048380e+03
5287 0 +6.583337091e+01 +1.065833371e+03 +1.065833371e+03
5371 0 +6.424293167e+01 +1.064242932e+03 +1.064242932e+03
5381 0 +6.024275254e+01 +1.060242753e+03 +1.060242753e+03
6625 0 +5.811184260e+01 +1.058111843e+03 +1.058111843e+03
6898 0 +5.689369995e+01 +1.056893700e+03 +1.056893700e+03
7287 0 +5.582096794e+01 +1.055820968e+03 +1.055820968e+03
7425 0 +5.462195688e+01 +1.054621957e+03 +1.054621957e+03
7564 0 +5.329528361e+01 +1.053295284e+03 +1.053295284e+03
7619 0 +5.174513073e+01 +1.051745131e+03 +1.051745131e+03
7751 0 +5.128166928e+01 +1.051281669e+03 +1.051281669e+03
8207 0 +4.789735526e+01 +1.047897355e+03 +1.047897355e+03
8574 0 +4.761682055e+01 +1.047616821e+03 +1.047616821e+03
8759 0 +4.672585608e+01 +1.046725856e+03 +1.046725856e+03
9618 0 +4.566524300e+01 +1.045665243e+03 +1.045665243e+03
10168 0 +4.463266337e+01 +1.044632663e+03 +1.044632663e+03
10920 0 +4.360368445e+01 +1.043603684e+03 +1.043603684e+03
49936 0 +4.290722923e+01 +1.042907229e+03 +1.042907229e+03
% f evaluations | g evaluations | best noise-free fitness - Fopt (-1.079600000000e+02) + sum g_i+ | measured fitness | best measured fitness or single-digit g-values | x1 | x2...
1 0 +8.402732634e+01 -2.393267366e+01 -2.393267366e+01
81 0 +8.380245477e+01 -2.415754523e+01 -2.415754523e+01
120 0 +8.248279597e+01 -2.547720403e+01 -2.547720403e+01
153 0 +8.093273194e+01 -2.702726806e+01 -2.702726806e+01
3508 0 +7.910993847e+01 -2.885006153e+01 -2.885006153e+01
3948 0 +7.695478514e+01 -3.100521486e+01 -3.100521486e+01
4029 0 +7.357872822e+01 -3.438127178e+01 -3.438127178e+01
4061 0 +7.116568728e+01 -3.679431272e+01 -3.679431272e+01
4220 0 +7.037023374e+01 -3.758976626e+01 -3.758976626e+01
5838 0 +6.589021091e+01 -4.206978909e+01 -4.206978909e+01
6304 0 +6.392711185e+01 -4.403288815e+01 -4.403288815e+01
7838 0 +6.166334714e+01 -4.629665286e+01 -4.629665286e+01
8242 0 +5.931201275e+01 -4.864798725e+01 -4.864798725e+01
8456 0 +5.610300219e+01 -5.185699781e+01 -5.185699781e+01
8485 0 +5.119960486e+01 -5.676039514e+01 -5.676039514e+01
8625 0 +4.998978177e+01 -5.797021823e+01 -5.797021823e+01
8641 0 +4.832266731e+01 -5.963733269e+01 -5.963733269e+01
8703 0 +4.603186757e+01 -6.192813243e+01 -6.192813243e+01
8795 0 +4.326577814e+01 -6.469422186e+01 -6.469422186e+01
9064 0 +4.142095787e+01 -6.653904213e+01 -6.653904213e+01
9287 0 +4.070202326e+01 -6.725797674e+01 -6.725797674e+01
9420 0 +3.651424626e+01 -7.144575374e+01 -7.144575374e+01
10024 0 +3.602508982e+01 -7.193491018e+01 -7.193491018e+01
10129 0 +3.479961681e+01 -7.316038319e+01 -7.316038319e+01
10212 0 +3.347366639e+01 -7.448633361e+01 -7.448633361e+01
10431 0 +3.301535242e+01 -7.494464758e+01 -7.494464758e+01
10490 0 +3.119784270e+01 -7.676215730e+01 -7.676215730e+01
10691 0 +2.909586047e+01 -7.886413953e+01 -7.886413953e+01
10753 0 +2.839760109e+01 -7.956239891e+01 -7.956239891e+01
10899 0 +2.798771750e+01 -7.997228250e+01 -7.997228250e+01
11244 0 +2.726656161e+01 -8.069343839e+01 -8.069343839e+01
11375 0 +2.572949080e+01 -8.223050920e+01 -8.223050920e+01
11773 0 +2.546487513e+01 -8.249512487e+01 -8.249512487e+01
12080 0 +2.506962997e+01 -8.289037003e+01 -8.289037003e+01
12085 0 +2.444597217e+01 -8.351402783e+01 -8.351402783e+01
12414 0 +2.387717012e+01 -8.408282988e+01 -8.408282988e+01
13293 0 +2.322958129e+01 -8.473041871e+01 -8.473041871e+01
13674 0 +2.287556100e+01 -8.508443900e+01 -8.508443900e+01
14539 0 +2.236850738e+01 -8.559149262e+01 -8.559149262e+01
17653 0 +2.186903844e+01 -8.609096156e+01 -8.609096156e+01
54691 0 +2.177946200e+01 -8.618053800e+01 -8.618053800e+01
% f evaluations | g evaluations | best noise-free fitness - Fopt (-3.025900000000e+02) + sum g_i+ | measured fitness | best measured fitness or single-digit g-values | x1 | x2...
1 0 +8.410196611e+01 -2.184880339e+02 -2.184880339e+02
72 0 +8.267844402e+01 -2.199115560e+02 -2.199115560e+02
4353 0 +8.112549779e+01 -2.214645022e+02 -2.214645022e+02
4475 0 +7.789692495e+01 -2.246930750e+02 -2.246930750e+02
4939 0 +7.758461904e+01 -2.250053810e+02 -2.250053810e+02
4977 0 +7.418832440e+01 -2.284016756e+02 -2.284016756e+02
5022 0 +7.342862926e+01 -2.291613707e+02 -2.291613707e+02
5057 0 +7.200782015e+01 -2.305821798e+02 -2.305821798e+02
5205 0 +7.037573752e+01 -2.322142625e+02 -2.322142625e+02
5400 0 +6.816157196e+01 -2.344284280e+02 -2.344284280e+02
5782 0 +6.757465331e+01 -2.350153467e+02 -2.350153467e+02
5929 0 +6.576111342e+01 -2.368288866e+02 -2.368288866e+02
6007 0 +6.370186471e+01 -2.388881353e+02 -2.388881353e+02
6100 0 +6.308588852e+01 -2.395041115e+02 -2.395041115e+02
6276 0 +5.983846645e+01 -2.427515336e+02 -2.427515336e+02
6559 0 +5.849399950e+01 -2.440960005e+02 -2.440960005e+02
6584 0 +5.599988063e+01 -2.465901194e+02 -2.465901194e+02
6728 0 +5.377883208e+01 -2.488111679e+02 -2.488111679e+02
6759 0 +5.329968667e+01 -2.492903133e+02 -2.492903133e+02
6784 0 +5.218869147e+01 -2.504013085e+02 -2.504013085e+02
6816 0 +5.113948892e+01 -2.514505111e+02 -2.514505111e+02
6957 0 +4.999951360e+01 -2.525904864e+02 -2.525904864e+02
6978 0 +4.779592077e+01 -2.547940792e+02 -2.547940792e+02
7822 0 +4.653964259e+01 -2.560503574e+02 -2.560503574e+02
7847 0 +4.466446062e+01 -2.579255394e+02 -2.579255394e+02
7854 0 +4.340494044e+01 -2.591850596e+02 -2.591850596e+02
7897 0 +4.145734074e+01 -2.611326593e+02 -2.611326593e+02
8034 0 +3.867754657e+01 -2.639124534e+02 -2.639124534e+02
8073 0 +3.766705393e+01 -2.649229461e+02 -2.649229461e+02
8135 0 +3.624225393e+01 -2.663477461e+02 -2.663477461e+02
8165 0 +3.457732301e+01 -2.680126770e+02 -2.680126770e+02
8522 0 +3.317366228e+01 -2.694163377e+02 -2.694163377e+02
8688 0 +3.245103372e+01 -2.701389663e+02 -2.701389663e+02
9043 0 +3.212850833e+01 -2.704614917e+02 -2.704614917e+02
9324 0 +3.123620661e+01 -2.713537934e+02 -2.713537934e+02
9405 0 +3.077158661e+01 -2.718184134e+02 -2.718184134e+02
9746 0 +3.005066888e+01 -2.725393311e+02 -2.725393311e+02
9823 0 +2.876721146e+01 -2.738227885e+02 -2.738227885e+02
10212 0 +2.814153308e+01 -2.744484669e+02 -2.744484669e+02
10517 0 +2.746704926e+01 -2.751229507e+02 -2.751229507e+02
11071 0 +2.681177214e+01 -2.757782279e+02 -2.757782279e+02
11964 0 +2.620421883e+01 -2.763857812e+02 -2.763857812e+02
14012 0 +2.567965807e+01 -2.769103419e+02 -2.769103419e+02
51481 0 +2.547695079e+01 -2.771130492e+02 -2.771130492e+02
% f evaluations | g evaluations | best noise-free fitness - Fopt (-3.065500000000e+02) + sum g_i+ | measured fitness | best measured fitness or single-digit g-values | x1 | x2...
1 0 +8.471804842e+01 -2.218319516e+02 -2.218319516e+02
2489 0 +8.465832277e+01 -2.218916772e+02 -2.218916772e+02
2696 0 +8.289607746e+01 -2.236539225e+02 -2.236539225e+02
2794 0 +7.914418105e+01 -2.274058190e+02 -2.274058190e+02
2906 0 +7.739561016e+01 -2.291543898e+02 -2.291543898e+02
3099 0 +7.444634969e+01 -2.321036503e+02 -2.321036503e+02
3139 0 +7.290718686e+01 -2.336428131e+02 -2.336428131e+02
3629 0 +7.227713823e+01 -2.342728618e+02 -2.342728618e+02
3696 0 +7.054480638e+01 -2.360051936e+02 -2.360051936e+02
3709 0 +6.441522973e+01 -2.421347703e+02 -2.421347703e+02
4776 0 +6.216258165e+01 -2.443874184e+02 -2.443874184e+02
4877 0 +6.101568434e+01 -2.455343157e+02 -2.455343157e+02
4879 0 +5.765355212e+01 -2.488964479e+02 -2.488964479e+02
4889 0 +5.048490627e+01 -2.560650937e+02 -2.560650937e+02
4940 0 +4.148645708e+01 -2.650635429e+02 -2.650635429e+02
5021 0 +4.043491587e+01 -2.661150841e+02 -2.661150841e+02
5174 0 +3.455237584e+01 -2.719976242e+02 -2.719976242e+02
5246 0 +2.944705571e+01 -2.771029443e+02 -2.771029443e+02
6189 0 +2.780922683e+01 -2.787407732e+02 -2.787407732e+02
6253 0 +2.342028167e+01 -2.831297183e+02 -2.831297183e+02
6278 0 +2.113323293e+01 -2.854167671e+02 -2.854167671e+02
6306 0 +1.540993998e+01 -2.911400600e+02 -2.911400600e+02
8954 0 +1.310677209e+01 -2.934432279e+02 -2.934432279e+02
9259 0 +1.230326658e+01 -2.942467334e+02 -2.942467334e+02
9264 0 +1.153656644e+01 -2.950134336e+02 -2.950134336e+02
9286 0 +1.009913640e+01 -2.964508636e+02 -2.964508636e+02
9315 0 +8.697953419e+00 -2.978520466e+02 -2.978520466e+02
9625 0 +8.184661241e+00 -2.983653388e+02 -2.983653388e+02
9631 0 +7.856498973e+00 -2.986935010e+02 -2.986935010e+02
9827 0 +7.756454529e+00 -2.987935455e+02 -2.987935455e+02
9880 0 +6.920677497e+00 -2.996293225e+02 -2.996293225e+02
9898 0 +6.264042765e+00 -3.002859572e+02 -3.002859572e+02
9943 0 +5.628975172e+00 -3.009210248e+02 -3.009210248e+02
9996 0 +4.964392133e+00 -3.015856079e+02 -3.015856079e+02
10164 0 +3.599689783e+00 -3.029503102e+02 -3.029503102e+02
10350 0 +3.535083704e+00 -3.030149163e+02 -3.030149163e+02
10437 0 +2.442860057e+00 -3.041071399e+02 -3.041071399e+02
11084 0 +2.250594062e+00 -3.042994059e+02 -3.042994059e+02
11133 0 +2.045686778e+00 -3.045043132e+02 -3.045043132e+02
11354 0 +2.007720960e+00 -3.045422790e+02 -3.045422790e+02
11873 0 +1.991355136e+00 -3.045586449e+02 -3.045586449e+02
12037 0 +1.949636225e+00 -3.046003638e+02 -3.046003638e+02
12046 0 +1.843813267e+00 -3.047061867e+02 -3.047061867e+02
12553 0 +1.811117133e+00 -3.047388829e+02 -3.047388829e+02
12625 0 +1.737119204e+00 -3.048128808e+02 -3.048128808e+02
12743 0 +1.454721344e+00 -3.050952787e+02 -3.050952787e+02
13130 0 +1.394804312e+00 -3.051551957e+02 -3.051551957e+02
13667 0 +1.250811898e+00 -3.052991881e+02 -3.052991881e+02
13915 0 +1.103989286e+00 -3.054460107e+02 -3.054460107e+02
14270 0 +1.026073716e+00 -3.055239263e+02 -3.055239263e+02
14589 0 +1.005434404e+00 -3.055445656e+02 -3.055445656e+02
14687 0 +9.758708555e-01 -3.055741291e+02 -3.055741291e+02
14727 0 +9.063888150e-01 -3.056436112e+02 -3.056436112e+02
15045 0 +8.906875373e-01 -3.056593125e+02 -3.056593125e+02
15351 0 +8.675521746e-01 -3.056824478e+02 -3.056824478e+02
15629 0 +8.440601388e-01 -3.057059399e+02 -3.057059399e+02
15677 0 +8.265103347e-01 -3.057234897e+02 -3.057234897e+02
15737 0 +8.111046246e-01 -3.057388954e+02 -3.057388954e+02
15748 0 +7.895809640e-01 -3.057604190e+02 -3.057604190e+02
16662 0 +7.730680258e-01 -3.057769320e+02 -3.057769320e+02
17158 0 +7.566158050e-01 -3.057933842e+02 -3.057933842e+02
17379 0 +7.392340910e-01 -3.058107659e+02 -3.058107659e+02
18139 0 +7.239309973e-01 -3.058260690e+02 -3.058260690e+02
18649 0 +7.056321407e-01 -3.058443679e+02 -3.058443679e+02
52711 0 +6.918569112e-01 -3.058581431e+02 -3.058581431e+02
