% f evaluations | g evaluations | best noise-free fitness - Fopt (-1.000000000000e+03) + sum g_i+ | measured fitness | best measured fitness or single-digit g-values | x1 | x2...
1 0 +8.057169867e+01 -9.194283013e+02 -9.194283013e+02 +0.0000e+00 +0.0000e+00 +0.0000e+00 +0.0000e+00 +0.0000e+00
2 0 +4.766841140e+01 -9.523315886e+02 -9.523315886e+02 +1.5811e+00 +5.2701e-01 +3.8733e+00 +8.1131e-01 -2.0664e+00
27 0 +3.083431977e+01 -9.691656802e+02 -9.691656802e+02 +2.4019e+00 +5.2684e-01 +1.0427e+00 -2.8888e-02 -1.4017e+00
36 0 +2.082331480e+00 -9.979176685e+02 -9.979176685e+02 +1.3542e+00 -1.8999e-01 +1.0849e+00 -7.9932e-01 -1.4369e+00
51 0 +1.509009444e+00 -9.984909906e+02 -9.984909906e+02 +1.5611e+00 +1.1605e+00 +1.9298e+00 +1.4769e+00 -8.7964e-01
8104 0 +1.509009444e+00 -9.984909906e+02 -9.984909906e+02 +1.5611e+00 +1.1605e+00 +1.9298e+00 +1.4769e+00 -8.7964e-01
% f evaluations | g evaluations | best noise-free fitness - Fopt (1.000000000000e+03) + sum g_i+ | measured fitness | best measured fitness or single-digit g-values | x1 | x2...
1 0 +7.299933294e+01 +1.072999333e+03 +1.072999333e+03 +0.0000e+00 +0.0000e+00 +0.0000e+00 +0.0000e+00 +0.0000e+00
6 0 +5.880972214e+01 +1.058809722e+03 +1.058809722e+03 -9.8127e-01 +5.8280e-01 +1.8063e+00 -4.1310e+00 -1.2469e+00
17 0 +4.026175986e+01 +1.040261760e+03 +1.040261760e+03 +9.1084e-01 +9.2130e-01 -2.1095e+00 +4.1511e+00 -2.2867e+00
33 0 +3.321329868e+01 +1.033213299e+03 +1.033213299e+03 +1.0893e+00 -2.4504e-02 +9.1522e-01 -1.5519e+00 -1.1197e+00
37 0 +2.156126833e+01 +1.021561268e+03 +1.021561268e+03 -1.0353e+00 +2.6312e+00 +3.5316e+00 -2.3595e-01 -3.9788e+00
41 0 +1.873708504e+01 +1.018737085e+03 +1.018737085e+03 +8.6832e-01 +1.5034e+00 -1.3296e+00 +3.1281e+00 +9.1424e-01
94 0 +1.290362865e+01 +1.012903629e+03 +1.012903629e+03 +1.2666e+00 +1.0654e+00 +7.6389e-01 -3.6302e+00 +2.2291e-01
162 0 +1.119742869e+01 +1.011197429e+03 +1.011197429e+03 +2.4724e+00 +3.2298e+00 -5.2881e-01 +2.6611e+00 +1.1715e+00
285 0 +8.619215624e+00 +1.008619216e+03 +1.008619216e+03 +1.7332e+00 +1.5947e+00 -2.5005e+00 +3.5351e+00 +1.0282e+00
299 0 +7.380191594e+00 +1.007380192e+03 +1.007380192e+03 +1.5444e+00 +2.9469e+00 -2.3644e+00 +4.0197e+00 +8.7210e-01
302 0 +4.178547901e+00 +1.004178548e+03 +1.004178548e+03 +2.6796e+00 +2.5557e+00 -1.9312e+00 +2.8544e+00 +1.5094e+00
388 0 +4.102106537e+00 +1.004102107e+03 +1.004102107e+03 +2.2455e+00 +2.2184e+00 -1.7575e+00 +4.2701e+00 +1.3297e+00
401 0 +2.351502176e+00 +1.002351502e+03 +1.002351502e+03 +2.0985e+00 +2.3321e+00 -2.1226e+00 +3.1562e+00 +1.6238e+00
443 0 +2.141793338e+00 +1.002141793e+03 +1.002141793e+03 +2.2895e+00 +2.5038e+00 -1.7198e+00 +3.9936e+00 +1.3900e+00
484 0 +2.051986748e+00 +1.002051987e+03 +1.002051987e+03 +1.8730e+00 +2.9282e+00 -1.8743e+00 +3.4028e+00 +1.2818e+00
529 0 +2.004232999e+00 +1.002004233e+03 +1.002004233e+03 +2.4086e+00 +2.8025e+00 -1.6738e+00 +3.7405e+00 +1.3484e+00
542 0 +1.986070094e+00 +1.001986070e+03 +1.001986070e+03 +2.2703e+00 +2.6640e+00 -1.9591e+00 +3.5309e+00 +1.3568e+00
4485 0 +1.954998860e+00 +1.001954999e+03 +1.001954999e+03 +2.1395e+00 +2.7575e+00 -1.7922e+00 +3.5803e+00 +1.3872e+00
% f evaluations | g evaluations | best noise-free fitness - Fopt (-4.913000000000e+01) + sum g_i+ | measured fitness | best measured fitness or single-digit g-values | x1 | x2...
1 0 +6.940722089e+01 +2.027722089e+01 +2.027722089e+01 +0.0000e+00 +0.0000e+00 +0.0000e+00 +0.0000e+00 +0.0000e+00
3 0 +6.833997122e+01 +1.920997122e+01 +1.920997122e+01 -3.5461e+00 +1.2361e-01 +4.4343e+00 -4.0431e+00 -3.2061e+00
8 0 +4.476981366e+01 -4.360186342e+00 -4.360186342e+00 +1.5634e+00 -7.7101e-01 -3.5350e+00 -4.6059e+00 +9.2456e-01
53 0 +2.715482560e+01 -2.197517440e+01 -2.197517440e+01 +7.4083e-01 +1.2661e+00 -4.3652e+00 +8.2940e-01 +3.6666e+00
116 0 +2.419066088e+01 -2.493933912e+01 -2.493933912e+01 -2.7749e+00 +3.4972e+00 +2.8504e+00 -3.9602e-01 +2.6738e+00
121 0 +1.815985050e+01 -3.097014950e+01 -3.097014950e+01 -1.3617e+00 +2.9713e+00 +4.4899e+00 -4.7570e-01 +4.2244e+00
253 0 +1.759143985e+01 -3.153856015e+01 -3.153856015e+01 -6.1108e-01 +1.1567e+00 -2.4970e-02 +1.9637e+00 +6.2250e-01
285 0 +1.590241848e+01 -3.322758152e+01 -3.322758152e+01 -1.7701e+00 +1.3644e+00 +4.6424e+00 +8.4219e-01 +4.1054e+00
593 0 +1.236187490e+01 -3.676812510e+01 -3.676812510e+01 -1.1817e+00 -5.7940e-01 +4.3833e+00 -2.7743e+00 -2.1032e+00
697 0 +1.185337073e+01 -3.727662927e+01 -3.727662927e+01 -8.4813e-01 -5.4537e-01 +4.3459e+00 -2.8288e+00 -8.9313e-01
731 0 +1.132211099e+01 -3.780788901e+01 -3.780788901e+01 -9.4994e-01 -1.0163e+00 +4.6659e+00 -2.0899e+00 -1.8857e+00
753 0 +1.070327566e+01 -3.842672434e+01 -3.842672434e+01 -8.0918e-01 -9.0784e-01 +4.9560e+00 -2.6443e+00 -2.2172e+00
768 0 +9.615433549e+00 -3.951456645e+01 -3.951456645e+01 -9.1712e-01 -8.2449e-01 +4.4339e+00 -2.5090e+00 -1.6333e+00
853 0 +9.009092941e+00 -4.012090706e+01 -4.012090706e+01 -6.0048e-01 -9.9207e-01 +4.6272e+00 -3.0008e+00 -1.5982e+00
1176 0 +8.829278760e+00 -4.030072124e+01 -4.030072124e+01 -5.6831e-01 -8.1913e-01 +4.5441e+00 -2.7334e+00 -1.5354e+00
4592 0 +8.742750532e+00 -4.038724947e+01 -4.038724947e+01 -5.5716e-01 -8.6265e-01 +4.7153e+00 -2.7368e+00 -1.5698e+00
% f evaluations | g evaluations | best noise-free fitness - Fopt (2.977300000000e+02) + sum g_i+ | measured fitness | best measured fitness or single-digit g-values | x1 | x2...
1 0 +4.678244042e+01 +3.445124404e+02 +3.445124404e+02 +0.0000e+00 +0.0000e+00 +0.0000e+00 +0.0000e+00 +0.0000e+00
36 0 +3.398528905e+01 +3.317152890e+02 +3.317152890e+02 +8.6625e-01 -7.1403e-01 +5.5917e-01 +5.9556e-01 -4.6014e-01
68 0 +2.904168169e+01 +3.267716817e+02 +3.267716817e+02 +1.5462e-01 -3.2399e+00 +6.5290e-01 +5.3757e-01 -3.9930e-01
79 0 +2.414470009e+01 +3.218747001e+02 +3.218747001e+02 +2.9596e-01 -3.5204e+00 +1.0444e+00 -8.5425e-02 +1.5475e-02
104 0 +1.933268354e+01 +3.170626835e+02 +3.170626835e+02 +1.3430e+00 -2.3188e+00 +8.2367e-01 -1.3526e+00 -9.1182e-02
172 0 +9.823645014e+00 +3.075536450e+02 +3.075536450e+02 +2.6021e+00 -2.8813e+00 +2.3991e+00 -3.8796e+00 -3.3635e-01
282 0 +2.205904291e+00 +2.999359043e+02 +2.999359043e+02 -2.3217e+00 +5.6886e-01 +2.5849e+00 +2.8171e+00 +9.6138e-01
377 0 +5.057245180e-01 +2.982357245e+02 +2.982357245e+02 -3.7954e+00 +8.9007e-01 +3.8481e+00 +2.4433e+00 +1.0409e+00
4115 0 +5.057245180e-01 +2.982357245e+02 +2.982357245e+02 -3.7954e+00 +8.9007e-01 +3.8481e+00 +2.4433e+00 +1.0409e+00
% f evaluations | g evaluations | best noise-free fitness - Fopt (5.157000000000e+01) + sum g_i+ | measured fitness | best measured fitness or single-digit g-values | x1 | x2...
1 0 +7.372267219e+01 +1.252926722e+02 +1.252926722e+02 +0.0000e+00 +0.0000e+00 +0.0000e+00 +0.0000e+00 +0.0000e+00
3 0 +6.906660300e+01 +1.206366030e+02 +1.206366030e+02 +4.1597e+00 +3.0475e+00 -3.0380e+00 +3.3286e+00 -1.1480e+00
5 0 +6.172875862e+01 +1.132987586e+02 +1.132987586e+02 -3.0933e+00 +4.2425e+00 +1.2210e+00 +3.9346e+00 -1.5360e+00
33 0 +4.308179931e+01 +9.465179931e+01 +9.465179931e+01 -4.8394e-01 +9.7306e-01 -1.5569e+00 +4.1733e+00 -1.2724e+00
97 0 +3.428704594e+00 +5.499870459e+01 +5.499870459e+01 +3.3714e+00 +1.8256e-02 -3.2733e+00 -1.5294e+00 +1.6216e+00
157 0 +1.075628765e+00 +5.264562877e+01 +5.264562877e+01 +2.1933e+00 +1.8292e+00 -2.6972e+00 -1.7381e+00 +9.0288e-01
762 0 +8.159635621e-01 +5.238596356e+01 +5.238596356e+01 -2.5717e+00 -2.7145e+00 -5.5315e-01 -3.2485e+00 +1.0987e+00
848 0 +8.039490418e-01 +5.237394904e+01 +5.237394904e+01 -2.6450e+00 -2.8038e+00 -3.8538e-01 -3.3242e+00 +7.2024e-01
894 0 +7.878351963e-01 +5.235783520e+01 +5.235783520e+01 -2.4530e+00 -2.6238e+00 -4.1872e-01 -3.2759e+00 +7.8765e-01
977 0 +7.486079321e-01 +5.231860793e+01 +5.231860793e+01 -2.3753e+00 -2.7815e+00 -3.2754e-01 -3.2954e+00 +8.8381e-01
1033 0 +7.378554706e-01 +5.230785547e+01 +5.230785547e+01 -2.5734e+00 -2.7106e+00 -3.3633e-01 -3.3267e+00 +8.0631e-01
1072 0 +7.222909259e-01 +5.229229093e+01 +5.229229093e+01 -2.4359e+00 -2.6684e+00 -3.7391e-01 -3.3715e+00 +8.1823e-01
1131 0 +7.052340750e-01 +5.227523407e+01 +5.227523407e+01 -2.5179e+00 -2.7420e+00 -4.3042e-01 -3.3303e+00 +9.7442e-01
4625 0 +6.918569112e-01 +5.226185691e+01 +5.226185691e+01 -2.4572e+00 -2.7135e+00 -3.8890e-01 -3.3391e+00 +9.3761e-01
% f evaluations | g evaluations | best noise-free fitness - Fopt (1.527100000000e+02) + sum g_i+ | measured fitness | best measured fitness or single-digit g-values | x1 | x2...
1 0 +7.482008365e+01 +2.275300837e+02 +2.275300837e+02 +0.0000e+00 +0.0000e+00 +0.0000e+00 +0.0000e+00 +0.0000e+00
3 0 +6.431365499e+01 +2.170236550e+02 +2.170236550e+02 -2.1401e+00 -1.2286e+00 -3.4703e+00 -2.5095e+00 +3.7351e+00
16 0 +5.293285822e+01 +2.056428582e+02 +2.056428582e+02 -3.4640e+00 -1.4418e+00 -3.3092e+00 -1.2785e+00 +8.8995e-01
21 0 +3.775257848e+01 +1.904625785e+02 +1.904625785e+02 -9.7999e-01 -3.1039e-01 -3.2209e+00 -1.5158e+00 +1.5659e+00
184 0 +2.873530822e+01 +1.814453082e+02 +1.814453082e+02 -1.0826e+00 -2.2374e+00 -1.2980e+00 +2.1449e+00 -5.0391e+00
186 0 +2.795182526e+01 +1.806618253e+02 +1.806618253e+02 +1.0813e+00 -5.0550e+00 +5.3341e-01 +7.8839e-01 -5.3841e+00
239 0 +2.648245866e+01 +1.791924587e+02 +1.791924587e+02 +1.2991e+00 -4.2408e-01 +2.5590e+00 +1.3139e+00 +3.4294e+00
251 0 +1.939727205e+01 +1.721072721e+02 +1.721072721e+02 +1.6492e+00 -1.3348e-01 +2.4199e+00 +6.6102e-01 +3.7787e+00
255 0 +1.550124656e+01 +1.682112466e+02 +1.682112466e+02 +2.0637e+00 -1.5931e+00 -8.0559e-01 -2.5659e+00 -2.2751e+00
538 0 +8.570041203e+00 +1.612800412e+02 +1.612800412e+02 +2.4802e+00 -1.9871e+00 +2.3571e+00 +2.5940e+00 +1.7937e+00
6050 0 +8.570041203e+00 +1.612800412e+02 +1.612800412e+02 +2.4802e+00 -1.9871e+00 +2.3571e+00 +2.5940e+00 +1.7937e+00
% f evaluations | g evaluations | best noise-free fitness - Fopt (9.980000000000e+01) + sum g_i+ | measured fitness | best measured fitness or single-digit g-values | x1 | x2...
1 0 +7.487523812e+01 +1.746752381e+02 +1.746752381e+02 +0.0000e+00 +0.0000e+00 +0.0000e+00 +0.0000e+00 +0.0000e+00
5 0 +5.670149694e+01 +1.565014969e+02 +1.565014969e+02 +4.5349e+00 -3.0891e+00 -1.0305e+00 -1.9394e+00 +2.2866e+00
9 0 +3.628643068e+01 +1.360864307e+02 +1.360864307e+02 +2.5733e+00 -1.2942e+00 +3.8545e+00 +2.3245e+00 +6.9864e-01
22 0 +2.674738340e+01 +1.265473834e+02 +1.265473834e+02 -1.8418e+00 -2.4141e+00 -2.6522e+00 +3.4154e+00 -3.8870e+00
36 0 +2.480667412e+01 +1.246066741e+02 +1.246066741e+02 -4.2079e+00 +1.0490e+00 -8.8506e-01 -9.0475e-01 +7.7145e-01
216 0 +2.194543117e+01 +1.217454312e+02 +1.217454312e+02 -2.1999e+00 +1.3582e+00 +4.2208e-01 -1.7688e+00 -3.2420e+00
232 0 +7.185453352e+00 +1.069854534e+02 +1.069854534e+02 -2.5891e+00 +3.8735e+00 -1.4748e+00 -3.1177e+00 +2.1758e-01
271 0 +2.129157978e+00 +1.019291580e+02 +1.019291580e+02 -3.3423e+00 +2.0155e+00 +6.2203e-01 +2.4735e-01 +3.3536e-01
4848 0 +2.129157978e+00 +1.019291580e+02 +1.019291580e+02 -3.3423e+00 +2.0155e+00 +6.2203e-01 +2.4735e-01 +3.3536e-01
% f evaluations | g evaluations | best noise-free fitness - Fopt (-1.194100000000e+02) + sum g_i+ | measured fitness | best measured fitness or single-digit g-values | x1 | x2...
1 0 +7.600240222e+01 -4.340759778e+01 -4.340759778e+01 +0.0000e+00 +0.0000e+00 +0.0000e+00 +0.0000e+00 +0.0000e+00
2 0 +7.598415313e+01 -4.342584687e+01 -4.342584687e+01 -9.3120e-02 +4.0697e+00 +6.0319e-01 -3.5305e+00 +3.9471e+00
3 0 +6.462113158e+01 -5.478886842e+01 -5.478886842e+01 +4.6046e+00 -7.0058e-01 +1.2319e+00 +4.6248e+00 +3.9764e+00
5 0 +6.243305566e+01 -5.697694434e+01 -5.697694434e+01 -6.6509e-01 -1.3667e+00 +4.3556e+00 -4.4915e+00 -1.1586e+00
7 0 +5.356450054e+01 -6.584549946e+01 -6.584549946e+01 +1.8048e+00 -2.7405e-01 -4.1407e+00 -2.9033e+00 +2.9448e+00
11 0 +3.810481967e+01 -8.130518033e+01 -8.130518033e+01 +3.2169e+00 -6.0411e-01 -1.8758e-01 +2.0340e+00 +2.9816e+00
14 0 +1.626891614e+01 -1.031410839e+02 -1.031410839e+02 +3.9329e+00 -6.3219e-01 +3.5073e+00 +3.9922e+00 +2.6089e+00
55 0 +8.884716695e+00 -1.105252833e+02 -1.105252833e+02 +3.4919e+00 -1.7440e-01 +2.3547e+00 +1.5536e+00 +3.5686e+00
558 0 +2.755251187e+00 -1.166547488e+02 -1.166547488e+02 +3.1248e+00 -5.8892e-02 +1.2993e+00 +2.4170e+00 +3.0543e+00
564 0 +2.494432222e+00 -1.169155678e+02 -1.169155678e+02 +3.3376e+00 +2.1312e-01 +1.4217e+00 +1.4561e+00 +3.1823e+00
693 0 +2.163042627e+00 -1.172469574e+02 -1.172469574e+02 +3.7500e+00 +2.5958e-01 +1.6351e+00 +1.9375e+00 +3.2853e+00
761 0 +2.115780700e+00 -1.172942193e+02 -1.172942193e+02 +3.3625e+00 +2.8496e-01 +1.8822e+00 +2.1005e+00 +3.2428e+00
934 0 +2.083366703e+00 -1.173266333e+02 -1.173266333e+02 +3.2349e+00 +1.8483e-01 +1.4371e+00 +2.2578e+00 +3.3506e+00
945 0 +2.035679751e+00 -1.173743202e+02 -1.173743202e+02 +3.3863e+00 -1.0297e-02 +1.4351e+00 +2.2482e+00 +3.2505e+00
1006 0 +1.985878582e+00 -1.174241214e+02 -1.174241214e+02 +3.5338e+00 +3.1319e-01 +1.4895e+00 +2.2427e+00 +3.1027e+00
5747 0 +1.954998860e+00 -1.174550011e+02 -1.174550011e+02 +3.4059e+00 +3.3044e-01 +1.5905e+00 +2.1839e+00 +3.0935e+00
% f evaluations | g evaluations | best noise-free fitness - Fopt (1.077000000000e+01) + sum g_i+ | measured fitness | best measured fitness or single-digit g-values | x1 | x2...
1 0 +6.658303204e+00 +1.742830320e+01 +1.742830320e+01 +0.0000e+00 +0.0000e+00 +0.0000e+00 +0.0000e+00 +0.0000e+00
307 0 +3.410757014e+00 +1.418075701e+01 +1.418075701e+01 -3.0915e+00 -1.1544e+00 +2.6518e+00 +3.9431e-01 -2.3941e+00
335 0 +1.624896404e+00 +1.239489640e+01 +1.239489640e+01 -3.5249e+00 -1.5063e+00 +1.8666e+00 +9.1959e-01 -2.6988e+00
747 0 +1.612833726e+00 +1.238283373e+01 +1.238283373e+01 -3.5105e+00 -1.4825e+00 +1.7216e+00 +8.4804e-01 -2.0692e+00
779 0 +1.294074822e+00 +1.206407482e+01 +1.206407482e+01 -3.8387e+00 -1.4977e+00 +2.4617e+00 +6.4536e-01 -2.6112e+00
796 0 +9.912508120e-01 +1.176125081e+01 +1.176125081e+01 -3.5968e+00 -1.4945e+00 +1.9411e+00 +8.1148e-01 -2.6737e+00
1027 0 +8.491277708e-01 +1.161912777e+01 +1.161912777e+01 -3.4569e+00 -1.8094e+00 +1.3888e+00 +9.1952e-01 -2.2603e+00
1038 0 +6.999440872e-01 +1.146994409e+01 +1.146994409e+01 -3.6144e+00 -1.5562e+00 +1.6338e+00 +8.8454e-01 -2.4843e+00
6313 0 +6.918569112e-01 +1.146185691e+01 +1.146185691e+01 -3.6329e+00 -1.4326e+00 +1.7253e+00 +8.5612e-01 -2.5195e+00
% f evaluations | g evaluations | best noise-free fitness - Fopt (2.137000000000e+01) + sum g_i+ | measured fitness | best measured fitness or single-digit g-values | x1 | x2...
1 0 +7.510828647e+01 +9.647828647e+01 +9.647828647e+01 +0.0000e+00 +0.0000e+00 +0.0000e+00 +0.0000e+00 +0.0000e+00
3 0 +7.353156833e+01 +9.490156833e+01 +9.490156833e+01 +8.8974e-01 +5.9002e-01 +3.8566e+00 +4.6155e+00 +6.6592e-01
4 0 +4.414986721e+01 +6.551986721e+01 +6.551986721e+01 +2.1809e+00 +3.2876e+00 +1.0817e+00 -2.0909e+00 +1.1371e+00
14 0 +3.674229932e+01 +5.811229932e+01 +5.811229932e+01 +3.1409e+00 +2.8165e+00 +2.2496e-02 -2.5223e+00 -1.7660e+00
45 0 +1.890589692e+01 +4.027589692e+01 +4.027589692e+01 +4.0777e+00 +2.5821e+00 -5.9277e-01 -7.5596e-01 -2.7454e+00
141 0 +1.399901591e+01 +3.536901591e+01 +3.536901591e+01 +3.1589e+00 +9.4505e-01 +2.3879e+00 -9.7091e-01 -1.0689e+00
232 0 +1.355650074e+01 +3.492650074e+01 +3.492650074e+01 +2.9172e+00 +1.8393e+00 -7.9754e-01 -8.3587e-01 -1.5440e+00
236 0 +4.421024123e+00 +2.579102412e+01 +2.579102412e+01 +2.2990e+00 +2.8276e-01 -1.1018e+00 -1.0123e+00 +1.1056e+00
456 0 +3.904285414e+00 +2.527428541e+01 +2.527428541e+01 +2.4351e+00 +1.9466e+00 -2.0219e+00 -1.2612e+00 +3.3171e-01
498 0 +2.976263059e+00 +2.434626306e+01 +2.434626306e+01 +2.2990e+00 +3.6243e+00 -6.8301e-01 -2.9384e+00 -6.2334e-01
499 0 +1.265278497e+00 +2.263527850e+01 +2.263527850e+01 +2.4900e+00 +3.7076e+00 -1.0899e+00 -2.0752e+00 +8.6129e-02
518 0 +8.551791475e-01 +2.222517915e+01 +2.222517915e+01 +2.7828e+00 +4.1722e+00 -7.7407e-01 -2.2649e+00 +5.0543e-01
4528 0 +8.551791475e-01 +2.222517915e+01 +2.222517915e+01 +2.7828e+00 +4.1722e+00 -7.7407e-01 -2.2649e+00 +5.0543e-01
% f evaluations | g evaluations | best noise-free fitness - Fopt (1.673000000000e+01) + sum g_i+ | measured fitness | best measured fitness or single-digit g-values | x1 | x2...
1 0 +6.848308311e+01 +8.521308311e+01 +8.521308311e+01 +0.0000e+00 +0.0000e+00 +0.0000e+00 +0.0000e+00 +0.0000e+00
2 0 +6.117043397e+01 +7.790043397e+01 +7.790043397e+01 +1.0977e+00 +7.1273e-01 +2.1526e+00 +4.3646e+00 +3.1383e+00
4 0 +3.614085236e+01 +5.287085236e+01 +5.287085236e+01 +2.9722e+00 +3.9642e+00 -1.5230e+00 +4.6821e-01 -2.0299e+00
13 0 +3.387054726e+01 +5.060054726e+01 +5.060054726e+01 +2.6140e+00 +3.3227e+00 -3.4638e+00 -1.6612e+00 -3.6773e+00
70 0 +2.010649363e+01 +3.683649363e+01 +3.683649363e+01 +2.3735e+00 +8.5070e-01 -4.2398e-01 +7.0435e-01 -3.6777e+00
141 0 +1.600571451e+01 +3.273571451e+01 +3.273571451e+01 +6.7575e-01 -4.0796e-01 +2.1584e+00 +2.0043e+00 +2.6014e+00
4334 0 +1.600571451e+01 +3.273571451e+01 +3.273571451e+01 +6.7575e-01 -4.0796e-01 +2.1584e+00 +2.0043e+00 +2.6014e+00
% f evaluations | g evaluations | best noise-free fitness - Fopt (1.000000000000e+03) + sum g_i+ | measured fitness | best measured fitness or single-digit g-values | x1 | x2...
1 0 +6.885104203e+01 +1.068851042e+03 +1.068851042e+03 +0.0000e+00 +0.0000e+00 +0.0000e+00 +0.0000e+00 +0.0000e+00
2 0 +6.649898522e+01 +1.066498985e+03 +1.066498985e+03 -8.7162e-02 +1.1679e+00 -2.3860e+00 -3.4358e+00 +1.7102e-01
3 0 +1.609592293e+01 +1.016095923e+03 +1.016095923e+03 +3.5591e+00 -2.2582e+00 -6.8668e-01 +3.2182e+00 +1.2591e+00
250 0 +1.381751173e+01 +1.013817512e+03 +1.013817512e+03 +2.7004e+00 +3.2401e+00 +8.8057e-01 +1.7905e+00 +5.5283e-02
291 0 +1.223030310e+01 +1.012230303e+03 +1.012230303e+03 +2.7118e+00 +4.1427e+00 -2.2602e+00 +2.8069e+00 +1.9378e+00
331 0 +3.058591455e+00 +1.003058591e+03 +1.003058591e+03 +7.0292e-01 +2.1991e+00 +1.7760e+00 +1.2633e+00 +2.7909e+00
770 0 +8.264962657e-01 +1.000826496e+03 +1.000826496e+03 +2.6544e+00 +4.3189e+00 -3.4119e+00 +1.9802e+00 +3.0206e+00
1127 0 +7.504476390e-01 +1.000750448e+03 +1.000750448e+03 +2.5508e+00 +4.0660e+00 -3.5591e+00 +1.9864e+00 +3.1488e+00
1287 0 +7.311732364e-01 +1.000731173e+03 +1.000731173e+03 +2.5183e+00 +4.1682e+00 -3.3490e+00 +2.0106e+00 +3.0749e+00
1368 0 +7.221785428e-01 +1.000722179e+03 +1.000722179e+03 +2.4789e+00 +4.2344e+00 -3.3735e+00 +2.0043e+00 +2.9382e+00
1415 0 +7.001899177e-01 +1.000700190e+03 +1.000700190e+03 +2.5187e+00 +4.1609e+00 -3.4342e+00 +1.9488e+00 +3.0378e+00
5874 0 +6.918569112e-01 +1.000691857e+03 +1.000691857e+03 +2.5355e+00 +4.1865e+00 -3.4536e+00 +1.9700e+00 +3.0359e+00
% f evaluations | g evaluations | best noise-free fitness - Fopt (-1.079600000000e+02) + sum g_i+ | measured fitness | best measured fitness or single-digit g-values | x1 | x2...
1 0 +6.147480593e+01 -4.648519407e+01 -4.648519407e+01 +0.0000e+00 +0.0000e+00 +0.0000e+00 +0.0000e+00 +0.0000e+00
6 0 +4.265772016e+01 -6.530227984e+01 -6.530227984e+01 +1.4451e+00 -3.5644e+00 +2.6653e+00 +1.8062e+00 -3.1235e+00
74 0 +3.137527742e+01 -7.658472258e+01 -7.658472258e+01 -2.8926e-01 -2.2230e+00 +1.3414e+00 +1.3635e+00 +1.3350e+00
91 0 +2.044606477e+01 -8.751393523e+01 -8.751393523e+01 -2.4241e+00 -1.2478e+00 -2.1965e-01 +1.6333e+00 +9.2449e-01
152 0 +2.037880254e+01 -8.758119746e+01 -8.758119746e+01 -1.9723e+00 +2.5248e+00 +8.4612e-01 +1.8256e+00 +3.3217e+00
238 0 +3.956475079e+00 -1.040035249e+02 -1.040035249e+02 -9.5859e-01 -3.1606e+00 +3.5636e+00 -3.9660e+00 +1.7569e+00
4822 0 +3.956475079e+00 -1.040035249e+02 -1.040035249e+02 -9.5859e-01 -3.1606e+00 +3.5636e+00 -3.9660e+00 +1.7569e+00
% f evaluations | g evaluations | best noise-free fitness - Fopt (-3.025900000000e+02) + sum g_i+ | measured fitness | best measured fitness or single-digit g-values | x1 | x2...
1 0 +4.273386691e+01 -2.598561331e+02 -2.598561331e+02 +0.0000e+00 +0.0000e+00 +0.0000e+00 +0.0000e+00 +0.0000e+00
5 0 +3.367660909e+01 -2.689133909e+02 -2.689133909e+02 -2.6421e+00 +2.5310e+00 -3.0688e+00 -4.0660e+00 -4.9488e+00
12 0 +3.277347411e+01 -2.698165259e+02 -2.698165259e+02 -6.5883e-01 +1.1433e+00 -3.9833e+00 -4.0436e+00 -4.8635e+00
16 0 +1.028843611e+01 -2.923015639e+02 -2.923015639e+02 +3.2890e+00 -2.1218e+00 -3.4226e+00 -3.4876e+00 -2.5996e+00
17 0 +2.755840433e+00 -2.998341596e+02 -2.998341596e+02 -1.2686e+00 +7.9573e-01 -1.3633e+00 -1.7904e-01 +7.9223e-01
176 0 +7.504679005e-01 -3.018395321e+02 -3.018395321e+02 +6.1201e-01 +5.1250e-01 -2.2582e+00 +1.3612e-01 -4.2710e-01
4786 0 +7.504679005e-01 -3.018395321e+02 -3.018395321e+02 +6.1201e-01 +5.1250e-01 -2.2582e+00 +1.3612e-01 -4.2710e-01
% f evaluations | g evaluations | best noise-free fitness - Fopt (-3.065500000000e+02) + sum g_i+ | measured fitness | best measured fitness or single-digit g-values | x1 | x2...
1 0 +6.255320396e+01 -2.439967960e+02 -2.439967960e+02 +0.0000e+00 +0.0000e+00 +0.0000e+00 +0.0000e+00 +0.0000e+00
11 0 +1.588513854e+01 -2.906648615e+02 -2.906648615e+02 -1.1969e+00 -9.3386e-01 +3.0031e+00 +2.7477e-01 +1.8606e+00
18 0 +1.475906931e+01 -2.917909307e+02 -2.917909307e+02 -7.8821e-01 +9.2219e-01 +2.9204e+00 -1.7175e+00 +1.6675e+00
160 0 +1.248205735e+01 -2.940679427e+02 -2.940679427e+02 -2.5236e+00 +2.0457e+00 +2.2608e+00 -3.9309e+00 +1.5873e+00
179 0 +6.744570185e+00 -2.998054298e+02 -2.998054298e+02 -3.3273e+00 +7.0663e-01 +2.6213e+00 -1.6284e+00 +1.4292e+00
704 0 +5.940513718e+00 -3.006094863e+02 -3.006094863e+02 -2.2507e+00 +6.7691e-01 +2.2147e+00 -1.8849e+00 +1.3958e+00
719 0 +4.550740617e+00 -3.019992594e+02 -3.019992594e+02 -2.4168e+00 +7.2899e-01 +3.0287e+00 -1.7440e+00 +1.1629e+00
774 0 +4.202103947e+00 -3.023478961e+02 -3.023478961e+02 -2.6682e+00 +4.7493e-01 +2.6580e+00 -1.2145e+00 +1.3322e+00
777 0 +3.558590453e+00 -3.029914095e+02 -3.029914095e+02 -2.7137e+00 +3.2435e-01 +3.2405e+00 -9.5590e-01 +1.1534e+00
792 0 +3.539311898e+00 -3.030106881e+02 -3.030106881e+02 -2.7795e+00 +1.9515e-01 +3.0076e+00 -1.0324e+00 +1.1272e+00
821 0 +2.835220248e+00 -3.037147798e+02 -3.037147798e+02 -2.4703e+00 -1.8622e-02 +3.0563e+00 -7.5932e-01 +1.1386e+00
843 0 +2.726812463e+00 -3.038231875e+02 -3.038231875e+02 -2.0336e+00 -1.2442e-01 +3.2757e+00 -6.0561e-01 +1.1112e+00
968 0 +2.640626574e+00 -3.039093734e+02 -3.039093734e+02 -2.0613e+00 -1.6377e-01 +3.0837e+00 -6.6057e-01 +1.1424e+00
2290 0 +2.607085349e+00 -3.039429147e+02 -3.039429147e+02 -1.9845e+00 -3.3230e-01 +3.2737e+00 -4.2340e-01 +1.0800e+00
8488 0 +2.590547730e+00 -3.039594523e+02 -3.039594523e+02 -2.0548e+00 -2.6215e-01 +3.2452e+00 -4.9972e-01 +1.1221e+00
