% f evaluations | g evaluations | best noise-free fitness - Fopt (-1.000000000000e+03) + sum g_i+ | measured fitness | best measured fitness or single-digit g-values | x1 | x2...
1 0 +8.205600107e+01 -9.179439989e+02 -9.179439989e+02
718 0 +8.196916672e+01 -9.180308333e+02 -9.180308333e+02
2076 0 +7.972873861e+01 -9.202712614e+02 -9.202712614e+02
3217 0 +7.877474978e+01 -9.212252502e+02 -9.212252502e+02
3978 0 +7.703441596e+01 -9.229655840e+02 -9.229655840e+02
4087 0 +7.445179971e+01 -9.255482003e+02 -9.255482003e+02
4113 0 +7.349531994e+01 -9.265046801e+02 -9.265046801e+02
4179 0 +7.239134861e+01 -9.276086514e+02 -9.276086514e+02
4393 0 +6.965128063e+01 -9.303487194e+02 -9.303487194e+02
4398 0 +6.813740395e+01 -9.318625961e+02 -9.318625961e+02
4848 0 +6.681228076e+01 -9.331877192e+02 -9.331877192e+02
4877 0 +6.427924305e+01 -9.357207570e+02 -9.357207570e+02
5037 0 +6.117755099e+01 -9.388224490e+02 -9.388224490e+02
5132 0 +5.767997788e+01 -9.423200221e+02 -9.423200221e+02
5267 0 +5.502852584e+01 -9.449714742e+02 -9.449714742e+02
5385 0 +5.181702546e+01 -9.481829745e+02 -9.481829745e+02
5432 0 +4.851587039e+01 -9.514841296e+02 -9.514841296e+02
5433 0 +4.777380164e+01 -9.522261984e+02 -9.522261984e+02
5635 0 +4.010830559e+01 -9.598916944e+02 -9.598916944e+02
6141 0 +3.938396919e+01 -9.606160308e+02 -9.606160308e+02
6159 0 +3.610572499e+01 -9.638942750e+02 -9.638942750e+02
6514 0 +3.288613600e+01 -9.671138640e+02 -9.671138640e+02
6592 0 +3.114951652e+01 -9.688504835e+02 -9.688504835e+02
6617 0 +3.016920177e+01 -9.698307982e+02 -9.698307982e+02
6665 0 +2.847094975e+01 -9.715290503e+02 -9.715290503e+02
6679 0 +2.797915024e+01 -9.720208498e+02 -9.720208498e+02
7184 0 +2.746486113e+01 -9.725351389e+02 -9.725351389e+02
7283 0 +2.654052062e+01 -9.734594794e+02 -9.734594794e+02
7364 0 +2.608831377e+01 -9.739116862e+02 -9.739116862e+02
7452 0 +2.502595495e+01 -9.749740450e+02 -9.749740450e+02
7551 0 +2.426283102e+01 -9.757371690e+02 -9.757371690e+02
7586 0 +2.380256969e+01 -9.761974303e+02 -9.761974303e+02
7777 0 +2.335422312e+01 -9.766457769e+02 -9.766457769e+02
7901 0 +2.273511704e+01 -9.772648830e+02 -9.772648830e+02
8191 0 +2.226547046e+01 -9.777345295e+02 -9.777345295e+02
8466 0 +2.181330254e+01 -9.781866975e+02 -9.781866975e+02
8536 0 +2.102821144e+01 -9.789717886e+02 -9.789717886e+02
8807 0 +2.072917914e+01 -9.792708209e+02 -9.792708209e+02
9174 0 +2.036426522e+01 -9.796357348e+02 -9.796357348e+02
9409 0 +1.994864474e+01 -9.800513553e+02 -9.800513553e+02
9776 0 +1.937993356e+01 -9.806200664e+02 -9.806200664e+02
10950 0 +1.895654655e+01 -9.810434535e+02 -9.810434535e+02
12321 0 +1.862082512e+01 -9.813791749e+02 -9.813791749e+02
49441 0 +1.828829245e+01 -9.817117076e+02 -9.817117076e+02
% f evaluations | g evaluations | best noise-free fitness - Fopt (1.000000000000e+03) + sum g_i+ | measured fitness | best measured fitness or single-digit g-values | x1 | x2...
1 0 +8.534604634e+01 +1.085346046e+03 +1.085346046e+03
42 0 +8.492810967e+01 +1.084928110e+03 +1.084928110e+03
1146 0 +8.288356739e+01 +1.082883567e+03 +1.082883567e+03
3317 0 +8.109971318e+01 +1.081099713e+03 +1.081099713e+03
3695 0 +7.882541628e+01 +1.078825416e+03 +1.078825416e+03
3711 0 +7.687413927e+01 +1.076874139e+03 +1.076874139e+03
3744 0 +7.574043442e+01 +1.075740434e+03 +1.075740434e+03
3851 0 +7.216182514e+01 +1.072161825e+03 +1.072161825e+03
3989 0 +7.072088080e+01 +1.070720881e+03 +1.070720881e+03
4153 0 +6.892856627e+01 +1.068928566e+03 +1.068928566e+03
5652 0 +6.720478315e+01 +1.067204783e+03 +1.067204783e+03
5723 0 +6.557535679e+01 +1.065575357e+03 +1.065575357e+03
6028 0 +6.365952733e+01 +1.063659527e+03 +1.063659527e+03
6515 0 +6.268423356e+01 +1.062684234e+03 +1.062684234e+03
7148 0 +6.146406463e+01 +1.061464065e+03 +1.061464065e+03
7618 0 +5.943031253e+01 +1.059430313e+03 +1.059430313e+03
8091 0 +5.843922500e+01 +1.058439225e+03 +1.058439225e+03
8138 0 +5.666784394e+01 +1.056667844e+03 +1.056667844e+03
8778 0 +5.608532388e+01 +1.056085324e+03 +1.056085324e+03
8978 0 +5.405113830e+01 +1.054051138e+03 +1.054051138e+03
9403 0 +5.353189578e+01 +1.053531896e+03 +1.053531896e+03
11171 0 +5.237731808e+01 +1.052377318e+03 +1.052377318e+03
12039 0 +5.126830256e+01 +1.051268303e+03 +1.051268303e+03
49861 0 +5.016353856e+01 +1.050163539e+03 +1.050163539e+03
% f evaluations | g evaluations | best noise-free fitness - Fopt (-4.913000000000e+01) + sum g_i+ | measured fitness | best measured fitness or single-digit g-values | x1 | x2...
1 0 +8.206146169e+01 +3.293146169e+01 +3.293146169e+01
86 0 +8.086513344e+01 +3.173513344e+01 +3.173513344e+01
1939 0 +7.939561188e+01 +3.026561188e+01 +3.026561188e+01
2080 0 +7.670638459e+01 +2.757638459e+01 +2.757638459e+01
2312 0 +7.574053714e+01 +2.661053714e+01 +2.661053714e+01
2374 0 +7.334613399e+01 +2.421613399e+01 +2.421613399e+01
2395 0 +7.196801513e+01 +2.283801513e+01 +2.283801513e+01
3181 0 +7.050143065e+01 +2.137143065e+01 +2.137143065e+01
3397 0 +6.753718444e+01 +1.840718444e+01 +1.840718444e+01
3499 0 +6.308097063e+01 +1.395097063e+01 +1.395097063e+01
3765 0 +5.999721829e+01 +1.086721829e+01 +1.086721829e+01
4057 0 +5.201019909e+01 +2.880199087e+00 +2.880199087e+00
4234 0 +4.564520747e+01 -3.484792535e+00 -3.484792535e+00
4280 0 +4.076865051e+01 -8.361349493e+00 -8.361349493e+00
4326 0 +3.245455696e+01 -1.667544304e+01 -1.667544304e+01
4358 0 +2.912459376e+01 -2.000540624e+01 -2.000540624e+01
5743 0 +2.869409060e+01 -2.043590940e+01 -2.043590940e+01
5929 0 +2.076706641e+01 -2.836293359e+01 -2.836293359e+01
6137 0 +1.954304979e+01 -2.958695021e+01 -2.958695021e+01
6170 0 +1.886787861e+01 -3.026212139e+01 -3.026212139e+01
6173 0 +1.682227889e+01 -3.230772111e+01 -3.230772111e+01
6344 0 +1.626998137e+01 -3.286001863e+01 -3.286001863e+01
6525 0 +1.570745484e+01 -3.342254516e+01 -3.342254516e+01
6657 0 +1.294366956e+01 -3.618633044e+01 -3.618633044e+01
6970 0 +1.239709794e+01 -3.673290206e+01 -3.673290206e+01
7597 0 +1.147495043e+01 -3.765504957e+01 -3.765504957e+01
7818 0 +1.114609891e+01 -3.798390109e+01 -3.798390109e+01
8031 0 +1.081224226e+01 -3.831775774e+01 -3.831775774e+01
8050 0 +1.011263576e+01 -3.901736424e+01 -3.901736424e+01
8053 0 +9.732791826e+00 -3.939720817e+01 -3.939720817e+01
8152 0 +8.991335300e+00 -4.013866470e+01 -4.013866470e+01
8208 0 +8.497281229e+00 -4.063271877e+01 -4.063271877e+01
8511 0 +8.143485151e+00 -4.098651485e+01 -4.098651485e+01
8545 0 +7.505104740e+00 -4.162489526e+01 -4.162489526e+01
8673 0 +7.404003716e+00 -4.172599628e+01 -4.172599628e+01
8829 0 +7.220306920e+00 -4.190969308e+01 -4.190969308e+01
8850 0 +6.827203761e+00 -4.230279624e+01 -4.230279624e+01
9132 0 +6.678379080e+00 -4.245162092e+01 -4.245162092e+01
9202 0 +6.606294579e+00 -4.252370542e+01 -4.252370542e+01
9284 0 +5.934651482e+00 -4.319534852e+01 -4.319534852e+01
9544 0 +5.653362858e+00 -4.347663714e+01 -4.347663714e+01
9619 0 +5.274725962e+00 -4.385527404e+01 -4.385527404e+01
9776 0 +4.978452853e+00 -4.415154715e+01 -4.415154715e+01
9817 0 +4.876584763e+00 -4.425341524e+01 -4.425341524e+01
9854 0 +4.351423783e+00 -4.477857622e+01 -4.477857622e+01
10194 0 +3.974084692e+00 -4.515591531e+01 -4.515591531e+01
10478 0 +3.621821557e+00 -4.550817844e+01 -4.550817844e+01
10962 0 +3.537271241e+00 -4.559272876e+01 -4.559272876e+01
10987 0 +3.273341745e+00 -4.585665826e+01 -4.585665826e+01
11591 0 +3.184350297e+00 -4.594564970e+01 -4.594564970e+01
11688 0 +3.136931001e+00 -4.599306900e+01 -4.599306900e+01
11701 0 +3.049516176e+00 -4.608048382e+01 -4.608048382e+01
12225 0 +3.015937608e+00 -4.611406239e+01 -4.611406239e+01
12579 0 +2.928952301e+00 -4.620104770e+01 -4.620104770e+01
12610 0 +2.866885213e+00 -4.626311479e+01 -4.626311479e+01
13029 0 +2.805050437e+00 -4.632494956e+01 -4.632494956e+01
13301 0 +2.744192402e+00 -4.638580760e+01 -4.638580760e+01
13982 0 +2.683124854e+00 -4.644687515e+01 -4.644687515e+01
15122 0 +2.628469783e+00 -4.650153022e+01 -4.650153022e+01
50281 0 +2.590547730e+00 -4.653945227e+01 -4.653945227e+01
% f evaluations | g evaluations | best noise-free fitness - Fopt (2.977300000000e+02) + sum g_i+ | measured fitness | best measured fitness or single-digit g-values | x1 | x2...
1 0 +8.202319017e+01 +3.797531902e+02 +3.797531902e+02
3667 0 +8.164572694e+01 +3.793757269e+02 +3.793757269e+02
3859 0 +8.062572050e+01 +3.783557205e+02 +3.783557205e+02
4086 0 +7.853380836e+01 +3.762638084e+02 +3.762638084e+02
4413 0 +7.716769335e+01 +3.748976934e+02 +3.748976934e+02
4489 0 +7.531596819e+01 +3.730459682e+02 +3.730459682e+02
4584 0 +7.402265259e+01 +3.717526526e+02 +3.717526526e+02
4619 0 +6.943364012e+01 +3.671636401e+02 +3.671636401e+02
4668 0 +6.796338151e+01 +3.656933815e+02 +3.656933815e+02
4689 0 +6.680416797e+01 +3.645341680e+02 +3.645341680e+02
5256 0 +6.497859713e+01 +3.627085971e+02 +3.627085971e+02
5354 0 +6.310505022e+01 +3.608350502e+02 +3.608350502e+02
5362 0 +6.111613147e+01 +3.588461315e+02 +3.588461315e+02
5467 0 +5.718372475e+01 +3.549137247e+02 +3.549137247e+02
5666 0 +5.582764542e+01 +3.535576454e+02 +3.535576454e+02
5706 0 +5.487165216e+01 +3.526016522e+02 +3.526016522e+02
5721 0 +5.205302470e+01 +3.497830247e+02 +3.497830247e+02
6054 0 +4.218194952e+01 +3.399119495e+02 +3.399119495e+02
6070 0 +3.468893502e+01 +3.324189350e+02 +3.324189350e+02
6116 0 +3.407406249e+01 +3.318040625e+02 +3.318040625e+02
7007 0 +2.784095554e+01 +3.255709555e+02 +3.255709555e+02
7146 0 +2.546898418e+01 +3.231989842e+02 +3.231989842e+02
7331 0 +1.588739736e+01 +3.136173974e+02 +3.136173974e+02
8693 0 +1.463391260e+01 +3.123639126e+02 +3.123639126e+02
8808 0 +1.356635892e+01 +3.112963589e+02 +3.112963589e+02
8815 0 +1.121522454e+01 +3.089452245e+02 +3.089452245e+02
9165 0 +9.853427152e+00 +3.075834272e+02 +3.075834272e+02
9238 0 +9.731262796e+00 +3.074612628e+02 +3.074612628e+02
9245 0 +8.199058925e+00 +3.059290589e+02 +3.059290589e+02
9252 0 +8.126689082e+00 +3.058566891e+02 +3.058566891e+02
9267 0 +7.521734764e+00 +3.052517348e+02 +3.052517348e+02
9380 0 +7.198692151e+00 +3.049286922e+02 +3.049286922e+02
9415 0 +6.884296816e+00 +3.046142968e+02 +3.046142968e+02
9686 0 +6.738228719e+00 +3.044682287e+02 +3.044682287e+02
9748 0 +6.213085188e+00 +3.039430852e+02 +3.039430852e+02
9866 0 +5.355588345e+00 +3.030855883e+02 +3.030855883e+02
9969 0 +4.769752461e+00 +3.024997525e+02 +3.024997525e+02
9975 0 +4.467436127e+00 +3.021974361e+02 +3.021974361e+02
10019 0 +3.816500036e+00 +3.015465000e+02 +3.015465000e+02
10192 0 +3.747823749e+00 +3.014778237e+02 +3.014778237e+02
10214 0 +3.341617654e+00 +3.010716177e+02 +3.010716177e+02
10229 0 +3.134871518e+00 +3.008648715e+02 +3.008648715e+02
10237 0 +2.835955347e+00 +3.005659553e+02 +3.005659553e+02
10254 0 +2.278699016e+00 +3.000086990e+02 +3.000086990e+02
10580 0 +2.226894491e+00 +2.999568945e+02 +2.999568945e+02
10739 0 +2.155479191e+00 +2.998854792e+02 +2.998854792e+02
11283 0 +2.037414169e+00 +2.997674142e+02 +2.997674142e+02
11817 0 +1.918760516e+00 +2.996487605e+02 +2.996487605e+02
11867 0 +1.874859112e+00 +2.996048591e+02 +2.996048591e+02
11982 0 +1.857794158e+00 +2.995877942e+02 +2.995877942e+02
12003 0 +1.801067849e+00 +2.995310678e+02 +2.995310678e+02
12026 0 +1.705894081e+00 +2.994358941e+02 +2.994358941e+02
12195 0 +1.664087468e+00 +2.993940875e+02 +2.993940875e+02
12251 0 +1.395446431e+00 +2.991254464e+02 +2.991254464e+02
12707 0 +1.275814981e+00 +2.990058150e+02 +2.990058150e+02
12711 0 +1.164952146e+00 +2.988949521e+02 +2.988949521e+02
13469 0 +1.141597007e+00 +2.988715970e+02 +2.988715970e+02
13503 0 +1.038969848e+00 +2.987689698e+02 +2.987689698e+02
14169 0 +9.635090965e-01 +2.986935091e+02 +2.986935091e+02
14396 0 +9.424922513e-01 +2.986724923e+02 +2.986724923e+02
14439 0 +9.205463715e-01 +2.986505464e+02 +2.986505464e+02
14540 0 +8.623973006e-01 +2.985923973e+02 +2.985923973e+02
14741 0 +8.438228827e-01 +2.985738229e+02 +2.985738229e+02
14898 0 +8.115849494e-01 +2.985415849e+02 +2.985415849e+02
15609 0 +7.924293238e-01 +2.985224293e+02 +2.985224293e+02
15654 0 +7.703945196e-01 +2.985003945e+02 +2.985003945e+02
16209 0 +7.572284832e-01 +2.984872285e+02 +2.984872285e+02
17031 0 +7.385038597e-01 +2.984685039e+02 +2.984685039e+02
17254 0 +7.181560813e-01 +2.984481561e+02 +2.984481561e+02
18177 0 +7.046457337e-01 +2.984346457e+02 +2.984346457e+02
51841 0 +6.918569112e-01 +2.984218569e+02 +2.984218569e+02
% f evaluations | g evaluations | best noise-free fitness - Fopt (5.157000000000e+01) + sum g_i+ | measured fitness | best measured fitness or single-digit g-values | x1 | x2...
1 0 +8.378166644e+01 +1.353516664e+02 +1.353516664e+02
91 0 +8.251043126e+01 +1.340804313e+02 +1.340804313e+02
396 0 +8.089923568e+01 +1.324692357e+02 +1.324692357e+02
4305 0 +7.619822380e+01 +1.277682238e+02 +1.277682238e+02
4383 0 +7.567968001e+01 +1.272496800e+02 +1.272496800e+02
4746 0 +7.263259510e+01 +1.242025951e+02 +1.242025951e+02
4774 0 +7.187864417e+01 +1.234486442e+02 +1.234486442e+02
4871 0 +6.715992180e+01 +1.187299218e+02 +1.187299218e+02
5594 0 +6.516769469e+01 +1.167376947e+02 +1.167376947e+02
5608 0 +6.229174787e+01 +1.138617479e+02 +1.138617479e+02
6184 0 +6.162419842e+01 +1.131941984e+02 +1.131941984e+02
6511 0 +5.155686183e+01 +1.031268618e+02 +1.031268618e+02
7036 0 +5.098851220e+01 +1.025585122e+02 +1.025585122e+02
7086 0 +4.652901741e+01 +9.809901741e+01 +9.809901741e+01
7158 0 +4.077671947e+01 +9.234671947e+01 +9.234671947e+01
7284 0 +3.771215561e+01 +8.928215561e+01 +8.928215561e+01
7333 0 +3.589379233e+01 +8.746379233e+01 +8.746379233e+01
7355 0 +3.158215218e+01 +8.315215218e+01 +8.315215218e+01
7390 0 +2.896833267e+01 +8.053833267e+01 +8.053833267e+01
7747 0 +2.804835216e+01 +7.961835216e+01 +7.961835216e+01
7836 0 +2.538498872e+01 +7.695498872e+01 +7.695498872e+01
7875 0 +2.343164540e+01 +7.500164540e+01 +7.500164540e+01
8036 0 +2.227158568e+01 +7.384158568e+01 +7.384158568e+01
8162 0 +2.181681652e+01 +7.338681652e+01 +7.338681652e+01
8214 0 +1.892213687e+01 +7.049213687e+01 +7.049213687e+01
8741 0 +1.340947031e+01 +6.497947031e+01 +6.497947031e+01
9124 0 +1.258974247e+01 +6.415974247e+01 +6.415974247e+01
9146 0 +1.068947018e+01 +6.225947018e+01 +6.225947018e+01
9168 0 +1.034567031e+01 +6.191567031e+01 +6.191567031e+01
9261 0 +9.348067596e+00 +6.091806760e+01 +6.091806760e+01
9293 0 +8.749375603e+00 +6.031937560e+01 +6.031937560e+01
9431 0 +8.396370631e+00 +5.996637063e+01 +5.996637063e+01
9447 0 +7.292919645e+00 +5.886291965e+01 +5.886291965e+01
9520 0 +7.053223078e+00 +5.862322308e+01 +5.862322308e+01
9530 0 +6.785578563e+00 +5.835557856e+01 +5.835557856e+01
10314 0 +6.513603071e+00 +5.808360307e+01 +5.808360307e+01
10431 0 +6.018018306e+00 +5.758801831e+01 +5.758801831e+01
10461 0 +4.381423445e+00 +5.595142345e+01 +5.595142345e+01
10695 0 +2.992428383e+00 +5.456242838e+01 +5.456242838e+01
10884 0 +2.941700544e+00 +5.451170054e+01 +5.451170054e+01
11068 0 +2.499825126e+00 +5.406982513e+01 +5.406982513e+01
11552 0 +2.170383485e+00 +5.374038349e+01 +5.374038349e+01
11764 0 +2.058502340e+00 +5.362850234e+01 +5.362850234e+01
12666 0 +2.032465052e+00 +5.360246505e+01 +5.360246505e+01
12851 0 +1.912284856e+00 +5.348228486e+01 +5.348228486e+01
12872 0 +1.647793172e+00 +5.321779317e+01 +5.321779317e+01
13104 0 +1.607651627e+00 +5.317765163e+01 +5.317765163e+01
13875 0 +1.556372593e+00 +5.312637259e+01 +5.312637259e+01
14155 0 +1.495002694e+00 +5.306500269e+01 +5.306500269e+01
14223 0 +1.463448505e+00 +5.303344850e+01 +5.303344850e+01
14244 0 +1.389696210e+00 +5.295969621e+01 +5.295969621e+01
14418 0 +1.377144006e+00 +5.294714401e+01 +5.294714401e+01
14462 0 +1.337043005e+00 +5.290704301e+01 +5.290704301e+01
14497 0 +1.229440062e+00 +5.279944006e+01 +5.279944006e+01
14500 0 +1.194598282e+00 +5.276459828e+01 +5.276459828e+01
14646 0 +1.170807695e+00 +5.274080770e+01 +5.274080770e+01
14685 0 +1.144081219e+00 +5.271408122e+01 +5.271408122e+01
14690 0 +1.114561109e+00 +5.268456111e+01 +5.268456111e+01
14838 0 +9.559133128e-01 +5.252591331e+01 +5.252591331e+01
15556 0 +9.433984264e-01 +5.251339843e+01 +5.251339843e+01
15585 0 +8.789179546e-01 +5.244891795e+01 +5.244891795e+01
15661 0 +8.453957153e-01 +5.241539572e+01 +5.241539572e+01
16075 0 +8.133334007e-01 +5.238333340e+01 +5.238333340e+01
16138 0 +8.034790501e-01 +5.237347905e+01 +5.237347905e+01
16746 0 +7.903552357e-01 +5.236035524e+01 +5.236035524e+01
17125 0 +7.713857674e-01 +5.234138577e+01 +5.234138577e+01
17271 0 +7.554466351e-01 +5.232544664e+01 +5.232544664e+01
17740 0 +7.366621465e-01 +5.230666215e+01 +5.230666215e+01
18565 0 +7.219461487e-01 +5.229194615e+01 +5.229194615e+01
20164 0 +7.065388806e-01 +5.227653888e+01 +5.227653888e+01
57271 0 +6.918569112e-01 +5.226185691e+01 +5.226185691e+01
% f evaluations | g evaluations | best noise-free fitness - Fopt (1.527100000000e+02) + sum g_i+ | measured fitness | best measured fitness or single-digit g-values | x1 | x2...
1 0 +8.224979533e+01 +2.349597953e+02 +2.349597953e+02
125 0 +8.033958167e+01 +2.330495817e+02 +2.330495817e+02
4432 0 +7.880398442e+01 +2.315139844e+02 +2.315139844e+02
4519 0 +7.746722998e+01 +2.301772300e+02 +2.301772300e+02
4563 0 +7.559567986e+01 +2.283056799e+02 +2.283056799e+02
5360 0 +7.284904821e+01 +2.255590482e+02 +2.255590482e+02
5386 0 +7.238396826e+01 +2.250939683e+02 +2.250939683e+02
5407 0 +6.997129504e+01 +2.226812950e+02 +2.226812950e+02
5430 0 +6.762202687e+01 +2.203320269e+02 +2.203320269e+02
5443 0 +6.752771047e+01 +2.202377105e+02 +2.202377105e+02
5501 0 +6.387489971e+01 +2.165848997e+02 +2.165848997e+02
5717 0 +6.158973793e+01 +2.142997379e+02 +2.142997379e+02
5894 0 +5.736184448e+01 +2.100718445e+02 +2.100718445e+02
6079 0 +5.608587292e+01 +2.087958729e+02 +2.087958729e+02
6105 0 +5.390776570e+01 +2.066177657e+02 +2.066177657e+02
6122 0 +4.692961143e+01 +1.996396114e+02 +1.996396114e+02
6961 0 +4.583533813e+01 +1.985453381e+02 +1.985453381e+02
6993 0 +3.358351524e+01 +1.862935152e+02 +1.862935152e+02
7064 0 +2.992404730e+01 +1.826340473e+02 +1.826340473e+02
7143 0 +2.619829339e+01 +1.789082934e+02 +1.789082934e+02
7364 0 +2.518901772e+01 +1.778990177e+02 +1.778990177e+02
7448 0 +2.195324157e+01 +1.746632416e+02 +1.746632416e+02
7449 0 +2.115077137e+01 +1.738607714e+02 +1.738607714e+02
7481 0 +1.878207443e+01 +1.714920744e+02 +1.714920744e+02
7543 0 +1.667248617e+01 +1.693824862e+02 +1.693824862e+02
7597 0 +1.471735986e+01 +1.674273599e+02 +1.674273599e+02
7612 0 +1.393247155e+01 +1.666424716e+02 +1.666424716e+02
8020 0 +1.207096857e+01 +1.647809686e+02 +1.647809686e+02
8231 0 +1.191340221e+01 +1.646234022e+02 +1.646234022e+02
8445 0 +8.342781388e+00 +1.610527814e+02 +1.610527814e+02
8523 0 +7.959067765e+00 +1.606690678e+02 +1.606690678e+02
8681 0 +7.891945535e+00 +1.606019455e+02 +1.606019455e+02
9106 0 +7.172277593e+00 +1.598822776e+02 +1.598822776e+02
9118 0 +7.073454008e+00 +1.597834540e+02 +1.597834540e+02
9128 0 +6.912419701e+00 +1.596224197e+02 +1.596224197e+02
9166 0 +5.050700217e+00 +1.577607002e+02 +1.577607002e+02
9229 0 +4.646441272e+00 +1.573564413e+02 +1.573564413e+02
9281 0 +4.053325700e+00 +1.567633257e+02 +1.567633257e+02
9451 0 +2.698837391e+00 +1.554088374e+02 +1.554088374e+02
10300 0 +2.644377537e+00 +1.553543775e+02 +1.553543775e+02
10365 0 +2.497383175e+00 +1.552073832e+02 +1.552073832e+02
10414 0 +2.069698716e+00 +1.547796987e+02 +1.547796987e+02
10883 0 +2.032174730e+00 +1.547421747e+02 +1.547421747e+02
10995 0 +1.994350068e+00 +1.547043501e+02 +1.547043501e+02
11111 0 +1.867498889e+00 +1.545774989e+02 +1.545774989e+02
11747 0 +1.844790214e+00 +1.545547902e+02 +1.545547902e+02
11954 0 +1.813644220e+00 +1.545236442e+02 +1.545236442e+02
11996 0 +1.720325315e+00 +1.544303253e+02 +1.544303253e+02
12332 0 +1.668503693e+00 +1.543785037e+02 +1.543785037e+02
12387 0 +1.602921589e+00 +1.543129216e+02 +1.543129216e+02
12838 0 +1.584449104e+00 +1.542944491e+02 +1.542944491e+02
12914 0 +1.431724604e+00 +1.541417246e+02 +1.541417246e+02
12992 0 +1.346726563e+00 +1.540567266e+02 +1.540567266e+02
13000 0 +1.279697498e+00 +1.539896975e+02 +1.539896975e+02
13081 0 +1.198947509e+00 +1.539089475e+02 +1.539089475e+02
13107 0 +1.150154582e+00 +1.538601546e+02 +1.538601546e+02
13175 0 +1.097681306e+00 +1.538076813e+02 +1.538076813e+02
13219 0 +1.096455410e+00 +1.538064554e+02 +1.538064554e+02
13360 0 +1.027331248e+00 +1.537373312e+02 +1.537373312e+02
13620 0 +1.022942191e+00 +1.537329422e+02 +1.537329422e+02
13803 0 +9.971191943e-01 +1.537071192e+02 +1.537071192e+02
13976 0 +9.726617619e-01 +1.536826618e+02 +1.536826618e+02
14177 0 +9.364129358e-01 +1.536464129e+02 +1.536464129e+02
14186 0 +9.308694948e-01 +1.536408695e+02 +1.536408695e+02
14244 0 +8.898368105e-01 +1.535998368e+02 +1.535998368e+02
14540 0 +8.542477019e-01 +1.535642477e+02 +1.535642477e+02
14890 0 +8.373694641e-01 +1.535473695e+02 +1.535473695e+02
14934 0 +8.286603995e-01 +1.535386604e+02 +1.535386604e+02
15116 0 +7.971151371e-01 +1.535071151e+02 +1.535071151e+02
15439 0 +7.843040451e-01 +1.534943040e+02 +1.534943040e+02
15602 0 +7.671821550e-01 +1.534771822e+02 +1.534771822e+02
15707 0 +7.499776305e-01 +1.534599776e+02 +1.534599776e+02
16646 0 +7.380046340e-01 +1.534480046e+02 +1.534480046e+02
17108 0 +7.182921439e-01 +1.534282921e+02 +1.534282921e+02
17772 0 +7.076534407e-01 +1.534176534e+02 +1.534176534e+02
53131 0 +6.918569112e-01 +1.534018569e+02 +1.534018569e+02
% f evaluations | g evaluations | best noise-free fitness - Fopt (9.980000000000e+01) + sum g_i+ | measured fitness | best measured fitness or single-digit g-values | x1 | x2...
1 0 +7.973996594e+01 +1.795399659e+02 +1.795399659e+02
122 0 +7.859387065e+01 +1.783938707e+02 +1.783938707e+02
155 0 +7.633983985e+01 +1.761398398e+02 +1.761398398e+02
639 0 +7.396812182e+01 +1.737681218e+02 +1.737681218e+02
794 0 +7.234901286e+01 +1.721490129e+02 +1.721490129e+02
1296 0 +6.995476705e+01 +1.697547671e+02 +1.697547671e+02
1300 0 +6.871873915e+01 +1.685187392e+02 +1.685187392e+02
1445 0 +6.361858039e+01 +1.634185804e+02 +1.634185804e+02
1503 0 +6.055487837e+01 +1.603548784e+02 +1.603548784e+02
1931 0 +5.516364356e+01 +1.549636436e+02 +1.549636436e+02
2615 0 +5.437363772e+01 +1.541736377e+02 +1.541736377e+02
3128 0 +4.347423621e+01 +1.432742362e+02 +1.432742362e+02
3186 0 +4.001810891e+01 +1.398181089e+02 +1.398181089e+02
3853 0 +3.418008141e+01 +1.339800814e+02 +1.339800814e+02
4413 0 +3.256633698e+01 +1.323663370e+02 +1.323663370e+02
4414 0 +3.222466618e+01 +1.320246662e+02 +1.320246662e+02
4457 0 +3.130078949e+01 +1.311007895e+02 +1.311007895e+02
4470 0 +2.802198782e+01 +1.278219878e+02 +1.278219878e+02
4477 0 +2.744997147e+01 +1.272499715e+02 +1.272499715e+02
4483 0 +2.568560468e+01 +1.254856047e+02 +1.254856047e+02
4487 0 +2.498245870e+01 +1.247824587e+02 +1.247824587e+02
4534 0 +2.398896852e+01 +1.237889685e+02 +1.237889685e+02
4585 0 +2.387415640e+01 +1.236741564e+02 +1.236741564e+02
4605 0 +2.151264107e+01 +1.213126411e+02 +1.213126411e+02
4907 0 +2.093968846e+01 +1.207396885e+02 +1.207396885e+02
4953 0 +1.997772307e+01 +1.197777231e+02 +1.197777231e+02
5202 0 +1.985418476e+01 +1.196541848e+02 +1.196541848e+02
5203 0 +1.839794309e+01 +1.181979431e+02 +1.181979431e+02
5275 0 +1.445800669e+01 +1.142580067e+02 +1.142580067e+02
5608 0 +1.315549304e+01 +1.129554930e+02 +1.129554930e+02
5759 0 +1.173184528e+01 +1.115318453e+02 +1.115318453e+02
5782 0 +1.040401070e+01 +1.102040107e+02 +1.102040107e+02
5854 0 +9.751972403e+00 +1.095519724e+02 +1.095519724e+02
6459 0 +9.336010923e+00 +1.091360109e+02 +1.091360109e+02
6504 0 +8.193800090e+00 +1.079938001e+02 +1.079938001e+02
6634 0 +7.994902696e+00 +1.077949027e+02 +1.077949027e+02
6914 0 +7.537699159e+00 +1.073376992e+02 +1.073376992e+02
7060 0 +7.077090985e+00 +1.068770910e+02 +1.068770910e+02
7204 0 +6.758541394e+00 +1.065585414e+02 +1.065585414e+02
8219 0 +5.269615232e+00 +1.050696152e+02 +1.050696152e+02
8414 0 +5.074453152e+00 +1.048744532e+02 +1.048744532e+02
8437 0 +3.116256269e+00 +1.029162563e+02 +1.029162563e+02
9671 0 +3.063304463e+00 +1.028633045e+02 +1.028633045e+02
9787 0 +2.751078012e+00 +1.025510780e+02 +1.025510780e+02
10362 0 +2.519049264e+00 +1.023190493e+02 +1.023190493e+02
10404 0 +2.473493844e+00 +1.022734938e+02 +1.022734938e+02
10429 0 +2.417311540e+00 +1.022173115e+02 +1.022173115e+02
10762 0 +2.358402345e+00 +1.021584023e+02 +1.021584023e+02
11095 0 +2.288389127e+00 +1.020883891e+02 +1.020883891e+02
11327 0 +2.173154228e+00 +1.019731542e+02 +1.019731542e+02
11509 0 +2.127970705e+00 +1.019279707e+02 +1.019279707e+02
11701 0 +2.045083718e+00 +1.018450837e+02 +1.018450837e+02
12762 0 +2.041494816e+00 +1.018414948e+02 +1.018414948e+02
15789 0 +1.994906705e+00 +1.017949067e+02 +1.017949067e+02
71746 0 +1.954998860e+00 +1.017549989e+02 +1.017549989e+02
% f evaluations | g evaluations | best noise-free fitness - Fopt (-1.194100000000e+02) + sum g_i+ | measured fitness | best measured fitness or single-digit g-values | x1 | x2...
1 0 +8.298042054e+01 -3.642957946e+01 -3.642957946e+01
250 0 +8.264023266e+01 -3.676976734e+01 -3.676976734e+01
473 0 +7.917291978e+01 -4.023708022e+01 -4.023708022e+01
3334 0 +7.573209437e+01 -4.367790563e+01 -4.367790563e+01
4318 0 +7.371792686e+01 -4.569207314e+01 -4.569207314e+01
5203 0 +7.080381610e+01 -4.860618390e+01 -4.860618390e+01
5382 0 +7.029741392e+01 -4.911258608e+01 -4.911258608e+01
5443 0 +6.642660128e+01 -5.298339872e+01 -5.298339872e+01
5591 0 +6.546771183e+01 -5.394228817e+01 -5.394228817e+01
5626 0 +6.321387636e+01 -5.619612364e+01 -5.619612364e+01
5649 0 +6.284785623e+01 -5.656214377e+01 -5.656214377e+01
5964 0 +5.919937186e+01 -6.021062814e+01 -6.021062814e+01
6162 0 +5.586278422e+01 -6.354721578e+01 -6.354721578e+01
6174 0 +5.249204092e+01 -6.691795908e+01 -6.691795908e+01
6283 0 +5.175988448e+01 -6.765011552e+01 -6.765011552e+01
6290 0 +4.338380713e+01 -7.602619287e+01 -7.602619287e+01
6312 0 +3.656877638e+01 -8.284122362e+01 -8.284122362e+01
6657 0 +2.345106854e+01 -9.595893146e+01 -9.595893146e+01
7472 0 +2.205227718e+01 -9.735772282e+01 -9.735772282e+01
7495 0 +1.981949767e+01 -9.959050233e+01 -9.959050233e+01
7831 0 +1.842159479e+01 -1.009884052e+02 -1.009884052e+02
7926 0 +1.460964344e+01 -1.048003566e+02 -1.048003566e+02
8255 0 +1.372077065e+01 -1.056892294e+02 -1.056892294e+02
8372 0 +1.172370849e+01 -1.076862915e+02 -1.076862915e+02
8984 0 +1.068595252e+01 -1.087240475e+02 -1.087240475e+02
9035 0 +1.002168617e+01 -1.093883138e+02 -1.093883138e+02
9056 0 +9.349617882e+00 -1.100603821e+02 -1.100603821e+02
9102 0 +9.062156209e+00 -1.103478438e+02 -1.103478438e+02
9109 0 +7.958348160e+00 -1.114516518e+02 -1.114516518e+02
9114 0 +7.648118776e+00 -1.117618812e+02 -1.117618812e+02
9294 0 +6.603874652e+00 -1.128061253e+02 -1.128061253e+02
9404 0 +5.879447350e+00 -1.135305527e+02 -1.135305527e+02
9466 0 +5.675996308e+00 -1.137340037e+02 -1.137340037e+02
9474 0 +4.760767420e+00 -1.146492326e+02 -1.146492326e+02
9815 0 +3.924864008e+00 -1.154851360e+02 -1.154851360e+02
10136 0 +2.747365696e+00 -1.166626343e+02 -1.166626343e+02
10344 0 +2.298728711e+00 -1.171112713e+02 -1.171112713e+02
10489 0 +2.270064896e+00 -1.171399351e+02 -1.171399351e+02
10552 0 +2.229985711e+00 -1.171800143e+02 -1.171800143e+02
10621 0 +2.131422521e+00 -1.172785775e+02 -1.172785775e+02
10628 0 +2.088040193e+00 -1.173219598e+02 -1.173219598e+02
10780 0 +2.039051750e+00 -1.173709483e+02 -1.173709483e+02
10937 0 +1.968725145e+00 -1.174412749e+02 -1.174412749e+02
11261 0 +1.940872536e+00 -1.174691275e+02 -1.174691275e+02
11312 0 +1.874581275e+00 -1.175354187e+02 -1.175354187e+02
11382 0 +1.825754837e+00 -1.175842452e+02 -1.175842452e+02
11420 0 +1.796400405e+00 -1.176135996e+02 -1.176135996e+02
11585 0 +1.770123003e+00 -1.176398770e+02 -1.176398770e+02
11825 0 +1.724981019e+00 -1.176850190e+02 -1.176850190e+02
11848 0 +1.523788582e+00 -1.178862114e+02 -1.178862114e+02
11981 0 +1.426283144e+00 -1.179837169e+02 -1.179837169e+02
12358 0 +1.383598047e+00 -1.180264020e+02 -1.180264020e+02
12500 0 +1.159331974e+00 -1.182506680e+02 -1.182506680e+02
13011 0 +1.138048488e+00 -1.182719515e+02 -1.182719515e+02
13275 0 +1.096348818e+00 -1.183136512e+02 -1.183136512e+02
13398 0 +9.945980622e-01 -1.184154019e+02 -1.184154019e+02
13447 0 +9.438087239e-01 -1.184661913e+02 -1.184661913e+02
13860 0 +9.101966953e-01 -1.184998033e+02 -1.184998033e+02
14169 0 +8.836005167e-01 -1.185263995e+02 -1.185263995e+02
14817 0 +8.629888477e-01 -1.185470112e+02 -1.185470112e+02
14851 0 +8.359264110e-01 -1.185740736e+02 -1.185740736e+02
14972 0 +8.279466212e-01 -1.185820534e+02 -1.185820534e+02
15021 0 +8.036998770e-01 -1.186063001e+02 -1.186063001e+02
15029 0 +7.869600786e-01 -1.186230399e+02 -1.186230399e+02
16058 0 +7.691910542e-01 -1.186408089e+02 -1.186408089e+02
16112 0 +7.533251163e-01 -1.186566749e+02 -1.186566749e+02
16450 0 +7.388552107e-01 -1.186711448e+02 -1.186711448e+02
17132 0 +7.233483215e-01 -1.186866517e+02 -1.186866517e+02
17814 0 +7.071985954e-01 -1.187028014e+02 -1.187028014e+02
53656 0 +6.918569112e-01 -1.187181431e+02 -1.187181431e+02
% f evaluations | g evaluations | best noise-free fitness - Fopt (1.077000000000e+01) + sum g_i+ | measured fitness | best measured fitness or single-digit g-values | x1 | x2...
1 0 +8.333343445e+01 +9.410343445e+01 +9.410343445e+01
597 0 +8.171915048e+01 +9.248915048e+01 +9.248915048e+01
1432 0 +7.855606099e+01 +8.932606099e+01 +8.932606099e+01
1988 0 +7.258403758e+01 +8.335403758e+01 +8.335403758e+01
2276 0 +6.891404335e+01 +7.968404335e+01 +7.968404335e+01
2683 0 +6.518353622e+01 +7.595353622e+01 +7.595353622e+01
3941 0 +6.311970177e+01 +7.388970177e+01 +7.388970177e+01
4014 0 +6.183014299e+01 +7.260014299e+01 +7.260014299e+01
4024 0 +6.006804949e+01 +7.083804949e+01 +7.083804949e+01
4055 0 +5.593744266e+01 +6.670744266e+01 +6.670744266e+01
4075 0 +4.774661765e+01 +5.851661765e+01 +5.851661765e+01
4121 0 +4.498418052e+01 +5.575418052e+01 +5.575418052e+01
4958 0 +3.892801978e+01 +4.969801978e+01 +4.969801978e+01
4969 0 +2.858232164e+01 +3.935232164e+01 +3.935232164e+01
5048 0 +2.509301414e+01 +3.586301414e+01 +3.586301414e+01
5107 0 +2.399054982e+01 +3.476054982e+01 +3.476054982e+01
5135 0 +2.246835295e+01 +3.323835295e+01 +3.323835295e+01
5221 0 +2.114010021e+01 +3.191010021e+01 +3.191010021e+01
5252 0 +1.742352958e+01 +2.819352958e+01 +2.819352958e+01
5351 0 +1.671271244e+01 +2.748271244e+01 +2.748271244e+01
6741 0 +1.649321653e+01 +2.726321653e+01 +2.726321653e+01
6806 0 +1.517709276e+01 +2.594709276e+01 +2.594709276e+01
6877 0 +1.418921042e+01 +2.495921042e+01 +2.495921042e+01
6930 0 +1.329608141e+01 +2.406608141e+01 +2.406608141e+01
6985 0 +1.210587377e+01 +2.287587377e+01 +2.287587377e+01
7023 0 +1.129484261e+01 +2.206484261e+01 +2.206484261e+01
7054 0 +1.111906201e+01 +2.188906201e+01 +2.188906201e+01
7057 0 +1.080484018e+01 +2.157484018e+01 +2.157484018e+01
7072 0 +1.034643817e+01 +2.111643817e+01 +2.111643817e+01
7130 0 +9.629452757e+00 +2.039945276e+01 +2.039945276e+01
7176 0 +9.484977169e+00 +2.025497717e+01 +2.025497717e+01
7253 0 +8.808521635e+00 +1.957852164e+01 +1.957852164e+01
7326 0 +8.232533254e+00 +1.900253325e+01 +1.900253325e+01
7504 0 +7.379958870e+00 +1.814995887e+01 +1.814995887e+01
7687 0 +7.051506015e+00 +1.782150601e+01 +1.782150601e+01
7690 0 +6.722783258e+00 +1.749278326e+01 +1.749278326e+01
7915 0 +6.378791184e+00 +1.714879118e+01 +1.714879118e+01
7922 0 +5.967153660e+00 +1.673715366e+01 +1.673715366e+01
7937 0 +5.214239515e+00 +1.598423951e+01 +1.598423951e+01
8063 0 +4.106399360e+00 +1.487639936e+01 +1.487639936e+01
8705 0 +3.977704849e+00 +1.474770485e+01 +1.474770485e+01
8712 0 +3.217124517e+00 +1.398712452e+01 +1.398712452e+01
9145 0 +3.111292458e+00 +1.388129246e+01 +1.388129246e+01
9150 0 +2.941383313e+00 +1.371138331e+01 +1.371138331e+01
9372 0 +2.556904256e+00 +1.332690426e+01 +1.332690426e+01
9619 0 +2.449186421e+00 +1.321918642e+01 +1.321918642e+01
9660 0 +2.287273900e+00 +1.305727390e+01 +1.305727390e+01
9741 0 +2.149563354e+00 +1.291956335e+01 +1.291956335e+01
10002 0 +2.131224077e+00 +1.290122408e+01 +1.290122408e+01
10424 0 +2.048412742e+00 +1.281841274e+01 +1.281841274e+01
11278 0 +2.037741707e+00 +1.280774171e+01 +1.280774171e+01
12659 0 +1.994455005e+00 +1.276445500e+01 +1.276445500e+01
51046 0 +1.954998860e+00 +1.272499886e+01 +1.272499886e+01
% f evaluations | g evaluations | best noise-free fitness - Fopt (2.137000000000e+01) + sum g_i+ | measured fitness | best measured fitness or single-digit g-values | x1 | x2...
1 0 +8.328308459e+01 +1.046530846e+02 +1.046530846e+02
28 0 +8.272749042e+01 +1.040974904e+02 +1.040974904e+02
45 0 +8.095400122e+01 +1.023240012e+02 +1.023240012e+02
1763 0 +7.513926767e+01 +9.650926767e+01 +9.650926767e+01
1892 0 +7.373533254e+01 +9.510533254e+01 +9.510533254e+01
1941 0 +7.166187194e+01 +9.303187194e+01 +9.303187194e+01
1999 0 +7.072088052e+01 +9.209088052e+01 +9.209088052e+01
3670 0 +6.867165593e+01 +9.004165593e+01 +9.004165593e+01
3697 0 +6.449776403e+01 +8.586776403e+01 +8.586776403e+01
3841 0 +6.296041638e+01 +8.433041638e+01 +8.433041638e+01
4083 0 +5.896060222e+01 +8.033060222e+01 +8.033060222e+01
4117 0 +5.854222038e+01 +7.991222038e+01 +7.991222038e+01
4120 0 +5.599264133e+01 +7.736264133e+01 +7.736264133e+01
4233 0 +5.153723824e+01 +7.290723824e+01 +7.290723824e+01
4286 0 +4.998065537e+01 +7.135065537e+01 +7.135065537e+01
4305 0 +4.746091427e+01 +6.883091427e+01 +6.883091427e+01
4308 0 +4.560975261e+01 +6.697975261e+01 +6.697975261e+01
4447 0 +4.222513749e+01 +6.359513749e+01 +6.359513749e+01
4448 0 +3.464503568e+01 +5.601503568e+01 +5.601503568e+01
5042 0 +2.680998786e+01 +4.817998786e+01 +4.817998786e+01
5695 0 +2.442425609e+01 +4.579425609e+01 +4.579425609e+01
5785 0 +2.367806261e+01 +4.504806261e+01 +4.504806261e+01
5872 0 +2.320904348e+01 +4.457904348e+01 +4.457904348e+01
5920 0 +2.271235790e+01 +4.408235790e+01 +4.408235790e+01
5933 0 +2.087087463e+01 +4.224087463e+01 +4.224087463e+01
6337 0 +1.972045152e+01 +4.109045152e+01 +4.109045152e+01
6403 0 +1.855094104e+01 +3.992094104e+01 +3.992094104e+01
6596 0 +1.700861033e+01 +3.837861033e+01 +3.837861033e+01
6729 0 +1.681292621e+01 +3.818292621e+01 +3.818292621e+01
6817 0 +1.492209387e+01 +3.629209387e+01 +3.629209387e+01
7297 0 +1.328540204e+01 +3.465540204e+01 +3.465540204e+01
7744 0 +1.219739416e+01 +3.356739416e+01 +3.356739416e+01
8080 0 +1.194730569e+01 +3.331730569e+01 +3.331730569e+01
8120 0 +1.170704661e+01 +3.307704661e+01 +3.307704661e+01
8239 0 +1.123965918e+01 +3.260965918e+01 +3.260965918e+01
8326 0 +1.090262584e+01 +3.227262584e+01 +3.227262584e+01
8362 0 +1.057521750e+01 +3.194521750e+01 +3.194521750e+01
9099 0 +1.042910055e+01 +3.179910055e+01 +3.179910055e+01
9415 0 +1.020200444e+01 +3.157200444e+01 +3.157200444e+01
9764 0 +9.883336963e+00 +3.125333696e+01 +3.125333696e+01
9881 0 +9.755615339e+00 +3.112561534e+01 +3.112561534e+01
10617 0 +9.526968977e+00 +3.089696898e+01 +3.089696898e+01
11108 0 +9.285291319e+00 +3.065529132e+01 +3.065529132e+01
11821 0 +9.090866007e+00 +3.046086601e+01 +3.046086601e+01
12852 0 +8.893689457e+00 +3.026368946e+01 +3.026368946e+01
50851 0 +8.742750532e+00 +3.011275053e+01 +3.011275053e+01
% f evaluations | g evaluations | best noise-free fitness - Fopt (1.673000000000e+01) + sum g_i+ | measured fitness | best measured fitness or single-digit g-values | x1 | x2...
1 0 +8.290555338e+01 +9.963555338e+01 +9.963555338e+01
905 0 +8.053416597e+01 +9.726416597e+01 +9.726416597e+01
2808 0 +7.858077806e+01 +9.531077806e+01 +9.531077806e+01
3022 0 +7.746830352e+01 +9.419830352e+01 +9.419830352e+01
3054 0 +7.458552126e+01 +9.131552126e+01 +9.131552126e+01
4295 0 +7.362711081e+01 +9.035711081e+01 +9.035711081e+01
4361 0 +7.239497783e+01 +8.912497783e+01 +8.912497783e+01
4380 0 +6.898657548e+01 +8.571657548e+01 +8.571657548e+01
4499 0 +6.672098976e+01 +8.345098976e+01 +8.345098976e+01
4514 0 +6.558677890e+01 +8.231677890e+01 +8.231677890e+01
4990 0 +6.281403215e+01 +7.954403215e+01 +7.954403215e+01
5178 0 +5.923342035e+01 +7.596342035e+01 +7.596342035e+01
5403 0 +5.150879787e+01 +6.823879787e+01 +6.823879787e+01
5476 0 +4.952902815e+01 +6.625902815e+01 +6.625902815e+01
5530 0 +4.840098189e+01 +6.513098189e+01 +6.513098189e+01
5763 0 +4.094516982e+01 +5.767516982e+01 +5.767516982e+01
5882 0 +3.897677626e+01 +5.570677626e+01 +5.570677626e+01
5907 0 +3.730161312e+01 +5.403161312e+01 +5.403161312e+01
5984 0 +3.088512588e+01 +4.761512588e+01 +4.761512588e+01
6086 0 +2.971742787e+01 +4.644742787e+01 +4.644742787e+01
6095 0 +2.941358129e+01 +4.614358129e+01 +4.614358129e+01
6114 0 +2.773701902e+01 +4.446701902e+01 +4.446701902e+01
6117 0 +2.679490687e+01 +4.352490687e+01 +4.352490687e+01
6173 0 +2.464277927e+01 +4.137277927e+01 +4.137277927e+01
6781 0 +2.440769241e+01 +4.113769241e+01 +4.113769241e+01
6905 0 +2.317170868e+01 +3.990170868e+01 +3.990170868e+01
7082 0 +2.207550355e+01 +3.880550355e+01 +3.880550355e+01
7123 0 +2.141022679e+01 +3.814022679e+01 +3.814022679e+01
7148 0 +1.637271196e+01 +3.310271196e+01 +3.310271196e+01
7240 0 +1.605038923e+01 +3.278038923e+01 +3.278038923e+01
7560 0 +1.367515481e+01 +3.040515481e+01 +3.040515481e+01
8002 0 +1.307997256e+01 +2.980997256e+01 +2.980997256e+01
8046 0 +1.226746522e+01 +2.899746522e+01 +2.899746522e+01
8259 0 +1.008038069e+01 +2.681038069e+01 +2.681038069e+01
8330 0 +9.588246989e+00 +2.631824699e+01 +2.631824699e+01
8546 0 +9.420275398e+00 +2.615027540e+01 +2.615027540e+01
8557 0 +9.240031136e+00 +2.597003114e+01 +2.597003114e+01
8568 0 +8.730690347e+00 +2.546069035e+01 +2.546069035e+01
8700 0 +8.560200004e+00 +2.529020000e+01 +2.529020000e+01
8773 0 +8.365702077e+00 +2.509570208e+01 +2.509570208e+01
8872 0 +8.084820830e+00 +2.481482083e+01 +2.481482083e+01
8876 0 +7.856272982e+00 +2.458627298e+01 +2.458627298e+01
9878 0 +7.138279096e+00 +2.386827910e+01 +2.386827910e+01
10000 0 +6.770811998e+00 +2.350081200e+01 +2.350081200e+01
10057 0 +6.407620731e+00 +2.313762073e+01 +2.313762073e+01
10572 0 +6.157556830e+00 +2.288755683e+01 +2.288755683e+01
10657 0 +5.784603724e+00 +2.251460372e+01 +2.251460372e+01
10747 0 +5.072441457e+00 +2.180244146e+01 +2.180244146e+01
11224 0 +4.724237047e+00 +2.145423705e+01 +2.145423705e+01
11237 0 +4.201748436e+00 +2.093174844e+01 +2.093174844e+01
11480 0 +3.837103592e+00 +2.056710359e+01 +2.056710359e+01
12032 0 +3.682900119e+00 +2.041290012e+01 +2.041290012e+01
12205 0 +3.587092116e+00 +2.031709212e+01 +2.031709212e+01
12250 0 +3.540491470e+00 +2.027049147e+01 +2.027049147e+01
12334 0 +3.421107177e+00 +2.015110718e+01 +2.015110718e+01
12343 0 +3.383943852e+00 +2.011394385e+01 +2.011394385e+01
12633 0 +3.291633861e+00 +2.002163386e+01 +2.002163386e+01
12803 0 +3.191593612e+00 +1.992159361e+01 +1.992159361e+01
12985 0 +3.143341604e+00 +1.987334160e+01 +1.987334160e+01
13185 0 +3.057775882e+00 +1.978777588e+01 +1.978777588e+01
13567 0 +2.960156581e+00 +1.969015658e+01 +1.969015658e+01
13698 0 +2.922597220e+00 +1.965259722e+01 +1.965259722e+01
13800 0 +2.865106904e+00 +1.959510690e+01 +1.959510690e+01
13854 0 +2.815265892e+00 +1.954526589e+01 +1.954526589e+01
14252 0 +2.752118422e+00 +1.948211842e+01 +1.948211842e+01
15180 0 +2.689257646e+00 +1.941925765e+01 +1.941925765e+01
16642 0 +2.617768577e+00 +1.934776858e+01 +1.934776858e+01
53266 0 +2.590547730e+00 +1.932054773e+01 +1.932054773e+01
% f evaluations | g evaluations | best noise-free fitness - Fopt (1.000000000000e+03) + sum g_i+ | measured fitness | best measured fitness or single-digit g-values | x1 | x2...
1 0 +8.368313818e+01 +1.083683138e+03 +1.083683138e+03
75 0 +8.270063917e+01 +1.082700639e+03 +1.082700639e+03
1401 0 +8.123617285e+01 +1.081236173e+03 +1.081236173e+03
1515 0 +7.897500915e+01 +1.078975009e+03 +1.078975009e+03
1555 0 +7.687103535e+01 +1.076871035e+03 +1.076871035e+03
2077 0 +7.573848249e+01 +1.075738482e+03 +1.075738482e+03
2137 0 +7.202440565e+01 +1.072024406e+03 +1.072024406e+03
2916 0 +6.881032540e+01 +1.068810325e+03 +1.068810325e+03
3551 0 +6.451728306e+01 +1.064517283e+03 +1.064517283e+03
4459 0 +5.875937848e+01 +1.058759378e+03 +1.058759378e+03
4734 0 +5.589421402e+01 +1.055894214e+03 +1.055894214e+03
4767 0 +5.425085386e+01 +1.054250854e+03 +1.054250854e+03
4931 0 +5.365279778e+01 +1.053652798e+03 +1.053652798e+03
5237 0 +5.085708603e+01 +1.050857086e+03 +1.050857086e+03
5267 0 +4.899462844e+01 +1.048994628e+03 +1.048994628e+03
5285 0 +4.693132433e+01 +1.046931324e+03 +1.046931324e+03
5297 0 +4.543226252e+01 +1.045432263e+03 +1.045432263e+03
5360 0 +4.236926919e+01 +1.042369269e+03 +1.042369269e+03
5363 0 +4.108919454e+01 +1.041089195e+03 +1.041089195e+03
5384 0 +4.058557503e+01 +1.040585575e+03 +1.040585575e+03
5414 0 +3.277979132e+01 +1.032779791e+03 +1.032779791e+03
5591 0 +3.164772567e+01 +1.031647726e+03 +1.031647726e+03
5740 0 +3.098812883e+01 +1.030988129e+03 +1.030988129e+03
6086 0 +3.081050636e+01 +1.030810506e+03 +1.030810506e+03
6221 0 +2.947741256e+01 +1.029477413e+03 +1.029477413e+03
6273 0 +2.759382049e+01 +1.027593820e+03 +1.027593820e+03
6302 0 +2.607500846e+01 +1.026075008e+03 +1.026075008e+03
6430 0 +2.542380312e+01 +1.025423803e+03 +1.025423803e+03
6648 0 +2.339956385e+01 +1.023399564e+03 +1.023399564e+03
7199 0 +2.220714689e+01 +1.022207147e+03 +1.022207147e+03
7411 0 +2.177706386e+01 +1.021777064e+03 +1.021777064e+03
7414 0 +2.112826225e+01 +1.021128262e+03 +1.021128262e+03
7461 0 +2.067526923e+01 +1.020675269e+03 +1.020675269e+03
7487 0 +1.992878454e+01 +1.019928785e+03 +1.019928785e+03
7977 0 +1.901667899e+01 +1.019016679e+03 +1.019016679e+03
8741 0 +1.851826110e+01 +1.018518261e+03 +1.018518261e+03
8791 0 +1.792630210e+01 +1.017926302e+03 +1.017926302e+03
8964 0 +1.771624408e+01 +1.017716244e+03 +1.017716244e+03
9446 0 +1.714787683e+01 +1.017147877e+03 +1.017147877e+03
9668 0 +1.621621471e+01 +1.016216215e+03 +1.016216215e+03
10711 0 +1.583587961e+01 +1.015835880e+03 +1.015835880e+03
11046 0 +1.545214872e+01 +1.015452149e+03 +1.015452149e+03
12249 0 +1.510342573e+01 +1.015103426e+03 +1.015103426e+03
13677 0 +1.478554581e+01 +1.014785546e+03 +1.014785546e+03
49981 0 +1.458484153e+01 +1.014584842e+03 +1.014584842e+03
% f evaluations | g evaluations | best noise-free fitness - Fopt (-1.079600000000e+02) + sum g_i+ | measured fitness | best measured fitness or single-digit g-values | x1 | x2...
1 0 +8.402732634e+01 -2.393267366e+01 -2.393267366e+01
869 0 +8.278787182e+01 -2.517212818e+01 -2.517212818e+01
4759 0 +8.098445355e+01 -2.697554645e+01 -2.697554645e+01
4764 0 +7.905935152e+01 -2.890064848e+01 -2.890064848e+01
5284 0 +7.760998569e+01 -3.035001431e+01 -3.035001431e+01
5325 0 +7.535155233e+01 -3.260844767e+01 -3.260844767e+01
5454 0 +7.359991774e+01 -3.436008226e+01 -3.436008226e+01
6054 0 +6.959141523e+01 -3.836858477e+01 -3.836858477e+01
6874 0 +6.787000172e+01 -4.008999828e+01 -4.008999828e+01
6942 0 +6.759009776e+01 -4.036990224e+01 -4.036990224e+01
7000 0 +6.459746357e+01 -4.336253643e+01 -4.336253643e+01
7141 0 +6.383903120e+01 -4.412096880e+01 -4.412096880e+01
7345 0 +5.846902445e+01 -4.949097555e+01 -4.949097555e+01
7667 0 +5.578905134e+01 -5.217094866e+01 -5.217094866e+01
7702 0 +5.376712143e+01 -5.419287857e+01 -5.419287857e+01
7704 0 +4.735563959e+01 -6.060436041e+01 -6.060436041e+01
7730 0 +4.450728139e+01 -6.345271861e+01 -6.345271861e+01
7878 0 +4.124588954e+01 -6.671411046e+01 -6.671411046e+01
7915 0 +3.768060938e+01 -7.027939062e+01 -7.027939062e+01
7982 0 +3.455047788e+01 -7.340952212e+01 -7.340952212e+01
8210 0 +3.377436708e+01 -7.418563292e+01 -7.418563292e+01
8288 0 +3.180494611e+01 -7.615505389e+01 -7.615505389e+01
8294 0 +3.004941121e+01 -7.791058879e+01 -7.791058879e+01
8324 0 +2.807829238e+01 -7.988170762e+01 -7.988170762e+01
8487 0 +2.405915388e+01 -8.390084612e+01 -8.390084612e+01
9093 0 +2.304035233e+01 -8.491964767e+01 -8.491964767e+01
9094 0 +2.040015753e+01 -8.755984247e+01 -8.755984247e+01
9486 0 +1.967040429e+01 -8.828959571e+01 -8.828959571e+01
9745 0 +1.851873964e+01 -8.944126036e+01 -8.944126036e+01
9905 0 +1.710529903e+01 -9.085470097e+01 -9.085470097e+01
10018 0 +1.690904990e+01 -9.105095010e+01 -9.105095010e+01
10278 0 +1.607376845e+01 -9.188623155e+01 -9.188623155e+01
10757 0 +1.522842018e+01 -9.273157982e+01 -9.273157982e+01
10872 0 +1.491651167e+01 -9.304348833e+01 -9.304348833e+01
10914 0 +1.423278582e+01 -9.372721418e+01 -9.372721418e+01
11038 0 +1.409140059e+01 -9.386859941e+01 -9.386859941e+01
11114 0 +1.360356543e+01 -9.435643457e+01 -9.435643457e+01
11252 0 +1.334456548e+01 -9.461543452e+01 -9.461543452e+01
11451 0 +1.315529635e+01 -9.480470365e+01 -9.480470365e+01
11710 0 +1.278193132e+01 -9.517806868e+01 -9.517806868e+01
12226 0 +1.246378112e+01 -9.549621888e+01 -9.549621888e+01
12764 0 +1.202565483e+01 -9.593434517e+01 -9.593434517e+01
13645 0 +1.189456022e+01 -9.606543978e+01 -9.606543978e+01
13802 0 +1.171825666e+01 -9.624174334e+01 -9.624174334e+01
14753 0 +1.147792607e+01 -9.648207393e+01 -9.648207393e+01
16602 0 +1.120339886e+01 -9.675660114e+01 -9.675660114e+01
52726 0 +1.112561845e+01 -9.683438155e+01 -9.683438155e+01
% f evaluations | g evaluations | best noise-free fitness - Fopt (-3.025900000000e+02) + sum g_i+ | measured fitness | best measured fitness or single-digit g-values | x1 | x2...
1 0 +8.410196611e+01 -2.184880339e+02 -2.184880339e+02
57 0 +8.405669216e+01 -2.185333078e+02 -2.185333078e+02
1770 0 +8.287859770e+01 -2.197114023e+02 -2.197114023e+02
4121 0 +8.040123650e+01 -2.221887635e+02 -2.221887635e+02
4512 0 +7.928964192e+01 -2.233003581e+02 -2.233003581e+02
4632 0 +7.681747218e+01 -2.257725278e+02 -2.257725278e+02
4880 0 +7.455737841e+01 -2.280326216e+02 -2.280326216e+02
4926 0 +7.347899869e+01 -2.291110013e+02 -2.291110013e+02
4974 0 +7.065012581e+01 -2.319398742e+02 -2.319398742e+02
5118 0 +6.817657067e+01 -2.344134293e+02 -2.344134293e+02
5350 0 +6.697784831e+01 -2.356121517e+02 -2.356121517e+02
5780 0 +6.545708360e+01 -2.371329164e+02 -2.371329164e+02
5798 0 +6.316752064e+01 -2.394224794e+02 -2.394224794e+02
5909 0 +6.175502836e+01 -2.408349716e+02 -2.408349716e+02
5944 0 +6.103182963e+01 -2.415581704e+02 -2.415581704e+02
6038 0 +5.335829153e+01 -2.492317085e+02 -2.492317085e+02
6156 0 +4.996247666e+01 -2.526275233e+02 -2.526275233e+02
6237 0 +4.575124848e+01 -2.568387515e+02 -2.568387515e+02
6272 0 +4.539798330e+01 -2.571920167e+02 -2.571920167e+02
6279 0 +3.791530225e+01 -2.646746977e+02 -2.646746977e+02
6425 0 +3.642388849e+01 -2.661661115e+02 -2.661661115e+02
6555 0 +3.204970788e+01 -2.705402921e+02 -2.705402921e+02
6556 0 +3.136063636e+01 -2.712293636e+02 -2.712293636e+02
6607 0 +2.918680927e+01 -2.734031907e+02 -2.734031907e+02
6701 0 +2.819274940e+01 -2.743972506e+02 -2.743972506e+02
6856 0 +2.607131162e+01 -2.765186884e+02 -2.765186884e+02
7012 0 +2.005526266e+01 -2.825347373e+02 -2.825347373e+02
7131 0 +1.889089868e+01 -2.836991013e+02 -2.836991013e+02
7183 0 +1.848991543e+01 -2.841000846e+02 -2.841000846e+02
7204 0 +1.561382561e+01 -2.869761744e+02 -2.869761744e+02
7214 0 +1.521377180e+01 -2.873762282e+02 -2.873762282e+02
7220 0 +1.350302276e+01 -2.890869772e+02 -2.890869772e+02
7372 0 +1.292632665e+01 -2.896636734e+02 -2.896636734e+02
7451 0 +1.244676320e+01 -2.901432368e+02 -2.901432368e+02
7456 0 +1.188876318e+01 -2.907012368e+02 -2.907012368e+02
7669 0 +1.128519806e+01 -2.913048019e+02 -2.913048019e+02
7716 0 +8.355558340e+00 -2.942344417e+02 -2.942344417e+02
7736 0 +7.903266076e+00 -2.946867339e+02 -2.946867339e+02
8439 0 +7.690848376e+00 -2.948991516e+02 -2.948991516e+02
8767 0 +7.254834173e+00 -2.953351658e+02 -2.953351658e+02
8993 0 +7.208984063e+00 -2.953810159e+02 -2.953810159e+02
9044 0 +6.612254499e+00 -2.959777455e+02 -2.959777455e+02
9142 0 +5.999897308e+00 -2.965901027e+02 -2.965901027e+02
9175 0 +5.178699283e+00 -2.974113007e+02 -2.974113007e+02
10365 0 +4.841257454e+00 -2.977487425e+02 -2.977487425e+02
10516 0 +4.693561885e+00 -2.978964381e+02 -2.978964381e+02
10569 0 +4.213651688e+00 -2.983763483e+02 -2.983763483e+02
10615 0 +2.641913877e+00 -2.999480861e+02 -2.999480861e+02
10676 0 +2.431232985e+00 -3.001587670e+02 -3.001587670e+02
10756 0 +2.271180079e+00 -3.003188199e+02 -3.003188199e+02
10761 0 +2.175666337e+00 -3.004143337e+02 -3.004143337e+02
11196 0 +2.136355947e+00 -3.004536441e+02 -3.004536441e+02
11276 0 +2.063605494e+00 -3.005263945e+02 -3.005263945e+02
11322 0 +2.009119229e+00 -3.005808808e+02 -3.005808808e+02
11581 0 +1.994772030e+00 -3.005952280e+02 -3.005952280e+02
11637 0 +1.879401280e+00 -3.007105987e+02 -3.007105987e+02
11886 0 +1.742946113e+00 -3.008470539e+02 -3.008470539e+02
12497 0 +1.633011677e+00 -3.009569883e+02 -3.009569883e+02
12771 0 +1.549021847e+00 -3.010409782e+02 -3.010409782e+02
12839 0 +1.504918813e+00 -3.010850812e+02 -3.010850812e+02
13510 0 +1.477905997e+00 -3.011120940e+02 -3.011120940e+02
13582 0 +1.374373904e+00 -3.012156261e+02 -3.012156261e+02
13586 0 +1.341676804e+00 -3.012483232e+02 -3.012483232e+02
14603 0 +1.309412553e+00 -3.012805874e+02 -3.012805874e+02
14756 0 +1.279431136e+00 -3.013105689e+02 -3.013105689e+02
14763 0 +1.219016701e+00 -3.013709833e+02 -3.013709833e+02
14830 0 +1.189256214e+00 -3.014007438e+02 -3.014007438e+02
14853 0 +1.144352034e+00 -3.014456480e+02 -3.014456480e+02
15070 0 +1.055822870e+00 -3.015341771e+02 -3.015341771e+02
15119 0 +1.013428672e+00 -3.015765713e+02 -3.015765713e+02
15220 0 +9.837182427e-01 -3.016062818e+02 -3.016062818e+02
15532 0 +8.943864103e-01 -3.016956136e+02 -3.016956136e+02
15849 0 +8.524674370e-01 -3.017375326e+02 -3.017375326e+02
16184 0 +8.353718803e-01 -3.017546281e+02 -3.017546281e+02
16697 0 +8.260029319e-01 -3.017639971e+02 -3.017639971e+02
16891 0 +8.026721856e-01 -3.017873278e+02 -3.017873278e+02
16928 0 +7.917761421e-01 -3.017982239e+02 -3.017982239e+02
17583 0 +7.551809911e-01 -3.018348190e+02 -3.018348190e+02
17989 0 +7.398518077e-01 -3.018501482e+02 -3.018501482e+02
19259 0 +7.222868333e-01 -3.018677132e+02 -3.018677132e+02
20404 0 +7.044310729e-01 -3.018855689e+02 -3.018855689e+02
61801 0 +6.918569112e-01 -3.018981431e+02 -3.018981431e+02
% f evaluations | g evaluations | best noise-free fitness - Fopt (-3.065500000000e+02) + sum g_i+ | measured fitness | best measured fitness or single-digit g-values | x1 | x2...
1 0 +8.471804842e+01 -2.218319516e+02 -2.218319516e+02
1571 0 +8.380362646e+01 -2.227463735e+02 -2.227463735e+02
2796 0 +8.294138351e+01 -2.236086165e+02 -2.236086165e+02
3433 0 +8.030415728e+01 -2.262458427e+02 -2.262458427e+02
3579 0 +7.808860578e+01 -2.284613942e+02 -2.284613942e+02
4277 0 +7.719684206e+01 -2.293531579e+02 -2.293531579e+02
4306 0 +7.519693886e+01 -2.313530611e+02 -2.313530611e+02
4465 0 +7.385155805e+01 -2.326984419e+02 -2.326984419e+02
5096 0 +7.061040664e+01 -2.359395934e+02 -2.359395934e+02
5161 0 +6.727080424e+01 -2.392791958e+02 -2.392791958e+02
5167 0 +6.501992794e+01 -2.415300721e+02 -2.415300721e+02
5217 0 +6.184832521e+01 -2.447016748e+02 -2.447016748e+02
5297 0 +6.130261912e+01 -2.452473809e+02 -2.452473809e+02
5552 0 +5.715921908e+01 -2.493907809e+02 -2.493907809e+02
5587 0 +5.497125477e+01 -2.515787452e+02 -2.515787452e+02
5612 0 +5.479994271e+01 -2.517500573e+02 -2.517500573e+02
5613 0 +3.662223015e+01 -2.699277699e+02 -2.699277699e+02
7497 0 +3.611832026e+01 -2.704316797e+02 -2.704316797e+02
7533 0 +3.532932787e+01 -2.712206721e+02 -2.712206721e+02
7581 0 +3.406450017e+01 -2.724854998e+02 -2.724854998e+02
7666 0 +2.626138953e+01 -2.802886105e+02 -2.802886105e+02
7703 0 +2.540394442e+01 -2.811460556e+02 -2.811460556e+02
8449 0 +2.465066917e+01 -2.818993308e+02 -2.818993308e+02
8466 0 +2.451821144e+01 -2.820317886e+02 -2.820317886e+02
8494 0 +2.260211080e+01 -2.839478892e+02 -2.839478892e+02
8889 0 +2.201804880e+01 -2.845319512e+02 -2.845319512e+02
8903 0 +2.103366891e+01 -2.855163311e+02 -2.855163311e+02
8926 0 +2.060509823e+01 -2.859449018e+02 -2.859449018e+02
8934 0 +2.031374848e+01 -2.862362515e+02 -2.862362515e+02
8988 0 +1.878434928e+01 -2.877656507e+02 -2.877656507e+02
8998 0 +1.858771452e+01 -2.879622855e+02 -2.879622855e+02
9032 0 +1.519451990e+01 -2.913554801e+02 -2.913554801e+02
9066 0 +1.165404107e+01 -2.948959589e+02 -2.948959589e+02
9499 0 +1.125074975e+01 -2.952992502e+02 -2.952992502e+02
9511 0 +1.121614887e+01 -2.953338511e+02 -2.953338511e+02
9531 0 +9.135550115e+00 -2.974144499e+02 -2.974144499e+02
9804 0 +6.660901719e+00 -2.998890983e+02 -2.998890983e+02
10353 0 +4.200792992e+00 -3.023492070e+02 -3.023492070e+02
11636 0 +4.141484439e+00 -3.024085156e+02 -3.024085156e+02
11668 0 +3.672771554e+00 -3.028772284e+02 -3.028772284e+02
11739 0 +3.475048175e+00 -3.030749518e+02 -3.030749518e+02
11775 0 +3.090276987e+00 -3.034597230e+02 -3.034597230e+02
11990 0 +2.761821522e+00 -3.037881785e+02 -3.037881785e+02
12154 0 +2.653643012e+00 -3.038963570e+02 -3.038963570e+02
12192 0 +2.269479687e+00 -3.042805203e+02 -3.042805203e+02
12285 0 +2.179656514e+00 -3.043703435e+02 -3.043703435e+02
12461 0 +2.108518280e+00 -3.044414817e+02 -3.044414817e+02
12548 0 +2.065233591e+00 -3.044847664e+02 -3.044847664e+02
12774 0 +2.020402547e+00 -3.045295975e+02 -3.045295975e+02
12911 0 +1.985669862e+00 -3.045643301e+02 -3.045643301e+02
13036 0 +1.879232369e+00 -3.046707676e+02 -3.046707676e+02
13493 0 +1.765474000e+00 -3.047845260e+02 -3.047845260e+02
13835 0 +1.697767027e+00 -3.048522330e+02 -3.048522330e+02
13964 0 +1.503772399e+00 -3.050462276e+02 -3.050462276e+02
14033 0 +1.460696862e+00 -3.050893031e+02 -3.050893031e+02
14079 0 +1.439278778e+00 -3.051107212e+02 -3.051107212e+02
14124 0 +1.303539333e+00 -3.052464607e+02 -3.052464607e+02
14438 0 +1.229813145e+00 -3.053201869e+02 -3.053201869e+02
14454 0 +1.198630942e+00 -3.053513691e+02 -3.053513691e+02
15032 0 +1.075821601e+00 -3.054741784e+02 -3.054741784e+02
15096 0 +1.043755138e+00 -3.055062449e+02 -3.055062449e+02
15280 0 +9.779709127e-01 -3.055720291e+02 -3.055720291e+02
15447 0 +9.760174003e-01 -3.055739826e+02 -3.055739826e+02
15784 0 +8.908650861e-01 -3.056591349e+02 -3.056591349e+02
16400 0 +8.327374697e-01 -3.057172625e+02 -3.057172625e+02
16451 0 +8.233397934e-01 -3.057266602e+02 -3.057266602e+02
16785 0 +8.083408736e-01 -3.057416591e+02 -3.057416591e+02
16965 0 +7.732233154e-01 -3.057767767e+02 -3.057767767e+02
17363 0 +7.541050905e-01 -3.057958949e+02 -3.057958949e+02
17901 0 +7.374059791e-01 -3.058125940e+02 -3.058125940e+02
18667 0 +7.186924644e-01 -3.058313075e+02 -3.058313075e+02
19768 0 +7.077434012e-01 -3.058422566e+02 -3.058422566e+02
54826 0 +6.918569112e-01 -3.058581431e+02 -3.058581431e+02
