% f evaluations | g evaluations | best noise-free fitness - Fopt (-1.000000000000e+03) + sum g_i+ | measured fitness | best measured fitness or single-digit g-values | x1 | x2...
1 0 +8.205600107e+01 -9.179439989e+02 -9.179439989e+02
29 0 +7.968774968e+01 -9.203122503e+02 -9.203122503e+02
4593 0 +7.916011687e+01 -9.208398831e+02 -9.208398831e+02
4610 0 +7.670972507e+01 -9.232902749e+02 -9.232902749e+02
4629 0 +7.455696477e+01 -9.254430352e+02 -9.254430352e+02
4769 0 +7.204905602e+01 -9.279509440e+02 -9.279509440e+02
4932 0 +7.024147228e+01 -9.297585277e+02 -9.297585277e+02
4977 0 +6.887477636e+01 -9.311252236e+02 -9.311252236e+02
5008 0 +6.680098302e+01 -9.331990170e+02 -9.331990170e+02
5473 0 +6.520673527e+01 -9.347932647e+02 -9.347932647e+02
5794 0 +6.053699650e+01 -9.394630035e+02 -9.394630035e+02
6123 0 +5.694208923e+01 -9.430579108e+02 -9.430579108e+02
6252 0 +5.250130267e+01 -9.474986973e+02 -9.474986973e+02
6272 0 +4.473559041e+01 -9.552644096e+02 -9.552644096e+02
7055 0 +4.333746818e+01 -9.566625318e+02 -9.566625318e+02
7099 0 +4.101573677e+01 -9.589842632e+02 -9.589842632e+02
7240 0 +3.814431907e+01 -9.618556809e+02 -9.618556809e+02
7470 0 +3.602388818e+01 -9.639761118e+02 -9.639761118e+02
7529 0 +3.235878165e+01 -9.676412184e+02 -9.676412184e+02
7720 0 +2.986773590e+01 -9.701322641e+02 -9.701322641e+02
7739 0 +2.945157420e+01 -9.705484258e+02 -9.705484258e+02
7941 0 +2.391604402e+01 -9.760839560e+02 -9.760839560e+02
8100 0 +2.335551791e+01 -9.766444821e+02 -9.766444821e+02
8191 0 +2.257614676e+01 -9.774238532e+02 -9.774238532e+02
8216 0 +2.210706779e+01 -9.778929322e+02 -9.778929322e+02
8265 0 +1.424473977e+01 -9.857552602e+02 -9.857552602e+02
8394 0 +1.026909786e+01 -9.897309021e+02 -9.897309021e+02
9039 0 +1.001283338e+01 -9.899871666e+02 -9.899871666e+02
9090 0 +9.613526254e+00 -9.903864737e+02 -9.903864737e+02
9345 0 +9.133057246e+00 -9.908669428e+02 -9.908669428e+02
9418 0 +8.907708783e+00 -9.910922912e+02 -9.910922912e+02
9469 0 +8.677150495e+00 -9.913228495e+02 -9.913228495e+02
9578 0 +8.003121287e+00 -9.919968787e+02 -9.919968787e+02
9626 0 +7.424530730e+00 -9.925754693e+02 -9.925754693e+02
9665 0 +6.990478128e+00 -9.930095219e+02 -9.930095219e+02
9759 0 +6.911105175e+00 -9.930888948e+02 -9.930888948e+02
10082 0 +6.570619179e+00 -9.934293808e+02 -9.934293808e+02
10140 0 +5.388148890e+00 -9.946118511e+02 -9.946118511e+02
10730 0 +5.137180858e+00 -9.948628191e+02 -9.948628191e+02
10768 0 +5.059921193e+00 -9.949400788e+02 -9.949400788e+02
11001 0 +4.466393894e+00 -9.955336061e+02 -9.955336061e+02
11138 0 +4.247481808e+00 -9.957525182e+02 -9.957525182e+02
11185 0 +3.520817049e+00 -9.964791830e+02 -9.964791830e+02
11276 0 +3.033948299e+00 -9.969660517e+02 -9.969660517e+02
11336 0 +2.906021099e+00 -9.970939789e+02 -9.970939789e+02
11342 0 +2.774420590e+00 -9.972255794e+02 -9.972255794e+02
11375 0 +2.475992437e+00 -9.975240076e+02 -9.975240076e+02
11434 0 +2.354044696e+00 -9.976459553e+02 -9.976459553e+02
11488 0 +2.329201164e+00 -9.976707988e+02 -9.976707988e+02
11913 0 +2.214357432e+00 -9.977856426e+02 -9.977856426e+02
11928 0 +2.156829961e+00 -9.978431700e+02 -9.978431700e+02
12581 0 +2.129830545e+00 -9.978701695e+02 -9.978701695e+02
12878 0 +2.079724053e+00 -9.979202759e+02 -9.979202759e+02
13308 0 +2.034825308e+00 -9.979651747e+02 -9.979651747e+02
14343 0 +1.994308443e+00 -9.980056916e+02 -9.980056916e+02
52486 0 +1.954998860e+00 -9.980450011e+02 -9.980450011e+02
% f evaluations | g evaluations | best noise-free fitness - Fopt (1.000000000000e+03) + sum g_i+ | measured fitness | best measured fitness or single-digit g-values | x1 | x2...
1 0 +8.534604634e+01 +1.085346046e+03 +1.085346046e+03
33 0 +8.465231351e+01 +1.084652314e+03 +1.084652314e+03
2817 0 +8.274866683e+01 +1.082748667e+03 +1.082748667e+03
3479 0 +8.109446474e+01 +1.081094465e+03 +1.081094465e+03
4072 0 +7.881931640e+01 +1.078819316e+03 +1.078819316e+03
5375 0 +7.745835255e+01 +1.077458353e+03 +1.077458353e+03
5437 0 +7.525309037e+01 +1.075253090e+03 +1.075253090e+03
5512 0 +7.381524252e+01 +1.073815243e+03 +1.073815243e+03
5622 0 +7.147939074e+01 +1.071479391e+03 +1.071479391e+03
5634 0 +6.983016684e+01 +1.069830167e+03 +1.069830167e+03
6205 0 +6.893840354e+01 +1.068938404e+03 +1.068938404e+03
6278 0 +6.725887446e+01 +1.067258874e+03 +1.067258874e+03
7859 0 +6.605782536e+01 +1.066057825e+03 +1.066057825e+03
7937 0 +6.234919599e+01 +1.062349196e+03 +1.062349196e+03
8114 0 +5.622276947e+01 +1.056222769e+03 +1.056222769e+03
8358 0 +5.449662350e+01 +1.054496623e+03 +1.054496623e+03
8368 0 +5.369590837e+01 +1.053695908e+03 +1.053695908e+03
8410 0 +5.048570882e+01 +1.050485709e+03 +1.050485709e+03
8449 0 +4.967012447e+01 +1.049670124e+03 +1.049670124e+03
8547 0 +4.855233453e+01 +1.048552335e+03 +1.048552335e+03
8560 0 +4.733859426e+01 +1.047338594e+03 +1.047338594e+03
8763 0 +4.486511063e+01 +1.044865111e+03 +1.044865111e+03
8942 0 +4.382941818e+01 +1.043829418e+03 +1.043829418e+03
9009 0 +3.962252878e+01 +1.039622529e+03 +1.039622529e+03
9024 0 +3.837253205e+01 +1.038372532e+03 +1.038372532e+03
9184 0 +3.647555298e+01 +1.036475553e+03 +1.036475553e+03
9199 0 +3.628686404e+01 +1.036286864e+03 +1.036286864e+03
9542 0 +3.436940247e+01 +1.034369402e+03 +1.034369402e+03
9670 0 +3.288343442e+01 +1.032883434e+03 +1.032883434e+03
10596 0 +2.998814856e+01 +1.029988149e+03 +1.029988149e+03
10832 0 +2.930088393e+01 +1.029300884e+03 +1.029300884e+03
11629 0 +2.876579535e+01 +1.028765795e+03 +1.028765795e+03
11716 0 +2.796922004e+01 +1.027969220e+03 +1.027969220e+03
11878 0 +2.744415129e+01 +1.027444151e+03 +1.027444151e+03
12670 0 +2.690436683e+01 +1.026904367e+03 +1.026904367e+03
13545 0 +2.627757161e+01 +1.026277572e+03 +1.026277572e+03
15241 0 +2.569508197e+01 +1.025695082e+03 +1.025695082e+03
51616 0 +2.547695079e+01 +1.025476951e+03 +1.025476951e+03
% f evaluations | g evaluations | best noise-free fitness - Fopt (-4.913000000000e+01) + sum g_i+ | measured fitness | best measured fitness or single-digit g-values | x1 | x2...
1 0 +8.206146169e+01 +3.293146169e+01 +3.293146169e+01
63 0 +8.029982125e+01 +3.116982125e+01 +3.116982125e+01
1815 0 +7.815039591e+01 +2.902039591e+01 +2.902039591e+01
2106 0 +7.747330492e+01 +2.834330492e+01 +2.834330492e+01
2121 0 +7.547698041e+01 +2.634698041e+01 +2.634698041e+01
2136 0 +7.273204312e+01 +2.360204312e+01 +2.360204312e+01
2171 0 +7.020127888e+01 +2.107127888e+01 +2.107127888e+01
2274 0 +6.861869623e+01 +1.948869623e+01 +1.948869623e+01
2312 0 +6.369411424e+01 +1.456411424e+01 +1.456411424e+01
2808 0 +5.506456670e+01 +5.934566699e+00 +5.934566699e+00
3962 0 +4.855808657e+01 -5.719134338e-01 -5.719134338e-01
3994 0 +4.517769785e+01 -3.952302151e+00 -3.952302151e+00
4038 0 +4.321469399e+01 -5.915306008e+00 -5.915306008e+00
4089 0 +4.193292524e+01 -7.197074759e+00 -7.197074759e+00
4248 0 +3.812982207e+01 -1.100017793e+01 -1.100017793e+01
4886 0 +3.298455194e+01 -1.614544806e+01 -1.614544806e+01
4906 0 +3.044106902e+01 -1.868893098e+01 -1.868893098e+01
4917 0 +2.726478883e+01 -2.186521117e+01 -2.186521117e+01
5153 0 +2.627929837e+01 -2.285070163e+01 -2.285070163e+01
5190 0 +2.501367789e+01 -2.411632211e+01 -2.411632211e+01
5549 0 +2.285749426e+01 -2.627250574e+01 -2.627250574e+01
5583 0 +2.064978824e+01 -2.848021176e+01 -2.848021176e+01
6197 0 +1.777387145e+01 -3.135612855e+01 -3.135612855e+01
6615 0 +1.466047374e+01 -3.446952626e+01 -3.446952626e+01
6832 0 +1.280100219e+01 -3.632899781e+01 -3.632899781e+01
6986 0 +1.039905657e+01 -3.873094343e+01 -3.873094343e+01
7284 0 +8.873482887e+00 -4.025651711e+01 -4.025651711e+01
7616 0 +8.243460963e+00 -4.088653904e+01 -4.088653904e+01
8201 0 +8.012056331e+00 -4.111794367e+01 -4.111794367e+01
8313 0 +7.887468212e+00 -4.124253179e+01 -4.124253179e+01
8408 0 +7.349268650e+00 -4.178073135e+01 -4.178073135e+01
8536 0 +6.799137547e+00 -4.233086245e+01 -4.233086245e+01
8749 0 +6.620082360e+00 -4.250991764e+01 -4.250991764e+01
8958 0 +6.603829419e+00 -4.252617058e+01 -4.252617058e+01
9009 0 +6.180920570e+00 -4.294907943e+01 -4.294907943e+01
9070 0 +5.340248181e+00 -4.378975182e+01 -4.378975182e+01
9440 0 +5.149578835e+00 -4.398042117e+01 -4.398042117e+01
9811 0 +4.850029669e+00 -4.427997033e+01 -4.427997033e+01
9812 0 +4.698462530e+00 -4.443153747e+01 -4.443153747e+01
9851 0 +4.669242167e+00 -4.446075783e+01 -4.446075783e+01
9920 0 +4.292439671e+00 -4.483756033e+01 -4.483756033e+01
10297 0 +4.173766471e+00 -4.495623353e+01 -4.495623353e+01
10404 0 +3.716981919e+00 -4.541301808e+01 -4.541301808e+01
10448 0 +3.686218249e+00 -4.544378175e+01 -4.544378175e+01
10857 0 +3.429660879e+00 -4.570033912e+01 -4.570033912e+01
11170 0 +3.278880488e+00 -4.585111951e+01 -4.585111951e+01
11659 0 +3.062730186e+00 -4.606726981e+01 -4.606726981e+01
12134 0 +3.012761813e+00 -4.611723819e+01 -4.611723819e+01
12135 0 +2.944530928e+00 -4.618546907e+01 -4.618546907e+01
12189 0 +2.851767085e+00 -4.627823292e+01 -4.627823292e+01
12676 0 +2.814019785e+00 -4.631598021e+01 -4.631598021e+01
13065 0 +2.747627271e+00 -4.638237273e+01 -4.638237273e+01
14532 0 +2.687498420e+00 -4.644250158e+01 -4.644250158e+01
15668 0 +2.624387746e+00 -4.650561225e+01 -4.650561225e+01
51121 0 +2.590547730e+00 -4.653945227e+01 -4.653945227e+01
% f evaluations | g evaluations | best noise-free fitness - Fopt (2.977300000000e+02) + sum g_i+ | measured fitness | best measured fitness or single-digit g-values | x1 | x2...
1 0 +8.202319017e+01 +3.797531902e+02 +3.797531902e+02
71 0 +8.157975209e+01 +3.793097521e+02 +3.793097521e+02
137 0 +8.059994880e+01 +3.783299488e+02 +3.783299488e+02
3022 0 +7.911605400e+01 +3.768460540e+02 +3.768460540e+02
3103 0 +7.682655035e+01 +3.745565504e+02 +3.745565504e+02
3186 0 +7.440127517e+01 +3.721312752e+02 +3.721312752e+02
3247 0 +7.399039819e+01 +3.717203982e+02 +3.717203982e+02
4533 0 +6.967312730e+01 +3.674031273e+02 +3.674031273e+02
5042 0 +6.434710329e+01 +3.620771033e+02 +3.620771033e+02
5425 0 +5.814368985e+01 +3.558736899e+02 +3.558736899e+02
5437 0 +5.553078329e+01 +3.532607833e+02 +3.532607833e+02
5455 0 +4.934603520e+01 +3.470760352e+02 +3.470760352e+02
5770 0 +4.832643431e+01 +3.460564343e+02 +3.460564343e+02
6139 0 +4.667431271e+01 +3.444043127e+02 +3.444043127e+02
6241 0 +4.173583966e+01 +3.394658397e+02 +3.394658397e+02
6245 0 +4.144244296e+01 +3.391724430e+02 +3.391724430e+02
6254 0 +3.582300044e+01 +3.335530004e+02 +3.335530004e+02
6411 0 +3.245504664e+01 +3.301850466e+02 +3.301850466e+02
6443 0 +2.747500248e+01 +3.252050025e+02 +3.252050025e+02
6469 0 +2.277602586e+01 +3.205060259e+02 +3.205060259e+02
6495 0 +2.008943643e+01 +3.178194364e+02 +3.178194364e+02
7322 0 +1.921434232e+01 +3.169443423e+02 +3.169443423e+02
7420 0 +1.636558175e+01 +3.140955818e+02 +3.140955818e+02
7521 0 +1.540397646e+01 +3.131339765e+02 +3.131339765e+02
8192 0 +1.302378527e+01 +3.107537853e+02 +3.107537853e+02
8214 0 +1.089880629e+01 +3.086288063e+02 +3.086288063e+02
8215 0 +8.257148158e+00 +3.059871482e+02 +3.059871482e+02
8583 0 +7.754102123e+00 +3.054841021e+02 +3.054841021e+02
8735 0 +7.118359865e+00 +3.048483599e+02 +3.048483599e+02
8772 0 +6.936124559e+00 +3.046661246e+02 +3.046661246e+02
9274 0 +6.674528703e+00 +3.044045287e+02 +3.044045287e+02
9335 0 +6.313249617e+00 +3.040432496e+02 +3.040432496e+02
9336 0 +4.895531827e+00 +3.026255318e+02 +3.026255318e+02
9407 0 +4.593695731e+00 +3.023236957e+02 +3.023236957e+02
9649 0 +4.454259202e+00 +3.021842592e+02 +3.021842592e+02
9686 0 +3.823710072e+00 +3.015537101e+02 +3.015537101e+02
9687 0 +2.810885591e+00 +3.005408856e+02 +3.005408856e+02
9806 0 +2.647456924e+00 +3.003774569e+02 +3.003774569e+02
9851 0 +2.609402370e+00 +3.003394024e+02 +3.003394024e+02
10001 0 +2.507120564e+00 +3.002371206e+02 +3.002371206e+02
10040 0 +2.296770401e+00 +3.000267704e+02 +3.000267704e+02
10627 0 +2.183964298e+00 +2.999139643e+02 +2.999139643e+02
10887 0 +2.053973638e+00 +2.997839736e+02 +2.997839736e+02
11186 0 +2.016278568e+00 +2.997462786e+02 +2.997462786e+02
12009 0 +1.973358236e+00 +2.997033582e+02 +2.997033582e+02
12048 0 +1.944822134e+00 +2.996748221e+02 +2.996748221e+02
12195 0 +1.850807902e+00 +2.995808079e+02 +2.995808079e+02
12275 0 +1.660872392e+00 +2.993908724e+02 +2.993908724e+02
12423 0 +1.602289903e+00 +2.993322899e+02 +2.993322899e+02
12617 0 +1.522593903e+00 +2.992525939e+02 +2.992525939e+02
12627 0 +1.423341785e+00 +2.991533418e+02 +2.991533418e+02
12641 0 +1.397840783e+00 +2.991278408e+02 +2.991278408e+02
12798 0 +1.370876004e+00 +2.991008760e+02 +2.991008760e+02
12993 0 +1.242985021e+00 +2.989729850e+02 +2.989729850e+02
13360 0 +1.194144535e+00 +2.989241445e+02 +2.989241445e+02
13491 0 +1.128597826e+00 +2.988585978e+02 +2.988585978e+02
13793 0 +1.115534718e+00 +2.988455347e+02 +2.988455347e+02
13800 0 +1.001412587e+00 +2.987314126e+02 +2.987314126e+02
13857 0 +9.914872849e-01 +2.987214873e+02 +2.987214873e+02
14333 0 +9.715966495e-01 +2.987015966e+02 +2.987015966e+02
14340 0 +8.895357981e-01 +2.986195358e+02 +2.986195358e+02
14687 0 +8.573725453e-01 +2.985873725e+02 +2.985873725e+02
14773 0 +8.364266793e-01 +2.985664267e+02 +2.985664267e+02
15007 0 +8.182696147e-01 +2.985482696e+02 +2.985482696e+02
15023 0 +8.033154186e-01 +2.985333154e+02 +2.985333154e+02
15482 0 +7.926411314e-01 +2.985226411e+02 +2.985226411e+02
15618 0 +7.680394146e-01 +2.984980394e+02 +2.984980394e+02
15891 0 +7.580182645e-01 +2.984880183e+02 +2.984880183e+02
16197 0 +7.303434783e-01 +2.984603435e+02 +2.984603435e+02
16712 0 +7.240661837e-01 +2.984540662e+02 +2.984540662e+02
18550 0 +7.074806516e-01 +2.984374807e+02 +2.984374807e+02
52156 0 +6.918569112e-01 +2.984218569e+02 +2.984218569e+02
% f evaluations | g evaluations | best noise-free fitness - Fopt (5.157000000000e+01) + sum g_i+ | measured fitness | best measured fitness or single-digit g-values | x1 | x2...
1 0 +8.378166644e+01 +1.353516664e+02 +1.353516664e+02
251 0 +8.333678993e+01 +1.349067899e+02 +1.349067899e+02
310 0 +8.165174128e+01 +1.332217413e+02 +1.332217413e+02
2919 0 +7.956847091e+01 +1.311384709e+02 +1.311384709e+02
2967 0 +7.911044709e+01 +1.306804471e+02 +1.306804471e+02
3168 0 +7.725104877e+01 +1.288210488e+02 +1.288210488e+02
3336 0 +7.498298485e+01 +1.265529848e+02 +1.265529848e+02
4374 0 +7.386151153e+01 +1.254315115e+02 +1.254315115e+02
4440 0 +7.128045211e+01 +1.228504521e+02 +1.228504521e+02
4505 0 +7.001645612e+01 +1.215864561e+02 +1.215864561e+02
4718 0 +6.775997311e+01 +1.193299731e+02 +1.193299731e+02
5076 0 +6.643820836e+01 +1.180082084e+02 +1.180082084e+02
5084 0 +6.332203311e+01 +1.148920331e+02 +1.148920331e+02
5137 0 +6.269549028e+01 +1.142654903e+02 +1.142654903e+02
5425 0 +5.473024899e+01 +1.063002490e+02 +1.063002490e+02
6048 0 +5.193881607e+01 +1.035088161e+02 +1.035088161e+02
6097 0 +5.049116186e+01 +1.020611619e+02 +1.020611619e+02
6105 0 +4.418872909e+01 +9.575872909e+01 +9.575872909e+01
6138 0 +3.904047892e+01 +9.061047892e+01 +9.061047892e+01
6228 0 +3.637124264e+01 +8.794124264e+01 +8.794124264e+01
6266 0 +2.423556160e+01 +7.580556160e+01 +7.580556160e+01
6880 0 +2.346264161e+01 +7.503264161e+01 +7.503264161e+01
7148 0 +1.885458447e+01 +7.042458447e+01 +7.042458447e+01
7724 0 +1.841165142e+01 +6.998165142e+01 +6.998165142e+01
7726 0 +1.761281152e+01 +6.918281152e+01 +6.918281152e+01
7733 0 +1.460609629e+01 +6.617609629e+01 +6.617609629e+01
7806 0 +1.180784672e+01 +6.337784672e+01 +6.337784672e+01
7880 0 +1.128082628e+01 +6.285082628e+01 +6.285082628e+01
8011 0 +1.064088444e+01 +6.221088444e+01 +6.221088444e+01
8058 0 +9.369201913e+00 +6.093920191e+01 +6.093920191e+01
8087 0 +8.838014642e+00 +6.040801464e+01 +6.040801464e+01
8276 0 +8.483961752e+00 +6.005396175e+01 +6.005396175e+01
8284 0 +8.279194673e+00 +5.984919467e+01 +5.984919467e+01
8397 0 +7.833603635e+00 +5.940360364e+01 +5.940360364e+01
9095 0 +7.577538526e+00 +5.914753853e+01 +5.914753853e+01
9247 0 +7.336109631e+00 +5.890610963e+01 +5.890610963e+01
9278 0 +6.908709743e+00 +5.847870974e+01 +5.847870974e+01
9411 0 +6.643917775e+00 +5.821391778e+01 +5.821391778e+01
10203 0 +5.938444403e+00 +5.750844440e+01 +5.750844440e+01
10223 0 +3.947066631e+00 +5.551706663e+01 +5.551706663e+01
10837 0 +3.679723924e+00 +5.524972392e+01 +5.524972392e+01
10849 0 +3.261127944e+00 +5.483112794e+01 +5.483112794e+01
10867 0 +3.067579168e+00 +5.463757917e+01 +5.463757917e+01
10920 0 +2.845182359e+00 +5.441518236e+01 +5.441518236e+01
11047 0 +2.461550495e+00 +5.403155049e+01 +5.403155049e+01
11068 0 +2.412323118e+00 +5.398232312e+01 +5.398232312e+01
11271 0 +2.378208020e+00 +5.394820802e+01 +5.394820802e+01
11385 0 +2.182320777e+00 +5.375232078e+01 +5.375232078e+01
11466 0 +2.058002944e+00 +5.362800294e+01 +5.362800294e+01
11512 0 +2.032356284e+00 +5.360235628e+01 +5.360235628e+01
11573 0 +1.993051103e+00 +5.356305110e+01 +5.356305110e+01
11912 0 +1.939188032e+00 +5.350918803e+01 +5.350918803e+01
12446 0 +1.846201818e+00 +5.341620182e+01 +5.341620182e+01
12472 0 +1.814806161e+00 +5.338480616e+01 +5.338480616e+01
12567 0 +1.723056990e+00 +5.329305699e+01 +5.329305699e+01
12871 0 +1.555117171e+00 +5.312511717e+01 +5.312511717e+01
13445 0 +1.511338049e+00 +5.308133805e+01 +5.308133805e+01
13554 0 +1.456707089e+00 +5.302670709e+01 +5.302670709e+01
13586 0 +1.433667101e+00 +5.300366710e+01 +5.300366710e+01
13615 0 +1.294152729e+00 +5.286415273e+01 +5.286415273e+01
13662 0 +1.180648745e+00 +5.275064874e+01 +5.275064874e+01
13881 0 +1.145110105e+00 +5.271511010e+01 +5.271511010e+01
13975 0 +1.120223652e+00 +5.269022365e+01 +5.269022365e+01
14192 0 +1.074784843e+00 +5.264478484e+01 +5.264478484e+01
14266 0 +1.054371017e+00 +5.262437102e+01 +5.262437102e+01
14322 0 +1.037762502e+00 +5.260776250e+01 +5.260776250e+01
14415 0 +9.197030485e-01 +5.248970305e+01 +5.248970305e+01
14842 0 +9.069693317e-01 +5.247696933e+01 +5.247696933e+01
15451 0 +8.896360826e-01 +5.245963608e+01 +5.245963608e+01
15781 0 +8.487640864e-01 +5.241876409e+01 +5.241876409e+01
16149 0 +7.953227848e-01 +5.236532278e+01 +5.236532278e+01
16218 0 +7.911039791e-01 +5.236110398e+01 +5.236110398e+01
16947 0 +7.655560088e-01 +5.233555601e+01 +5.233555601e+01
17367 0 +7.488988259e-01 +5.231889883e+01 +5.231889883e+01
17488 0 +7.404799253e-01 +5.231047993e+01 +5.231047993e+01
17757 0 +7.220260953e-01 +5.229202610e+01 +5.229202610e+01
19089 0 +7.068951314e-01 +5.227689513e+01 +5.227689513e+01
57811 0 +6.918569112e-01 +5.226185691e+01 +5.226185691e+01
% f evaluations | g evaluations | best noise-free fitness - Fopt (1.527100000000e+02) + sum g_i+ | measured fitness | best measured fitness or single-digit g-values | x1 | x2...
1 0 +8.224979533e+01 +2.349597953e+02 +2.349597953e+02
40 0 +8.118633580e+01 +2.338963358e+02 +2.338963358e+02
2852 0 +7.936410211e+01 +2.320741021e+02 +2.320741021e+02
3278 0 +7.717200470e+01 +2.298820047e+02 +2.298820047e+02
3732 0 +7.528635386e+01 +2.279963539e+02 +2.279963539e+02
3777 0 +7.407818736e+01 +2.267881874e+02 +2.267881874e+02
3851 0 +7.225763010e+01 +2.249676301e+02 +2.249676301e+02
4606 0 +7.064089124e+01 +2.233508912e+02 +2.233508912e+02
4913 0 +6.878967753e+01 +2.214996775e+02 +2.214996775e+02
5254 0 +6.689578411e+01 +2.196057841e+02 +2.196057841e+02
5322 0 +6.319986436e+01 +2.159098644e+02 +2.159098644e+02
5668 0 +6.176862763e+01 +2.144786276e+02 +2.144786276e+02
5684 0 +5.847089986e+01 +2.111808999e+02 +2.111808999e+02
5697 0 +5.464316095e+01 +2.073531609e+02 +2.073531609e+02
5711 0 +5.298281486e+01 +2.056928149e+02 +2.056928149e+02
5750 0 +5.208472016e+01 +2.047947202e+02 +2.047947202e+02
5772 0 +4.284847878e+01 +1.955584788e+02 +1.955584788e+02
5853 0 +4.025221692e+01 +1.929622169e+02 +1.929622169e+02
5876 0 +3.927042369e+01 +1.919804237e+02 +1.919804237e+02
5880 0 +3.445750350e+01 +1.871675035e+02 +1.871675035e+02
5949 0 +2.679989481e+01 +1.795098948e+02 +1.795098948e+02
6098 0 +2.591883396e+01 +1.786288340e+02 +1.786288340e+02
6312 0 +2.424105259e+01 +1.769510526e+02 +1.769510526e+02
6323 0 +2.230867840e+01 +1.750186784e+02 +1.750186784e+02
6363 0 +2.084727408e+01 +1.735572741e+02 +1.735572741e+02
6374 0 +2.028969533e+01 +1.729996953e+02 +1.729996953e+02
6424 0 +1.852847284e+01 +1.712384728e+02 +1.712384728e+02
6527 0 +1.769702189e+01 +1.704070219e+02 +1.704070219e+02
6595 0 +1.468601297e+01 +1.673960130e+02 +1.673960130e+02
6699 0 +1.402360287e+01 +1.667336029e+02 +1.667336029e+02
6739 0 +1.271779960e+01 +1.654277996e+02 +1.654277996e+02
6753 0 +1.255288720e+01 +1.652628872e+02 +1.652628872e+02
6759 0 +1.164858311e+01 +1.643585831e+02 +1.643585831e+02
6788 0 +1.079700166e+01 +1.635070017e+02 +1.635070017e+02
6869 0 +1.066471922e+01 +1.633747192e+02 +1.633747192e+02
7052 0 +1.020419211e+01 +1.629141921e+02 +1.629141921e+02
7056 0 +9.281203302e+00 +1.619912033e+02 +1.619912033e+02
7086 0 +9.042845728e+00 +1.617528457e+02 +1.617528457e+02
7100 0 +8.525554691e+00 +1.612355547e+02 +1.612355547e+02
7139 0 +8.278340064e+00 +1.609883401e+02 +1.609883401e+02
7160 0 +7.693074136e+00 +1.604030741e+02 +1.604030741e+02
7527 0 +7.407416512e+00 +1.601174165e+02 +1.601174165e+02
7546 0 +7.132274326e+00 +1.598422743e+02 +1.598422743e+02
8154 0 +6.932732432e+00 +1.596427324e+02 +1.596427324e+02
8198 0 +6.787774258e+00 +1.594977743e+02 +1.594977743e+02
8298 0 +5.530772789e+00 +1.582407728e+02 +1.582407728e+02
8463 0 +5.205850959e+00 +1.579158510e+02 +1.579158510e+02
8500 0 +5.096478897e+00 +1.578064789e+02 +1.578064789e+02
8622 0 +4.640289903e+00 +1.573502899e+02 +1.573502899e+02
8631 0 +4.531433242e+00 +1.572414332e+02 +1.572414332e+02
8638 0 +4.348647585e+00 +1.570586476e+02 +1.570586476e+02
8647 0 +4.204494890e+00 +1.569144949e+02 +1.569144949e+02
8668 0 +3.543247372e+00 +1.562532474e+02 +1.562532474e+02
8738 0 +2.870461224e+00 +1.555804612e+02 +1.555804612e+02
9087 0 +2.599793127e+00 +1.553097931e+02 +1.553097931e+02
9227 0 +2.518163601e+00 +1.552281636e+02 +1.552281636e+02
9325 0 +2.501379064e+00 +1.552113791e+02 +1.552113791e+02
9582 0 +2.364467091e+00 +1.550744671e+02 +1.550744671e+02
9624 0 +2.159014215e+00 +1.548690142e+02 +1.548690142e+02
9799 0 +2.082457477e+00 +1.547924575e+02 +1.547924575e+02
10003 0 +2.041121129e+00 +1.547511211e+02 +1.547511211e+02
10164 0 +1.992503032e+00 +1.547025030e+02 +1.547025030e+02
10372 0 +1.811864850e+00 +1.545218648e+02 +1.545218648e+02
10825 0 +1.651948074e+00 +1.543619481e+02 +1.543619481e+02
10991 0 +1.491636172e+00 +1.542016362e+02 +1.542016362e+02
11295 0 +1.431425894e+00 +1.541414259e+02 +1.541414259e+02
11699 0 +1.332992571e+00 +1.540429926e+02 +1.540429926e+02
11811 0 +1.267045247e+00 +1.539770452e+02 +1.539770452e+02
11977 0 +1.230129994e+00 +1.539401300e+02 +1.539401300e+02
12032 0 +1.114870172e+00 +1.538248702e+02 +1.538248702e+02
12456 0 +1.050611832e+00 +1.537606118e+02 +1.537606118e+02
12500 0 +1.038363710e+00 +1.537483637e+02 +1.537483637e+02
12518 0 +9.788106950e-01 +1.536888107e+02 +1.536888107e+02
12534 0 +9.695144226e-01 +1.536795144e+02 +1.536795144e+02
12581 0 +9.531233152e-01 +1.536631233e+02 +1.536631233e+02
12724 0 +9.136949528e-01 +1.536236950e+02 +1.536236950e+02
12848 0 +8.880033635e-01 +1.535980034e+02 +1.535980034e+02
13611 0 +8.199042734e-01 +1.535299043e+02 +1.535299043e+02
14270 0 +8.073871785e-01 +1.535173872e+02 +1.535173872e+02
14322 0 +7.916047763e-01 +1.535016048e+02 +1.535016048e+02
14351 0 +7.722553963e-01 +1.534822554e+02 +1.534822554e+02
14821 0 +7.585075607e-01 +1.534685076e+02 +1.534685076e+02
15663 0 +7.395017313e-01 +1.534495017e+02 +1.534495017e+02
16081 0 +7.172122012e-01 +1.534272122e+02 +1.534272122e+02
17182 0 +7.072424194e-01 +1.534172424e+02 +1.534172424e+02
51496 0 +6.918569112e-01 +1.534018569e+02 +1.534018569e+02
% f evaluations | g evaluations | best noise-free fitness - Fopt (9.980000000000e+01) + sum g_i+ | measured fitness | best measured fitness or single-digit g-values | x1 | x2...
1 0 +7.973996594e+01 +1.795399659e+02 +1.795399659e+02
468 0 +7.934893323e+01 +1.791489332e+02 +1.791489332e+02
3226 0 +7.747601353e+01 +1.772760135e+02 +1.772760135e+02
3252 0 +7.471010617e+01 +1.745101062e+02 +1.745101062e+02
3369 0 +7.153852055e+01 +1.713385205e+02 +1.713385205e+02
3629 0 +7.023065149e+01 +1.700306515e+02 +1.700306515e+02
4024 0 +6.911519046e+01 +1.689151905e+02 +1.689151905e+02
4131 0 +6.745441672e+01 +1.672544167e+02 +1.672544167e+02
4159 0 +6.588648804e+01 +1.656864880e+02 +1.656864880e+02
4200 0 +6.417392145e+01 +1.639739214e+02 +1.639739214e+02
4215 0 +5.833015836e+01 +1.581301584e+02 +1.581301584e+02
4950 0 +5.731009781e+01 +1.571100978e+02 +1.571100978e+02
5395 0 +5.366312002e+01 +1.534631200e+02 +1.534631200e+02
5397 0 +5.049893062e+01 +1.502989306e+02 +1.502989306e+02
5407 0 +4.377199813e+01 +1.435719981e+02 +1.435719981e+02
5421 0 +4.287293663e+01 +1.426729366e+02 +1.426729366e+02
5435 0 +4.186036228e+01 +1.416603623e+02 +1.416603623e+02
6851 0 +3.951007518e+01 +1.393100752e+02 +1.393100752e+02
6860 0 +3.782872184e+01 +1.376287218e+02 +1.376287218e+02
6903 0 +2.822494069e+01 +1.280249407e+02 +1.280249407e+02
7030 0 +2.808504605e+01 +1.278850460e+02 +1.278850460e+02
7047 0 +2.621972964e+01 +1.260197296e+02 +1.260197296e+02
7096 0 +2.217433925e+01 +1.219743393e+02 +1.219743393e+02
7725 0 +2.169589710e+01 +1.214958971e+02 +1.214958971e+02
7861 0 +1.975231124e+01 +1.195523112e+02 +1.195523112e+02
8146 0 +1.947897189e+01 +1.192789719e+02 +1.192789719e+02
8537 0 +1.857564363e+01 +1.183756436e+02 +1.183756436e+02
8893 0 +1.715448041e+01 +1.169544804e+02 +1.169544804e+02
8926 0 +1.683067697e+01 +1.166306770e+02 +1.166306770e+02
9079 0 +1.579784102e+01 +1.155978410e+02 +1.155978410e+02
9122 0 +1.460467205e+01 +1.144046720e+02 +1.144046720e+02
9468 0 +1.419209949e+01 +1.139920995e+02 +1.139920995e+02
9478 0 +1.285880093e+01 +1.126588009e+02 +1.126588009e+02
9608 0 +1.146398099e+01 +1.112639810e+02 +1.112639810e+02
10143 0 +1.034950027e+01 +1.101495003e+02 +1.101495003e+02
10376 0 +1.005486955e+01 +1.098548696e+02 +1.098548696e+02
10413 0 +9.890693998e+00 +1.096906940e+02 +1.096906940e+02
10481 0 +9.277969064e+00 +1.090779691e+02 +1.090779691e+02
10557 0 +8.986049968e+00 +1.087860500e+02 +1.087860500e+02
11095 0 +8.896554311e+00 +1.086965543e+02 +1.086965543e+02
11328 0 +8.590641840e+00 +1.083906418e+02 +1.083906418e+02
11546 0 +8.335992302e+00 +1.081359923e+02 +1.081359923e+02
11759 0 +8.302268814e+00 +1.081022688e+02 +1.081022688e+02
12160 0 +7.947456846e+00 +1.077474568e+02 +1.077474568e+02
12258 0 +7.939784018e+00 +1.077397840e+02 +1.077397840e+02
13097 0 +7.741933303e+00 +1.075419333e+02 +1.075419333e+02
14259 0 +7.573739064e+00 +1.073737391e+02 +1.073737391e+02
15137 0 +7.408568889e+00 +1.072085689e+02 +1.072085689e+02
54226 0 +7.271629194e+00 +1.070716292e+02 +1.070716292e+02
% f evaluations | g evaluations | best noise-free fitness - Fopt (-1.194100000000e+02) + sum g_i+ | measured fitness | best measured fitness or single-digit g-values | x1 | x2...
1 0 +8.298042054e+01 -3.642957946e+01 -3.642957946e+01
101 0 +8.286387168e+01 -3.654612832e+01 -3.654612832e+01
2047 0 +7.841446623e+01 -4.099553377e+01 -4.099553377e+01
3687 0 +7.628190947e+01 -4.312809053e+01 -4.312809053e+01
3784 0 +7.510857706e+01 -4.430142294e+01 -4.430142294e+01
3785 0 +7.333445558e+01 -4.607554442e+01 -4.607554442e+01
3930 0 +7.180197965e+01 -4.760802035e+01 -4.760802035e+01
3936 0 +7.052301724e+01 -4.888698276e+01 -4.888698276e+01
4006 0 +6.855305300e+01 -5.085694700e+01 -5.085694700e+01
4108 0 +6.719385643e+01 -5.221614357e+01 -5.221614357e+01
4320 0 +6.392318687e+01 -5.548681313e+01 -5.548681313e+01
4332 0 +5.628779653e+01 -6.312220347e+01 -6.312220347e+01
4387 0 +5.456492279e+01 -6.484507721e+01 -6.484507721e+01
4989 0 +4.794286708e+01 -7.146713292e+01 -7.146713292e+01
5405 0 +4.369557004e+01 -7.571442996e+01 -7.571442996e+01
5492 0 +3.689255498e+01 -8.251744502e+01 -8.251744502e+01
5592 0 +3.392194643e+01 -8.548805357e+01 -8.548805357e+01
5607 0 +3.015623834e+01 -8.925376166e+01 -8.925376166e+01
5618 0 +2.861807887e+01 -9.079192113e+01 -9.079192113e+01
5630 0 +2.663643170e+01 -9.277356830e+01 -9.277356830e+01
5851 0 +2.528700632e+01 -9.412299368e+01 -9.412299368e+01
5943 0 +2.229696209e+01 -9.711303791e+01 -9.711303791e+01
6018 0 +2.158515005e+01 -9.782484995e+01 -9.782484995e+01
6035 0 +2.110306644e+01 -9.830693356e+01 -9.830693356e+01
6056 0 +1.908143743e+01 -1.003285626e+02 -1.003285626e+02
6062 0 +1.588335424e+01 -1.035266458e+02 -1.035266458e+02
6106 0 +1.575865869e+01 -1.036513413e+02 -1.036513413e+02
6264 0 +1.540022527e+01 -1.040097747e+02 -1.040097747e+02
6324 0 +1.508451669e+01 -1.043254833e+02 -1.043254833e+02
6336 0 +1.448677128e+01 -1.049232287e+02 -1.049232287e+02
7010 0 +1.318241850e+01 -1.062275815e+02 -1.062275815e+02
7073 0 +1.261028973e+01 -1.067997103e+02 -1.067997103e+02
7142 0 +1.123611020e+01 -1.081738898e+02 -1.081738898e+02
7180 0 +1.040523291e+01 -1.090047671e+02 -1.090047671e+02
7191 0 +7.990107676e+00 -1.114198923e+02 -1.114198923e+02
7427 0 +7.680417140e+00 -1.117295829e+02 -1.117295829e+02
7804 0 +6.583950972e+00 -1.128260490e+02 -1.128260490e+02
8045 0 +4.870792072e+00 -1.145392079e+02 -1.145392079e+02
8071 0 +4.617214766e+00 -1.147927852e+02 -1.147927852e+02
8110 0 +4.397901239e+00 -1.150120988e+02 -1.150120988e+02
8248 0 +3.142319836e+00 -1.162676802e+02 -1.162676802e+02
8529 0 +2.336572310e+00 -1.170734277e+02 -1.170734277e+02
9024 0 +2.148834221e+00 -1.172611658e+02 -1.172611658e+02
9282 0 +2.135586703e+00 -1.172744133e+02 -1.172744133e+02
9324 0 +2.063937842e+00 -1.173460622e+02 -1.173460622e+02
9344 0 +1.989453186e+00 -1.174205468e+02 -1.174205468e+02
9414 0 +1.935001024e+00 -1.174749990e+02 -1.174749990e+02
10337 0 +1.905390986e+00 -1.175046090e+02 -1.175046090e+02
10341 0 +1.792972869e+00 -1.176170271e+02 -1.176170271e+02
10355 0 +1.752044000e+00 -1.176579560e+02 -1.176579560e+02
10433 0 +1.728466918e+00 -1.176815331e+02 -1.176815331e+02
10593 0 +1.614419185e+00 -1.177955808e+02 -1.177955808e+02
10616 0 +1.337572196e+00 -1.180724278e+02 -1.180724278e+02
11327 0 +1.236030562e+00 -1.181739694e+02 -1.181739694e+02
11566 0 +1.173807711e+00 -1.182361923e+02 -1.182361923e+02
11612 0 +1.015710108e+00 -1.183942899e+02 -1.183942899e+02
12656 0 +9.928725030e-01 -1.184171275e+02 -1.184171275e+02
12707 0 +9.304135535e-01 -1.184795864e+02 -1.184795864e+02
12984 0 +8.923089504e-01 -1.185176910e+02 -1.185176910e+02
13027 0 +8.863353746e-01 -1.185236646e+02 -1.185236646e+02
13174 0 +8.654118906e-01 -1.185445881e+02 -1.185445881e+02
13507 0 +8.450471870e-01 -1.185649528e+02 -1.185649528e+02
13533 0 +8.120117249e-01 -1.185979883e+02 -1.185979883e+02
13925 0 +7.894173190e-01 -1.186205827e+02 -1.186205827e+02
14153 0 +7.754433129e-01 -1.186345567e+02 -1.186345567e+02
14274 0 +7.576828875e-01 -1.186523171e+02 -1.186523171e+02
14862 0 +7.314187376e-01 -1.186785813e+02 -1.186785813e+02
15103 0 +7.235815696e-01 -1.186864184e+02 -1.186864184e+02
16593 0 +7.069589179e-01 -1.187030411e+02 -1.187030411e+02
51646 0 +6.918569112e-01 -1.187181431e+02 -1.187181431e+02
% f evaluations | g evaluations | best noise-free fitness - Fopt (1.077000000000e+01) + sum g_i+ | measured fitness | best measured fitness or single-digit g-values | x1 | x2...
1 0 +8.333343445e+01 +9.410343445e+01 +9.410343445e+01
1487 0 +8.248337790e+01 +9.325337790e+01 +9.325337790e+01
4635 0 +8.102854051e+01 +9.179854051e+01 +9.179854051e+01
4836 0 +7.931367505e+01 +9.008367505e+01 +9.008367505e+01
4963 0 +7.739472458e+01 +8.816472458e+01 +8.816472458e+01
5080 0 +7.574983710e+01 +8.651983710e+01 +8.651983710e+01
5305 0 +7.397112773e+01 +8.474112773e+01 +8.474112773e+01
5358 0 +7.140419007e+01 +8.217419007e+01 +8.217419007e+01
5385 0 +6.972939526e+01 +8.049939526e+01 +8.049939526e+01
5613 0 +6.814373161e+01 +7.891373161e+01 +7.891373161e+01
5634 0 +6.637686219e+01 +7.714686219e+01 +7.714686219e+01
5962 0 +6.589606594e+01 +7.666606594e+01 +7.666606594e+01
6109 0 +6.396118163e+01 +7.473118163e+01 +7.473118163e+01
6373 0 +6.040370712e+01 +7.117370712e+01 +7.117370712e+01
6408 0 +6.024628149e+01 +7.101628149e+01 +7.101628149e+01
6502 0 +5.640817805e+01 +6.717817805e+01 +6.717817805e+01
6558 0 +5.397744131e+01 +6.474744131e+01 +6.474744131e+01
6763 0 +5.366297991e+01 +6.443297991e+01 +6.443297991e+01
6797 0 +4.983678264e+01 +6.060678264e+01 +6.060678264e+01
6859 0 +4.304454434e+01 +5.381454434e+01 +5.381454434e+01
6991 0 +4.229013863e+01 +5.306013863e+01 +5.306013863e+01
7000 0 +4.119287444e+01 +5.196287444e+01 +5.196287444e+01
7108 0 +3.988809547e+01 +5.065809547e+01 +5.065809547e+01
7116 0 +3.713187218e+01 +4.790187218e+01 +4.790187218e+01
7160 0 +3.544663850e+01 +4.621663850e+01 +4.621663850e+01
7312 0 +3.309858674e+01 +4.386858674e+01 +4.386858674e+01
7444 0 +3.130148549e+01 +4.207148549e+01 +4.207148549e+01
7568 0 +2.863206520e+01 +3.940206520e+01 +3.940206520e+01
7936 0 +2.754011358e+01 +3.831011358e+01 +3.831011358e+01
7970 0 +2.620555119e+01 +3.697555119e+01 +3.697555119e+01
8091 0 +2.522688786e+01 +3.599688786e+01 +3.599688786e+01
8103 0 +2.310145082e+01 +3.387145082e+01 +3.387145082e+01
8368 0 +2.281111033e+01 +3.358111033e+01 +3.358111033e+01
8593 0 +2.224347549e+01 +3.301347549e+01 +3.301347549e+01
8657 0 +2.139543957e+01 +3.216543957e+01 +3.216543957e+01
8664 0 +2.090025653e+01 +3.167025653e+01 +3.167025653e+01
8699 0 +2.054831533e+01 +3.131831533e+01 +3.131831533e+01
8805 0 +1.923673464e+01 +3.000673464e+01 +3.000673464e+01
9062 0 +1.892762990e+01 +2.969762990e+01 +2.969762990e+01
9205 0 +1.747599722e+01 +2.824599722e+01 +2.824599722e+01
10158 0 +1.700108650e+01 +2.777108650e+01 +2.777108650e+01
10246 0 +1.655889248e+01 +2.732889248e+01 +2.732889248e+01
10623 0 +1.620306425e+01 +2.697306425e+01 +2.697306425e+01
11176 0 +1.574512177e+01 +2.651512177e+01 +2.651512177e+01
11680 0 +1.541890508e+01 +2.618890508e+01 +2.618890508e+01
11922 0 +1.509118251e+01 +2.586118251e+01 +2.586118251e+01
14210 0 +1.477651841e+01 +2.554651841e+01 +2.554651841e+01
50746 0 +1.458484153e+01 +2.535484153e+01 +2.535484153e+01
% f evaluations | g evaluations | best noise-free fitness - Fopt (2.137000000000e+01) + sum g_i+ | measured fitness | best measured fitness or single-digit g-values | x1 | x2...
1 0 +8.328308459e+01 +1.046530846e+02 +1.046530846e+02
391 0 +8.317386193e+01 +1.045438619e+02 +1.045438619e+02
2415 0 +8.127022476e+01 +1.026402248e+02 +1.026402248e+02
2856 0 +7.795919376e+01 +9.932919376e+01 +9.932919376e+01
2887 0 +7.736723577e+01 +9.873723577e+01 +9.873723577e+01
3916 0 +7.345507557e+01 +9.482507557e+01 +9.482507557e+01
3970 0 +7.140689164e+01 +9.277689164e+01 +9.277689164e+01
4154 0 +7.062724044e+01 +9.199724044e+01 +9.199724044e+01
4213 0 +6.812114512e+01 +8.949114512e+01 +8.949114512e+01
4388 0 +6.733059836e+01 +8.870059836e+01 +8.870059836e+01
4570 0 +6.550530167e+01 +8.687530167e+01 +8.687530167e+01
4629 0 +5.347306662e+01 +7.484306662e+01 +7.484306662e+01
4689 0 +4.784454483e+01 +6.921454483e+01 +6.921454483e+01
5558 0 +4.216438241e+01 +6.353438241e+01 +6.353438241e+01
5561 0 +3.909724774e+01 +6.046724774e+01 +6.046724774e+01
5667 0 +3.320123672e+01 +5.457123672e+01 +5.457123672e+01
5726 0 +3.107222590e+01 +5.244222590e+01 +5.244222590e+01
5733 0 +2.966676889e+01 +5.103676889e+01 +5.103676889e+01
5818 0 +2.445535002e+01 +4.582535002e+01 +4.582535002e+01
6552 0 +2.082152916e+01 +4.219152916e+01 +4.219152916e+01
6681 0 +1.936939135e+01 +4.073939135e+01 +4.073939135e+01
6992 0 +1.819318999e+01 +3.956318999e+01 +3.956318999e+01
7011 0 +1.638443385e+01 +3.775443385e+01 +3.775443385e+01
7027 0 +1.533919801e+01 +3.670919801e+01 +3.670919801e+01
7126 0 +1.424654353e+01 +3.561654353e+01 +3.561654353e+01
7208 0 +1.312539345e+01 +3.449539345e+01 +3.449539345e+01
7225 0 +1.280386495e+01 +3.417386495e+01 +3.417386495e+01
7317 0 +1.216478670e+01 +3.353478670e+01 +3.353478670e+01
7765 0 +1.085301117e+01 +3.222301117e+01 +3.222301117e+01
7873 0 +1.024888351e+01 +3.161888351e+01 +3.161888351e+01
7881 0 +1.009712653e+01 +3.146712653e+01 +3.146712653e+01
7997 0 +9.552671523e+00 +3.092267152e+01 +3.092267152e+01
8200 0 +8.844510588e+00 +3.021451059e+01 +3.021451059e+01
8409 0 +8.699118251e+00 +3.006911825e+01 +3.006911825e+01
8414 0 +8.389926254e+00 +2.975992625e+01 +2.975992625e+01
8494 0 +8.260395390e+00 +2.963039539e+01 +2.963039539e+01
8817 0 +8.125034073e+00 +2.949503407e+01 +2.949503407e+01
8822 0 +7.908464768e+00 +2.927846477e+01 +2.927846477e+01
8932 0 +7.530597663e+00 +2.890059766e+01 +2.890059766e+01
9284 0 +7.399987126e+00 +2.876998713e+01 +2.876998713e+01
9388 0 +7.217383166e+00 +2.858738317e+01 +2.858738317e+01
9461 0 +7.022904379e+00 +2.839290438e+01 +2.839290438e+01
9593 0 +6.703697694e+00 +2.807369769e+01 +2.807369769e+01
9890 0 +6.541054298e+00 +2.791105430e+01 +2.791105430e+01
10318 0 +6.300824453e+00 +2.767082445e+01 +2.767082445e+01
10618 0 +6.080766087e+00 +2.745076609e+01 +2.745076609e+01
11045 0 +6.016221497e+00 +2.738622150e+01 +2.738622150e+01
11094 0 +5.840473452e+00 +2.721047345e+01 +2.721047345e+01
11685 0 +5.581666625e+00 +2.695166663e+01 +2.695166663e+01
12072 0 +5.450898033e+00 +2.682089803e+01 +2.682089803e+01
12356 0 +5.365391585e+00 +2.673539159e+01 +2.673539159e+01
12901 0 +5.243315581e+00 +2.661331558e+01 +2.661331558e+01
15113 0 +5.122239092e+00 +2.649223909e+01 +2.649223909e+01
48451 0 +5.062737456e+00 +2.643273746e+01 +2.643273746e+01
% f evaluations | g evaluations | best noise-free fitness - Fopt (1.673000000000e+01) + sum g_i+ | measured fitness | best measured fitness or single-digit g-values | x1 | x2...
1 0 +8.290555338e+01 +9.963555338e+01 +9.963555338e+01
91 0 +8.150585683e+01 +9.823585683e+01 +9.823585683e+01
139 0 +7.888668824e+01 +9.561668824e+01 +9.561668824e+01
3571 0 +7.538811685e+01 +9.211811685e+01 +9.211811685e+01
3841 0 +7.409536516e+01 +9.082536516e+01 +9.082536516e+01
4359 0 +7.236028878e+01 +8.909028878e+01 +8.909028878e+01
5617 0 +7.077849685e+01 +8.750849685e+01 +8.750849685e+01
5627 0 +6.905068627e+01 +8.578068627e+01 +8.578068627e+01
5632 0 +6.733557973e+01 +8.406557973e+01 +8.406557973e+01
5639 0 +6.563121674e+01 +8.236121674e+01 +8.236121674e+01
6028 0 +6.398148350e+01 +8.071148350e+01 +8.071148350e+01
6052 0 +6.226977689e+01 +7.899977689e+01 +7.899977689e+01
6064 0 +5.966034114e+01 +7.639034114e+01 +7.639034114e+01
6085 0 +5.822514056e+01 +7.495514056e+01 +7.495514056e+01
6176 0 +5.711353762e+01 +7.384353762e+01 +7.384353762e+01
6194 0 +5.375690347e+01 +7.048690347e+01 +7.048690347e+01
6206 0 +5.072208899e+01 +6.745208899e+01 +6.745208899e+01
6555 0 +4.722449938e+01 +6.395449938e+01 +6.395449938e+01
6613 0 +4.671007249e+01 +6.344007249e+01 +6.344007249e+01
6637 0 +3.506240543e+01 +5.179240543e+01 +5.179240543e+01
6675 0 +3.062962982e+01 +4.735962982e+01 +4.735962982e+01
7203 0 +2.890624965e+01 +4.563624965e+01 +4.563624965e+01
7364 0 +2.820833027e+01 +4.493833027e+01 +4.493833027e+01
7754 0 +2.344068727e+01 +4.017068727e+01 +4.017068727e+01
7906 0 +2.131448103e+01 +3.804448103e+01 +3.804448103e+01
7909 0 +2.054646958e+01 +3.727646958e+01 +3.727646958e+01
8159 0 +1.657929604e+01 +3.330929604e+01 +3.330929604e+01
8248 0 +1.610836890e+01 +3.283836890e+01 +3.283836890e+01
8254 0 +1.489228528e+01 +3.162228528e+01 +3.162228528e+01
8282 0 +1.142665511e+01 +2.815665511e+01 +2.815665511e+01
8485 0 +1.084786826e+01 +2.757786826e+01 +2.757786826e+01
8554 0 +1.054688813e+01 +2.727688813e+01 +2.727688813e+01
9649 0 +1.045584210e+01 +2.718584210e+01 +2.718584210e+01
9663 0 +1.022521374e+01 +2.695521374e+01 +2.695521374e+01
9709 0 +9.891911839e+00 +2.662191184e+01 +2.662191184e+01
9773 0 +9.672509123e+00 +2.640250912e+01 +2.640250912e+01
9833 0 +9.176339687e+00 +2.590633969e+01 +2.590633969e+01
9859 0 +8.932983871e+00 +2.566298387e+01 +2.566298387e+01
9863 0 +7.911998974e+00 +2.464199897e+01 +2.464199897e+01
10183 0 +6.852505392e+00 +2.358250539e+01 +2.358250539e+01
10610 0 +6.720653985e+00 +2.345065398e+01 +2.345065398e+01
10777 0 +6.486632996e+00 +2.321663300e+01 +2.321663300e+01
10806 0 +6.000102085e+00 +2.273010209e+01 +2.273010209e+01
10933 0 +5.621020835e+00 +2.235102084e+01 +2.235102084e+01
11194 0 +5.410318587e+00 +2.214031859e+01 +2.214031859e+01
11226 0 +5.356215542e+00 +2.208621554e+01 +2.208621554e+01
11369 0 +5.244640454e+00 +2.197464045e+01 +2.197464045e+01
11378 0 +5.091922596e+00 +2.182192260e+01 +2.182192260e+01
11595 0 +4.994862619e+00 +2.172486262e+01 +2.172486262e+01
11645 0 +4.594293152e+00 +2.132429315e+01 +2.132429315e+01
12142 0 +3.962470271e+00 +2.069247027e+01 +2.069247027e+01
12390 0 +3.796594048e+00 +2.052659405e+01 +2.052659405e+01
13029 0 +3.624437637e+00 +2.035443764e+01 +2.035443764e+01
13706 0 +3.500400169e+00 +2.023040017e+01 +2.023040017e+01
13764 0 +3.345662126e+00 +2.007566213e+01 +2.007566213e+01
13772 0 +3.299340118e+00 +2.002934012e+01 +2.002934012e+01
13841 0 +3.223692983e+00 +1.995369298e+01 +1.995369298e+01
14020 0 +3.155239364e+00 +1.988523936e+01 +1.988523936e+01
14109 0 +2.969741367e+00 +1.969974137e+01 +1.969974137e+01
14323 0 +2.891590733e+00 +1.962159073e+01 +1.962159073e+01
15095 0 +2.800902949e+00 +1.953090295e+01 +1.953090295e+01
15623 0 +2.745635490e+00 +1.947563549e+01 +1.947563549e+01
16456 0 +2.688077527e+00 +1.941807753e+01 +1.941807753e+01
17600 0 +2.629255050e+00 +1.935925505e+01 +1.935925505e+01
52531 0 +2.590547730e+00 +1.932054773e+01 +1.932054773e+01
% f evaluations | g evaluations | best noise-free fitness - Fopt (1.000000000000e+03) + sum g_i+ | measured fitness | best measured fitness or single-digit g-values | x1 | x2...
1 0 +8.368313818e+01 +1.083683138e+03 +1.083683138e+03
43 0 +8.253811251e+01 +1.082538113e+03 +1.082538113e+03
1418 0 +8.028862232e+01 +1.080288622e+03 +1.080288622e+03
1452 0 +7.933701284e+01 +1.079337013e+03 +1.079337013e+03
2176 0 +7.746204045e+01 +1.077462040e+03 +1.077462040e+03
2745 0 +7.581168843e+01 +1.075811688e+03 +1.075811688e+03
2768 0 +7.346911647e+01 +1.073469116e+03 +1.073469116e+03
3003 0 +7.220883464e+01 +1.072208835e+03 +1.072208835e+03
3566 0 +7.009905075e+01 +1.070099051e+03 +1.070099051e+03
3649 0 +6.850913064e+01 +1.068509131e+03 +1.068509131e+03
4322 0 +6.745743835e+01 +1.067457438e+03 +1.067457438e+03
4609 0 +6.600155245e+01 +1.066001552e+03 +1.066001552e+03
4877 0 +6.444686592e+01 +1.064446866e+03 +1.064446866e+03
4912 0 +6.291091163e+01 +1.062910912e+03 +1.062910912e+03
4961 0 +6.064645219e+01 +1.060646452e+03 +1.060646452e+03
5066 0 +5.994847945e+01 +1.059948479e+03 +1.059948479e+03
5178 0 +5.872758605e+01 +1.058727586e+03 +1.058727586e+03
5632 0 +5.633111210e+01 +1.056331112e+03 +1.056331112e+03
5853 0 +5.573704545e+01 +1.055737045e+03 +1.055737045e+03
6369 0 +5.443628404e+01 +1.054436284e+03 +1.054436284e+03
6460 0 +5.267101486e+01 +1.052671015e+03 +1.052671015e+03
6573 0 +5.246352092e+01 +1.052463521e+03 +1.052463521e+03
6600 0 +5.117087231e+01 +1.051170872e+03 +1.051170872e+03
6640 0 +4.978271240e+01 +1.049782712e+03 +1.049782712e+03
6860 0 +4.894041680e+01 +1.048940417e+03 +1.048940417e+03
7004 0 +4.732758955e+01 +1.047327590e+03 +1.047327590e+03
7154 0 +4.639603272e+01 +1.046396033e+03 +1.046396033e+03
8182 0 +4.556230470e+01 +1.045562305e+03 +1.045562305e+03
8839 0 +4.452964733e+01 +1.044529647e+03 +1.044529647e+03
9682 0 +4.360809064e+01 +1.043608091e+03 +1.043608091e+03
46936 0 +4.290722923e+01 +1.042907229e+03 +1.042907229e+03
% f evaluations | g evaluations | best noise-free fitness - Fopt (-1.079600000000e+02) + sum g_i+ | measured fitness | best measured fitness or single-digit g-values | x1 | x2...
1 0 +8.402732634e+01 -2.393267366e+01 -2.393267366e+01
67 0 +8.258209297e+01 -2.537790703e+01 -2.537790703e+01
1989 0 +7.919018337e+01 -2.876981663e+01 -2.876981663e+01
2531 0 +7.740955429e+01 -3.055044571e+01 -3.055044571e+01
2762 0 +7.389035779e+01 -3.406964221e+01 -3.406964221e+01
2973 0 +7.154967229e+01 -3.641032771e+01 -3.641032771e+01
4355 0 +6.992919736e+01 -3.803080264e+01 -3.803080264e+01
4357 0 +6.888698348e+01 -3.907301652e+01 -3.907301652e+01
4610 0 +6.730018703e+01 -4.065981297e+01 -4.065981297e+01
4635 0 +6.340888593e+01 -4.455111407e+01 -4.455111407e+01
4863 0 +6.228775812e+01 -4.567224188e+01 -4.567224188e+01
4911 0 +5.633532477e+01 -5.162467523e+01 -5.162467523e+01
5006 0 +5.451294764e+01 -5.344705236e+01 -5.344705236e+01
5092 0 +5.328555202e+01 -5.467444798e+01 -5.467444798e+01
5115 0 +5.001332192e+01 -5.794667808e+01 -5.794667808e+01
5348 0 +4.396440906e+01 -6.399559094e+01 -6.399559094e+01
5392 0 +4.241423586e+01 -6.554576414e+01 -6.554576414e+01
5984 0 +3.811735579e+01 -6.984264421e+01 -6.984264421e+01
6093 0 +3.697599150e+01 -7.098400850e+01 -7.098400850e+01
6113 0 +3.358930632e+01 -7.437069368e+01 -7.437069368e+01
6566 0 +3.057741526e+01 -7.738258474e+01 -7.738258474e+01
6614 0 +2.581415793e+01 -8.214584207e+01 -8.214584207e+01
6964 0 +2.494672959e+01 -8.301327041e+01 -8.301327041e+01
6981 0 +2.404066913e+01 -8.391933087e+01 -8.391933087e+01
7027 0 +2.202620835e+01 -8.593379165e+01 -8.593379165e+01
7029 0 +2.108552156e+01 -8.687447844e+01 -8.687447844e+01
7306 0 +1.965670459e+01 -8.830329541e+01 -8.830329541e+01
7457 0 +1.946621607e+01 -8.849378393e+01 -8.849378393e+01
7569 0 +1.859698243e+01 -8.936301757e+01 -8.936301757e+01
7853 0 +1.749707804e+01 -9.046292196e+01 -9.046292196e+01
7900 0 +1.699224683e+01 -9.096775317e+01 -9.096775317e+01
7928 0 +1.638723050e+01 -9.157276950e+01 -9.157276950e+01
7948 0 +1.549444767e+01 -9.246555233e+01 -9.246555233e+01
7974 0 +1.544381565e+01 -9.251618435e+01 -9.251618435e+01
8024 0 +1.463792770e+01 -9.332207230e+01 -9.332207230e+01
8058 0 +1.430449803e+01 -9.365550197e+01 -9.365550197e+01
8105 0 +1.243422365e+01 -9.552577635e+01 -9.552577635e+01
8808 0 +1.174851153e+01 -9.621148847e+01 -9.621148847e+01
9077 0 +1.132372683e+01 -9.663627317e+01 -9.663627317e+01
9216 0 +1.083542423e+01 -9.712457577e+01 -9.712457577e+01
9742 0 +1.069336422e+01 -9.726663578e+01 -9.726663578e+01
9980 0 +1.044347691e+01 -9.751652309e+01 -9.751652309e+01
10094 0 +1.022205826e+01 -9.773794174e+01 -9.773794174e+01
10135 0 +9.810470950e+00 -9.814952905e+01 -9.814952905e+01
10615 0 +9.759913348e+00 -9.820008665e+01 -9.820008665e+01
11422 0 +9.462805248e+00 -9.849719475e+01 -9.849719475e+01
11501 0 +9.281209089e+00 -9.867879091e+01 -9.867879091e+01
12214 0 +9.100087678e+00 -9.885991232e+01 -9.885991232e+01
13025 0 +8.906233962e+00 -9.905376604e+01 -9.905376604e+01
51361 0 +8.742750532e+00 -9.921724947e+01 -9.921724947e+01
% f evaluations | g evaluations | best noise-free fitness - Fopt (-3.025900000000e+02) + sum g_i+ | measured fitness | best measured fitness or single-digit g-values | x1 | x2...
1 0 +8.410196611e+01 -2.184880339e+02 -2.184880339e+02
229 0 +8.079296196e+01 -2.217970380e+02 -2.217970380e+02
3222 0 +7.836292525e+01 -2.242270748e+02 -2.242270748e+02
3416 0 +7.220597340e+01 -2.303840266e+02 -2.303840266e+02
4465 0 +6.985580457e+01 -2.327341954e+02 -2.327341954e+02
5162 0 +6.855107524e+01 -2.340389248e+02 -2.340389248e+02
5202 0 +6.740098739e+01 -2.351890126e+02 -2.351890126e+02
5299 0 +6.566055821e+01 -2.369294418e+02 -2.369294418e+02
6115 0 +6.443006167e+01 -2.381599383e+02 -2.381599383e+02
6316 0 +6.297948771e+01 -2.396105123e+02 -2.396105123e+02
6401 0 +5.789747699e+01 -2.446925230e+02 -2.446925230e+02
6772 0 +5.687685567e+01 -2.457131443e+02 -2.457131443e+02
6806 0 +5.501476200e+01 -2.475752380e+02 -2.475752380e+02
7394 0 +5.203404833e+01 -2.505559517e+02 -2.505559517e+02
7500 0 +5.118249769e+01 -2.514075023e+02 -2.514075023e+02
7613 0 +5.006895982e+01 -2.525210402e+02 -2.525210402e+02
7730 0 +4.602576197e+01 -2.565642380e+02 -2.565642380e+02
9228 0 +4.428628485e+01 -2.583037151e+02 -2.583037151e+02
9332 0 +4.343674637e+01 -2.591532536e+02 -2.591532536e+02
9359 0 +4.191301476e+01 -2.606769852e+02 -2.606769852e+02
9503 0 +4.067929102e+01 -2.619107090e+02 -2.619107090e+02
10164 0 +3.980409972e+01 -2.627859003e+02 -2.627859003e+02
10386 0 +3.888872571e+01 -2.637012743e+02 -2.637012743e+02
10862 0 +3.801633311e+01 -2.645736669e+02 -2.645736669e+02
12015 0 +3.701080845e+01 -2.655791916e+02 -2.655791916e+02
13906 0 +3.625794834e+01 -2.663320517e+02 -2.663320517e+02
53341 0 +3.596387521e+01 -2.666261248e+02 -2.666261248e+02
% f evaluations | g evaluations | best noise-free fitness - Fopt (-3.065500000000e+02) + sum g_i+ | measured fitness | best measured fitness or single-digit g-values | x1 | x2...
1 0 +8.471804842e+01 -2.218319516e+02 -2.218319516e+02
653 0 +8.443700182e+01 -2.221129982e+02 -2.221129982e+02
1257 0 +8.249754643e+01 -2.240524536e+02 -2.240524536e+02
2311 0 +8.121726189e+01 -2.253327381e+02 -2.253327381e+02
3608 0 +7.801128335e+01 -2.285387167e+02 -2.285387167e+02
3667 0 +7.674858415e+01 -2.298014159e+02 -2.298014159e+02
3695 0 +7.494255789e+01 -2.316074421e+02 -2.316074421e+02
3708 0 +7.406731280e+01 -2.324826872e+02 -2.324826872e+02
3753 0 +7.160660549e+01 -2.349433945e+02 -2.349433945e+02
6513 0 +7.064643699e+01 -2.359035630e+02 -2.359035630e+02
7007 0 +6.706339485e+01 -2.394866052e+02 -2.394866052e+02
7037 0 +6.388786663e+01 -2.426621334e+02 -2.426621334e+02
7163 0 +5.714268998e+01 -2.494073100e+02 -2.494073100e+02
7296 0 +5.566219572e+01 -2.508878043e+02 -2.508878043e+02
7634 0 +4.616768586e+01 -2.603823141e+02 -2.603823141e+02
7645 0 +4.284669560e+01 -2.637033044e+02 -2.637033044e+02
7727 0 +3.550535826e+01 -2.710446417e+02 -2.710446417e+02
7741 0 +3.053254349e+01 -2.760174565e+02 -2.760174565e+02
7784 0 +2.820942870e+01 -2.783405713e+02 -2.783405713e+02
7806 0 +2.500185767e+01 -2.815481423e+02 -2.815481423e+02
8134 0 +2.123862745e+01 -2.853113726e+02 -2.853113726e+02
9123 0 +1.922799511e+01 -2.873220049e+02 -2.873220049e+02
9127 0 +1.845442654e+01 -2.880955735e+02 -2.880955735e+02
9195 0 +1.579940766e+01 -2.907505923e+02 -2.907505923e+02
9670 0 +1.141559545e+01 -2.951344046e+02 -2.951344046e+02
9825 0 +1.043021897e+01 -2.961197810e+02 -2.961197810e+02
9829 0 +9.329463519e+00 -2.972205365e+02 -2.972205365e+02
10330 0 +8.701057222e+00 -2.978489428e+02 -2.978489428e+02
10340 0 +8.088113006e+00 -2.984618870e+02 -2.984618870e+02
10437 0 +7.776042251e+00 -2.987739577e+02 -2.987739577e+02
10491 0 +7.740028252e+00 -2.988099717e+02 -2.988099717e+02
10493 0 +7.255313691e+00 -2.992946863e+02 -2.992946863e+02
10503 0 +6.822747791e+00 -2.997272522e+02 -2.997272522e+02
10515 0 +6.684387745e+00 -2.998656123e+02 -2.998656123e+02
10587 0 +6.332895258e+00 -3.002171047e+02 -3.002171047e+02
10596 0 +5.909134825e+00 -3.006408652e+02 -3.006408652e+02
10662 0 +5.654531883e+00 -3.008954681e+02 -3.008954681e+02
10687 0 +5.245956766e+00 -3.013040432e+02 -3.013040432e+02
10772 0 +4.733504216e+00 -3.018164958e+02 -3.018164958e+02
10896 0 +3.040174075e+00 -3.035098259e+02 -3.035098259e+02
11201 0 +2.874683726e+00 -3.036753163e+02 -3.036753163e+02
11433 0 +2.441761189e+00 -3.041082388e+02 -3.041082388e+02
11718 0 +2.265124022e+00 -3.042848760e+02 -3.042848760e+02
11901 0 +2.160315479e+00 -3.043896845e+02 -3.043896845e+02
11965 0 +2.070823576e+00 -3.044791764e+02 -3.044791764e+02
12342 0 +2.036795518e+00 -3.045132045e+02 -3.045132045e+02
12496 0 +1.983473829e+00 -3.045665262e+02 -3.045665262e+02
12802 0 +1.927545125e+00 -3.046224549e+02 -3.046224549e+02
12885 0 +1.895265694e+00 -3.046547343e+02 -3.046547343e+02
13353 0 +1.859789622e+00 -3.046902104e+02 -3.046902104e+02
13493 0 +1.814805348e+00 -3.047351947e+02 -3.047351947e+02
13793 0 +1.732424925e+00 -3.048175751e+02 -3.048175751e+02
13798 0 +1.563831309e+00 -3.049861687e+02 -3.049861687e+02
13846 0 +1.519611030e+00 -3.050303890e+02 -3.050303890e+02
13910 0 +1.430627793e+00 -3.051193722e+02 -3.051193722e+02
14106 0 +1.390741582e+00 -3.051592584e+02 -3.051592584e+02
14344 0 +1.372593009e+00 -3.051774070e+02 -3.051774070e+02
14614 0 +1.209717051e+00 -3.053402829e+02 -3.053402829e+02
14635 0 +1.161706720e+00 -3.053882933e+02 -3.053882933e+02
14689 0 +1.086343685e+00 -3.054636563e+02 -3.054636563e+02
15439 0 +9.711035309e-01 -3.055788965e+02 -3.055788965e+02
15488 0 +9.528942857e-01 -3.055971057e+02 -3.055971057e+02
15821 0 +8.955507136e-01 -3.056544493e+02 -3.056544493e+02
15828 0 +8.747122443e-01 -3.056752878e+02 -3.056752878e+02
15874 0 +8.678868980e-01 -3.056821131e+02 -3.056821131e+02
16198 0 +8.181014416e-01 -3.057318986e+02 -3.057318986e+02
16652 0 +8.121968261e-01 -3.057378032e+02 -3.057378032e+02
17196 0 +7.929816015e-01 -3.057570184e+02 -3.057570184e+02
17489 0 +7.613301002e-01 -3.057886699e+02 -3.057886699e+02
17575 0 +7.581009241e-01 -3.057918991e+02 -3.057918991e+02
17906 0 +7.377698176e-01 -3.058122302e+02 -3.058122302e+02
18616 0 +7.229640519e-01 -3.058270359e+02 -3.058270359e+02
19646 0 +7.051580964e-01 -3.058448419e+02 -3.058448419e+02
53086 0 +6.918569112e-01 -3.058581431e+02 -3.058581431e+02
